  0.00458625269435605  0.00543087269521382  0.00626793992736090  0.00702314137340922
  0.00779939837045172  0.00864532512683604  0.00954127793904293  0.01048658382367829
  0.01148608810705138  0.01258525999482608  0.01392001440232588  0.01543557618875612
  0.01717049147185933  0.01914024731268811  0.02131926926130393  0.02380108957410993
  0.02692224128125504  0.03029783061609656  0.03375906407636400  0.03722298538401221
  0.04085608450384325  0.04515762645182533  0.04990509049838521  0.05464851602795824
  0.05933437183285533  0.06410366601345829  0.06982415467971383  0.07692122064607065
  0.08589773946003453  0.09620745808951356  0.10647245077377610  0.11600379725174774
  0.12490472550876085  0.13340317469284851  0.14182198498319265  0.14997243625758427
  0.15761100326097149  0.16542744652197139  0.17571299603032842  0.18788930346093080
  0.20095805321799895  0.21297587017196323  0.22302182588719760  0.23380974594186452
  0.24551606646168353  0.25933387474667363  0.27350838532666932  0.28647249327999513
  0.29927652731786553  0.31273830259026869  0.32527313638799665  0.33984628113124860
  0.35275454824559532  0.36530911030580843  0.37865456382100121  0.39274629765841984
  0.40667083825484929  0.41966190469116421  0.43140989180416295  0.44331884198222610
  0.45546662882244010  0.46933315706631579  0.48264241044051104  0.49364050430911449
  0.50434409895291410  0.51454212819081868  0.52500431507100420  0.53600937885626454
  0.54871153908080339  0.56267241341832086  0.57626775393771290  0.58927003420985691
  0.60329069179020012  0.62010703393709266  0.63914961154161554  0.65646447767572247
  0.67176360390509293  0.68443782122498720  0.69531626483941034  0.70789907805316576
  0.72146434947553217  0.73492343836935015  0.74896388123129176  0.76254450836398946
  0.77240105054317898  0.78271232751936792  0.79603531191599519  0.80903153938893890
  0.82214406498383985  0.83581977875914171  0.84857642881298345  0.86623688819864053
  0.89150721719647208  0.92129964317947610  0.95821663512725108  1.00000000000000000
  0.00001709297366017  0.00001944971004279  0.00002101554616511  0.00002202072560140
  0.00002228263664299  0.00002251769222610  0.00002276487715967  0.00002299735655427
  0.00002321978978273  0.00002344205831825  0.00002360946686019  0.00002379061045421
  0.00002398454250443  0.00002419477613381  0.00002452611133015  0.00002482084543536
  0.00002505919674959  0.00002530556004948  0.00002556285821565  0.00002583923527490
  0.00002613404502037  0.00002640748090234  0.00002672097546907  0.00002701276706603
  0.00002729589505766  0.00002757537028663  0.00002790990476201  0.00002826253522327
  0.00002861483754271  0.00002896486396833  0.00002931027449844  0.00002966187808654
  0.00003003450888108  0.00003045488151140  0.00003086609938036  0.00003121704214512
  0.00003159110145395  0.00003194948456140  0.00003235270448791  0.00003277156602887
  0.00003322598743456  0.00003365514916957  0.00003413086234739  0.00003458792095903
  0.00003514615791856  0.00003588578446607  0.00003677487802041  0.00003776819975504
  0.00003887047939836  0.00004005411597191  0.00004165689262748  0.00004325155058532
  0.00004472853281259  0.00004608315306273  0.00004709647574659  0.00004819376691563
  0.00004932037230450  0.00005023586923698  0.00005092985928204  0.00005151893533149
  0.00005207764342778  0.00005260453688829  0.00005310053659709  0.00005363267582862
  0.00005423119314962  0.00005482784987030  0.00005536550338088  0.00005585816797209
  0.00005635038439422  0.00005685115234074  0.00005735394906668  0.00005790599587060
  0.00005851750973707  0.00005919342113080  0.00005984808183573  0.00006039164655712
  0.00006086660064644  0.00006132680972747  0.00006184344614116  0.00006232710389189
  0.00006263821972801  0.00006291940236275  0.00006320782303120  0.00006350530821062
  0.00006380056330526  0.00006418502232196  0.00006472288682497  0.00006522380395151
  0.00006570298535213  0.00006611577972127  0.00006654679488078  0.00006692107619966
  0.00006726287776664  0.00006759302218367  0.00006762824361065  1.00000000000000000
 -0.00142506766423963  0.00424965843476765  0.01047098858039041  0.01663758747087001
  0.02422899300050720  0.03192249595136117  0.03998805131872452  0.04781750702887565
  0.05491160052572176  0.06157966017882997  0.06766668119968376  0.07353912863715341
  0.07931966779033395  0.08537508338883518  0.09186113154486916  0.09874328005950514
  0.10603313225329868  0.11377779237115393  0.12173900855614274  0.12980039884540631
  0.13829428290173079  0.14693580903567599  0.15498098945689276  0.16259282496842170
  0.16977246807936563  0.17650870874760044  0.18302610822053764  0.19026660593575825
  0.19803199541076399  0.20540339458021178  0.21231944317059750  0.21920604629295007
  0.22629440580236046  0.23388737089464726  0.24227281949552648  0.25048977837538106
  0.25787372654537477  0.26498159011487221  0.27235652565585083  0.27978997294057384
  0.28609341468366051  0.29202158290343277  0.29838044883764425  0.30561138155768452
  0.31427207663574080  0.32438879331910048  0.33434543673347811  0.34312055831785654
  0.35274121564423178  0.36227242822988442  0.37189129938799381  0.38176748003614902
  0.39192301443298633  0.40241891782360661  0.41319841730599188  0.42404136473272569
  0.43513928225348386  0.44705743452157320  0.45924055150555854  0.47142525738259849
  0.48137022465102125  0.49102907721315558  0.49998741045151412  0.50850476986890170
  0.51773760759788290  0.52778127057810698  0.53912841846890036  0.55161831706162645
  0.56155250181878746  0.56932865502680619  0.57685398556709544  0.58469342111961042
  0.59242087773753505  0.59947636020462447  0.60714418066577591  0.61512519957923628
  0.62378962957999362  0.63359761543536752  0.64296191326959462  0.65452020272475364
  0.66672451494533858  0.68451788871342967  0.70278985809910344  0.71895670887470453
  0.73452785049943958  0.74946869793413828  0.76431844321437903  0.78057918495243850
  0.80098962183123601  0.82220797832665371  0.84343299997683507  0.86454490657291094
  0.88832462237851706  0.91751523126168089  0.95313492483534290  1.00000000000000000
 -0.00183222771107262  0.01005215847734755  0.01934141826053489  0.02715054717288806
  0.03455313043140921  0.04309279191391052  0.05112131170633642  0.05984383504218029
  0.06784301620988124  0.07577979875582352  0.08342304762883532  0.09279229236807009
  0.10172113775306366  0.11175496077523867  0.12319101611731882  0.13633272141279093
  0.14808670681077810  0.15739035722107664  0.16553658371640292  0.17411330566507610
  0.18381310971460724  0.19473641887752591  0.20634144509945823  0.21818900195327356
  0.23048141387981486  0.24036110307223710  0.25181055812851455  0.26199559169619424
  0.27103066423294697  0.27958189617171436  0.28801256297225131  0.29843420440916824
  0.30910035534157182  0.31875432424389083  0.32872446839284131  0.33993137967315268
  0.35451610438992182  0.36813680753607414  0.37988500360021227  0.39030586264021594
  0.40078870702991937  0.41175375536236680  0.42316384431430643  0.43443034949349846
  0.44582635549750260  0.45711241617578435  0.46811815275286733  0.47944580622909555
  0.49052834910817844  0.50083461922074990  0.51160148813688711  0.52363971109274132
  0.53693564213931322  0.55014271580510654  0.56219344200235410  0.57184948450918538
  0.58149236448267017  0.59147824184217945  0.60076698779842796  0.60970368831751820
  0.61930562367983788  0.63123972401933792  0.64318690574075055  0.65455874283475335
  0.66610505292993183  0.67866174676572899  0.69175148486312033  0.70462133733693511
  0.71664258932891167  0.72763114054563993  0.73735568511355176  0.74574738393358753
  0.75381772192054308  0.76221057454268659  0.77204125972892779  0.78233287258923800
  0.79436270017737709  0.80880632990525936  0.82180926500253948  0.83225608095313586
  0.84228901522518917  0.85259860041116486  0.86613446896769319  0.87668774491515666
  0.88698646710124884  0.89622869309665898  0.90414950025139040  0.91472963001650975
  0.92433053518795416  0.93443134158341190  0.94447481924337306  0.95484067302896403
  0.96547001347163397  0.97596270150878706  0.98751501701987054  1.00000000000000000
 -0.00431081759425619  0.01512241700992580  0.03058142702972000  0.04485240473869006
  0.05926291609131180  0.07349784039490169  0.08729927938942268  0.10084761148700744
  0.11469812718348546  0.12798845297879860  0.13933436058614512  0.14961360715225105
  0.16040840924620897  0.17199110956953698  0.18470241478727289  0.19842596789740433
  0.21247169614160374  0.22530656848712791  0.23620214950063798  0.24691094574337130
  0.25600100112492713  0.26445208817500482  0.27492815406092252  0.28499751314451671
  0.29388717841065182  0.30205417396663981  0.31102781823946929  0.32237233043232344
  0.33430997396234641  0.34477627058199728  0.35393326205240222  0.36306566341535268
  0.37216846890356287  0.38144204838317319  0.39066758443149313  0.40172436938515022
  0.41292727726165163  0.42430639971105577  0.43634621157873937  0.44646326739353959
  0.45563837717215250  0.46428826284791885  0.47247000016220159  0.48107427698719307
  0.49036091754052974  0.50092403118524897  0.51267606678375921  0.52413386753678071
  0.53373294042014818  0.54251270747606650  0.55098158640575401  0.56046499685920415
  0.57296495450175877  0.58663224243284806  0.59885154063822543  0.60849203622067272
  0.61659710352701180  0.62534225842979418  0.63586801377943303  0.64756451984803565
  0.65781136093645254  0.66743454912807310  0.67820040975114870  0.68945701271390414
  0.70087925443614107  0.71316509411235485  0.72495501743502777  0.73543770442054468
  0.74581023574934069  0.75432807725497664  0.76206856108788412  0.76967823961214177
  0.77785043939373710  0.78797136505483889  0.79916788714764819  0.81031721969600179
  0.82025319041813449  0.82927421817243896  0.83812886124715680  0.84688646964825842
  0.85418272680419238  0.86019942301917829  0.86570629949907896  0.87148161682501057
  0.87893837059991975  0.88809284746958350  0.89766697306990384  0.90748030832377558
  0.91586892276949428  0.92512472534610724  0.93411319031848761  0.94432792216488648
  0.95750019824463328  0.97114663444904437  0.98607360860942950  1.00000000000000000
 -0.00151859108709463  0.00704322208877525  0.01624330683666094  0.02525272493929608
  0.03566051047895916  0.04756052486245068  0.05834295818556847  0.06948222209063334
  0.08139875429418991  0.09458743120227071  0.10937912243708652  0.12385951096771056
  0.13690510004416587  0.14861876142550579  0.15926934128510634  0.16955500088748093
  0.18048877870827873  0.19054607182841482  0.19847368248737393  0.20632952626938905
  0.21502458306133326  0.22496376681831656  0.23577934936639172  0.24647305707934045
  0.25687248720202699  0.26738742655777609  0.27893179187557632  0.29041362125456432
  0.30181565595115933  0.31082320297603899  0.32267434494020059  0.33409114623779379
  0.34291884291828945  0.35090702119929768  0.35921129938047874  0.36807019403635610
  0.37805477894075251  0.38706409111289242  0.39528562890052188  0.40459268378025459
  0.41375450218914722  0.42376105062395369  0.43418664448727834  0.44568633659934287
  0.45564252920559450  0.46947456501416485  0.48213236848813124  0.49162244178481923
  0.50139018805676838  0.51024863295876755  0.51864128354654293  0.52823898261584934
  0.53946608690056908  0.55253466335945489  0.56334101765343070  0.57124528266696173
  0.57973995981955539  0.58995077859216893  0.60250061014845335  0.61336830665724451
  0.62118731288106666  0.62818233475397744  0.63443865112706033  0.64266309096624019
  0.65208372806918047  0.66213996023810773  0.67278614349051769  0.68402409393096497
  0.69586732894426040  0.70777658600378324  0.71963294244619280  0.73008651977122119
  0.73939471475121687  0.74812652983496097  0.75711435459020537  0.76648264900705132
  0.77628465559807669  0.78695382565330474  0.80009863861984809  0.81646792415985536
  0.83179044801851931  0.84431242115901928  0.85500168107853725  0.86495147621740298
  0.87480457779752496  0.88475542998059997  0.89658693399666289  0.91076448882754968
  0.92230029375424216  0.93292616872138812  0.94443254098494667  0.95723057532997358
  0.96878254381300388  0.97934620571634579  0.98968974168649404  1.00000000000000000
 -0.00547344765004604  0.03126672404827588  0.06432007729136047  0.09270145829964146
  0.11319573073884785  0.13296653793579838  0.15527614632522319  0.17509360414452418
  0.18811161523557668  0.20098928679813466  0.21452673660431754  0.22508274997805275
  0.23498112195118115  0.24487736290954787  0.25674736324734043  0.26936263268087018
  0.28298126828541015  0.29607164831928040  0.30876828039955584  0.32160312620287151
  0.33616367638944011  0.35083689904673226  0.36492067762121339  0.37796940907165555
  0.38885935047332332  0.39986913595794943  0.41056669649911343  0.42070829049029529
  0.43284390100754444  0.44720207405403872  0.46277725895745692  0.47756029184267978
  0.48945164045247691  0.50007451327165597  0.51031835384515667  0.52002668971521149
  0.52885048550067071  0.53689638737499856  0.54410664148969157  0.55093482409925754
  0.55884675768377012  0.56819839346981027  0.57742207427425862  0.58556270038421254
  0.59382498486873314  0.60210303359476447  0.61156102328269490  0.62065820880342859
  0.62842245695276933  0.63627661232715182  0.64463869347514180  0.65306773504769433
  0.66293138029885323  0.67383886952969807  0.68615515967081564  0.70043712588921492
  0.71582053018665770  0.72853939665087231  0.73823685783598469  0.74691054704761040
  0.75530245334896073  0.76352715260341719  0.77122418662987269  0.77791180485644951
  0.78431966344134485  0.79064763552180228  0.79666957312893683  0.80239254380601421
  0.80923912096801853  0.81700054221630247  0.82423620211817572  0.83074741021499021
  0.83771143000686710  0.84548475116935240  0.85324757665308049  0.86044712069619078
  0.86749784207206315  0.87429111221477929  0.88123581605742141  0.88826375130113389
  0.89513332224292230  0.90165372843839342  0.90815321249837033  0.91479423072054300
  0.92196010779484550  0.92825774971645836  0.93421096756514510  0.94104500838838112
  0.94857054055119683  0.95557081778691755  0.96237503893931919  0.96957281956174535
  0.97706697593473590  0.98451321407347070  0.99226060692763129  1.00000000000000000
 -0.00176561589707908  0.00885921857531958  0.01726543881531748  0.02559776359196677
  0.03273865920708097  0.03835309001594147  0.04364014550597931  0.04938678435163806
  0.05612665196787854  0.06504340423261185  0.07453361746575814  0.08374563968071339
  0.09338460210056415  0.10430048786599931  0.11521286767817214  0.12564558884773308
  0.13559067229087698  0.14619799098865574  0.15535750747501642  0.16288126230945457
  0.16982107085880654  0.17722787108519855  0.18583678222042868  0.19900253433083354
  0.21470082445840702  0.23110669646893148  0.24793597103515902  0.26475269971343546
  0.28078693887374739  0.29563542242874885  0.30924299564442387  0.32076618150823977
  0.33111688362302227  0.34147754556218757  0.35126919871209616  0.36136320579675724
  0.36947154400407722  0.37763685538087055  0.38583578123188611  0.39509051399940753
  0.40536065566385321  0.41636983497978058  0.42880890624562040  0.44194413192241638
  0.44877083650629374  0.45641628818678825  0.46369867849650931  0.47212689376870542
  0.48123495181073500  0.48914582038639692  0.49669050382324420  0.50545835806322814
  0.51511470153391103  0.52432123656594842  0.53244770531158514  0.54089748065200871
  0.55039614672535497  0.56055158190961418  0.57118330540042561  0.58251156571180052
  0.59532019146998216  0.60846735618107006  0.62078335104068783  0.63127298484714467
  0.64080298832457616  0.65203698930119858  0.66391296405134759  0.67472018696088898
  0.68609345027332302  0.69903374302391696  0.71300555837467794  0.72687045974274278
  0.74107376374181910  0.75396634600970036  0.76506105355018095  0.77552522954288150
  0.78645012863043851  0.79883518952217825  0.81131366007869055  0.82298694938777217
  0.83403795154133809  0.84577475699690918  0.85756575640641319  0.86771400626874884
  0.87736809019334894  0.88762272721434088  0.90090488783542666  0.91830616432940970
  0.93196248478270660  0.94459278464211915  0.95591060619039858  0.96487338989598603
  0.97420412704710313  0.98446856287780260  0.99292783606329194  1.00000000000000000
 -0.00530277644992950  0.06741277639255763  0.10882741264607244  0.12711299837686071
  0.14292357735292174  0.15986956250624490  0.18041952571594100  0.19957669508813233
  0.21938917009341885  0.24317182575221247  0.26093014100689255  0.27546245408011388
  0.29046090608361863  0.30399280336974688  0.31609491313745575  0.33025538590505132
  0.34553059848993845  0.35952375737500464  0.37429994718435017  0.38900465493371927
  0.40470738081037699  0.42284671442229416  0.44034051535450930  0.45641842684314077
  0.47274041603927003  0.48866687794412944  0.50841531708583343  0.52723590461524106
  0.53974917501471698  0.55387677139300595  0.57072218203698377  0.58719028093481396
  0.60209634643721266  0.61746441516299400  0.63262890654537562  0.64631994293344763
  0.66054506690925407  0.67525003392116545  0.68811946253178746  0.69953480162192339
  0.71034001887171927  0.72288996615313938  0.73917797072507119  0.75846878442952281
  0.77284756887445893  0.78122557957898353  0.78916808656592730  0.79677471186283955
  0.80692499227859693  0.81857443446282230  0.83032734682766896  0.84349107424561365
  0.85652550179834852  0.86761851704756354  0.87838073694557839  0.88892197698188158
  0.89892515861937772  0.90872417402637817  0.91766162789583305  0.92512568896581560
  0.93193784384967249  0.93768355776548873  0.94289144223438415  0.94761439984319484
  0.95226893676256941  0.95666735054539120  0.96008678690382077  0.96283949899927090
  0.96522125956393667  0.96739133898654639  0.96947753366192391  0.97148429962319982
  0.97336604349899680  0.97509149832653674  0.97660523870871496  0.97793605850112864
  0.97911581570722439  0.98027732575201998  0.98138714239729385  0.98244547509054059
  0.98343227268793643  0.98425625276510886  0.98501813957989459  0.98573583488639516
  0.98637018571699764  0.98700826891250548  0.98764989246770252  0.98819308128286043
  0.98872815486300725  0.98928288391906327  0.98980858653482306  0.99028059904860055
  0.99057387491319315  0.99086898055083750  0.99118560146555268  1.00000000000000000
 -0.01791131031509560  0.12154385627863867  0.16352638963650731  0.19042788885405590
  0.20731839310573835  0.22139525566992446  0.23175544828394495  0.23973411105866982
  0.24754720832805266  0.25555513391630486  0.26341444596206798  0.27122676290287473
  0.27806080262888866  0.28462165125495603  0.29097268237409896  0.29804829375569997
  0.30526382191932266  0.31236360718211614  0.31928671089019800  0.32592783672634079
  0.33220652080953916  0.33804359294550335  0.34406974467383034  0.35120057090760953
  0.35986255127709305  0.36768006070474002  0.37488741972013906  0.38153293524205351
  0.38876651963675124  0.39508440630270308  0.40135900722106882  0.40749218679375537
  0.41419231348372965  0.41985580295647035  0.42473960493737783  0.42952543610176136
  0.43429595132646798  0.43914373667289308  0.44426888475949344  0.44979903587715719
  0.45580149599575509  0.46291395394721024  0.47049776677912719  0.47755739798802294
  0.48361445532606040  0.48869770726800993  0.49321445531305502  0.49772273613968160
  0.50257433588717815  0.50858342629050834  0.51539155196431730  0.52145593563913384
  0.52703425431979722  0.53263434285534628  0.53848800374395189  0.54468583216195576
  0.55102596252006086  0.55585877156053232  0.56058896805019842  0.56570491846978899
  0.57099234843098134  0.57681519147598903  0.58230904521044247  0.58760523494354278
  0.59326227072957360  0.59918226355884485  0.60549301941372302  0.61179133283048215
  0.61775746172203205  0.62312579384147782  0.62846510554228563  0.63431829600472855
  0.64005230888538145  0.64559041771432568  0.65147276690506162  0.65753202137009592
  0.66324215446632950  0.66872053632547546  0.67554233122695628  0.68376435984650785
  0.69217085610835083  0.70128613618141133  0.71236414508326651  0.72418954012758308
  0.73501985788312207  0.74495548820790269  0.75487758859267962  0.76468384872349837
  0.77462126331639580  0.78390068553327563  0.79465654111561901  0.80928932706797618
  0.82787092263271855  0.86688279038118066  0.92735545684534038  1.00000000000000000
   5.2442109922521241E-011  -1.0000000000000000     
 T F F F F F F F T F F F F F F F F F F F F F F F F F F F F F F F F F F F F F F F F F F F F F F F T F F F F F F F T F F F F F F F
