  0.00483250858986742  0.00518680965779563  0.00566363519916119  0.00624240598832505
  0.00690028821032083  0.00759315311400432  0.00836490230354301  0.00920998581475096
  0.01011020492134729  0.01109306447465971  0.01224449664847518  0.01345372421316580
  0.01470544156410170  0.01637319927080864  0.01827259036712970  0.02061976529370357
  0.02330160375998779  0.02630454947023863  0.02952704189230482  0.03290502808169146
  0.03645125696546494  0.04026274505944299  0.04429946214282967  0.04870617721160915
  0.05344724606082916  0.05791153629700731  0.06320696741007908  0.06857705169571540
  0.07408278651231379  0.08078669733263891  0.08833022978627406  0.09567717311421357
  0.10302574836041366  0.11097724585160498  0.11993612196652058  0.13043918316914299
  0.14200093188018220  0.15314789437697476  0.16355518069140010  0.17390820891450090
  0.18475392987521436  0.19495608568553319  0.20459608466914078  0.21449831955899215
  0.22639558786706451  0.24018982761730401  0.25416905459234351  0.26731950064260313
  0.27976750466653288  0.29186166297137595  0.30275172853219656  0.31349685374271224
  0.32355504579368360  0.33189809276711146  0.34022458329445499  0.35058075230767816
  0.36351551822340578  0.37573981719485661  0.38684114573692896  0.39858734771265991
  0.41250926325968185  0.42856125152768232  0.44349817804205416  0.45715124403581436
  0.47054009118025941  0.48629589241912397  0.50395986653715452  0.52009750251423825
  0.53458455318365872  0.54743160609556996  0.55941399748094056  0.57160487347396227
  0.58453573499332545  0.59808848689082883  0.61230225845267106  0.62676949471364851
  0.63841334687672935  0.65061631428744082  0.66269503290470189  0.67616028761014058
  0.69131862035870462  0.70719922077426189  0.72200212056710056  0.73755398210567791
  0.75379313111369783  0.76818346855719755  0.78235774704653671  0.79781551033657017
  0.81565183777774097  0.83616295905015747  0.85528613593580061  0.87091732446359904
  0.88660795707925233  0.90621277319211380  0.94426247327179691  1.00000000000000000
  0.00001669178263740  0.00001816630369838  0.00001881850993152  0.00001964095186635
  0.00002033581481998  0.00002073459889164  0.00002107882232717  0.00002142772518284
  0.00002244472231414  0.00002329085977001  0.00002399894382072  0.00002451846446676
  0.00002495697217415  0.00002531721704791  0.00002565161820169  0.00002603566108538
  0.00002648541584805  0.00002696605841681  0.00002742469306709  0.00002786814673075
  0.00002830908549027  0.00002871837629599  0.00002910979209549  0.00002954565596062
  0.00003001099704561  0.00003048175169135  0.00003092756024179  0.00003133457797394
  0.00003171903349379  0.00003212945377759  0.00003257508487128  0.00003300642848831
  0.00003357227898651  0.00003422576668892  0.00003486805627353  0.00003565100982113
  0.00003672324562711  0.00003817621457010  0.00003986789682883  0.00004160779342725
  0.00004328058369365  0.00004489737656140  0.00004652474466513  0.00004813566677445
  0.00004958997056068  0.00005084696251708  0.00005186816179722  0.00005263715618498
  0.00005321475501748  0.00005374093486821  0.00005419735281797  0.00005456358795960
  0.00005493034357632  0.00005526472240252  0.00005560185929396  0.00005592906899024
  0.00005625888785855  0.00005659171445778  0.00005693377076993  0.00005730342297276
  0.00005776797038187  0.00005821540064805  0.00005862056054334  0.00005897044038970
  0.00005928048244814  0.00005958784468586  0.00005989192688796  0.00006024642389148
  0.00006064380661710  0.00006106784508425  0.00006144234220796  0.00006175345624799
  0.00006204884533950  0.00006233893100034  0.00006263765864567  0.00006296247249374
  0.00006327172601592  0.00006355777706390  0.00006380647081308  0.00006403791954038
  0.00006429066135786  0.00006454061573942  0.00006478475069768  0.00006503515582746
  0.00006527766678749  0.00006557511298552  0.00006590744862338  0.00006626396583912
  0.00006663894875773  0.00006698269738645  0.00006737860526158  0.00006792492058141
  0.00006846810033585  0.00006878223387245  0.00007487969556314  1.00000000000000000
 -0.00941519051177368  0.04893801021943966  0.08030568051500256  0.10270367928302046
  0.12798576051313110  0.15473360658235968  0.17642908250614608  0.19446343995490056
  0.21086849584467077  0.22718095084700027  0.24404960052701258  0.26121225836090756
  0.27743688047793708  0.29437763902812664  0.31011400170962744  0.32556716996839657
  0.34081090775318940  0.35548714841702478  0.37040779892596970  0.38587431499119590
  0.40036719072104704  0.41236705911472538  0.42346367249507860  0.43320249789036425
  0.44349164741374153  0.45415395605513198  0.46452392110954982  0.47427009691034916
  0.48308688901795166  0.49141248335544813  0.50142507073008591  0.51158044567886551
  0.52171778455627726  0.53148677850225023  0.53980670100472072  0.54817062468513744
  0.55767488445863167  0.56897825251341039  0.58125449594900669  0.59362215859544476
  0.60523609358725428  0.61544934266942286  0.62487394975002086  0.63402500730948452
  0.64348252374038839  0.65251848559889103  0.66150147280793181  0.67062055248623431
  0.68027356861103228  0.69075701209652129  0.70136409141646283  0.71053560717437692
  0.71746928608642391  0.72419857628396389  0.73110525910280477  0.73809359344235115
  0.74481198408796911  0.75084474126951739  0.75746527959987120  0.76421623443175679
  0.77138371071146838  0.77877636168286324  0.78605722456256322  0.79319074672204803
  0.80076333614614936  0.80872226025402905  0.81521621356862684  0.82191635403387475
  0.82842248157667175  0.83499780491549891  0.84214097438554347  0.84897326085391001
  0.85564510754370804  0.86204233014481668  0.86851557568761373  0.87525370142209491
  0.88228842887964309  0.88969123663892613  0.89740077553936926  0.90441156210072127
  0.91098678921364551  0.91737732421736384  0.92422204871086910  0.92997065960667402
  0.93545987324755342  0.94082880152924597  0.94641970299532518  0.95221279196019681
  0.95778093416525967  0.96310898180972704  0.96902853748681583  0.97519855470505579
  0.98195690762694532  0.98841480985165997  0.99441326024264909  1.00000000000000000
 -0.00196122109511776  0.00961523398902042  0.01775437963749568  0.02547525982801589
  0.03301521427174580  0.04092753367255248  0.04942284326142041  0.05869149023829823
  0.06939470355885898  0.08123134869686684  0.09200383983077857  0.10120779248452184
  0.11037103748401932  0.12011967647674174  0.13042677435594868  0.14144418716093390
  0.15230597737735840  0.16344862928751769  0.17268060305329969  0.18153630644949240
  0.19074574517587226  0.20171777716649145  0.21403717321139207  0.22592386241003470
  0.23736382270921330  0.24889312112677317  0.25872965980927487  0.26705231096187887
  0.27534693025107559  0.28359223446075321  0.29274789232987580  0.30274327887846608
  0.31352046888896595  0.32483662539914321  0.33690010268301823  0.34997431052523015
  0.36380421583561401  0.37832890563323085  0.38843439673392688  0.39930513660686756
  0.40989242356832500  0.42118320877537774  0.43202227988559544  0.44365528587437436
  0.45569933203321505  0.46805362410038337  0.48096551286647815  0.49365898426937099
  0.50555840870448698  0.51631410381772358  0.52731907286930690  0.53779954617786385
  0.54917207866029094  0.56182768548090090  0.57559398084905211  0.58824978344295431
  0.59758993625412249  0.60653601213761388  0.61582073617202249  0.62560994782301538
  0.63492421837036550  0.64438127849265248  0.65454322210212901  0.66490659002555696
  0.67455214391292651  0.68356468454241126  0.69269633795899832  0.70328800723993568
  0.71290616434842224  0.72225388017279202  0.73184638816924952  0.74068580783533744
  0.74924547953931719  0.75796573608101203  0.76793473997208217  0.77936513470688962
  0.79195097066426789  0.80489604930709768  0.81798958083521855  0.83075701009724545
  0.84297274768006758  0.85439733609011859  0.86505162748481679  0.87684638434108164
  0.88942538156134454  0.90109559430788821  0.91089820472519156  0.92085272841049093
  0.93049184728618284  0.94163772191887141  0.95269676523652536  0.96179484794983794
  0.97084795785548650  0.97934493820566404  0.98801865707851622  1.00000000000000000
 -0.00393207132434778  0.02123456752403265  0.04284507702186707  0.06217560352181121
  0.08151505279811676  0.09946508114830015  0.11677425532119537  0.13353964303347365
  0.15175265751196015  0.17039861577620288  0.18865364608131757  0.20726687959976414
  0.22503717386899738  0.24086409388201041  0.25592036277854607  0.26987526451371296
  0.28085931417090076  0.29121830176015651  0.30191715079100134  0.31486133321599313
  0.33058433486119909  0.34669156945911944  0.36059414862536937  0.37291646287333452
  0.38417200459097151  0.39516748960788101  0.40709765142340520  0.41928853154738149
  0.43034298253767383  0.44109675910574520  0.45222651553749499  0.46427963899995622
  0.47756393111603723  0.49122864009857231  0.50344501248484153  0.51448019744757889
  0.52427171732552935  0.53347690932606584  0.54355837816200325  0.55326109725378270
  0.56226138627854683  0.57108545119990861  0.58080424105549810  0.59192611878395851
  0.60324315666454253  0.61358671201470438  0.62101690373961227  0.62912620027003152
  0.63810181876400696  0.64683433404010660  0.65494868941062445  0.66283077576684157
  0.67166162896011838  0.68113615263995975  0.69073416063595761  0.69976189223520668
  0.70906745288295525  0.71827258501106095  0.72692898562393882  0.73492212260218814
  0.74273732173082752  0.75115259088747599  0.76052354310255810  0.77023778552452804
  0.77982675253270461  0.78937443572274457  0.79854974647413546  0.80748628422188840
  0.81527903802985902  0.82261254606427603  0.82928709275496970  0.83646520101481270
  0.84428594256945788  0.85259479262132798  0.86168956444045441  0.86964316425758992
  0.87649537854382931  0.88310725008722102  0.89015330894445144  0.89762981776265727
  0.90493365439865381  0.91172758769966000  0.91840673602159462  0.92504846696640530
  0.93133840970756299  0.93755141129127151  0.94414583805140706  0.95095030160975791
  0.95751227491379332  0.96360517677092672  0.96941066360063544  0.97540255043109336
  0.98129591496531432  0.98734965706835520  0.99385711941729504  1.00000000000000000
 -0.00232444074412928  0.00863377347214344  0.01858822948349692  0.02972863490239258
  0.03986494982848582  0.04908856479338593  0.05795837222978972  0.06764809965692700
  0.07751712997727292  0.08635545098606738  0.09350864021348737  0.10047030976658480
  0.10780708162561357  0.11587639987067684  0.12419718009083770  0.13251814509969226
  0.14059901635578437  0.14980115221497609  0.15932509176824350  0.16940494804717604
  0.18055436308679895  0.19279039203601409  0.20629596466294214  0.22049533865466933
  0.23288378876463278  0.24347414954424718  0.25300138212947776  0.26251789255374575
  0.27256631014766797  0.28190735619098756  0.29087358144306757  0.30073903639252708
  0.31172252195223993  0.32155613607340650  0.32992673118193327  0.33847120166210332
  0.34723123952662460  0.35660148335867797  0.36641054005000140  0.37651846446475395
  0.38707427944675121  0.39819102841657117  0.40936535513209460  0.42133163414466590
  0.43333535474368551  0.44548800331391858  0.45778381194553946  0.46941675131587557
  0.48011546611579031  0.49017830631129650  0.50000878435146268  0.51053786371497190
  0.52198961991416759  0.53269812720575982  0.54313602469343158  0.55484626868744957
  0.56838163209161685  0.58367470315296877  0.59948689497562291  0.61270952858566485
  0.62330832559518967  0.63368615364075476  0.64338167047736283  0.65279288477092445
  0.66299772850664440  0.67338418502534747  0.68434817893908229  0.69543953968630057
  0.70688065137327782  0.71842398438443955  0.72987653413141695  0.74230556264931014
  0.75478354977054307  0.76755449041446622  0.78144735597900250  0.79306613170565921
  0.80460235342169084  0.81695561015025442  0.82904971820607143  0.83911095261328450
  0.84704199177692296  0.85571952521762840  0.86462369582739440  0.87587685012525196
  0.88637654653792808  0.89686457812954778  0.90778394531697870  0.91907341030162426
  0.93105083140253131  0.94273906630318982  0.95490101070058531  0.96454836757925710
  0.97421927389693563  0.98403373240814995  0.99236110270096589  1.00000000000000000
 -0.00863304686484722  0.04560444015390587  0.07535816323566930  0.10053653448904692
  0.12322826026763119  0.14714667162836292  0.17358063005781793  0.19650156458656781
  0.21504392778162282  0.23270903285947639  0.24968185393329678  0.26503502658768585
  0.27994730247237681  0.29476452756184829  0.30934600818866920  0.32186333608875078
  0.33326155303106580  0.34216254883776759  0.35294406889968516  0.36477403153006244
  0.37750779876779483  0.38877409368932841  0.39824520756042042  0.40827136202160358
  0.41747541597557480  0.42703296152564613  0.43645623886827223  0.44665841194378408
  0.45757387014212320  0.46836580136318384  0.47967395528341605  0.49120877964235438
  0.50240536566864313  0.51280363548069718  0.52202246068325220  0.53046529745965387
  0.53814975254592545  0.54561987838894410  0.55285336462491108  0.56072548371651532
  0.56891021155529375  0.57695525312940898  0.58472890683410683  0.59276693588240414
  0.60172102318253673  0.61136842351749499  0.62066145791048255  0.62840425248420573
  0.63520956549312491  0.64169405071172425  0.64820162139442472  0.65599768943309322
  0.66586518222862445  0.67643292872231164  0.68607171562386282  0.69413309858810968
  0.70214217505465193  0.71041610874065331  0.71871780103914329  0.72777103373399421
  0.73604425675888718  0.74338361547737275  0.75028932372425283  0.75790729202565688
  0.76522165356473315  0.77188203147686074  0.77893658781705233  0.78710761362051174
  0.79636949378902711  0.80614443281272219  0.81554736398748207  0.82427599060458245
  0.83231134850188393  0.84057592631795408  0.84871015658820159  0.85705373833272136
  0.86485017627970695  0.87155232828424312  0.87737981236167761  0.88301404579930698
  0.88883258273227372  0.89482445408235944  0.90095410769166240  0.90747453019961599
  0.91463016220652593  0.92238061887983858  0.92982190551658417  0.93798675144466748
  0.94563719680699365  0.95452299373568261  0.96393092605703135  0.97259263107156091
  0.97911380425640004  0.98519379781707472  0.99127682367209569  1.00000000000000000
 -0.00374213325342135  0.01306618740780244  0.02611867321739653  0.03878634599460141
  0.05100557086055434  0.06092851256421591  0.07067892788962675  0.08015688451478849
  0.08985042586587808  0.10075435552833437  0.11128322409587316  0.12212165279394874
  0.13263021843963943  0.14316176421496554  0.15459175269465497  0.16693437609906550
  0.17949258928786785  0.19143625075560136  0.20238687373065212  0.21247898724960917
  0.22317301782514185  0.23380859118201955  0.24592863028925654  0.25765057766258148
  0.26819349646342661  0.27836355727341466  0.28873487048728652  0.29815333149747003
  0.30683498352221428  0.31609590794534115  0.32589061011256681  0.33601466411078418
  0.34603891038434975  0.35661118969562922  0.36859289682040774  0.38064342676271745
  0.39175410845185493  0.40067754950068751  0.40844652594928382  0.41682263483045140
  0.42678225623203542  0.43731313623401069  0.44755428527351487  0.45526170158979118
  0.46396591534351062  0.47358523195192342  0.48410288977109123  0.49464270805994082
  0.50456362037847136  0.51380348023616917  0.52381287154557843  0.53397450647147005
  0.54485455159113561  0.55669351525394395  0.56800351603408816  0.57911400249221290
  0.59127909017169622  0.60328027673106854  0.61409368732528802  0.62394183861352670
  0.63361693425005194  0.64449141194311499  0.65623211477884469  0.66691161118444753
  0.67685816455840708  0.68650385886093701  0.69617376330592295  0.70652134622583007
  0.71811745540799043  0.73081185250734781  0.74310986861955497  0.75511577802994656
  0.76693832708912058  0.77761720829406034  0.78784650720002092  0.79648889365942666
  0.80458004245717540  0.81258537719808144  0.82214246758085641  0.83274081135741762
  0.84380462112977539  0.85555457798448487  0.86716322235825150  0.87898915691014046
  0.89107218522561316  0.90322606525699012  0.91538360038316646  0.92670154562536022
  0.93711667489520278  0.94760224203035426  0.95675518556668382  0.96483838088883245
  0.97292132767709272  0.98130955859521785  0.98967553695246813  1.00000000000000000
 -0.01254612324461355  0.07244408282711294  0.10870137956088279  0.13485408777446964
  0.16090394850176382  0.18470715664613169  0.20749271451180243  0.22920680582942063
  0.25387989716683501  0.27878564797571231  0.30163057707319374  0.32062688225962693
  0.33940606263699502  0.35784993229846773  0.37575373422618041  0.39487603587393777
  0.41723048896172260  0.43574590020792675  0.44945790036135341  0.46282599691995974
  0.47785712716706408  0.49406040493175896  0.51309891372187144  0.53208947264107287
  0.54695079292514914  0.56150368684364882  0.57769204094400750  0.59500786359003954
  0.61258133085869715  0.62880409914227076  0.64191900640715449  0.65380855460424403
  0.66718750237747237  0.68477616647403483  0.70401982614500969  0.72027009532020991
  0.73329930371517849  0.74366682254074568  0.75390185031102475  0.76376607621969361
  0.77576822577029914  0.78911615574572691  0.80042618129792009  0.81070961340134839
  0.82082276550131839  0.83366218553352867  0.84673440849216186  0.85833527269064036
  0.86869578791051383  0.87886630091948725  0.88892895628083768  0.89724699428695953
  0.90470879128382053  0.91208743777618240  0.91927649835960579  0.92583764866884177
  0.93202777046979046  0.93777014485977239  0.94271609723446470  0.94718041761863070
  0.95143222140972261  0.95542075207209098  0.95891628911415772  0.96198195106878548
  0.96468355028476727  0.96720701617734184  0.96955236119234067  0.97164599183809064
  0.97355212832979376  0.97530867627753604  0.97687439450866731  0.97816231766527761
  0.97932137335315206  0.98037962229770748  0.98134757904598469  0.98222794579677564
  0.98313618388650081  0.98391873731580592  0.98458845499074599  0.98516794310792966
  0.98573118907057233  0.98628856538653509  0.98683298173256739  0.98735198940902968
  0.98780179518400013  0.98822056297972738  0.98862395673923931  0.98902912398398823
  0.98942116574734462  0.98980807513232516  0.99019204153902507  0.99058073779754841
  0.99087923893784613  0.99108231469996133  0.99117261417446878  1.00000000000000000
 -0.01653170967036884  0.09538827410258241  0.15420357360951570  0.18658542490561300
  0.20746716173216651  0.22438333443640651  0.23898776192126914  0.25139826785347685
  0.26344774929175324  0.27384194073718104  0.28314745074819603  0.29077237115589422
  0.29784675936655886  0.30533498263878972  0.31365840017448704  0.32190226033124408
  0.32954124915943322  0.33660805070565081  0.34303584030730649  0.34901795839350142
  0.35512687364540074  0.36199412130484809  0.36913689031834701  0.37626594464212726
  0.38296775841040859  0.38923910714645998  0.39495924020717005  0.40038047246496716
  0.40557450413836393  0.41068996331519086  0.41564218454079144  0.42069738678463153
  0.42618824984275910  0.43170026700273922  0.43735197656789393  0.44292884653138459
  0.44862465319403133  0.45456742274399159  0.45889483293938266  0.46355517970912802
  0.46864066009234856  0.47349601815466413  0.47851887380514330  0.48453181577748755
  0.49034870565544086  0.49579152673780369  0.50112536163938814  0.50588215832390904
  0.51007202879024538  0.51445949471792218  0.51892793651340230  0.52380561849507101
  0.52937982203447431  0.53555558974602480  0.54079441669115547  0.54573870157594462
  0.55047457774235498  0.55542191282993758  0.56067428363309446  0.56568959520031248
  0.57104294783572507  0.57648954562308774  0.58188569256749201  0.58709070919337480
  0.59204976450952351  0.59680054031857865  0.60158130562774526  0.60683735576819520
  0.61228178713682102  0.61876136532348514  0.62555559509251502  0.63204798325359479
  0.63875529352321780  0.64552429371834430  0.65190101451528171  0.65840934961662312
  0.66530762292796530  0.67272511082886643  0.68021219272426459  0.68686846449049133
  0.69348151547855075  0.70005571155776070  0.70674776370938086  0.71361870633786584
  0.72067400607657872  0.72864691116081626  0.73778564044376049  0.74842923087408075
  0.75993743260864977  0.77199925071365849  0.78466234148454517  0.79766647002230151
  0.81184234125569965  0.83376871365085914  0.87077931340232195  1.00000000000000000
   2.0743723002209422E-013  -1.0000000000000000     
 T F F F F F F F T F F F F F F F F F F F F F F F F F F F F F F F F F F F F F F F F F F F F F F F T F F F F F F F T F F F F F F F
