  0.00478234613566272  0.00527040173888390  0.00609387928058864  0.00712942022855440
  0.00828329690601133  0.00942200275124584  0.01059230936423107  0.01175938077624809
  0.01292998422540460  0.01423337017968650  0.01556102678723345  0.01687778300479782
  0.01820939672521218  0.01962582266756698  0.02140528240614948  0.02388516568663906
  0.02645404005502639  0.02917033117197289  0.03206415045312386  0.03519656763027049
  0.03843799581136104  0.04224588428807156  0.04687052549767268  0.05176222860734853
  0.05660097078749376  0.06163498181210576  0.06801740183802543  0.07497463754963843
  0.08032554769238466  0.08533072117516162  0.09025525975690377  0.09599487100709236
  0.10336817536207958  0.11115234819707832  0.12006672561366574  0.13025312519510909
  0.14179807010169965  0.15431480376451745  0.16580716585655020  0.17441190310265162
  0.18143466712132089  0.18827069769408095  0.19476896956534298  0.20216822190672587
  0.20967910840436940  0.21804717602071000  0.22612119437782122  0.23557915552962794
  0.24670043683776849  0.25731780559838430  0.26586194289570553  0.27606773157677100
  0.28797320905313206  0.30242849458564747  0.31685791385781320  0.33159739313302689
  0.34596305399680211  0.36012293860557965  0.37348646618407860  0.38848096114849806
  0.40264695028859315  0.41533977364543290  0.42790051477815044  0.44149535566779041
  0.45860550932606098  0.47369297209564359  0.48603797719143399  0.49813701088549950
  0.51289625146725593  0.52727371014951963  0.53850643850311308  0.54948014905666032
  0.55967372786478653  0.57180368659460057  0.58673083459687780  0.60216404654312738
  0.61850716966738528  0.63328624113321763  0.64853015173522743  0.66532018249179137
  0.68434324404156599  0.70424189384079461  0.72058739675107675  0.73561436440577155
  0.75195860180776364  0.77289074461326213  0.79334041268893563  0.81208997658934645
  0.83358590925678744  0.85511410331454607  0.87483315987875543  0.89520089467250319
  0.91495068346960762  0.93831645199246283  0.96596650079852975  1.00000000000000000
  0.00001469547430330  0.00002064391426692  0.00002151258124113  0.00002208814855762
  0.00002275781903900  0.00002352478884556  0.00002414188900614  0.00002481352980748
  0.00002564454018588  0.00002620401268946  0.00002665321668616  0.00002707028054736
  0.00002744495949070  0.00002788099925328  0.00002830423344047  0.00002889790937537
  0.00002942418517633  0.00002989404264136  0.00003044636929982  0.00003102949089131
  0.00003169058808563  0.00003223919844244  0.00003270134996158  0.00003312955404554
  0.00003355920486690  0.00003400694061475  0.00003449163326783  0.00003501593262087
  0.00003558935489468  0.00003627337955921  0.00003692295863416  0.00003765681259719
  0.00003849114795171  0.00003935124525498  0.00004024186786038  0.00004115320450448
  0.00004203603379941  0.00004285330681058  0.00004365282094731  0.00004448042956923
  0.00004529681369821  0.00004619488740821  0.00004734060653495  0.00004850874071984
  0.00004964582097791  0.00005060760606023  0.00005141095445381  0.00005202548786876
  0.00005246153796489  0.00005290582401818  0.00005330875505005  0.00005364879317096
  0.00005394389451202  0.00005426324310472  0.00005462368832320  0.00005502298794053
  0.00005542912031209  0.00005577349127830  0.00005619971847396  0.00005664836691881
  0.00005710296943556  0.00005755952328858  0.00005798441428609  0.00005829165455527
  0.00005852350485712  0.00005877470602629  0.00005902825104703  0.00005931838510045
  0.00005961377109366  0.00005989679826526  0.00006014821787232  0.00006028786511601
  0.00006042751235969  0.00006071534474469  0.00006101263072147  0.00006130198509812
  0.00006158212515653  0.00006186226521494  0.00006227804156802  0.00006271278479193
  0.00006310291943233  0.00006344454001926  0.00006374078129931  0.00006401912660639
  0.00006428944935295  0.00006459614643273  0.00006491842775886  0.00006536081504192
  0.00006572198138375  0.00006598803402873  0.00006621563850721  0.00006643079409086
  0.00006661867978917  0.00006687471825920  0.00006695026395031  1.00000000000000000
 -0.00193640026605759  0.00581017719526513  0.01324595796855604  0.01978062223481287
  0.02468615680713571  0.02874702717833466  0.03320606576806809  0.03800020605723151
  0.04372874672412901  0.04918118884741509  0.05288387526522878  0.05667513181304180
  0.06047119974605972  0.06462472782617562  0.06913487904508363  0.07365381362035302
  0.07681260621662932  0.08037645154283345  0.08578890924863911  0.09379050786959263
  0.10252258437704459  0.11223570686880688  0.12404092046118333  0.13580915795512902
  0.14551972780089129  0.15372788994452752  0.16128213894091670  0.16910332988069515
  0.17763230380782599  0.18628058286086685  0.19566735727015408  0.20491071563021843
  0.21009699640840107  0.21495267368425111  0.21979354413320154  0.22469058784662485
  0.22998810402042238  0.23606101945782471  0.24448136810327317  0.25317053082290830
  0.26188468537024917  0.27024821101369761  0.27799970886938807  0.28516052886102783
  0.29237840401607262  0.30030079715198349  0.30941048484123851  0.32069246391045220
  0.33101747991518632  0.34123053401266873  0.35144316582508456  0.36123663153040947
  0.37227692476924107  0.38261383026203116  0.39329047790618454  0.40435995979642331
  0.41466034471109392  0.42500469016128728  0.43553337755007010  0.44821850345573394
  0.46214156161263248  0.47547783242925568  0.48834332501459571  0.49915878921343909
  0.50864927106919855  0.51860374128493603  0.53013941159307498  0.54238808036310293
  0.55432500281971286  0.56649967155180303  0.57783514793431268  0.59085361196571984
  0.60451438516163791  0.61789692309917510  0.63172241958738973  0.64596781870223707
  0.65905971495475113  0.67198443588645529  0.68602734723017056  0.70172822914486921
  0.71547358457966459  0.72780173973565021  0.74035504205514879  0.75249184930840718
  0.76521051568640597  0.78168004822445680  0.79967551867301567  0.81599553532568958
  0.83199760868654071  0.85030702180736029  0.87228386575775008  0.89351061025314649
  0.91486056920526704  0.94683343060937752  0.97351425059301722  1.00000000000000000
 -0.00155819980454377  0.00659350729211519  0.01470617616370758  0.02168744702133892
  0.02686668562384972  0.03117812063677332  0.03591589855345272  0.04188224682075814
  0.04831016179999243  0.05410518405561059  0.05891941045230981  0.06271503335432396
  0.06656076657182508  0.07205821809943909  0.07815508271391666  0.08495108924136299
  0.09537894953621458  0.10792113757327441  0.12116683688144712  0.13444321561767938
  0.14884105483209764  0.16473652729005969  0.17647804262323771  0.18625518328359450
  0.19627220576363830  0.20733501434693485  0.21880758092162197  0.22932800647759499
  0.23926080439751399  0.25023331085509187  0.26327768853409200  0.27785910071345615
  0.29042256062547400  0.30387318166249105  0.31911367748621322  0.33479276154016663
  0.34867198151684842  0.36235597444932871  0.37692743941353923  0.39088795264637755
  0.40333835241336685  0.41460352439069997  0.42502782858421384  0.43614602953232290
  0.44689613867005129  0.45766783295836888  0.46660609064783931  0.47614983136104033
  0.48614594065763472  0.49732744239770321  0.51097846444193196  0.52233437141151573
  0.53139308644302274  0.53997508903108460  0.54751568056437983  0.55630064508880250
  0.56583097827765760  0.57537315896156582  0.58625406358120813  0.59760379988130208
  0.60991583820507056  0.62263824566646708  0.63650172602036559  0.64987311328768738
  0.66208668238272239  0.67319895099583849  0.68447841794177466  0.69799118264771576
  0.71470682737528657  0.73149200866672792  0.74720667052635403  0.75967563730747112
  0.76978538644889882  0.77901441214212575  0.78840504593249150  0.79885946408400765
  0.81033494650065685  0.82342927514367126  0.83630799846552917  0.84983198944022531
  0.85989418397293271  0.86869510355910706  0.87706912590417740  0.88553125013422229
  0.89419042776532176  0.90312011930324321  0.91137541402068722  0.91889293222998392
  0.92814503430317408  0.93796404052228188  0.94839154933736680  0.95996264366052386
  0.97065761617620705  0.97961685592065173  0.98959657982509341  1.00000000000000000
 -0.00061510458393628  0.00307473575272809  0.00617506360717323  0.00933893398414443
  0.01256836217163654  0.01640617369217044  0.01970013525587280  0.02317200949481085
  0.02714841896878633  0.03173961673931978  0.03619327887774577  0.04077533474439542
  0.04675477789200218  0.05388756766994025  0.06149145015846516  0.06798171903861468
  0.07443592833301270  0.08097236750893055  0.08851267370037727  0.09758862242655285
  0.10788431334168280  0.11822640244362354  0.12677619067346010  0.13522150502690955
  0.14328593782329241  0.15115890835538337  0.15884262013458336  0.16698669069037234
  0.17519885795376372  0.18457294415387221  0.19484295819497199  0.20515404910647586
  0.21557149873001610  0.22678318877548215  0.23884141747994245  0.25104501694105791
  0.26302506571446982  0.27343305707802629  0.28361520554527603  0.29259038842969903
  0.30010981709278328  0.30824258107318048  0.31621946091830683  0.32400746839980965
  0.33591634529868603  0.34817728626321720  0.36019068026537193  0.37167593179336750
  0.38316237303439760  0.39320325858016486  0.40391165385411926  0.41595395903304866
  0.43066218856482269  0.44711593298836011  0.46154054429034685  0.47252879189253749
  0.48173719868639459  0.49071962294096488  0.49860324370341841  0.50834107615518875
  0.51971311017995758  0.53183527812541642  0.54555371092422422  0.56054690140274932
  0.57399249532338315  0.58554008517963674  0.59710610556899668  0.61009511991071663
  0.62427064665418952  0.63891564141822643  0.65475909349733663  0.67327563343530727
  0.68595516305544013  0.69618855990338069  0.70469528073276244  0.71430009200656308
  0.72504980007895869  0.73712258611669201  0.74662481925144775  0.75681812343799137
  0.76931850287221992  0.78230840782456457  0.79629482866620327  0.81099892838651200
  0.82613801612134774  0.84235864718154463  0.86068445637235680  0.87930088305101228
  0.89925192930009545  0.91815673278956667  0.93661580491353491  0.95034439604514453
  0.96095427440351799  0.97200639932911581  0.98497511451099651  1.00000000000000000
 -0.00253328799452850  0.01030917257338369  0.02283787735814911  0.03542976252332393
  0.04674556663739603  0.05497461972355296  0.06280766148761577  0.07093412475453094
  0.07981020928759378  0.08949669947000294  0.09871951250878720  0.10821792129497439
  0.11926384765120396  0.12930624106129190  0.14011240518509060  0.15010302694005190
  0.16064621512771288  0.17060091974461150  0.18035383795263532  0.18950581693741697
  0.20008053904793446  0.21126089122237060  0.22337659718176470  0.23564551527031985
  0.24685352376490374  0.25618598914758728  0.26556096957403508  0.27540102114682591
  0.28660369581602790  0.29827013234358546  0.30909706735889347  0.31976748926147780
  0.33209577481277730  0.34603493072688701  0.35903069686019107  0.37202273540732034
  0.38474667280588259  0.39586916861597699  0.40796867992742597  0.42049579999181252
  0.43205871189703587  0.44469293409788396  0.45713132697633191  0.46935786740261237
  0.48171531337689472  0.49381477363123416  0.50560840548877373  0.51779611833253980
  0.52954001374376380  0.54240974130939501  0.55585639647815221  0.57078327289021946
  0.58500851215859939  0.59837850770380763  0.61136200936173246  0.62456970833107317
  0.63873695653910378  0.65177929806726365  0.66391023528751514  0.67476707720652318
  0.68423001532719052  0.69294090101895423  0.70161195695228140  0.70951284763315792
  0.71650869355421953  0.72272006348146045  0.72746144749934738  0.73244806189143896
  0.73960460918589821  0.74666743447893524  0.75266488342671045  0.75917518287134755
  0.76599611442800952  0.77215788227411120  0.78023871425027858  0.79019610205969937
  0.80093337499812300  0.81147354744833267  0.82095906301954136  0.82788410357795528
  0.83302467823448001  0.84088513103834661  0.84876235084508611  0.85694832774718144
  0.86851143899652328  0.88041638455892257  0.89205123528346786  0.90413939292159817
  0.91786529095486069  0.93231267567902820  0.94682695332781697  0.95907727053420055
  0.96963152217805959  0.98013967241377653  0.99012091168002403  1.00000000000000000
 -0.00156235607548679  0.00603817565077588  0.01156562363325800  0.01671046626921433
  0.02191514805036708  0.02766432698419514  0.03687337087412681  0.04723856551360482
  0.05774153054730120  0.06708058428713488  0.07736456146523334  0.08728814844373005
  0.09766437475052714  0.10930817496661535  0.11883948524634598  0.12710040382168747
  0.13499919536420552  0.14336922944916353  0.15287745229668612  0.16309762223295129
  0.17182801082650637  0.17984981488586280  0.18817169940223080  0.19651820205504544
  0.20598249861255524  0.21641476670623766  0.22632532275799624  0.23587908251943640
  0.24457477096731814  0.25252712752767392  0.25982035753784788  0.26676875103009728
  0.27493116827339181  0.28347527739384154  0.29098944079894457  0.29788837807258384
  0.30470086816231479  0.31066770978697311  0.31728609002540897  0.32480564996410471
  0.33067127393373635  0.33575825678861743  0.34005030824797000  0.34456657178281719
  0.34930485513571186  0.35437503108201784  0.35947675709492771  0.36404763697345455
  0.36841010383245454  0.37316836271842513  0.37810037688324494  0.38291004465080042
  0.38780245745790409  0.39334948982985951  0.40031252113830235  0.41079946012858065
  0.42099385101712489  0.43151057578538538  0.44238021279072759  0.45395189841728406
  0.46612921188657752  0.47898491028904339  0.49198457108812171  0.50401369171974142
  0.51653295224310491  0.52813673372562442  0.53863120646806240  0.54884238573011235
  0.55907457044915110  0.57089704081228787  0.58006967228353679  0.58875680992415369
  0.59725627490020494  0.60647847995096849  0.61703446921412186  0.62878186508481448
  0.64098487893171086  0.65128069756815310  0.66139165234720376  0.67236917672009600
  0.68374151250859394  0.69594582175915254  0.70863993291040250  0.72350260443140357
  0.73998327138428655  0.75716454393776411  0.77511322364957069  0.78958869696467671
  0.80354682953080925  0.81925956121177035  0.83866357972539229  0.86276079705975262
  0.88964719055983110  0.92030066215983974  0.95812068219343260  1.00000000000000000
 -0.00366631553051099  0.01365472727973253  0.02395463295205352  0.03356753632285771
  0.04281026650516240  0.05111472659809195  0.06078790340897833  0.07068714466457225
  0.08064095849837180  0.09315927049593806  0.10775491556720107  0.12175119018908294
  0.13275868157614051  0.14304609721315112  0.15383192660712142  0.16645585019609677
  0.17576297514374487  0.18374065752231725  0.19065900039289255  0.19587912967819679
  0.20143247235117587  0.20691333457230296  0.21285553963022397  0.22046088379273238
  0.23235395987943300  0.24497391164601995  0.25682473948924972  0.26878240466609826
  0.28241030684970908  0.29735159851080467  0.31311273957350511  0.32697288260372848
  0.34142682956213255  0.35740007275148311  0.37212788558128379  0.38449555208157415
  0.39555261640795186  0.40753023051000958  0.41900930589868068  0.42795012815213812
  0.43712051992690298  0.44585470013685979  0.45703347849545073  0.47061967913877717
  0.48592525909609652  0.49717057353507677  0.50814731086387877  0.51899773073465005
  0.52745338682305543  0.53714050225081966  0.54677073292758749  0.55716457318607227
  0.56906284015969133  0.58002824138883313  0.58895488660884765  0.59592163190519187
  0.60330678515064529  0.61205218766152847  0.62247432572141548  0.63280560244730355
  0.64143553784652640  0.65113232500034102  0.66281425978062625  0.67521707227005556
  0.68726245097651617  0.69862594057086969  0.70819854374164803  0.71316458391420956
  0.71860564547093042  0.72449896598151386  0.73003065909939135  0.73634944366223309
  0.74288306918220148  0.74811528158241536  0.75292892688084256  0.75740784406313855
  0.76183756028864436  0.76658006804941692  0.77295500195788447  0.78825110926150876
  0.80132389891689382  0.81259465457075075  0.82403861124460309  0.83764966463748514
  0.85410818721544302  0.87131057760409092  0.88736860987808686  0.90026630663966090
  0.91138440684555677  0.92201748334088340  0.93333876195104637  0.94581148425883865
  0.96014104742076190  0.97477829612288658  0.98783855772460094  1.00000000000000000
 -0.00114519622052358  0.04560274661550690  0.07430535950873246  0.10328917872913801
  0.13182043736899010  0.15349713308350352  0.17103897111489974  0.18874025916878354
  0.21091277991504831  0.23253787397235431  0.25228470022057664  0.27104296575459746
  0.29096146300535863  0.31349341843051171  0.33826129338097843  0.35944931700758442
  0.37905338047340836  0.39665245486549694  0.41539422474720178  0.43400298941484466
  0.45366553924493619  0.46881583849806596  0.48540993011461853  0.50197914220832029
  0.51985989071732552  0.53737923126693454  0.55483624751019911  0.57113262492195815
  0.58528253580016287  0.59833977563257779  0.61158611416791442  0.62590092813033205
  0.64068210814895543  0.65454961839794323  0.66621928811121844  0.67614597968625223
  0.68464338278882697  0.69283984670417431  0.70074128702102567  0.70954759495464514
  0.71944529692048287  0.73041274828941138  0.74190935264003577  0.75299002213955757
  0.76479433318924517  0.77617749468709263  0.78849235330830925  0.79629842264836048
  0.80272347698707591  0.80892216580645870  0.81458064013189835  0.81995716577757649
  0.82517993919385868  0.83087717672678574  0.83666841506716250  0.84197234844463920
  0.84717675228409062  0.85280983959062340  0.86132622138927040  0.87137192496595295
  0.88019668537751194  0.88918824626536497  0.89888785329374321  0.90891279175674367
  0.91777623631656313  0.92443273804985648  0.93031031959017785  0.93548790701943363
  0.94045773751869799  0.94501244967186460  0.94913284281521848  0.95303597426167053
  0.95704948519446176  0.96074112883332163  0.96417540582255179  0.96720391713035492
  0.96988359328989227  0.97244573182619221  0.97419811307483295  0.97588242273016268
  0.97757360114699821  0.97932696253438656  0.98073353707723954  0.98209105466965629
  0.98333957210861134  0.98451496535518856  0.98556820752195640  0.98657997253272656
  0.98744580454125730  0.98831163654978804  0.98919157154775073  0.99007432364590209
  0.99071455278885345  0.99110383231387156  0.99147044110072369  1.00000000000000000
 -0.01426167041170753  0.11116402498068907  0.15093986424111674  0.17504144093299484
  0.19379331158575822  0.20987621097035922  0.22428903709433262  0.23771983989540046
  0.25041979979532414  0.26301022243431155  0.27325663694853125  0.28227189997335989
  0.29180475721686988  0.30065224745909741  0.31084762096579438  0.32141017746998934
  0.33021219061699281  0.33753890567067213  0.34365948472190971  0.34930009662653544
  0.35515839584122599  0.36140488531143816  0.36700888291570627  0.37197043033428978
  0.37688756405385188  0.38226264066457111  0.38814696189933146  0.39473259989842002
  0.40171848278589911  0.40905142029974323  0.41672359255181962  0.42385332234839546
  0.43058502383653918  0.43688535398956235  0.44321664845346193  0.45019886502694278
  0.45746292365460550  0.46434982621968895  0.47128219939477500  0.47777643033239120
  0.48516138079846471  0.49180957416276194  0.49957153116834641  0.50657732594336213
  0.51287333556863968  0.51893449676344705  0.52508558714784614  0.53133571320295037
  0.53745752729512564  0.54286114972922284  0.54563035555917005  0.54858840068283476
  0.55189538998183207  0.55542818539258687  0.55906700592872804  0.56265165368713854
  0.56661322148411974  0.57072898699059382  0.57472535800815561  0.57882303571292504
  0.58355531196560151  0.58821585597508286  0.59233369341779807  0.59639849016006430
  0.59999531849460586  0.60325724050668650  0.60662717326928051  0.61093346358284883
  0.61583767642387077  0.62131894773215102  0.62776207684546581  0.63591916412457905
  0.64482980550894964  0.65293482949054771  0.65866100153684359  0.66387602509593246
  0.66910525907526219  0.67462545226843196  0.68172968532076350  0.69148228813005819
  0.70006290178117991  0.70718571645501316  0.71326625398990373  0.71948543020696654
  0.72715201954464737  0.73728228199062928  0.74836815650437771  0.75852101608526201
  0.76814446587746599  0.77989180691218563  0.79621958395096459  0.81711682445889211
  0.84171203437102371  0.87884135094603932  0.92625251266125364  1.00000000000000000
   3.5848425531169303E-013  -1.0000000000000000     
 T F F F F F F F T F F F F F F F F F F F F F F F F F F F F F F F F F F F F F F F F F F F F F F F T F F F F F F F T F F F F F F F
