  0.12243916201846537  0.14620424412042074  0.15916542387471436  0.16908229965601773
  0.17781137502295008  0.18574072297491040  0.19310665761597709  0.19997635888017118
  0.20650229732025077  0.21279285326664768  0.21888526515559859  0.22480364227394017
  0.23057775390633170  0.23623486017043541  0.24178489357398758  0.24723422396445829
  0.25258661431052243  0.25785089153943674  0.26303872522770372  0.26816844771629150
  0.27325469635654748  0.27830178483716861  0.28331678429189511  0.28830811290164882
  0.29327502213588441  0.29821230775455804  0.30311185082550957  0.30798963330848317
  0.31284497020087532  0.31768731556062652  0.32251145929436542  0.32732795600509806
  0.33216235460228177  0.33700929538490321  0.34185237244365402  0.34670266360561491
  0.35157061336855683  0.35645629938490225  0.36134935589832928  0.36621655446904516
  0.37107999196939218  0.37596723064708210  0.38088473610998658  0.38583797284480736
  0.39082864706880643  0.39584085536159591  0.40086564275520281  0.40591653419170104
  0.41101629899085540  0.41616779594686315  0.42134972318926528  0.42657953735727644
  0.43186129424519104  0.43720185689828156  0.44258237823322244  0.44801375262760296
  0.45353752538476327  0.45912062985817009  0.46477366044385671  0.47051043427884465
  0.47630781920198118  0.48216109631202325  0.48808434053275990  0.49409452950414906
  0.50021316025415552  0.50641597506193881  0.51276691079170944  0.51924889040935274
  0.52583867218648217  0.53253943746368471  0.53940383356373267  0.54645695791736981
  0.55366057748907305  0.56101495777127874  0.56858657089137798  0.57635980284040389
  0.58431939626237150  0.59256871194676797  0.60114742935117305  0.61004977060664378
  0.61928372647344443  0.62889333122469870  0.63896993550679959  0.64953381348301198
  0.66066489161815167  0.67243351229063697  0.68501070910507400  0.69853965291565201
  0.71322624229582687  0.72941246885344702  0.74757461902360522  0.76841818197339928
  0.79298615749510826  0.82582677783527514  0.87641728965194554  1.00000000000000000
 -0.00232042441074723  0.00985262757444363  0.01984735568732792  0.03023365744151029
  0.04047506532380313  0.05068610898829503  0.06114492381752266  0.07159074957091036
  0.08216357094544099  0.09237441358395965  0.10264897906831272  0.11305925818099710
  0.12364313399888358  0.13429409034694167  0.14506630070761892  0.15597928116054582
  0.16695734068728002  0.17762799749777913  0.18813479022512292  0.19877386708072062
  0.20925939771316554  0.21981619738110914  0.23008961318047352  0.24030598209799101
  0.25052071050433183  0.26084199699641131  0.27129561818362569  0.28170808948009685
  0.29222667644914646  0.30271620814396838  0.31298618205929951  0.32311985890300360
  0.33315754974953382  0.34346528784383246  0.35367784422587401  0.36417168151970009
  0.37477424313275959  0.38568724529902176  0.39639325318470464  0.40702096871605736
  0.41776332978039210  0.42852993066176748  0.43927932329656622  0.44986018452999810
  0.46050742687054830  0.47135693543911567  0.48217091612407253  0.49331142507066178
  0.50437818294238335  0.51525350342075149  0.52595129713289535  0.53635094370934999
  0.54669362802078647  0.55716485572065744  0.56770829516841215  0.57846004595899303
  0.58903293631692988  0.59969344266493163  0.61023094343938178  0.62075374961371388
  0.63139793412493017  0.64216087377787301  0.65275239179624489  0.66330491508114531
  0.67381972873155538  0.68447536722356239  0.69511426693518208  0.70582577224038823
  0.71644041860442731  0.72709728299190080  0.73789759014461642  0.74874165819787120
  0.75906187136272418  0.76929727187254204  0.78001854992859831  0.79084035176422018
  0.80136624991856698  0.81149853091824076  0.82188054184063553  0.83246798208217643
  0.84306697685793497  0.85375542174395236  0.86435564627545880  0.87483118225417345
  0.88510045385658942  0.89532117442047932  0.90569561753803585  0.91607954155236604
  0.92656828194597318  0.93676080480756752  0.94703815278469172  0.95744499246155468
  0.96804068077805649  0.97888682323387766  0.98951185429674537  1.00000000000000000
 -0.00250057950246348  0.01001643223551985  0.02053310309429387  0.03085921624025850
  0.04124471098853425  0.05168197397598442  0.06221994700794928  0.07248779851401783
  0.08315285309699162  0.09388780359640539  0.10446693522418725  0.11475698718498777
  0.12512695655117806  0.13560433949143247  0.14618224284964423  0.15682371491866762
  0.16749948216847838  0.17808417442408125  0.18872864649405396  0.19932073676990722
  0.20993135198353316  0.22043793543214799  0.23087675913012840  0.24122452868905009
  0.25158602293917964  0.26230862900166624  0.27302546980568337  0.28377989568993645
  0.29467884133193784  0.30575587741411658  0.31656504481302172  0.32700861234886081
  0.33725062297456165  0.34749178420709037  0.35792980682399944  0.36848944128199490
  0.37900773519843545  0.38956663196484170  0.40019655846523661  0.41111816921811778
  0.42175919756680524  0.43232205784605487  0.44287441585714266  0.45350405242816372
  0.46418979252630505  0.47472911045120536  0.48530615931983295  0.49591362375048664
  0.50673264598550005  0.51743517335031608  0.52815888439826397  0.53888887175940614
  0.54956373975447581  0.56049778179749976  0.57122217399382624  0.58190862476682947
  0.59232695434097116  0.60262040110571446  0.61308911150534717  0.62360689578999517
  0.63450562851941661  0.64550360514083449  0.65640217683352065  0.66725447744829558
  0.67804084748494275  0.68878107913320041  0.69929921776629655  0.70974886807083581
  0.72014964948345195  0.73050235168546496  0.74079540475677097  0.75104147199731119
  0.76124373795057410  0.77161104265027980  0.78202011827382290  0.79238003321944461
  0.80262097285690837  0.81275435024851705  0.82310136887065533  0.83342780900043800
  0.84388096832693049  0.85451446981848933  0.86496425977294655  0.87514666770019578
  0.88522600831040699  0.89542782811693067  0.90582656987181243  0.91604410976040562
  0.92650869538238367  0.93688919179870078  0.94764980603673443  0.95843489400477921
  0.96915708143052803  0.97951547721113164  0.98975583833360881  1.00000000000000000
 -0.00233039801960008  0.00947875452429875  0.01926111275892934  0.02964791762107485
  0.04001081167024090  0.05034761436310185  0.06068483254836079  0.07116611712230601
  0.08195122524974173  0.09262847488974227  0.10340932935367832  0.11405857438469032
  0.12452356720723880  0.13477985833083553  0.14501530793215242  0.15553614392632104
  0.16625377727667845  0.17718349965011601  0.18811026528864272  0.19884963532779482
  0.20951967397152693  0.22011874720530170  0.23073734683960026  0.24130052646918088
  0.25193957084977359  0.26283030550884406  0.27354633607856388  0.28413583408613624
  0.29489013339660525  0.30567336794118932  0.31614490133674367  0.32634080835118384
  0.33666798342442761  0.34713467139838095  0.35750097440383066  0.36784147763334041
  0.37827608280959935  0.38888497193219546  0.39960067016982898  0.41032449161451312
  0.42122974377320388  0.43231385588679055  0.44310205068675473  0.45347053463537412
  0.46366148109214972  0.47405957656056397  0.48454833433719963  0.49515091526693783
  0.50600631616335934  0.51714670277722874  0.52827852252249430  0.53945859258957152
  0.55022512002446833  0.56088984502047778  0.57152220831916289  0.58206743079515222
  0.59230863415282631  0.60246319274334204  0.61278687300672063  0.62290099971345758
  0.63316117341901190  0.64350296620576564  0.65414450111006628  0.66439573022466669
  0.67466702287977875  0.68492967121064829  0.69535405135332418  0.70567268206502576
  0.71613543242855338  0.72655075748477127  0.73716432304757640  0.74782347250667536
  0.75872129106346509  0.76945776168808877  0.78020115550885027  0.79084567894429758
  0.80176248912419024  0.81246729145671404  0.82322161373222980  0.83388165271630765
  0.84452987853144201  0.85536648767707446  0.86594781884663086  0.87664145044300890
  0.88693007726232687  0.89719958477124007  0.90746200606381566  0.91791446115942021
  0.92807031574614907  0.93810782108593549  0.94829024617060143  0.95865691257108698
  0.96891790507293174  0.97925034232262920  0.98962027421954302  1.00000000000000000
 -0.00243303782349069  0.00960908085356839  0.01968353164448942  0.02981740257036255
  0.04021616423002299  0.05042400978751349  0.06062221604461821  0.07089474097309290
  0.08097419879853346  0.09130848061109835  0.10195317915865826  0.11279593358403077
  0.12361085596218305  0.13415026090663315  0.14448221324151786  0.15452948319256202
  0.16465474416142875  0.17509918812642145  0.18559259471270312  0.19596964232548802
  0.20629864616804369  0.21690203719677154  0.22758757615739822  0.23835580764408695
  0.24901638905795373  0.25981335903127378  0.27044125235442168  0.28083205655676086
  0.29127854890717270  0.30188619113586052  0.31260702054944156  0.32310262693987229
  0.33370846629394157  0.34414502955778292  0.35469155610597330  0.36504054947367520
  0.37568895643993855  0.38625522497720066  0.39666343024455120  0.40716509168766674
  0.41800765866887446  0.42881451907148915  0.43950691107093198  0.45010242503218356
  0.46073272800102993  0.47129030922970894  0.48188969267015563  0.49248034856228967
  0.50291151131156153  0.51301510060675659  0.52324291064000261  0.53370552511952318
  0.54426953637915110  0.55474138032702569  0.56500294264938156  0.57553124802054034
  0.58593391070857059  0.59642633973731918  0.60718049606196733  0.61816980574603408
  0.62914978058771920  0.63999507183509408  0.65079056980656891  0.66153015456193165
  0.67202646987136738  0.68249289826917381  0.69306225753038109  0.70344186677681597
  0.71407186379999699  0.72476945503658186  0.73556652791381283  0.74609154974488823
  0.75638504233516157  0.76679780179899071  0.77732303676977677  0.78785036220618854
  0.79839189724373094  0.80902951022638425  0.81983689883935740  0.83072509364538416
  0.84148742014133771  0.85224392176787533  0.86294706137083754  0.87351583621762285
  0.88396703040220559  0.89437035452408864  0.90485280334724305  0.91542485472391599
  0.92605668497373927  0.93666937125774419  0.94731065700856942  0.95788980006857638
  0.96838463586212931  0.97882584991078680  0.98929935075958875  1.00000000000000000
   1.5251927832521952E-035  -1.0000000000000000     
 T T T T T T T T T T T T T T T T T T T T T T T T
