  0.00665292059483031  0.00686376338061331  0.00716643486082399  0.00755224653193204
  0.00796311274641219  0.00837920296347611  0.00880089255587400  0.00923967818659183
  0.00971096358731908  0.01021711318199058  0.01074636997279096  0.01130750903824490
  0.01193197721300738  0.01256549784201224  0.01321021553857236  0.01386670526314759
  0.01454301417833395  0.01530456718181180  0.01609844265717536  0.01692436629140861
  0.01779821306492705  0.01870771756542007  0.01963718275822132  0.02059671227669867
  0.02160481364158833  0.02267216556249801  0.02379390570630372  0.02496034243562919
  0.02617856195722562  0.02749746837133985  0.02888086506872939  0.03031940437460964
  0.03182248604095608  0.03338069535639590  0.03501592908212674  0.03676304602438021
  0.03858951335187080  0.04047129283528060  0.04240261891162193  0.04455984977221863
  0.04707179570742072  0.04964600547004134  0.05240915552450893  0.05554713821304975
  0.05929573734616585  0.06303889666264560  0.06656294527463051  0.06983464122833247
  0.07309078020933422  0.07662278475739243  0.08045166995608553  0.08451538893915973
  0.08882871523501516  0.09336999872036042  0.09812443843811382  0.10304120842670880
  0.10813572288947178  0.11336299929891178  0.11876830645824339  0.12446997083662249
  0.13068844395996143  0.13710610674889051  0.14368580361594122  0.15043597965608191
  0.15722090707781655  0.16443593877362375  0.17196978083633582  0.18050926579603438
  0.18939098085189177  0.19859838548326031  0.20864695589548449  0.21919987455246953
  0.22925644780787427  0.24452807335622859  0.26510332887898624  0.27986911859947117
  0.29177986348857549  0.30494593886687327  0.31903931653694712  0.33432451469210656
  0.35068940984110952  0.36780399066806452  0.38609993013556088  0.40618128836604306
  0.42744139124321434  0.45102024890943621  0.47869734118716806  0.50911770047047678
  0.54100825981154066  0.57489038038202300  0.61302409418769288  0.65490054270379439
  0.70185421543723381  0.76214872061722172  0.84590400168780144  1.00000000000000000
 -0.00298327761969713  0.00880173030153942  0.02255046923109269  0.03671637926968212
  0.05068917768303789  0.06429873372710392  0.07740571457893280  0.08972664145261230
  0.10126416982957873  0.11222701502176463  0.12332355127440273  0.13458519668711202
  0.14616282053776108  0.15855021665203570  0.17196160756136675  0.18854617691908221
  0.20250298881360781  0.21249639953851901  0.22213768756174013  0.23216820359214541
  0.24265242461907915  0.25188077362467731  0.25994100221759298  0.26821722079508020
  0.27655329974613596  0.28489839728787958  0.29317192779672036  0.30137972429686705
  0.30926694414856842  0.31827342591245716  0.33057394727644074  0.34541521705366840
  0.35891620519490264  0.37212682775440103  0.38513794816655428  0.39769036375532374
  0.40958754828738553  0.42069450551864740  0.43138398293993474  0.44187895605735433
  0.45235953137435675  0.46312042851040225  0.47360317297971904  0.48515551425717129
  0.49879438008357196  0.51275020171688601  0.52493152097288875  0.53450065725378615
  0.54399213761386611  0.55428349978153435  0.56426563332223068  0.57390976184636389
  0.58371273940003399  0.59558617569486649  0.60930192107082315  0.62353914484035011
  0.63733857403079763  0.64944987718608793  0.65848314316631673  0.66807834920612819
  0.67788998924681698  0.68763605575163866  0.69753922401901047  0.70743524595087903
  0.71580899564497924  0.72386268178968727  0.73214740724900662  0.74055428666309286
  0.74885060937180903  0.75702788375912933  0.76496702121896443  0.77299506392469708
  0.78409421566753157  0.79790367918715632  0.81090010357207065  0.82314420928168952
  0.83539574200249123  0.84725691602248565  0.85771897125961216  0.86659779459809283
  0.87552547866914021  0.88471389423378222  0.89378263016855153  0.90240367189365123
  0.91078627473659579  0.91896359598458055  0.92691862401368719  0.93499913103485277
  0.94299927319668131  0.95106459354938566  0.95900701994224868  0.96680224349265820
  0.97456253514677249  0.98262081025934100  0.99119090894570483  1.00000000000000000
   3.6029764514064971E-018  -1.0000000000000000     
  <DiscreteSampler_grid>
  Helicity
  1 # 1 for a reference and 2 for a running grid.
  20 # Attribute 'min_bin_probing_points' of the grid.
  1 # Attribute 'grid_mode' of the grid. 1=='default',2=='initialization'
  0.0000000000000000 # Attribute 'small_contrib_threshold' of the grid.
  0.5000000000000000 # Attribute 'damping_power' of the grid.
 # binID   n_entries weight   weight_sqr   abs_weight
    1   20   8.968387798852520E-023   5.649702448224444E-045   8.968387798852520E-023
    2   44   1.271027031299712E-020   3.877396118160368E-040   1.271027031299712E-020
    3   30947   1.293570274946551E-017   1.320266522164561E-033   1.293570274946551E-017
    4   20   6.380633987836994E-027   2.863683331421686E-053   6.380633987836994E-027
    5   20   1.033252384863432E-025   1.146234442457641E-050   1.033252384863432E-025
    6   111   3.391460672500443E-020   4.742600021233068E-039   3.391460672500443E-020
    7   112   3.361094221670860E-020   4.700255435273981E-039   3.361094221670860E-020
    8   20   1.033252384863453E-025   1.146234442457666E-050   1.033252384863453E-025
    9   20   6.380633987836994E-027   2.863683331421685E-053   6.380633987836994E-027
    10   30798   1.282966745133616E-017   1.357083492137747E-033   1.282966745133616E-017
    11   48   1.165108110208768E-020   3.554279774980337E-040   1.165108110208768E-020
    12   20   8.968387798852517E-023   5.649702448224444E-045   8.968387798852517E-023
  </DiscreteSampler_grid>
