 -0.00267213389124036  0.00946025252240534  0.01998890111329922  0.03141909554739600
  0.04287474844789828  0.05392139541314576  0.06490756060789508  0.07547466436763318
  0.08567271339219404  0.09563559643027275  0.10573794332780716  0.11640041791185014
  0.12692338154730601  0.13703235949720280  0.14706222405454675  0.15729398264701286
  0.16767816512038897  0.17845124202324475  0.18895926165564048  0.19983817025421410
  0.21029745584561335  0.22089642496437542  0.23160435411549984  0.24242085514975639
  0.25320144186082466  0.26383790720529010  0.27433598634017969  0.28479867779034829
  0.29515525476448395  0.30540546628240262  0.31561859986728419  0.32590021196605351
  0.33624919876089138  0.34664341342684707  0.35715371670752488  0.36779619168999811
  0.37836722097861281  0.38882021653832044  0.39922999100640072  0.40965918624873299
  0.42025076716478821  0.43085868050548243  0.44141327643064493  0.45187925533027978
  0.46227860109773378  0.47272175185330800  0.48313751406432204  0.49353502621062845
  0.50408388048724206  0.51474512697927788  0.52553209725720706  0.53618468901772909
  0.54665191550551107  0.55706096708039854  0.56736082119846987  0.57783586798140907
  0.58835436932906193  0.59908684288115521  0.60973961614609240  0.62027537798967813
  0.63084395554619366  0.64140523795003446  0.65211914846763597  0.66275906571469168
  0.67353113181278412  0.68430539733254936  0.69506254158196046  0.70562582386862538
  0.71625363816678567  0.72674794399561060  0.73732586104282283  0.74784144393108676
  0.75848344365973375  0.76902130586589967  0.77941290290047105  0.78961535838690389
  0.80011351031435229  0.81058280843068298  0.82119832008633320  0.83160160378438741
  0.84212382887078829  0.85257836354131811  0.86313162977659164  0.87386052795456792
  0.88456958115493600  0.89496035281103525  0.90465912519639613  0.91452809538043123
  0.92454508255656076  0.93582697053667385  0.94657041247549800  0.95762325474637500
  0.96804198696139365  0.97908767004253205  0.98967771251758052  1.00000000000000000
 -0.00228397844277081  0.00981787715288028  0.02036921288565781  0.03084127089837047
  0.04132470526451552  0.05170015716909514  0.06191586173269108  0.07239160690968606
  0.08300405921990028  0.09408800320336749  0.10501620296201791  0.11556298871890662
  0.12585028158558503  0.13639074773712129  0.14706221663861097  0.15767640974308450
  0.16793811694955305  0.17800019585788307  0.18813421873899094  0.19840004048264853
  0.20877841424837726  0.21907317376029295  0.22946511580743603  0.23994894874070777
  0.25035494933341113  0.26058249166446118  0.27100596584574904  0.28168506137018395
  0.29240284156833052  0.30308563198277255  0.31388915441488763  0.32449632682186563
  0.33488057200115634  0.34495778873759247  0.35515077431636832  0.36537163686553265
  0.37597909102059179  0.38700457249163034  0.39787905190493333  0.40828628024107699
  0.41856279600801022  0.42933303646508042  0.44017734316259460  0.45086014088790971
  0.46132290835693851  0.47191147974283110  0.48273186167941984  0.49350541571470258
  0.50422706988984678  0.51496817870231704  0.52566629547123067  0.53638381181068795
  0.54674286067142974  0.55725018000201765  0.56774243379948686  0.57848939592750470
  0.58905790301793737  0.59983810022049455  0.61058451731434571  0.62165468818922398
  0.63219967407574473  0.64290992274102221  0.65339423765305216  0.66428467450578887
  0.67466544766360226  0.68498932801410928  0.69548520354967913  0.70616249069086534
  0.71686664022533231  0.72744621965072898  0.73805361180853513  0.74855443936413513
  0.75903958894639822  0.76955639678160270  0.78018270119132715  0.79067351967944788
  0.80118122538204206  0.81181928736466813  0.82255803584837972  0.83314964986300344
  0.84369528439856611  0.85471736853505320  0.86593387838154723  0.87680009670192871
  0.88720725982008664  0.89750811063345992  0.90804730928555699  0.91847771100396847
  0.92891003776762249  0.93938572594871284  0.94970715248793725  0.95971669946184279
  0.96964721701281342  0.97942930496227709  0.98967435847973761  1.00000000000000000
   3.9509485666104796E-021  -1.0000000000000000     
  <DiscreteSampler_grid>
  Helicity
  1 # 1 for a reference and 2 for a running grid.
  20 # Attribute 'min_bin_probing_points' of the grid.
  1 # Attribute 'grid_mode' of the grid. 1=='default',2=='initialization'
  0.0000000000000000 # Attribute 'small_contrib_threshold' of the grid.
  0.5000000000000000 # Attribute 'damping_power' of the grid.
 # binID   n_entries weight   weight_sqr   abs_weight
    1   4664   4.446943945108376E-021   4.862576964452478E-041   4.446943945108376E-021
    5   4770   4.641372909361829E-021   3.481107817544332E-041   4.641372909361829E-021
    9   4546   4.417368341575832E-021   4.770623791034337E-041   4.417368341575832E-021
  </DiscreteSampler_grid>
