  0.00192618896202465  0.03538641902455324  0.06052121239095835  0.08006920936407200
  0.09697831746671018  0.11233993071773549  0.12652643517714546  0.13987363733677560
  0.15248096523014856  0.16458591766973907  0.17615557392721679  0.18741908633207807
  0.19824837904782555  0.20885557173184938  0.21909117110856705  0.22915776913026489
  0.23893509598613819  0.24857456885889143  0.25799459675144876  0.26730431288634204
  0.27645515524577957  0.28548202101402331  0.29437490869763522  0.30314131149032730
  0.31181988994451315  0.32039627079515282  0.32889768794014507  0.33731351348697852
  0.34564479601822817  0.35391988579742967  0.36212814792013542  0.37029137914832444
  0.37840407301296730  0.38646965766513353  0.39449446394546483  0.40247620107832871
  0.41042310185386194  0.41833857446485317  0.42622484911502589  0.43408470620996620
  0.44191392791911299  0.44971324668851498  0.45749140064239363  0.46525437332240044
  0.47301060792230037  0.48076312201574789  0.48850788576880644  0.49624565861185777
  0.50398030978096331  0.51172173270258592  0.51946317716738433  0.52721294497235460
  0.53497433993564303  0.54275459587023378  0.55054931026090770  0.55835603353275631
  0.56618142206538125  0.57402965739246492  0.58190082276420618  0.58979766974688763
  0.59771464465890600  0.60566165218343093  0.61366570310169877  0.62172920777620821
  0.62986297913745837  0.63805241698207971  0.64628637177153392  0.65457202071990783
  0.66290547713002623  0.67132557490412381  0.67984214657406872  0.68844011170958175
  0.69714467250572876  0.70594103785494799  0.71486914826424863  0.72392457867776461
  0.73310006950144346  0.74241957148024429  0.75187643633576540  0.76153667041510109
  0.77135093677992295  0.78139902502275627  0.79161527468843695  0.80217021547885869
  0.81295069098888850  0.82414293041069053  0.83565463307261312  0.84771050986355700
  0.86026585365975827  0.87355197192920941  0.88770512025157633  0.90305303652650681
  0.91999599379677266  0.93967041104247973  0.96507702738343226  1.00000000000000000
 -0.00246717242359974  0.00955239108273224  0.01979507326280991  0.03042721652049662
  0.04107046972658290  0.05158064303854221  0.06210302392084106  0.07258054283027059
  0.08303715614490478  0.09346382255447874  0.10389821049451971  0.11450244822056942
  0.12512158790237971  0.13574643128394537  0.14628189378414314  0.15684004629159420
  0.16743635627861608  0.17795660616826223  0.18843688261398522  0.19890744680934030
  0.20939707405228838  0.21992285778410356  0.23040270277741115  0.24107348476649759
  0.25166822462902338  0.26230324186607812  0.27293810309367972  0.28356789628385809
  0.29417805352764353  0.30470599829260447  0.31516104154745939  0.32565857889492755
  0.33615962984825948  0.34675020346067986  0.35727423549379062  0.36778323466442508
  0.37831713446079585  0.38892787457069794  0.39961447231466507  0.41035877129291581
  0.42105028005003431  0.43157799085911475  0.44207265723378630  0.45252229876772676
  0.46292000112427728  0.47327262005956428  0.48366779797310733  0.49426084293066908
  0.50483405210689558  0.51545708956208236  0.52591843910721336  0.53640980749393030
  0.54680982768573994  0.55739955369498906  0.56789907524867178  0.57850812354843995
  0.58903581539785421  0.59960553353372081  0.61010592957877352  0.62057877262568872
  0.63100182331166621  0.64145171132460499  0.65196795615693881  0.66253414155654555
  0.67302985403321824  0.68359145383512721  0.69415112610030683  0.70474085647398066
  0.71520525214976927  0.72557154833982684  0.73592403871640877  0.74636507668807828
  0.75692267062842156  0.76751071468985110  0.77794752687173740  0.78842514411758002
  0.79902336954230380  0.80970177690886336  0.82025626990382938  0.83069627694644577
  0.84123103161213575  0.85174807498124427  0.86222992417588662  0.87262865512999788
  0.88314513790306393  0.89368696675879766  0.90430810832217201  0.91500538142341969
  0.92569786036315083  0.93630881484866657  0.94680707247756524  0.95735367952376205
  0.96804415365489460  0.97869108359505830  0.98934910788369657  1.00000000000000000
   3.3267723418526523E-007  -1.0000000000000000     
  <DiscreteSampler_grid>
  Helicity
  1 # 1 for a reference and 2 for a running grid.
  20 # Attribute 'min_bin_probing_points' of the grid.
  1 # Attribute 'grid_mode' of the grid. 1=='default',2=='initialization'
  0.0000000000000000 # Attribute 'small_contrib_threshold' of the grid.
  0.5000000000000000 # Attribute 'damping_power' of the grid.
 # binID   n_entries weight   weight_sqr   abs_weight
    2   20   1.595947812927004E-011   3.016023444879354E-022   1.595947812927004E-011
    3   7006   5.704026001930150E-007   5.052244316241963E-013   5.704026001930150E-007
    6   22   3.405288892744543E-010   2.328093981951425E-019   3.405288892744543E-010
    7   23   3.257234614696681E-010   2.226872504394820E-019   3.257234614696681E-010
    10   6968   5.755256509366196E-007   5.142475864293046E-013   5.755256509366196E-007
    11   21   1.624948190489893E-011   3.103918986697766E-022   1.624948190489893E-011
  </DiscreteSampler_grid>
