  0.00487293478763737  0.00546151258248100  0.00602190580514459  0.00649660352180715
  0.00699566710756954  0.00751613541619495  0.00806410485543273  0.00862006428816493
  0.00918543277288785  0.00981614634383811  0.01050198961682580  0.01125487595939620
  0.01206735274036000  0.01288160684583020  0.01370173581821796  0.01456193047264676
  0.01548263913101917  0.01646472030990351  0.01756051683284538  0.01877576841588425
  0.02004915502659246  0.02155533746055343  0.02331637680743777  0.02518348749936006
  0.02714163215501650  0.02914608306739963  0.03125888718020254  0.03366535209763478
  0.03614818592283176  0.03893834238580039  0.04194243524274936  0.04587035185334254
  0.04985848833183028  0.05402182200774173  0.05860951294366917  0.06400182706855216
  0.07038855096644757  0.07743945014838477  0.08511697140208943  0.09269670249377163
  0.10025334356044244  0.10731673453640561  0.11474891399184775  0.12285361060940861
  0.13153295446136201  0.14052979749420844  0.14993974678607533  0.16095068335647533
  0.17261937933811863  0.18449395400907675  0.19656444577539978  0.20869412547997523
  0.22044790289122526  0.23245691801081633  0.24516595363132312  0.25789082738088415
  0.26993150512918102  0.28231373455752212  0.29483960560146155  0.30679944890551747
  0.31852291869096405  0.33062448208848577  0.34314059635643834  0.35652956347603998
  0.36996332792193953  0.38355963152121020  0.39752326458831605  0.41238901765685371
  0.42660321798152501  0.44122930411615452  0.45598142695252869  0.47106458815168156
  0.48603724405376436  0.50106784997988718  0.51603097992699964  0.53101114100104130
  0.54652096943749107  0.56349454655219477  0.58052624846795298  0.59747839749725329
  0.61583429558098279  0.63433766399973801  0.65339614193257900  0.67152561748628592
  0.68874484220906163  0.70693865917899312  0.72621114474482618  0.74662683053255563
  0.76681075500047313  0.78813180198267008  0.81151551646494569  0.83645749502986866
  0.86311531680161302  0.89277218324826624  0.93141570134734264  1.00000000000000000
  0.39584883440594232  0.42041235920483050  0.42801340791255416  0.43205064373754842
  0.43661109532494269  0.44340166635240208  0.45005466460031118  0.46045007623449480
  0.47350777062135341  0.48794831811208828  0.50353367244231884  0.51030893075850070
  0.51317958522731111  0.51607911719488297  0.51986654175862756  0.52464642950886209
  0.52903365173754024  0.53270610490905124  0.53548117334906375  0.54000298557755733
  0.54697998767950295  0.55649021222631545  0.56441438778138953  0.56985721557534907
  0.57306458585349107  0.57541650416228751  0.57758798719232896  0.57979227528250388
  0.58220697037195246  0.58486366189007843  0.58780345155630798  0.59090694584221870
  0.59439937934485976  0.60048608601684639  0.60558800164809090  0.60806483617098173
  0.61157450409704961  0.61455380101912105  0.61724962317749466  0.61946999002486303
  0.62216624858932112  0.62515660677625118  0.62819370640763605  0.63237373538942376
  0.63756264736001755  0.64273535431817341  0.64773360570780647  0.65380526284486906
  0.66126604814577006  0.66778133250279303  0.67191991116125815  0.67563074762386721
  0.67916077486746984  0.68282855059948455  0.68628119273043608  0.68954757105296571
  0.69300456276991074  0.69696684396235109  0.70078988272833231  0.70436889609287179
  0.70753735309884402  0.71011767211090659  0.71255185376491859  0.71516244922513650
  0.71798230232663540  0.72105847735530981  0.72433939173642004  0.72745768915449316
  0.73038815775477273  0.73324660341576009  0.73632818544551804  0.73872965652023415
  0.74379129761499352  0.74904032848538493  0.75413583469922341  0.75993683703174575
  0.76726359836637403  0.77651859266549939  0.78718222174844288  0.80022692782074578
  0.81253511052846372  0.82371162011492782  0.83400273934536462  0.84356793683422382
  0.85304960301211952  0.86252787708592860  0.87207581336251094  0.88157522789842235
  0.89043028452017814  0.89982770582504135  0.90942921210100558  0.91979727155964919
  0.93216495037900182  0.94657136794546648  0.96661680549436790  1.00000000000000000
 -0.00252588828165254  0.01016161849076415  0.02130766189570253  0.03336674932967122
  0.04497071183815735  0.05737990292704319  0.06861077744419908  0.08042317627939963
  0.09224546230314401  0.10319256953164045  0.11375251102755012  0.12444114465114640
  0.13570175125263395  0.14741164327906345  0.15931689381567654  0.17140349223958506
  0.18485371383813515  0.19752673882087102  0.20918526176085464  0.21977598194879086
  0.22971630352337638  0.23920391474434155  0.24872439906690022  0.25909954506363814
  0.27042834892023443  0.28182049499697631  0.29367294379520276  0.30574576946825949
  0.31733712342855164  0.32802013893323606  0.33868021860670905  0.34942720092910073
  0.36006947507400416  0.37064648357224333  0.38118845667502055  0.39152524095354407
  0.40147752554474619  0.41211615723292172  0.42394024077262227  0.43542204105632881
  0.44670769263582039  0.45795595237421982  0.47038856175033505  0.48265661781172908
  0.49384168597443101  0.50404832011249767  0.51397220094106666  0.52386983263611864
  0.53347102036841076  0.54302912564788597  0.55262489221329247  0.56196598036421108
  0.56982648299655858  0.57728604472600820  0.58525133414881780  0.59322703287684764
  0.60043705740450426  0.60766474727221553  0.61478900898203293  0.62155927019384560
  0.63024159099758592  0.64013892120380755  0.65106823780566270  0.66319016747973802
  0.67603146469783082  0.68953838343372009  0.70245725446812679  0.71519853315371540
  0.72716560281355602  0.73805038709249704  0.74824535727078700  0.75743586017958209
  0.76647953937059587  0.77585313112278464  0.78628052038994933  0.79747570368328380
  0.80834913545669806  0.81893235663548525  0.83041135602525928  0.84258630870449758
  0.85470875034465255  0.86556154352523496  0.87499039895872721  0.88363472128386422
  0.89216044958190721  0.90089809508747254  0.91064720116417763  0.92143463876877463
  0.93246579760144976  0.94363454278660441  0.95441015928411133  0.96457722413032432
  0.97348660608198578  0.98246027720258344  0.99145748093529384  1.00000000000000000
 -0.00250090725010944  0.00673245639516451  0.01632617919228480  0.02640965544973807
  0.03777003402325650  0.05029463395367652  0.06246841212630515  0.07463436588066039
  0.08508428252220115  0.09513008714008066  0.10553185879970241  0.11772244430789358
  0.12848965605157328  0.13857263085037727  0.14850831267570561  0.15840252973970040
  0.16795935254658390  0.17682849191194394  0.18612447278182412  0.19584975457572784
  0.20570713933264106  0.21527422350682604  0.22443300722686185  0.23396193286761255
  0.24300495321432317  0.25166896543442602  0.26028441188168933  0.26970793562586537
  0.28043150113934046  0.29203975008143596  0.30394584831252830  0.31570060286920409
  0.32731968221156016  0.33929542167813459  0.34981891037062529  0.35884124477083007
  0.36761423329491522  0.37632064790608805  0.38472606609741261  0.39741630183091198
  0.41098122176146673  0.42435124746133890  0.43628722691087163  0.44843375844941613
  0.46010794804936161  0.47192343950641907  0.48435621028942799  0.49638151240248884
  0.50818067975991155  0.51935668679394720  0.53127958543221965  0.54353483286994819
  0.55631208851705105  0.56975082270032895  0.58267507984799283  0.59397815211473459
  0.60361834988133578  0.61270840741103283  0.62212516516829097  0.63176273390365945
  0.64184208556584288  0.65064309471864423  0.65825116096586433  0.66667080222401554
  0.67442697052728728  0.68176639986292331  0.68878417811796544  0.69545134535951281
  0.70204986833348493  0.70961668561794145  0.71984122005663398  0.73067297239205808
  0.74164498396944678  0.75290699799289929  0.76403307037345247  0.77414734724350043
  0.78280517412552264  0.79197002164921981  0.80201737503477877  0.81297142560046609
  0.82393739207909900  0.83512411035741840  0.84771012455527528  0.86092427608163602
  0.87418293346336573  0.88737354801436108  0.90016660993530817  0.91141062522926497
  0.92172950752350868  0.93259160112297823  0.94349703174420807  0.95536066207658887
  0.96695900598721385  0.97877988808112593  0.98933437323681805  1.00000000000000000
 -0.00321796203251198  0.01163030769658386  0.02394339145312280  0.03675618230812716
  0.04846476714146396  0.05939652511645568  0.07046292577843130  0.08236958596235507
  0.09429270672044286  0.10397132567578028  0.11403895172639135  0.12411079390316132
  0.13437884412946685  0.14542579824578877  0.15634780571885795  0.16752474403165105
  0.17797589713682641  0.18777425315799345  0.19811471234699224  0.20968421522468542
  0.22356801184050001  0.23568266854051237  0.24680031797581820  0.25569535695577655
  0.26356002180177407  0.27161244264794276  0.28023154624239549  0.28954557199181880
  0.29919870975241697  0.30785813012531554  0.31739302335374708  0.32883306110157978
  0.34148498980364367  0.35345113940491102  0.36534902996139773  0.37608942166385545
  0.38608973038837152  0.39666798523756519  0.40695115995757830  0.41659211816695413
  0.42567182376011586  0.43457380694016812  0.44427433915390407  0.45431740961497530
  0.46484030072047333  0.47543004420904389  0.48743874378224022  0.49889888997672505
  0.50975471174568465  0.52020204066724907  0.53035189036879560  0.54085768806282153
  0.55204188990778524  0.56422093047595445  0.57680969903290502  0.58872910214274476
  0.59984957584595178  0.61092833735627727  0.62167149771092023  0.63143140047517110
  0.64085451401198401  0.65065126730292633  0.66136821837998350  0.67299261066586269
  0.68492138156213855  0.69712897355412029  0.70964924694031495  0.72262179353288136
  0.73481172156610863  0.74600660686513598  0.75666532237861017  0.76751058350327250
  0.77881934066912872  0.79028924467372885  0.80215344187980908  0.81382706308530983
  0.82469899645986489  0.83496047789721217  0.84535936294352254  0.85587932952862822
  0.86682243480201338  0.87822195979907458  0.88996606048233218  0.90234922447372934
  0.91467394963846183  0.92403282590657099  0.93191281778881629  0.93984930987737936
  0.94695289588645071  0.95249514021818360  0.95789590603174435  0.96347338188071985
  0.97108669798508962  0.97969355055184681  0.98971979565377810  1.00000000000000000
 -0.00325244436160500  0.01079127512804899  0.02210964371368493  0.03342519353021157
  0.04480870533159972  0.05550129834450185  0.06500777139490246  0.07281528190921920
  0.08087651502814334  0.08917859278297317  0.09991915175727513  0.11204256234944340
  0.12410123216692380  0.13489009547768691  0.14486668248639611  0.15490256849695708
  0.16516521246578161  0.17490239102387670  0.18432883078678047  0.19470124618841117
  0.20670428086303247  0.21943991962871118  0.23113307824186519  0.24160281788165644
  0.25115629878871987  0.25987945336382168  0.26832572963983542  0.27719425424719546
  0.28656294244333819  0.29716312342755169  0.30824703211666554  0.31877283310692628
  0.32947786074171487  0.33970781875881001  0.34962680652946104  0.35990298582917224
  0.37054370466828240  0.38242607618587976  0.39480747163906288  0.40720049982431999
  0.41990455717538050  0.43268829666180131  0.44327863644170512  0.45154808380223560
  0.45946152148177849  0.46698631087297066  0.47440818020857095  0.48219590755505432
  0.48983124521499782  0.49757544194782993  0.50741829655722348  0.51894407142877930
  0.52996431617586959  0.54106881775706783  0.55275952830213859  0.56429967551512428
  0.57532733180904494  0.58542257224487559  0.59540868108431522  0.60493438128111154
  0.61465403323500534  0.62489915668926033  0.63534249107884344  0.64483985768368235
  0.65423267566676024  0.66344246009286090  0.67388809507781799  0.68598590475000842
  0.69771762507571777  0.70875113709416127  0.71903943811628601  0.72928510905375454
  0.73972013848145834  0.75102301595982424  0.76180100820097751  0.77308361448728391
  0.78298930333135808  0.79204167041377405  0.80122196276012270  0.81137814536147257
  0.82319614938983487  0.83567619317820296  0.84812335166533315  0.85938799812846478
  0.86933909697942224  0.87945035761086499  0.89037817961393040  0.90315739643183990
  0.91760777392616055  0.93224168318073597  0.94611685577541094  0.95850736469114195
  0.96955501889973517  0.98003546446155021  0.98991588433787969  1.00000000000000000
 -0.00326241330456823  0.01201209197820616  0.02555739085339495  0.03866507264054556
  0.04999522684554115  0.06063338793433248  0.07057708788363587  0.07908289352595888
  0.08701495658954220  0.09484518119375894  0.10331799251205503  0.11433006203719139
  0.12683294791555652  0.13916595713678503  0.15040536267894974  0.16140687714733445
  0.17225375248337352  0.18412097409871842  0.19671127378148767  0.21055505079419135
  0.22397069180162862  0.23684799207954182  0.24896980791425330  0.26082835948406025
  0.27201541544039187  0.28178601554695692  0.29118057270628633  0.30055397524972116
  0.31057242190758250  0.32060546263209022  0.33105563827809303  0.34164339918515058
  0.35164787067426584  0.36199910548238223  0.37314879205533835  0.38627272947540875
  0.39977004220420342  0.41302737503273262  0.42619573209937983  0.43938781405961408
  0.45260518959553542  0.46453683852323524  0.47512028131188239  0.48526971950425496
  0.49521545491822605  0.50653532017151737  0.51866646848346887  0.53106932404749396
  0.54283791215859556  0.55441881254032399  0.56641046854953137  0.57930512920128363
  0.59033561539219226  0.59838611291684485  0.60546573926414959  0.61279577559563747
  0.62182442340711874  0.63119917523325286  0.64015038657210055  0.64905254383533417
  0.65852628351996412  0.66851427237487304  0.67848227647489556  0.68827141605702469
  0.69796895455568941  0.70824934870837275  0.71804817695313006  0.72770568678952441
  0.73674524883950998  0.74589218168436255  0.75554506290674617  0.76547135138514566
  0.77556247056762606  0.78621109001214118  0.79713273324983891  0.80830008209038140
  0.81933941466595384  0.82962903054989889  0.83970860737378905  0.85034338700627243
  0.86192431571850237  0.87380441332007819  0.88538254587656240  0.89661698962375069
  0.90791170135383781  0.91736985232955492  0.92503651362269224  0.93235918392838169
  0.93971553042294398  0.94665130796953767  0.95373981369362082  0.96159456689564493
  0.97019489446532881  0.97867521693871840  0.98892826745490092  1.00000000000000000
 -0.00295962168955500  0.00987672785257336  0.02166259476401816  0.03342433869588522
  0.04580812890530548  0.05755511101826444  0.06836386424268245  0.07879117459504327
  0.08952984458106654  0.10166355648969114  0.11411955708007737  0.12501904679476217
  0.13577280802929467  0.14513048777546408  0.15490508022282679  0.16500460012371657
  0.17655351244577100  0.18945230887913281  0.20141823946843840  0.21290731550661010
  0.22416692631913204  0.23502554893656874  0.24517149369888813  0.25439959826302105
  0.26282233245929715  0.27039229026467271  0.27787397279324305  0.28539078666601020
  0.29310082271300603  0.30185615808062011  0.31082008401146582  0.32057675271321390
  0.33192142976014893  0.34356531248145139  0.35449381271750913  0.36534666937080434
  0.37600235383987390  0.38722391170840953  0.39906357476983334  0.41108253929853877
  0.42286851742615700  0.43397175915071023  0.44439724784161749  0.45473740082786773
  0.46505787357162720  0.47543118764789394  0.48545460744668123  0.49527446401879033
  0.50478037395014264  0.51441096840061473  0.52419365477797442  0.53439589869353810
  0.54393301070490707  0.55370349248387007  0.56416148217230622  0.57628501128987342
  0.58944539634251891  0.60160678130054568  0.61077818137932494  0.61873837983496782
  0.62758303378837932  0.63657847624735386  0.64506109092119457  0.65330885433289698
  0.66118637467117924  0.66965259369591268  0.67882802948077792  0.68902713449505082
  0.69948979593826932  0.71045783213997160  0.72202180301312391  0.73426155837629004
  0.74673084815916302  0.75851945259297748  0.76979594269858287  0.78038342423847973
  0.79063616000607706  0.80106658109192630  0.81182027877287188  0.82282539684634959
  0.83370369120767773  0.84497135325668837  0.85571783503799359  0.86563940724302590
  0.87591734186033243  0.88642826739852343  0.89626550921413628  0.90522406089110363
  0.91501451613748908  0.92660157637033380  0.93825099795928690  0.94996082628478240
  0.96144586010929334  0.97324374394893720  0.98585674691506020  1.00000000000000000
   2.2325195326865101E-038  -1.0000000000000000     
  <DiscreteSampler_grid>
  Helicity
  1 # 1 for a reference and 2 for a running grid.
  20 # Attribute 'min_bin_probing_points' of the grid.
  1 # Attribute 'grid_mode' of the grid. 1=='default',2=='initialization'
  0.0000000000000000 # Attribute 'small_contrib_threshold' of the grid.
  0.5000000000000000 # Attribute 'damping_power' of the grid.
 # binID   n_entries weight   weight_sqr   abs_weight
    1   5805   2.882815721193338E-038   5.883969253284702E-074   2.882815721193338E-038
    2   24   2.358537149404611E-041   4.045256728448846E-080   2.358537149404611E-041
    9   20   2.379939593129308E-050   3.487882792258362E-098   2.379939593129308E-050
    10   20   2.740135204886899E-053   4.346730971695204E-104   2.740135204886899E-053
    17   4049   2.271534153876976E-038   1.412024756124114E-074   2.271534153876976E-038
    18   28   3.347404616024104E-041   1.352985874744582E-079   3.347404616024104E-041
    25   20   2.534749958914642E-050   4.077250133706361E-098   2.534749958914642E-050
    26   20   1.251102447199272E-053   5.596922115750785E-105   1.251102447199272E-053
    33   4109   2.262373368451242E-038   8.298999899037593E-075   2.262373368451242E-038
    34   25   3.668343441712415E-041   6.840674916875114E-080   3.668343441712415E-041
    41   20   1.868365625550334E-050   1.294675288495058E-098   1.868365625550334E-050
    42   20   1.851705689047420E-053   2.543854178719713E-104   1.851705689047420E-053
  </DiscreteSampler_grid>
