  0.00006399337552573  0.00006802652321401  0.00007099248055759  0.00007309148593867
  0.00007449666818251  0.00007568134957930  0.00007683488907278  0.00007792434285634
  0.00007891117317236  0.00007979388048537  0.00008056846495901  0.00008127862065791
  0.00008192966836591  0.00008254317746066  0.00008316499125934  0.00008380278265296
  0.00008447384584882  0.00008519813092881  0.00008593139493212  0.00008672617410847
  0.00008743559534075  0.00008806360625900  0.00008864549403007  0.00008920563290503
  0.00008977516200106  0.00009037372323345  0.00009098126418155  0.00009154065783192
  0.00009202499175187  0.00009249758943681  0.00009297509942461  0.00009347494485851
  0.00009402572705565  0.00009461438303365  0.00009527306143843  0.00009596666480383
  0.00009648527386225  0.00009695405950525  0.00009739119539460  0.00009782096459348
  0.00009824608516138  0.00009867245680473  0.00009912372366073  0.00009955669527517
  0.00009999102508970  0.00010041421168275  0.00010086276279471  0.00010131673156177
  0.00010179677827493  0.00010226634949803  0.00010271150559733  0.00010331339558905
  0.00010392872709023  0.00010453194666382  0.00010514302149126  0.00010579780858010
  0.00010646124521879  0.00010719370388974  0.00010794056715628  0.00010862129504825
  0.00010926520473400  0.00010988956821575  0.00011052405572532  0.00011120766893144
  0.00011191571037596  0.00011263533192537  0.00011340596024617  0.00011422637768767
  0.00011506268762504  0.00011591658399828  0.00011677522012475  0.00011755727032142
  0.00011837568323301  0.00011918778403001  0.00012000763322949  0.00012084589622439
  0.00012169697673289  0.00012262278253196  0.00012360047856681  0.00012463423470581
  0.00012565784760843  0.00012672869197007  0.00012838658349611  0.00013027976263901
  0.00013217312842116  0.00013413576875763  0.00013618686713711  0.00013823119202797
  0.00014012999993197  0.00014249511181528  0.00014702581087274  0.00017355068710630
  0.00034141713975125  0.00089318059385755  0.00333470914972600  1.00000000000000000
 -0.00904053082812345  0.04613032880093912  0.07603080565279699  0.10007192730728671
  0.12039975411139123  0.13222288969189699  0.14032270381827031  0.14832661821592899
  0.15752233163675047  0.16725908126004266  0.17606273902894085  0.18376295621955299
  0.19285322930641430  0.20543156357812878  0.21918622001970633  0.23412083512984969
  0.24964525754954831  0.26363124448692715  0.27499374681395206  0.28531901271034582
  0.29539289670061780  0.30459471359648610  0.31388899236272616  0.32476498097357070
  0.33521264586473210  0.34456542863305989  0.35325504363898597  0.36182639889143792
  0.36980307131697737  0.37692085993142549  0.38265227600616886  0.38923568011202558
  0.39609143590381451  0.40295418112588222  0.41020267850582048  0.41797216292888167
  0.42463001845271925  0.43024089640251151  0.43574153499241269  0.44309616479042713
  0.45400152389696219  0.46391448409832192  0.47339211961928174  0.48245938429458357
  0.49023852234229942  0.49780793761419051  0.50564165901382063  0.51395732104544545
  0.52249160412418616  0.53087236245339442  0.53940538985274999  0.54709098129458522
  0.55533576263903850  0.56326519331662395  0.57074731286231317  0.57808895241878233
  0.58579888603593933  0.59429379136265237  0.60267611448612635  0.61020508386748651
  0.61739067586414953  0.62455101051450890  0.63112384978359304  0.63717951333487743
  0.64364411242324338  0.65030189540379790  0.65633003670883872  0.66197868647643199
  0.66863023235175834  0.67862853998687178  0.69065999148938595  0.70201598614653660
  0.71240714350612833  0.72225946175789357  0.73257632021940722  0.74301211376366028
  0.75236127101204897  0.75904551751225458  0.76502357236788132  0.76978813345640718
  0.77501592723654400  0.77981543696134747  0.78644368390576458  0.79281875982683503
  0.79954641430114415  0.80654746652712284  0.81612693786928214  0.82919404726140933
  0.84380102080268626  0.85708017679227189  0.86903275243580203  0.88192467894387661
  0.89557258254657102  0.91173893476001711  0.93635963453431947  1.00000000000000000
 -0.00000000590789644  0.00000000897629424  0.00000002386048492  0.00000003926812251
  0.00000007674134893  0.00000011421457535  0.00000015388714999  0.00000019775825678
  0.00000024212990038  0.00000029508525188  0.00000035179533661  0.00000042835848673
  0.00000050898424531  0.00000059805351183  0.00000069040925058  0.00000079185331694
  0.00000093815914763  0.00000112380516646  0.00000132595518617  0.00000153349644129
  0.00000175271704683  0.00000197264007228  0.00000220372882565  0.00000246465054556
  0.00000288245838510  0.00000334679739797  0.00000389127549366  0.00000453934368200
  0.00000525708260176  0.00000606459579376  0.00000700638340391  0.00000805121133620
  0.00000912847701976  0.00001021113886512  0.00001134546606816  0.00001262562562097
  0.00001402601187246  0.00001560580345893  0.00001772470630829  0.00002048720745441
  0.00002372927557683  0.00002733377961547  0.00003256378537686  0.00003885662877827
  0.00004588638886143  0.00005345386927600  0.00006204892797420  0.00007200131539306
  0.00008506442741577  0.00010210405492843  0.00012196729036036  0.00014583319884418
  0.00017396020233696  0.00020727966133157  0.00025048108310017  0.00030051334112176
  0.00036039689460606  0.00044609691597805  0.00054570263527027  0.00066792524846470
  0.00081275917466851  0.00097255336589871  0.00116513858693219  0.00138581708019067
  0.00161018057183386  0.00184806079454068  0.00208917406306379  0.00233055484700866
  0.00256467010389958  0.00279560105658066  0.00302993300965623  0.00326653200178381
  0.00352248036055436  0.00380773328292266  0.00411465739326567  0.00441583306791882
  0.00473831121508193  0.00510179154177109  0.00547153906515926  0.00579117152984242
  0.00608533674048959  0.00640887943157785  0.00676330092793751  0.00712433222302924
  0.00773496698641172  0.00832086456546207  0.00886519711407441  0.00939059992210862
  0.00975066783138479  0.01018627777784262  0.01072531907004505  0.03163374786241191
  0.03365952128811189  0.03559088628097006  0.03729757338269790  1.00000000000000000
 -0.00125530091629095  0.00673230489974422  0.01397937013077000  0.02182144702786789
  0.02947888382165630  0.03560370638158617  0.04290465883234220  0.05472703543053035
  0.07005293124403950  0.08872428577686058  0.10722615531719162  0.12345056902324128
  0.13841961017608365  0.15323948557571077  0.16873146533180181  0.18384578107263139
  0.19892822138254124  0.21275913780866498  0.22837276126381828  0.24438987685189695
  0.25914261642653735  0.26924524619665019  0.27849126992402340  0.28852257733741515
  0.29646065009074146  0.30144134461515121  0.30786309474267320  0.31495839277874388
  0.32326206037764588  0.33228147468115149  0.34232181516838550  0.35247629400837760
  0.37173770721602828  0.38953951068099330  0.40101104390868975  0.40862309207586744
  0.41549760847057049  0.42279089736961467  0.43096440755281140  0.43881472987174580
  0.44690054990724754  0.45541709161771221  0.46522370240416272  0.47629392113344310
  0.48537390597700336  0.49319887715858962  0.50132614399888265  0.51027994283560840
  0.51969477309350320  0.52916104164488853  0.53877749030904021  0.54954400154568739
  0.56322181073241895  0.57592774135960634  0.58862974979190485  0.59872665077060827
  0.60686858572785662  0.61476586780886699  0.62200103237098980  0.63069532739703849
  0.64174978904744584  0.65345617953844626  0.66530421258315287  0.67633135134339328
  0.68793367309559061  0.69984805334446698  0.71193933373297658  0.72394976030392355
  0.73527628924961586  0.74562986745071747  0.75522689403867316  0.76525549942948956
  0.77620015730131997  0.78930290521970436  0.80329433233044389  0.81628185492624605
  0.82821822847987436  0.83876358238981474  0.84851238524110262  0.85994276811262693
  0.87138273277556300  0.88231712396917406  0.89296733445525078  0.90032339509354276
  0.90634024044171246  0.91458662473791075  0.92224173181017677  0.92918144706196559
  0.93604620934418836  0.94312138749746588  0.95240133932187798  0.96240413423586768
  0.97315382052064348  0.98303310624213125  0.99183464011567013  1.00000000000000000
 -0.00145230285909570  0.00632630002090799  0.01233532503123129  0.01836429303040542
  0.02513993266402585  0.03175722108462317  0.03856009426933398  0.04497951926999412
  0.04993090491323299  0.05493642233709976  0.06082665426388976  0.06837089188801551
  0.07636293963857367  0.08411244394978126  0.09195792635367452  0.09957330989074659
  0.10680949605680091  0.11390511361457931  0.12109627487197938  0.13124538176282144
  0.14367414844875853  0.15208020729850608  0.16021863409829412  0.16910206859923230
  0.17817152056458946  0.18663835524753308  0.19491685900935277  0.20292344938854442
  0.21292437424964403  0.22695681362157524  0.23773789225350608  0.24813111718027508
  0.25837740725103914  0.26861983522368205  0.27901489127229367  0.28949102920548753
  0.30095629251900669  0.31438657773383533  0.32808649750226282  0.34356236593315476
  0.35853019151524973  0.37290480218751959  0.38611628433482786  0.39765435199806226
  0.40943639850130575  0.42189877551529459  0.43442073459039993  0.44675690043195726
  0.45814648041535372  0.46952052632329211  0.48323737635793779  0.49800970212631462
  0.51302345235643043  0.52775382520348268  0.54206107471862652  0.55625143397661359
  0.56985893997908921  0.58310741223191398  0.59565011701858339  0.60705700268942664
  0.61598567829864870  0.62255027756046921  0.62859257377068911  0.63472069425161404
  0.64181955592113926  0.65026173622940819  0.65829868930431534  0.66669960389811167
  0.67666369046469954  0.68780932505070336  0.69863916039603757  0.70871228384423002
  0.71969972851793462  0.73162211363524976  0.74134886089320906  0.75013372961065072
  0.76118768413843496  0.77216160907133102  0.78441214640459378  0.79762690890007515
  0.80996122658182645  0.82082832132300854  0.83114500855743756  0.84120312869320235
  0.85292887263326000  0.86780452630823623  0.88368855920810829  0.89902721367631255
  0.91350336281945388  0.92692408675106719  0.94018174097445395  0.95267770035751820
  0.96567079201758776  0.97864742178203434  0.98986292470116477  1.00000000000000000
 -0.00455201439770477  0.01216483227014462  0.02714186904947960  0.04106028444277610
  0.05456794806228570  0.06547820965078403  0.07603938827300311  0.08643549563857474
  0.09609102624070584  0.10473220294062599  0.11282873761462682  0.12157323978241052
  0.12898591821026922  0.13540123510908128  0.14117362378572451  0.14658285103759075
  0.15238553016890286  0.15792562742490798  0.16306836623536239  0.16818885667665051
  0.17393805488863903  0.17938478827671059  0.18306620193072376  0.18634555824095686
  0.19401664246189898  0.20370926012035412  0.21627508105295207  0.22994202720679743
  0.24311640542401941  0.25597685974604711  0.26843983370521068  0.27983029074282090
  0.29164000307699151  0.30415812627541250  0.31806697079346197  0.33167097048501987
  0.34435938787153964  0.35663331730824455  0.36861488626307276  0.37802572873026580
  0.38563153906568248  0.39294541154222073  0.40111005157427343  0.41055601456072921
  0.41853949533194368  0.42585899712633674  0.43206002778932195  0.43965916943207417
  0.44880895810566074  0.45842405221225119  0.46806447517536987  0.47706573524885515
  0.48621366415916245  0.49589007112748190  0.50291061944570692  0.50992401831796064
  0.51776045736776766  0.52532534023454658  0.53247318207368899  0.53924023003495258
  0.54483963696597404  0.55053302975188567  0.55688976614183339  0.56410975276133246
  0.57311529187054711  0.58333493737442887  0.59418407906440507  0.60492208808049153
  0.61451893867230989  0.62376093838082891  0.63372961945276185  0.64540376365013830
  0.65808829139066383  0.67083717009280863  0.68455230595041172  0.69725641117653570
  0.71097571339974752  0.72247954576980522  0.73309767435984985  0.74367034543565214
  0.75410910613467552  0.76500839460902759  0.77709646936462351  0.78984425923386847
  0.80325711340250139  0.81809665093825834  0.83686792420576783  0.85475801992980682
  0.87446371567184067  0.89395839445073000  0.90823143023638542  0.92060060111916153
  0.93301173521818481  0.94651107016124025  0.96511648644938164  1.00000000000000000
 -0.00164995868397811  0.00600245508818532  0.01419121712452808  0.02172050896220184
  0.02993718436369203  0.03985387402093546  0.04756811792589827  0.05505512022841676
  0.06382207298851877  0.07197224846880343  0.08021290671667963  0.08852253007752484
  0.09645544172314335  0.10730417662939931  0.12219747300436798  0.13757501437821010
  0.15160709408177253  0.16442871482886670  0.17784634869207613  0.19106355431643537
  0.20497668114294784  0.21976080267310871  0.23508384196625717  0.25053166302149316
  0.26550489173946817  0.27871061006894504  0.29217922601669505  0.30569386228052070
  0.31878576250080159  0.33164158264988441  0.34338095123390083  0.35458527902838516
  0.36453412188255663  0.37592089735054707  0.38808542285989461  0.40115314652278616
  0.41644592172551592  0.43097919677376911  0.44323795886621714  0.45466905571886634
  0.46283577238419693  0.47161118829883819  0.48091482021095683  0.49060768904182717
  0.49994665928675652  0.51359156120489258  0.52914687275290850  0.54385156468900098
  0.55539808249515366  0.56508542452503907  0.57399588587884165  0.58310029649849116
  0.59329483203821243  0.60401325188644484  0.61229398104856825  0.61920981772967409
  0.62592644479684978  0.63213498933018542  0.63819025841032107  0.64417753151755364
  0.64965413007226291  0.65550563672132978  0.65914302452638407  0.66266106428327798
  0.66732283153499339  0.67533208492575370  0.68329392760499086  0.68987995341750818
  0.69480387965743995  0.69994116381295979  0.70546687434924693  0.71447931899404060
  0.72727814404755409  0.74170328298966215  0.75665850118744882  0.77173331645492405
  0.78635604072353260  0.80164874474835590  0.81661015132813830  0.83061465787609001
  0.84336785344733167  0.85571154145554951  0.86814056972090536  0.87998881990575883
  0.89183971687990071  0.90535577982880289  0.91753239076701198  0.92760969714692476
  0.93713121367909991  0.94582957835874826  0.95287683444582660  0.95961553942380029
  0.96694546834938999  0.97548224161060226  0.98490013320213421  1.00000000000000000
 -0.00354815436644183  0.00992746445502738  0.02145619520026011  0.03272337547511593
  0.04543168453527739  0.06037225233679763  0.07624968151289507  0.09124324372317598
  0.10421036206996126  0.11537616021914118  0.12612396901343809  0.13771448424873600
  0.15132230757466866  0.16604104232185457  0.18044958429958971  0.19502907737719513
  0.20928914472530025  0.22318459856067482  0.23580745671187511  0.24812377602693980
  0.25845114254355905  0.26902597227575881  0.27601365174131948  0.28271364818762845
  0.28863313552676578  0.29548125116845753  0.30294245834135552  0.31089476679470041
  0.31862518279747193  0.32584890554062612  0.33482001463637240  0.34400657350715036
  0.35326487711483223  0.36225102856698116  0.37067728676151529  0.38109083973030217
  0.39328713115001995  0.40233827529503718  0.41061231608564730  0.41871777533300708
  0.42679286151143236  0.43487122098087105  0.44349855013477002  0.45181124027053654
  0.45933669276633143  0.46862869747183072  0.47764983541480271  0.48631713864683063
  0.49583800731257932  0.50606739255145283  0.51700718839632076  0.52615068755210892
  0.53470910330658794  0.54305394759927739  0.55137946656476922  0.56005236153275617
  0.56864829479455037  0.57733855027889336  0.58816770042419730  0.60361484135881827
  0.61977839398536017  0.63480896485213811  0.64891096358549005  0.66236423522121124
  0.67595756984059741  0.68945605683266653  0.70174982000135944  0.71054865358008645
  0.71529242707902385  0.72052063815620948  0.72734316054144765  0.73405218892859614
  0.74118999340264180  0.74864300178810250  0.75575639002471628  0.76233871531326136
  0.76831314949333407  0.77697818324214807  0.79123309642446371  0.80476972758602516
  0.81367695756871761  0.82342740733675568  0.83325327866581711  0.84409736005777436
  0.85629003004752668  0.86987295892379957  0.88288612290369051  0.89645226199170669
  0.91116758810781850  0.92681671123060216  0.94094462957317215  0.95510531527431497
  0.96798487444720194  0.97937737081989651  0.98979480916372031  1.00000000000000000
   5.3564065585010384E-023  -1.0000000000000000     
 T T T F F F T T T F F F T T T F F F F T F F F F T T T F F F T T T F F F T T T F F F T T T F F F T T T F F F T T T F F F F T F F F F F F F F F F T T T F F F T T T F F F T T T F F F T T T F F F T T T F F F T T T F F F T T T F F F T T T F F F T T T F F F T T T F F F T T T F F F T T F F F F
