  0.02583306791930096  0.02599540784501416  0.02619298940911743  0.02636025553642114
  0.02651671124419330  0.02667224962004478  0.02681490099989352  0.02695052770178566
  0.02711004476678641  0.02728297742986401  0.02749450341225415  0.02769723119635717
  0.02790443713531527  0.02811577508268108  0.02832592339692894  0.02855112406452501
  0.02878525671369581  0.02902840028739414  0.02926734820944796  0.02949057911753217
  0.02972320729605933  0.02997143932029456  0.03023799643734339  0.03045921465771211
  0.03068749499879738  0.03094041916957531  0.03122407981663564  0.03149450475459309
  0.03175728955973588  0.03200651568891788  0.03225952343735761  0.03255701717415954
  0.03292681528585997  0.03337083347065952  0.03386087124996014  0.03433470771795707
  0.03468446531615404  0.03494565671388441  0.03517756634001828  0.03540675655914256
  0.03561764000348638  0.03580697030494048  0.03602918658965105  0.03628092472968816
  0.03660486106187364  0.03700285999064545  0.03746884071641260  0.03794978256254297
  0.03849211046347471  0.03898919025843763  0.03949109491960392  0.04009715388538855
  0.04069681358131276  0.04120594707881396  0.04165213575911627  0.04198709821379567
  0.04233788158720297  0.04265516188149923  0.04294812751717206  0.04321254653032542
  0.04350976398503282  0.04392031153344027  0.04432935068183654  0.04472316690847754
  0.04525302402681077  0.04619976354869208  0.04720985824765039  0.04798205372938040
  0.04845232978052877  0.04878222857457645  0.04910699421812298  0.04953231149031058
  0.05015390952744322  0.05060016698177276  0.05095263753126498  0.05145238423168644
  0.05216023624401238  0.05320382821175806  0.05476274256384230  0.05617346461207940
  0.05759869584849091  0.05932191405260024  0.06135816629459021  0.06295636649093889
  0.06484348927712599  0.06748544402317606  0.07000449425367992  0.07169531740592695
  0.07317398913518811  0.07392538143472267  0.07732841591852278  0.08965491200224684
  0.12127938257957790  0.17775496056135640  0.27268529560374810  1.00000000000000000
  0.00495039285928359  0.00495928151696186  0.00497431596967441  0.00498468897565001
  0.00499636262680542  0.00500745415617165  0.00502192334301706  0.00503691790489847
  0.00505642549958377  0.00507705827247949  0.00509933846961054  0.00512026793536541
  0.00513827070055581  0.00515398830327774  0.00516662275549381  0.00518090946489644
  0.00519632093519431  0.00521234418359904  0.00523004101895672  0.00524632850270507
  0.00526313445908287  0.00528080696527984  0.00530027924290844  0.00532245183655239
  0.00534529781938860  0.00536546167025322  0.00538579586920823  0.00540700310614456
  0.00542689586322744  0.00544429366018071  0.00546021332618498  0.00547537900433821
  0.00548998512642978  0.00550691470094592  0.00552564265875844  0.00554710064747925
  0.00557335457316753  0.00560469702837837  0.00564130854886055  0.00567261670716696
  0.00569881112274014  0.00572452980653195  0.00575750008632701  0.00579754180936712
  0.00583527967433955  0.00586415523507088  0.00588831416195289  0.00591055385432571
  0.00593090586936492  0.00595061404173192  0.00597504262858814  0.00601223308172968
  0.00604144039380351  0.00606267779995296  0.00608263216813542  0.00610192022291931
  0.00612801056475921  0.00615298457000365  0.00618304792194055  0.00620992090188840
  0.00623530738850782  0.00626108840193080  0.00628726701928073  0.00630786290047569
  0.00632472546420721  0.00634122619563945  0.00636990931185874  0.00640230429007254
  0.00642857511881989  0.00646264543481649  0.00649640564709734  0.00653452334892950
  0.00658607307640167  0.00663694558369140  0.00668848840189343  0.00673628586306261
  0.00678921944154498  0.00683620021437914  0.00688018283567400  0.00693405532919106
  0.00702366953236932  0.00710256978167356  0.00714128806689788  0.00718359434686265
  0.00723823375141723  0.00730278568330328  0.00737756768996297  0.00747939543746691
  0.00762370603253768  0.00776249045437677  0.00786925922955850  0.00796318483304395
  0.00810734261552920  0.00828052226932749  0.00903776708840754  1.00000000000000000
 -0.01020563405628426  0.01909759213572861  0.05051205691096908  0.08322546003908868
  0.11538575253207732  0.14640760709970493  0.17679027389079449  0.20663025223394660
  0.22630521544833260  0.24519843927821386  0.26382411985041548  0.28358550672357746
  0.30403854618964199  0.32137866693188188  0.33250559964321297  0.33804913767597911
  0.34401797121795924  0.34844331695975533  0.35348909271479462  0.36112460694424375
  0.36735704541989395  0.37466624333947446  0.38229411945979913  0.39028059421807909
  0.40294333001652505  0.41921518374361522  0.43667244739328198  0.45483161933598026
  0.46964091591382434  0.48302284649965721  0.49548233982093581  0.50632067828709892
  0.51602126527328540  0.52304652127586548  0.52791568878103656  0.53285803493795991
  0.53547357771458148  0.53911504696851265  0.54508938412895269  0.55098096125351992
  0.55593055755149001  0.55939503642718047  0.56305583762457911  0.56874034121475570
  0.57499680548482135  0.57794930144906953  0.58109757916407345  0.58636860000372626
  0.59037563240057522  0.59332601926482054  0.59582536509126105  0.59895624114771506
  0.60474969205432572  0.60949537818726829  0.61316601828111661  0.61692692827019213
  0.62196788197996389  0.62791726283289251  0.63387649279767333  0.64054849403327685
  0.64799504062259716  0.65751164101721271  0.66961163242348243  0.68035801231589499
  0.69109341355597276  0.70232696729631805  0.71139258490481538  0.71563554579473043
  0.71833181336869756  0.72123299015177311  0.72611943865858741  0.73219166349768872
  0.74005074185452513  0.75031559589794095  0.76029028619113370  0.76957042684661592
  0.77795506842611606  0.78544447874664414  0.79463481912038758  0.80464141878324591
  0.81623407181006025  0.82628513590114472  0.83601042393645486  0.84633184720300403
  0.85603594339905020  0.86509112651181774  0.87400721596972253  0.88308022639261685
  0.89221203244718184  0.90003677975675722  0.90849443202795632  0.91775715680230407
  0.92257823612790280  0.93659299344391644  0.96565346645535444  1.00000000000000000
 -0.00456798250783323  0.01012862291005711  0.02618345446882548  0.04347654597551825
  0.06669270589372742  0.09101258450936738  0.12278945084502045  0.15497042578233894
  0.18903049204560327  0.21657056763811644  0.23659702325116497  0.24379273568292956
  0.25242996653225913  0.26508025111269023  0.28107174683328928  0.29750016710699334
  0.31321879647451156  0.32951752233167780  0.34053248606804148  0.35204814682139079
  0.36309480745189016  0.37453546071960964  0.38772970892236619  0.40265543939875642
  0.41675779969569077  0.42775360739358148  0.43729278895232865  0.44463369002087444
  0.45091412147290194  0.45744043093024178  0.46439302486116074  0.47221875348004300
  0.48525127472079721  0.49673480314483809  0.50317406757364258  0.50706034328977834
  0.51190808863987436  0.51637182507785961  0.52072465351023633  0.52698416604533482
  0.53555157433356049  0.54321825540135527  0.54991600991845024  0.55724015237390045
  0.56625721215053682  0.57402500586630900  0.58173643704299827  0.59033005243135683
  0.59957610987430709  0.60619325394220591  0.61114260050460056  0.61546477765946639
  0.61920339701611937  0.62711805072608429  0.63808940187600438  0.64991910227278882
  0.66268558729716087  0.67070407822824540  0.67758937185701540  0.68245891084593657
  0.68657982917752958  0.69164923060467387  0.69662315326848312  0.70270626856880236
  0.70972862037185269  0.71469444460171594  0.71990737687332018  0.72430541462696574
  0.72758143580920065  0.73087886448509909  0.73825085568452464  0.74557227087370581
  0.75307705288130877  0.76113442471449044  0.76903425651114987  0.77775286476320893
  0.78705809518252301  0.79645103304131271  0.80361940424210476  0.81006330667971993
  0.81547397778127861  0.82059745615853075  0.82652714822234785  0.83212648153608426
  0.83826302015712062  0.84458186325149831  0.85042056442633707  0.85340984604092662
  0.86157691582962792  0.87579745197188219  0.90356282857848047  0.93610261225401026
  0.96269160882379068  0.98629299780142710  0.99891276321307343  1.00000000000000000
 -0.00370722211382856  0.01084494256616989  0.02076334853533765  0.02757382786870178
  0.03176812000996240  0.03290972488450262  0.03489955296000039  0.03661292979293349
  0.03894254913394493  0.04105164466441914  0.04412450572604734  0.04736270687144618
  0.05068908425621232  0.05489262291800830  0.05997676252747630  0.06179056672333469
  0.06528800276004700  0.07079463933929393  0.08138064421705696  0.09142451658615411
  0.10144050945153800  0.11256549047044499  0.12239839746751630  0.13202595248221627
  0.14222820895658739  0.15667582997170576  0.17093945294507157  0.18404167236730579
  0.19570894539555478  0.20837863328208428  0.22120367363471463  0.23376616672549524
  0.24528392470994395  0.25501472596095243  0.26380863175572872  0.27371500176374136
  0.28599022931383355  0.29654767200243481  0.30757233431771042  0.31939001834498099
  0.33229836220584208  0.34492775837714856  0.35583164606217971  0.36355630778264075
  0.37169102528334824  0.38009545416238599  0.38907877075931335  0.40095425865320217
  0.41530688513550046  0.42938145326375954  0.43911716957013591  0.44806244681926577
  0.45775986960775200  0.46758115357038149  0.47785575800181679  0.48874438361854189
  0.49645455320268889  0.50140970222877113  0.50515557812648759  0.50978335863127977
  0.51553389011145101  0.51991117690470279  0.52444339061162026  0.52967878100628119
  0.53399868362758651  0.53718417032078947  0.54033189325773434  0.54551829242910310
  0.54980062579303290  0.55515612427233529  0.55780050826189098  0.56060452527034776
  0.56491849404919214  0.58454398317734446  0.60035893887270964  0.61595633081784795
  0.63161862333646746  0.64767787442874480  0.66128195130306122  0.67648848683742202
  0.69061684977069959  0.69992972206812420  0.71245908874898356  0.72613436776202178
  0.73922924842137527  0.74875783571363397  0.75629406098201557  0.76150903945520987
  0.76465408291064396  0.77840430939019334  0.83419324027683328  0.88426557213243306
  0.92992145327177611  0.95468293164008255  0.97593450928579351  1.00000000000000000
 -0.00117368399875355  0.01040616115655178  0.01706891758075896  0.02246085564503639
  0.02783566024898522  0.03323135313255931  0.03851351528867380  0.05036751343521743
  0.06353962484928452  0.07319977513542951  0.08323863007782054  0.09384211011360863
  0.10446926461285529  0.11493806146415052  0.12576722424235018  0.13730688808135053
  0.15276764195044928  0.16763401388417454  0.18383378004827908  0.20145844361288570
  0.22051349891245617  0.23743414147590874  0.25281819331907190  0.26717309535959788
  0.28343206456141146  0.30051817611551662  0.31554057286167903  0.32342205746181468
  0.33090698238333199  0.33838598921626251  0.34650543752636842  0.35385991984358711
  0.35980310329872472  0.36431342329917854  0.36855251895102609  0.37433240604216900
  0.38216497302279867  0.38919398198462191  0.39545535022526740  0.40298054775654324
  0.41617726019406737  0.43681045310160738  0.46628840100534524  0.47610417606631894
  0.48326226626640328  0.48819680763271872  0.49419337763128746  0.49890286768781517
  0.50274356662875896  0.50730450431294205  0.51288073494936071  0.51910913643117895
  0.52371460447114337  0.53004948614341030  0.53694702411659789  0.54106698189281732
  0.54914230137284847  0.55981239634032542  0.57236403033630068  0.58663094289732598
  0.59991432123968447  0.61137668299340553  0.62210415189354951  0.63113988468410454
  0.64533080413186716  0.66856684855421633  0.69154760857000996  0.71683515341562976
  0.74295097812266897  0.75849750775514180  0.76349398320925566  0.76789873384549512
  0.77227860776701285  0.77761579441187711  0.78768792736260240  0.79365406937411920
  0.80012840326886780  0.80846307317710631  0.81297120805121503  0.82021924453555406
  0.82864700879724251  0.83876934128146796  0.85026041674194663  0.86134300836738764
  0.86931148305370065  0.87601796444074831  0.88116325020840536  0.88553955612381940
  0.88852750945893400  0.90155020054807888  0.92016213295134175  0.93951133302641832
  0.96032177285308074  0.98341302509488615  0.99824123510919704  1.00000000000000000
 -0.00738007655266216  0.02757208841663019  0.05193476779109414  0.07325537428460213
  0.09312152656707173  0.11292361782930711  0.13139386089777319  0.14772410451151677
  0.16212386897931463  0.17714072626161173  0.19089414800243357  0.20240018346640185
  0.20942162242724457  0.21465393649596320  0.21856715512391664  0.22318415879533862
  0.22846912311067705  0.23405908922414340  0.23871589494650650  0.24301154828664043
  0.24648134809826386  0.25108817706456388  0.26227440046119133  0.27309059876712455
  0.28255865936094743  0.29150543885592822  0.29981042532282415  0.30716438406508012
  0.31286651647966163  0.31866818356982146  0.32501567676541659  0.33306015478038631
  0.34651997419572489  0.36209796755837720  0.37730541492582254  0.39159010061628374
  0.40463770460252607  0.41581517806176788  0.42706621370011683  0.43999418324282685
  0.45680267652435369  0.47453700436773544  0.49261263518667703  0.51091870795483141
  0.53091007450522587  0.55025006193697756  0.56820561030601524  0.58047114823216328
  0.59113665022432693  0.60141642873728540  0.61029210619908403  0.61856565359853510
  0.62715490849656852  0.63697885168092028  0.64488099044624103  0.65116239461907444
  0.65622672643613666  0.66050932253486794  0.66556571011468546  0.67080122852267021
  0.68136743082660922  0.69553171106378120  0.70429811738260728  0.71205787882890414
  0.71945944228883629  0.72748030270954056  0.73575046251153897  0.74372218644960464
  0.75332306233943058  0.76445391946350527  0.77634076499661686  0.78572694614683058
  0.79357777046097333  0.79956554313857831  0.80739702347496012  0.81589768258072837
  0.82486802933524406  0.83211963872182126  0.83907158987700725  0.84682815278800794
  0.85142286833233061  0.85748002348111541  0.87043312110680704  0.88481166984094106
  0.89936299841951917  0.91430584625870204  0.92824594921452175  0.93927144865757073
  0.94609928456386960  0.95318548858844032  0.96173325233632401  0.96767568806502224
  0.97720678543196537  0.98587856892858639  0.99290869268517057  1.00000000000000000
 -0.00614553287237496  0.02084485081093924  0.03976188252885202  0.05674274801295771
  0.07524574838037436  0.07696240626311142  0.08157397966634072  0.08839893588268609
  0.09580736018584136  0.10138975793203345  0.11277698564934613  0.13097427390442817
  0.15042664578276285  0.16754878350690039  0.18030909039797144  0.19169032606112474
  0.20127460023944352  0.21076573617477257  0.22090336295506921  0.23486479742571534
  0.24895806302862694  0.26465465796321419  0.27877207690108663  0.29272793345786607
  0.30252332073075372  0.31017012786222253  0.31957654033561855  0.32612001294477516
  0.33310445440956327  0.34167220237240803  0.35041640527033324  0.35647636760281698
  0.36246598514172162  0.37009981765043454  0.37721960311196395  0.38279771512465355
  0.38766975348570776  0.39223931579521937  0.40261617094183028  0.41632394925826077
  0.43060221718570740  0.45428512510470204  0.47926096892120190  0.50134257084320732
  0.52159738501969632  0.53739974449978367  0.54437617568397101  0.55000512121556944
  0.55699248306084370  0.56501380491903452  0.57182996042754453  0.57653296451399660
  0.58143497517038123  0.58706076269507190  0.59307607869543999  0.59828051218888234
  0.60787237152853302  0.62483591985345699  0.63911317743241369  0.65167278196652367
  0.66184858706747818  0.67009216318341391  0.67778260190208195  0.68680338076468250
  0.69479941617019714  0.70208457038457639  0.71043305936756063  0.71865026562088075
  0.72618753848461637  0.73585557937680479  0.75080511552034213  0.76782746237910859
  0.78405212892638021  0.79341326857948058  0.80193488973145921  0.80974126138303215
  0.81913735357335060  0.82857734888884049  0.83581118216155303  0.84188100304909630
  0.84769625635630419  0.85444589955119798  0.86015025884161200  0.86738399520722798
  0.87338867893290395  0.87767005858861302  0.88177760211626421  0.88702095183382712
  0.89239208727887187  0.90426715351744003  0.91905280335328399  0.93797870959687357
  0.95959298233689405  0.98620102791818620  0.99757607244076096  1.00000000000000000
  0.98779245694135487  0.98854250095675178  0.98884089173500833  0.98899161456559304
  0.98911110976331529  0.98923199855514343  0.98933100134743279  0.98943690842716236
  0.98953835031581727  0.98962565483172815  0.98970248759870538  0.98977589858972703
  0.98984682512478317  0.98991887388566957  0.98998780776900563  0.99004656982880845
  0.99009968460071729  0.99015007208884642  0.99018996089789224  0.99021281179270682
  0.99023460806890551  0.99025673198473441  0.99028089312196554  0.99030234205059031
  0.99032389874405191  0.99034042889580898  0.99035497584939003  0.99037388496420398
  0.99039369635579200  0.99041853480395159  0.99044341941744884  0.99046729242820675
  0.99049162043225547  0.99051248955441140  0.99052924210316518  0.99054420697355272
  0.99055849448449640  0.99057378958767395  0.99059302324934129  0.99061311225042570
  0.99063516290601550  0.99064561783361771  0.99065590934665415  0.99066459517448835
  0.99067321760360416  0.99068318427302793  0.99069289437423413  0.99070389156582706
  0.99071691290777919  0.99072862503519543  0.99073797786701978  0.99074663205172708
  0.99075594219570695  0.99076591695371286  0.99077423202002834  0.99078213126239301
  0.99079225198899157  0.99080236523707610  0.99081248269131894  0.99082426876768959
  0.99083699866357400  0.99084869645427276  0.99086195564187052  0.99087317040657963
  0.99088323921725152  0.99089308869230974  0.99090345832982074  0.99091375991715003
  0.99092489694606833  0.99093883585634046  0.99095145439603871  0.99096271136493619
  0.99097329443907189  0.99098297843099725  0.99099296080238419  0.99100283868527161
  0.99101110265489578  0.99101893304644806  0.99102651481481929  0.99103380678991548
  0.99104098798123197  0.99104778241930724  0.99105560382296243  0.99106434111824537
  0.99107232055924388  0.99107925396779861  0.99108496388513878  0.99108952657292770
  0.99109441006542554  0.99109939546804582  0.99110529332311637  0.99111129813378829
  0.99111687119723935  0.99112092125708884  0.99112157665862133  1.00000000000000000
 -0.01510827208340101  0.06314376891099018  0.07304566832931098  0.08133171477678208
  0.09038511375997818  0.09982511601367669  0.10869383368967879  0.11675010218597429
  0.12417301495672597  0.13151482304042256  0.13886855467710454  0.14623685250832147
  0.15754145629377306  0.16752621350054492  0.17699304675506655  0.18578843309803372
  0.19450535744758454  0.20314907178558003  0.21066793089627828  0.21755681592602213
  0.22379317697844264  0.23036309886050757  0.23722866985570151  0.24443026728127751
  0.25150970237253578  0.25809281984722116  0.26527183007708327  0.27396033876177300
  0.28235012044969443  0.29169798260565882  0.30236952782398929  0.31419023963642750
  0.32541281803199790  0.33205838302317831  0.33628075338381863  0.33944489264469507
  0.34300112755053302  0.34757759718472131  0.35339812040109836  0.36074020322833211
  0.36386037226044499  0.36654956074142248  0.37022298277095633  0.37497566190659926
  0.38000646585296122  0.38519130803600854  0.38960958434072135  0.39348339265340404
  0.39876024562638607  0.40538367945697351  0.41246918449062286  0.41813657152519951
  0.42228385293115517  0.42663170460400995  0.43272985290033489  0.44129092684350163
  0.44922488785183490  0.45593990671070883  0.46195453370604928  0.46674289283707682
  0.47055255631986204  0.47492163165166196  0.48039888541565456  0.48732038744492906
  0.49614080044332820  0.50482210119688298  0.51326449745513492  0.51872812863789874
  0.52254672886076114  0.52639382363530862  0.53050270924247889  0.53424048497479582
  0.53778024054238971  0.54076017460052717  0.54268647377650003  0.54576249949781663
  0.55002383231147856  0.55460005585395811  0.55870734905403296  0.56127758600317046
  0.56458737718869023  0.56963562253375988  0.57529953168624681  0.58030130253255385
  0.58633584294765773  0.59284317722179147  0.59946067731869046  0.60375023598152933
  0.60665905265839526  0.61510844845798462  0.62645254863339073  0.66168839540774305
  0.75367199619170044  0.84393327299450116  0.93268642090837961  1.00000000000000000
   2.8682276870793337E-015  -1.0000000000000000     
 T F F F F F F F T F F F F F F F F F F F F F F F F F F F F F F F F F F F F F F F F F F F F F F F T F F F F F F F T F F F F F F F
