  0.00192771923620672  0.03505106796282967  0.05958404464229286  0.07896452469731965
  0.09636579286707395  0.11202816035616681  0.12621814202686643  0.13940451935744091
  0.15191305336038113  0.16388270898795898  0.17576888277241595  0.18742192480366077
  0.19848062122340601  0.20931353881161113  0.21968804645440770  0.22992246712571973
  0.23977487513712728  0.24947086584821035  0.25934229890080812  0.26909405554672766
  0.27864507863177101  0.28806902487199393  0.29733823367451800  0.30647888531179418
  0.31549252316071524  0.32430520347571562  0.33304024810431532  0.34159869871812126
  0.35015720708776299  0.35840737983471826  0.36646519128514565  0.37446527270843794
  0.38235567114922420  0.39019196332409589  0.39800207555428807  0.40575764303761980
  0.41348238037062951  0.42123642790447308  0.42901624783048664  0.43678184768507938
  0.44449827803619540  0.45217924428235901  0.45981906706521186  0.46733381599249674
  0.47483879781110033  0.48236316237963733  0.48995338766467289  0.49752936880951049
  0.50512666588544142  0.51271329106073216  0.52030938144544348  0.52795589882458205
  0.53561130394988421  0.54332066455593953  0.55109792874961061  0.55892235946720048
  0.56681141805903135  0.57475907749065480  0.58274371253052426  0.59081709630406809
  0.59899598688619005  0.60713943046783569  0.61520714510797359  0.62333475733761712
  0.63133855608336809  0.63933686247254795  0.64741916921379350  0.65559405457340270
  0.66384578158326746  0.67226358808008835  0.68082914718492527  0.68953092181298858
  0.69863445347084574  0.70776668423470357  0.71685724662335526  0.72605135541672439
  0.73518685918639815  0.74435330887767137  0.75375709257127999  0.76337578951574325
  0.77323868600194201  0.78334362146266612  0.79370174944422467  0.80436101911445457
  0.81524235218965679  0.82634443507334321  0.83773396296074998  0.84941633604590505
  0.86185812286675034  0.87508399518265834  0.88921099024243211  0.90459050499973581
  0.92174447652770042  0.94133038351556231  0.96624221175928748  1.00000000000000000
 -0.00240447321806866  0.00961743616626261  0.01989527795407270  0.03064924285996220
  0.04137448300394741  0.05182298163460372  0.06235069339732806  0.07296173900474497
  0.08345790511553744  0.09394777139964582  0.10457966993422622  0.11536105130688203
  0.12616855380763925  0.13682758899547348  0.14752697578281054  0.15817394462153239
  0.16877959089297795  0.17938636495404270  0.19003293120293249  0.20071134517331107
  0.21120064764688790  0.22149606663649540  0.23186824612124843  0.24245741317860806
  0.25299874446915893  0.26347229652940679  0.27399962402106326  0.28462035736913521
  0.29513957134403085  0.30544639276624258  0.31580266927234268  0.32650462920896134
  0.33704809719044448  0.34726910076504847  0.35756266193814978  0.36792125819615384
  0.37820977196844174  0.38815328803277938  0.39817854304189609  0.40880696731900101
  0.41944963442745109  0.43006038054790591  0.44069571196642193  0.45154610124798672
  0.46236092943303148  0.47288470580782843  0.48343915900453210  0.49395851448791889
  0.50456277619087997  0.51534595053345778  0.52607231428969170  0.53677799867025489
  0.54737454375558903  0.55788389905872360  0.56833193009677474  0.57879042766853106
  0.58940191688485966  0.60015411082308334  0.61067199367848024  0.62109615547610442
  0.63132410043609011  0.64147261607822248  0.65180180631963325  0.66227396657312820
  0.67267704918873095  0.68306798335213503  0.69339490255818614  0.70377328044696841
  0.71405047079238293  0.72422793454499079  0.73460373273514357  0.74529173993506337
  0.75581777297821051  0.76622714759036625  0.77664373599107861  0.78721194029484298
  0.79765235957269320  0.80789278365064299  0.81836434122084767  0.82905698477620604
  0.83967384710898019  0.85008274446130150  0.86071323881364004  0.87175645622865783
  0.88281009797593746  0.89420024458816028  0.90528743616884055  0.91646364169298433
  0.92724088603631072  0.93806149379552917  0.94862901762848750  0.95910929956587787
  0.96954102865927938  0.97997328662297267  0.99003972791660388  1.00000000000000000
   2.0296384048853588E-009  -1.0000000000000000     
  <DiscreteSampler_grid>
  Helicity
  1 # 1 for a reference and 2 for a running grid.
  20 # Attribute 'min_bin_probing_points' of the grid.
  1 # Attribute 'grid_mode' of the grid. 1=='default',2=='initialization'
  0.0000000000000000 # Attribute 'small_contrib_threshold' of the grid.
  0.5000000000000000 # Attribute 'damping_power' of the grid.
 # binID   n_entries weight   weight_sqr   abs_weight
    1   367   3.344466616746388E-012   1.931287216035986E-023   3.344466616746388E-012
    2   22   8.550334958287969E-014   1.034160083310536E-026   8.550334958287969E-014
    4   346   2.191149084893087E-012   8.541829255252636E-024   2.191149084893087E-012
    5   7409   3.488828401316441E-009   1.674808269223963E-017   3.488828401316441E-009
    6   30   1.118946472196748E-012   4.516331076439599E-024   1.118946472196748E-012
    7   35   9.590969761689767E-013   3.871140922664138E-024   9.590969761689767E-013
    8   5133   2.445983304595944E-009   8.205028738320685E-018   2.445983304595944E-009
    9   339   3.075289860782266E-012   1.774919684841368E-023   3.075289860782266E-012
    11   20   9.405368454116765E-014   1.137576091641589E-026   9.405368454116765E-014
    12   386   2.144660961291273E-012   8.251181555536763E-024   2.144660961291273E-012
  </DiscreteSampler_grid>
