  0.02310527614032261  0.03723458790159511  0.05216257663186780  0.06889175835107710
  0.08512664074498287  0.10011344646038958  0.11330002257033883  0.12473584506663617
  0.13589782030244751  0.14807992815846335  0.16101728409045946  0.17570323628152984
  0.19056189362341680  0.20480345986785448  0.21637712267671175  0.22628309933737131
  0.23651260728282053  0.24668673573379979  0.25762028483520749  0.26928711744956263
  0.28109619718389989  0.29274490583975638  0.30460509590928292  0.31620704473949912
  0.32710875622998908  0.33710407358120964  0.34272402374927841  0.34806448984813299
  0.35400361358635030  0.36148048874964250  0.36962588831207044  0.37894468976368134
  0.38646488519456640  0.39463134061248711  0.40611516721343355  0.41923026041736589
  0.43208714506085000  0.44513992372730521  0.45842868890593863  0.47197618231728689
  0.48589763309987660  0.49912961432650671  0.51002928357250876  0.51975584642675787
  0.52885493212112034  0.53798981890537456  0.54876446686506020  0.55919990781849849
  0.56932486022567719  0.57889011733871498  0.58888417406302984  0.59835549218146677
  0.60501265208919885  0.61084144165439769  0.61847899926268401  0.62544371575861746
  0.63099138476021832  0.63785953314111254  0.64880127340760718  0.65896889707318984
  0.67000302251166943  0.68289763046417828  0.69307955847864566  0.70300842104786709
  0.71246288008853542  0.72111965228987196  0.72947974915560554  0.73787969273403109
  0.74646247096137064  0.75705258850629908  0.76773481597970017  0.77791856482575772
  0.78687121965522266  0.79606475348077732  0.80493998215333784  0.81457835907614251
  0.82446197584824876  0.83561860757914330  0.84774096480161854  0.86045015905550726
  0.87255929607039939  0.88369270356969376  0.89304676259171867  0.90195712923407145
  0.91214068632471423  0.92161984242554940  0.92933635563094596  0.93414475531454855
  0.93875283432503587  0.94324605085037894  0.94806909310362852  0.95487578418648089
  0.96112252991988711  0.96633887963065468  0.97117423423760774  1.00000000000000000
  0.00021478436216552  0.00037864154909271  0.00051165656544811  0.00067523565052388
  0.00087402534462180  0.00110528803188285  0.00140582287000827  0.00176392830856269
  0.00216204825141094  0.00264342826082059  0.00320550101956612  0.00394312187806004
  0.00491231173684132  0.00595075486836296  0.00694755734019816  0.00811286892363926
  0.00958864414135917  0.01149851631406403  0.01387791652859826  0.01662110579350672
  0.01960245371353953  0.02308976878905575  0.02726477623233772  0.03212633145763806
  0.03836638136290975  0.04596324652345093  0.05491034092235084  0.06477697972723112
  0.07497331467684097  0.08668784292025726  0.10161722851617874  0.11867999446886858
  0.13855648861502720  0.15844238811547329  0.17535256660981022  0.18707352658891313
  0.20211802909369395  0.21784414371209845  0.24108692214391431  0.27361558049614698
  0.30976148128316539  0.34658819246635958  0.38433916950228553  0.41906999420527991
  0.44036464230638417  0.46114893796000905  0.47206434159262484  0.48530946127338381
  0.49705815155419908  0.50765217477083324  0.51882427390149555  0.55470126930092767
  0.59216926577667528  0.62581614932011120  0.64602945396946798  0.66141153702541822
  0.68402327579602973  0.71327109953158818  0.74256719253471448  0.77417426719176696
  0.80143661390076670  0.81652914163089330  0.82965757562813613  0.83749588558534127
  0.84286599171167031  0.84789835209950504  0.85401707067300825  0.86248305009946824
  0.87204754573044874  0.88029675115433903  0.88743206080601045  0.89380592036802819
  0.89951428248156573  0.90557363925556178  0.90932127692783404  0.91316721612649432
  0.91694088818175123  0.91999011126459573  0.92286191015654284  0.92560764037794285
  0.92848036404234480  0.93017824185063236  0.93245031354023755  0.93624135970950784
  0.94050904609469055  0.94482185432695442  0.94909841968177677  0.95335851127940829
  0.95783447367354568  0.96207577358003615  0.96625081062899998  0.97042957271849217
  0.97471450768873857  0.97919678358369078  0.98275819135066211  1.00000000000000000
 -0.00000000762583665  0.00000020135980010  0.00000053737707703  0.00000102710715128
  0.00000171311321225  0.00000266421561247  0.00000397772681342  0.00000594799354229
  0.00000900531856847  0.00001352418030323  0.00002007179656435  0.00003076403562434
  0.00004791644046994  0.00007248133480946  0.00010382202194056  0.00015066275044779
  0.00022410949015423  0.00033475498315736  0.00049864541628184  0.00073455490767571
  0.00109478485082338  0.00149501488478162  0.00209472584012012  0.00302705277848545
  0.00424648453352952  0.00575607751987719  0.00691823663793486  0.00822187842079973
  0.01041634239947900  0.01370738161228119  0.01784134249670453  0.02347321311479136
  0.03113824401374274  0.03938909040713025  0.04577679612021108  0.05342292269311512
  0.06347232623363289  0.07332452608811998  0.08434789100658613  0.09638432191750740
  0.10890879831390582  0.12122433072130599  0.13472177998233864  0.15668735163784794
  0.18148246682968472  0.22658810659408363  0.27021229134383717  0.30841518244717553
  0.33370960967152974  0.35017027003923573  0.36314357493226923  0.37438910988233476
  0.38381374662630441  0.39521661836218575  0.40915772439766224  0.42885866086208813
  0.44797351188147583  0.46481066042526170  0.47311342313690002  0.48007930429450268
  0.48633350872462411  0.49298814903116861  0.49768446115736553  0.50039208288011616
  0.50249185345765179  0.50432693299921594  0.50628590590916178  0.50803638115336280
  0.51006908748764379  0.51233989992847939  0.51548105301499891  0.51849242158442321
  0.53071802384295752  0.54334116035203550  0.54975967060362207  0.55350687248845976
  0.56005679058220492  0.57070390605756272  0.58623392811279185  0.61265461225369544
  0.63390023305920273  0.65021108238015535  0.66838187543787386  0.69704000674995981
  0.71314798631474374  0.73339712427992521  0.76175406175440363  0.79671930939626745
  0.84527665895031467  0.87192645113675293  0.90758962044607061  0.93396286751547630
  0.95466884243913641  0.96955031590532670  0.98472601976736429  1.00000000000000000
 -0.01760757989029002  0.07717594342959740  0.13096799108595697  0.16072683482423988
  0.18226465891213547  0.20799039789081991  0.24368762757669923  0.27160424233814484
  0.29625081679669518  0.32045571085433072  0.34335592508662943  0.36491357043122791
  0.38510079872793435  0.40351980163679901  0.41998178859437518  0.43487749804812037
  0.44842488864685315  0.46239811372328687  0.47779323773418891  0.49353015932526345
  0.50785667269104928  0.52027759440782362  0.53206623543623299  0.54299949018734806
  0.55136399625717114  0.55866522734171775  0.56519418586616887  0.57095218372511425
  0.57746681910651798  0.58442009922161553  0.59179078432393151  0.59957380511474445
  0.60786528562350728  0.61677166222036917  0.62587771119637026  0.63565019585843519
  0.64371503131572638  0.64926040987488920  0.65411742981371879  0.65902983249992120
  0.66392233365693176  0.66871664885388127  0.67578565655561518  0.68428013345457150
  0.69280224442568727  0.70074173146037511  0.70781370413419376  0.71451522205506623
  0.72112815581660017  0.72779083334716688  0.73475344122557407  0.74205353000265539
  0.74922846152625444  0.75613001008349390  0.76294165767359412  0.76935281732073546
  0.77561670483256773  0.78195483184334436  0.78849601945012782  0.79560021369052292
  0.80309445931109302  0.80897985236060133  0.81439347017402908  0.81953623596407232
  0.82488528279892548  0.83099354234340717  0.83788043249029531  0.84528157423094885
  0.85276019236086698  0.86041134759303173  0.86848107697695565  0.87458040469399745
  0.87939110188430658  0.88418891067543548  0.88917522334207155  0.89429185780297993
  0.89927642617642856  0.90389270397567223  0.90837589971250032  0.91261727302658169
  0.91653619172599399  0.91970405026029545  0.92273710957947608  0.92567383317057128
  0.92940139309978820  0.93383461122012035  0.93838503645637483  0.94560898205686672
  0.95251427344504735  0.95893710719801917  0.96514753974580203  0.97151036735962637
  0.97816146238456381  0.98514265686579461  0.99264124537685694  1.00000000000000000
 -0.00375836073834950  0.01265095412786051  0.02309491743653467  0.03246528379260678
  0.04163054069622350  0.04862538278180557  0.05640421249578715  0.06477212001076815
  0.07265068437719630  0.08078840266133983  0.09178443021292082  0.10448032136368497
  0.11470358314843486  0.12332882487831048  0.13299507449696538  0.14220573555039645
  0.15115341536315410  0.16296756554785977  0.17632971658482463  0.18455020549917342
  0.19265061273777623  0.19972492798150251  0.20689203194840133  0.21440499273476388
  0.22563015322206717  0.23910734333400932  0.25370658278387237  0.26886208586996968
  0.28095082438488944  0.29218858919525925  0.30272922622186771  0.31217973380444497
  0.31962664172645455  0.32688188646471367  0.33394603765593373  0.34104053807301982
  0.34839800360390427  0.35538406500865866  0.36279921436645257  0.37142848203711198
  0.38278079545597032  0.39738185578058105  0.41242573343353395  0.42602624095781771
  0.43989960492676822  0.45366253535385820  0.46655070201941795  0.47852119924857361
  0.48994903268813678  0.50108601886542525  0.51190998698011492  0.52306044649659655
  0.53440496920223268  0.54386941176849379  0.55171116869725012  0.55866728450904735
  0.56576048036930382  0.57457644790406270  0.58423842807216853  0.59487826352272311
  0.60672804042105621  0.61907003055429299  0.63289000778974358  0.64252706555761840
  0.65368202607722503  0.66653009089037085  0.67916887406340365  0.68824718471363300
  0.69762358465725549  0.70689905925163377  0.71585303719581184  0.72546446369547146
  0.73564253664112123  0.74580599440188644  0.75639105492318015  0.76838541669545490
  0.78134043919430296  0.79319859898666700  0.80491455190887906  0.81666965389057322
  0.82867708942824980  0.84056821441381435  0.85262359558515710  0.86497174495597406
  0.87779392814595092  0.89040410692126537  0.90176690683600091  0.91190101966222215
  0.92127654187906594  0.93079792921988880  0.94085391245555061  0.95204403020752415
  0.96297315008856210  0.97498117698196995  0.98639707006784461  1.00000000000000000
 -0.01658812185796125  0.06711210036717771  0.11779326834195260  0.15611382722695319
  0.18910510087536594  0.22040974801576182  0.24543920816710318  0.26369768555750034
  0.28144766909012564  0.30176174636804731  0.32340943634273567  0.34414465086533957
  0.36617580637827507  0.38961650259417818  0.41341225732379694  0.43679985796700871
  0.45906463795407093  0.48297563544466787  0.50802051177555363  0.53497161847992680
  0.55733082188582350  0.57444389208003899  0.58948493385776024  0.60564192163402508
  0.62185906253715773  0.63873006760935447  0.65665627498981005  0.67381080560365936
  0.68954623144629634  0.70415227206740938  0.71947049038015887  0.73325122378087781
  0.74535905031464200  0.75708567070620791  0.76836380499272805  0.77939799217050687
  0.78993077161562264  0.80006985869563929  0.80988389305163844  0.81947334592147902
  0.82868319608963703  0.83816326001011554  0.84797550906712271  0.85748275518195682
  0.86655327447210428  0.87426015014188552  0.88068179353902765  0.88653714285850271
  0.89207202707490119  0.89730436693431459  0.90227149062975220  0.90715373808944233
  0.91214590183653033  0.91737779659721319  0.92297154646248458  0.92812251371728938
  0.93142783888498493  0.93349848286328763  0.93540812036361476  0.93726720105568584
  0.93954192029358052  0.94229363393735233  0.94504681467538110  0.94879596386248666
  0.95265542236341738  0.95627810494443211  0.95947448005815283  0.96242820913871685
  0.96538650774425772  0.96817565728815669  0.97057712351535919  0.97276522313507341
  0.97498919693049435  0.97728131051292932  0.97956473934236288  0.98180433224586716
  0.98382442854140872  0.98572027802971152  0.98748654661559154  0.98911509931864994
  0.99058537864386464  0.99189740162668771  0.99301363843516921  0.99393871976868564
  0.99471827239959842  0.99540956312910001  0.99605314740329165  0.99667102130039253
  0.99728990140736906  0.99779594487603507  0.99823000106500281  0.99864284984219975
  0.99901802286449692  0.99935503196524933  0.99967775919779767  1.00000000000000000
 -0.00161720176880232  0.00682573263511748  0.01601322648941100  0.02497158982153543
  0.03253703298009973  0.03991547537226788  0.04601934785286395  0.05209078420895941
  0.06022332941822019  0.07061607320764518  0.08182799952678867  0.09379174770146889
  0.10619695755670795  0.11855717606262423  0.13157558341880801  0.14485262046030906
  0.15746803415620528  0.16985515022423806  0.18240545721888479  0.19561689943415700
  0.21012761369077892  0.21854714600364136  0.22768686292551762  0.23547407310098908
  0.24288809068009479  0.24979634283917923  0.25982538217213341  0.26940937778782620
  0.27883675083852882  0.28897866556165241  0.30036615447714732  0.31367706732931316
  0.32714823855765146  0.34048795075666466  0.35382689377794097  0.36724773358951629
  0.38027664079307216  0.39240269155296764  0.40313815261913372  0.41344633708359574
  0.42484430305062143  0.43662401369963011  0.44823158426724941  0.46128880124736199
  0.47531441498853405  0.48743215543391399  0.49882786662925999  0.50861958992713807
  0.51873361975915444  0.52929090297333525  0.53949746524616693  0.54661107346774762
  0.55144255717496005  0.55756787036174704  0.56526491952984426  0.57333533801927128
  0.58151154462651078  0.58903174744016784  0.59559980823923808  0.60237908390861061
  0.61287341441869136  0.62611258992754826  0.63856833940718216  0.65013462435229252
  0.66258535841557731  0.67589614527190855  0.68931641601283578  0.70128766559560596
  0.71213415822824022  0.72361654262540365  0.73559608770714147  0.74628786482648146
  0.75519485272164377  0.76401593214668451  0.77274558224744572  0.78071614572178183
  0.79029388277563728  0.80194772973253992  0.81335713603620841  0.82455332755889488
  0.83584097946682878  0.84702180582936659  0.85952519380818815  0.87383847097913980
  0.88902836696915011  0.90039911499480252  0.90839381868636726  0.91656665558252248
  0.92464064447688654  0.93470832255386560  0.94566083612937102  0.95699981594807626
  0.96787703736633490  0.97895640401429052  0.98933246076538406  1.00000000000000000
 -0.00272571268708414  0.01009781977026787  0.02276455457941519  0.03594324192345964
  0.04910431344185606  0.06219968340301581  0.07493152972138779  0.08767766020903066
  0.10045072635899124  0.11311793286844503  0.12585310281461540  0.13913002497254362
  0.15349766569974851  0.16591210204115359  0.17529939728089633  0.18482593386255919
  0.19491208938712862  0.20466614135639316  0.21701036013633662  0.23130991561030401
  0.24449613879416265  0.25460704782829729  0.26171730723267933  0.26901084511485801
  0.27628942144481683  0.28369400969389763  0.29272113983037701  0.30464946509007029
  0.31724705587663687  0.32867157337058323  0.33681941460501652  0.34403759463440309
  0.35198438971944190  0.36001832035823217  0.36669606633934898  0.37249868719254359
  0.37859974021285753  0.38652284653958030  0.39332496786456872  0.40156530266183699
  0.41088367172670004  0.42103224582993620  0.43258636044028720  0.44534035640942671
  0.45716301799789949  0.46668466244058954  0.47595131013076886  0.48546169590893751
  0.49607598763684307  0.50861997734181175  0.52224636863407203  0.53573525817668100
  0.54858354619324468  0.56035521339979322  0.57308104066403698  0.58226484889228636
  0.58957300399466284  0.59607219846989290  0.60284796455944722  0.61137043839611072
  0.62001832716787864  0.62960041890786966  0.64072774712508207  0.65393677526808069
  0.66758572693405216  0.67982900413022329  0.69131028036170061  0.70257652778221402
  0.71495131495585718  0.72445918221480265  0.73217169478104926  0.74041207227211026
  0.74851132629866357  0.75651304884625914  0.76737506894790064  0.77947958106846282
  0.79034322600392626  0.80109982889548659  0.81311232254495014  0.82660360241674857
  0.83978175716171355  0.85237834518296474  0.86540555165902744  0.87856957307877159
  0.89154227971952282  0.90402014678738385  0.91547863668069818  0.92553782716646937
  0.93404806925864892  0.94140944713075758  0.95016790713391464  0.95941270951793978
  0.96993640857949293  0.97989813988480168  0.98930154173687046  1.00000000000000000
   3.6052943385130052E-011  -1.0000000000000000     
 T T T F F F T T T F F F T T T F F F T T T F F F T T T F F F F F F F F F T T T F F F T T T F F F T T F F F F F F F F F F T F F F F F F F F F F F F T T F F F T T T F F F T T T F F F T T T F F F T T T F F F T T T F F F T T T F F F T T T F F F T T T F F F T T T F F F T T F F F F T T F F F F
