  0.00028662759393138  0.00032825303721970  0.00035360868647985  0.00037569404622819
  0.00039408870191316  0.00040792829324072  0.00042213621076045  0.00043608215882969
  0.00045017365189415  0.00046560498366465  0.00048056583639252  0.00049138544748757
  0.00050234148052931  0.00051403448652392  0.00052561488754948  0.00053630348280157
  0.00054639851175783  0.00055658720734144  0.00056635590432911  0.00057655013542538
  0.00058702675524169  0.00059739459751543  0.00060825885421750  0.00062008442391876
  0.00063425825528911  0.00065080770170734  0.00066796259658112  0.00068263206850169
  0.00069683610843132  0.00071016689196033  0.00072518461140178  0.00074164427595804
  0.00075741415066916  0.00077156196382681  0.00078609001031162  0.00080214652640502
  0.00082214135950061  0.00084093376855513  0.00086162775689658  0.00088340289322761
  0.00090201388509283  0.00092219463569267  0.00094335214096150  0.00096556412299294
  0.00098994496752040  0.00101526599372680  0.00104348630352355  0.00107288096523499
  0.00110169820827010  0.00112923441266704  0.00115715871906036  0.00118842614737079
  0.00122152508267245  0.00125781787066357  0.00130500368104054  0.00135819526921400
  0.00141452374852436  0.00146114354873167  0.00150632080565665  0.00156326200678858
  0.00163346894646942  0.00169964648361945  0.00177325721925951  0.00185614785998607
  0.00194052915802032  0.00203186984657286  0.00213449775368186  0.00225868548598156
  0.00240553679697657  0.00255056941930125  0.00269093889291863  0.00282991470549733
  0.00298355222521547  0.00316464863746117  0.00336234211783839  0.00360587729335100
  0.00388096834571203  0.00420119934506564  0.00458673515353263  0.00503203888245547
  0.00549418353130998  0.00608210844039224  0.00666659948477898  0.00722183596654080
  0.00777300507768963  0.00828025138355350  0.00883629695459453  0.00979049591645501
  0.01178792212348028  0.01370308235087099  0.01593891224848335  0.02310047501682146
  0.03393186108219971  0.04759087616142492  0.11215127862577909  1.00000000000000000
  0.00034397238724728  0.00085713602125767  0.00130117303272347  0.00165297110523613
  0.00195365571274492  0.00223042768342286  0.00244069479034375  0.00262273715009607
  0.00281009717529770  0.00300941270075836  0.00325385649470112  0.00351441860592294
  0.00376674757905289  0.00401912177456240  0.00424499666228858  0.00445552640560171
  0.00466998551275044  0.00488897114586198  0.00512452096165043  0.00538229756076329
  0.00569913889262606  0.00604147903965309  0.00641892612622684  0.00684744441329092
  0.00732223261396621  0.00776237839271899  0.00821668684131267  0.00860934805085175
  0.00905370756092208  0.00951583167854933  0.00999562218096953  0.01052915676673022
  0.01103753516213842  0.01154404440265809  0.01207761547277724  0.01257557638404315
  0.01307381535634774  0.01358807576364898  0.01408762431634803  0.01471486687022328
  0.01537423446949170  0.01609468851898325  0.01671134799263268  0.01723704801976021
  0.01784451338955816  0.01848997241465678  0.01916015091834742  0.01986044756621597
  0.02065060475423961  0.02162876584585136  0.02276550732951070  0.02382035623654762
  0.02490420739226916  0.02604631414059110  0.02722412912323298  0.02844074789467511
  0.02973745707971942  0.03105891029795499  0.03248951922993085  0.03401016479364413
  0.03557019869058747  0.03722059499832208  0.03898273831895131  0.04106082735762519
  0.04346099030031777  0.04603184281555315  0.04880502440285058  0.05254726202616940
  0.05655075946429358  0.06077293659241269  0.06520600102195288  0.06876229669524953
  0.07213188746402048  0.07649053915448113  0.08158342107238478  0.08694715613354691
  0.09237138180732883  0.09785167740652315  0.10426412317394843  0.11196745533908284
  0.11994918636636663  0.12876086684896876  0.13787264257226667  0.14705089256936085
  0.15621850924192146  0.16886402563992509  0.18168644354868271  0.19357786256079762
  0.21468461868306210  0.24124245636034783  0.26822077515352244  0.33543231929947248
  0.40047323368545967  0.46918310627102766  0.60643820594977360  1.00000000000000000
 -0.00050454506511728  0.00099020913628994  0.00247551595146281  0.00394410050824130
  0.00540615451791796  0.00691547268257290  0.00852748192648038  0.01037342523944711
  0.01240647022528875  0.01538359783904366  0.01861002721232818  0.02155091107160016
  0.02411218461752542  0.02641763780974873  0.02872379675536449  0.03106239350866938
  0.03344584457890962  0.03595246529780716  0.03841511137047377  0.04184015625324507
  0.04416628778948990  0.04660226130856179  0.04913921606189642  0.05227006088054537
  0.05587955843869589  0.05965485777050252  0.06401156147415764  0.06848403833925516
  0.07274198283643771  0.07687489212103382  0.08096770401734735  0.08486494221530767
  0.08840476592621865  0.09172793286395560  0.09457881781697437  0.09750375697231371
  0.10079649028586694  0.10436340207060855  0.10822786221075871  0.11238659041132602
  0.11681830464853972  0.12169199421502576  0.12696119161924252  0.13250152071380120
  0.13798299596530877  0.14333119648417267  0.14940306974495787  0.15631088082671069
  0.16228677844596501  0.16798456108668280  0.17388385820910751  0.18002000840498919
  0.18669270117841605  0.19435708207924593  0.20200164567035175  0.21103995774403309
  0.22001763840174879  0.22834847255314200  0.23628798587231173  0.24442200183361448
  0.25432889938947439  0.26623561074102908  0.27762802384276253  0.28769092207344993
  0.29942420283041771  0.31431049022840268  0.33076617961831628  0.34736136524873157
  0.36326597911525726  0.37564745676777561  0.38544686502066372  0.39483724436650175
  0.40441434393582210  0.41770323432522172  0.43126737758960215  0.44533625491015377
  0.46087614055305975  0.47590278766304589  0.49287300695495428  0.51051197192540632
  0.53324394223134586  0.54967911903332844  0.56663881626519363  0.58792537598293726
  0.61371905114862679  0.63720080138716106  0.66621873544046140  0.70435833712293450
  0.74474581069781065  0.78303519309824321  0.81427371429741191  0.84329770639789070
  0.88264549234573020  0.92834971231953090  0.96522580102640942  1.00000000000000000
 -0.00240789685891496  0.01025407689147697  0.02134637463201195  0.03228772943494657
  0.04308697597561278  0.05417107067031719  0.06557461128965500  0.07719766089450461
  0.08982687948985908  0.10431324072796000  0.11782464225203003  0.12830455553487818
  0.13722274328308387  0.14614194631899918  0.15464619374679411  0.16194286614559489
  0.16883156088571749  0.17688179914301694  0.18510680982830335  0.19565418901641166
  0.20912751781095712  0.22410193547466797  0.23849169731021652  0.24954254786621477
  0.26125543686098329  0.27148057521972618  0.28047341514643798  0.28944467982863598
  0.29931974031337100  0.30943290946436575  0.31892999938600991  0.32986641208060585
  0.34438749497413162  0.36223084242179626  0.37709046411647629  0.38798425088197480
  0.39875001082622541  0.41076109370887315  0.42326504439082102  0.43617202083728501
  0.44686430630646351  0.45648682205534385  0.46563998043697796  0.47544962003569818
  0.48570728794654300  0.49463230660179563  0.50273837501113283  0.51232872040844890
  0.52288559173646054  0.53367614437688538  0.54480887115260157  0.55598977910810332
  0.56778731326938392  0.57960268387676905  0.59005847363511166  0.59936761018626306
  0.60809386038365720  0.61554071703425739  0.62304922674049612  0.63220655936288361
  0.64200209018574739  0.65047768769803338  0.65788394834915265  0.66576839675396560
  0.67506753150017096  0.68634741761812146  0.69749187096450849  0.70815780716823706
  0.71969769656766580  0.73246933853450669  0.74576828155602304  0.75777928566862274
  0.76859764272030107  0.77971407245549107  0.79129410277934320  0.80305104116995352
  0.81287517844553991  0.82191258530769939  0.83038829260628411  0.83816227883994221
  0.84822386506710545  0.86173692941847480  0.87300538823028084  0.88084101803168535
  0.88933727486446534  0.89868941727909868  0.90669707504793184  0.91355112257925075
  0.92100163958519299  0.93040750049951904  0.93887359230120171  0.94923819073083460
  0.95998123448861616  0.97065964528016879  0.98342578243793333  1.00000000000000000
 -0.00316475384572953  0.01718016928255222  0.03471494445324956  0.07033265897750074
  0.12976190488840866  0.21950125132883477  0.31515537032563434  0.39025846843560158
  0.45258758087784895  0.50515281225779463  0.55038306216870092  0.59165224838687003
  0.63065345418187946  0.66266912049427140  0.68957887390014760  0.71186182618908800
  0.73231483616602999  0.75158787433573593  0.76651651977737512  0.78263358899431756
  0.79774586680157045  0.80967479134488751  0.82276974943120129  0.83334064912599404
  0.84258815696957501  0.85152174488589316  0.86077900175519306  0.87063807905535662
  0.87886329124440732  0.88533051389082451  0.89164018314243543  0.89727799149204890
  0.90236281402882379  0.90705967967475642  0.91180600952217616  0.91633428437776621
  0.92051771942087501  0.92435131584903896  0.92811926974204817  0.93204704779204250
  0.93552218392492115  0.93882008932731653  0.94215362262593250  0.94550354018245120
  0.94859974830048432  0.95129391654132545  0.95407713257426408  0.95648353525901886
  0.95869527106216557  0.96070361500949297  0.96246966980191995  0.96436455180914649
  0.96643890202933980  0.96851563304945898  0.97038440067982457  0.97204604123784011
  0.97356189724736442  0.97496921949446080  0.97628311120205868  0.97751576748752700
  0.97879914850943062  0.98012977388087785  0.98149436888841124  0.98283347416051114
  0.98406504619507162  0.98511735681429491  0.98590076915752312  0.98662419550904723
  0.98732234348538983  0.98801349186266640  0.98871942679668934  0.98934581163149571
  0.98995742642517470  0.99056612108927655  0.99114218763412476  0.99171439664678818
  0.99224609797139540  0.99272409032135600  0.99312375731955149  0.99349775098947202
  0.99384782936180627  0.99424990701021065  0.99467553934284614  0.99508791158222343
  0.99548362040537508  0.99587689840243931  0.99627790359726398  0.99667411545912832
  0.99713277894358665  0.99761236113210350  0.99808788534337378  0.99848496168646772
  0.99887417648118437  0.99926350081603021  0.99963562440138864  1.00000000000000000
 -0.00222108612853475  0.00636311907236341  0.01499205853934117  0.02485292901046925
  0.03691615788556785  0.04928807485753809  0.05935312595881630  0.06694075166837397
  0.07350878685623004  0.08193298634354872  0.09339929503660876  0.10289253008456234
  0.10990280470026251  0.11645343692004269  0.12346779035288773  0.13330890614636404
  0.14271213190873425  0.15137423254588003  0.15906176766028207  0.16636736368674837
  0.17461911938991953  0.18510085572530993  0.19738406093379962  0.20985622570168741
  0.22425168758490860  0.23604646815341621  0.24793077758635884  0.25818883105174117
  0.26733619146752974  0.27507260583161630  0.28404555290007827  0.29464668809931599
  0.30621701707666976  0.31765785196463586  0.32723930193726658  0.33556431942164078
  0.34383120782249599  0.35307697414421385  0.36365209818650213  0.37365188208326783
  0.38326891402876917  0.39425719300071160  0.40792367697551890  0.42378998522607697
  0.44028146071623236  0.45452231945097926  0.47080776275239100  0.48478531818418230
  0.49555289186979146  0.50593566722204386  0.51656222535546970  0.52845779344673938
  0.54218611894446034  0.55636193053936356  0.56885984602276618  0.57863973520510337
  0.58954791899169268  0.60297591714855980  0.61691107502525455  0.63043056264427022
  0.64258502197857892  0.65443258340043342  0.66588838739314848  0.67739199410534001
  0.68929242986569084  0.69572745404987313  0.70087976841358945  0.70595227315471609
  0.71486467075453419  0.72442910190196452  0.73776083525823977  0.75070590233303647
  0.76235757567879903  0.77376675107168524  0.78491335780317972  0.79398618694662215
  0.80313879648258413  0.81209873253807041  0.82178148072687318  0.83469954241204758
  0.84622074840565376  0.85630704179334449  0.86591101229903966  0.87539612061989203
  0.88553375558858094  0.89707520443139788  0.90875220900989495  0.92037686096318039
  0.93007118215788709  0.93967132964579136  0.95050736381241541  0.96143408937905428
  0.97209953393422144  0.98224549347603340  0.99145641548250163  1.00000000000000000
 -0.00029750705604134  0.00204045692471383  0.00347444624360020  0.00487154954703808
  0.00835655897058618  0.99318602393664845  0.99337470161921948  0.99348901404013168
  0.99359027077049178  0.99368555101421718  0.99377132231847820  0.99385358810742697
  0.99393032250858049  0.99399855032069617  0.99407093933110258  0.99414835331213314
  0.99423164178839785  0.99431796383142601  0.99440346812621982  0.99449154495099545
  0.99456679060339703  0.99464245325262068  0.99471892664185924  0.99479418017363863
  0.99487933178557808  0.99495287770099561  0.99503047179507276  0.99511367170300202
  0.99518884868152768  0.99526610790621239  0.99533955426797260  0.99541117055338746
  0.99549499061840607  0.99558481740296045  0.99567695718633031  0.99575898994132772
  0.99583224607902132  0.99590274411934843  0.99597395390686816  0.99605498101561385
  0.99613899098318159  0.99620947855733077  0.99626675684608901  0.99632080183611893
  0.99637411255680519  0.99644068728986457  0.99651623990337135  0.99658191706523225
  0.99664011896052940  0.99669421603392960  0.99674807943490817  0.99680869508878411
  0.99687651870699800  0.99694273339473882  0.99700947128035100  0.99707868765927710
  0.99715239346348283  0.99722877580181435  0.99730426137383377  0.99738100995938639
  0.99745405560246925  0.99753018611557065  0.99760140054921564  0.99766973818405424
  0.99774149888464447  0.99781696173830503  0.99787539834619987  0.99794015959676829
  0.99800663295431402  0.99807141104328512  0.99812936680548792  0.99818986549112299
  0.99825779527863634  0.99832420412615841  0.99838947642924647  0.99845902056500524
  0.99853180216257065  0.99859879286108644  0.99866656270317999  0.99873372788082537
  0.99879922991318182  0.99886415380516502  0.99892691769255038  0.99899116955768652
  0.99905182944014692  0.99911154797727397  0.99917318447793113  0.99924364223186468
  0.99932074523999814  0.99940244063932093  0.99947919896161919  0.99956415675733101
  0.99965475207116805  0.99975558320716529  0.99987076299849886  1.00000000000000000
 -0.00171044200246003  0.00561491051227337  0.01418262503225514  0.02305194368412077
  0.03755277898543161  0.04561429189588775  0.05257753086945586  0.05917143917615012
  0.06477261067357286  0.07049221124873610  0.07689929501396416  0.08340294989553571
  0.09406213114216688  0.10473667399125189  0.11520124864157399  0.12623955146977606
  0.13800191339849663  0.14950774339483422  0.16182096431007020  0.17240517276104383
  0.18041232141618285  0.18771780593325574  0.19584373507987127  0.20440956339316557
  0.21460860985205274  0.22623567569809411  0.23835748031991572  0.24890700239788277
  0.25737684722521098  0.26633322713650948  0.27595186509399350  0.28421894229440542
  0.29249210214103438  0.30107764154878885  0.31028330837763579  0.32165423030315671
  0.33342210099428127  0.34470489894501294  0.35427194708854731  0.36600839717321726
  0.37633234939823040  0.38512493000879483  0.39310913071149262  0.39984364580822523
  0.40866795030769160  0.41761138554014549  0.42697578357036331  0.43822371003023969
  0.45197967558757107  0.46478532385093657  0.47461528816193566  0.48430260336954478
  0.49670450486039608  0.51160370650008891  0.52792641535480034  0.54361869798911544
  0.55775796885733930  0.56892536358064494  0.57973747878409210  0.59082535801221081
  0.60299068942904654  0.61542394295005198  0.62777321171595057  0.64106935088867423
  0.65525618813906472  0.67171038378279324  0.68875940518760992  0.70532371580081432
  0.72010793553903707  0.73490474560872321  0.75166966472406693  0.76539291096327211
  0.77415479974673995  0.78151978635724650  0.78893063444418998  0.79720788536548370
  0.80663413964445574  0.81461186186851253  0.82209664069248511  0.83004870493685934
  0.83929119079555159  0.85070433298949033  0.86283046140942399  0.87463705826919258
  0.88403325584851822  0.89213109819156045  0.89970440928090245  0.90764608156770943
  0.91704948975124712  0.92779028795038043  0.93824138552312197  0.94775927749437394
  0.95777504002450375  0.96983729401172003  0.98399528201123099  1.00000000000000000
   5.1204669977243267E-016  -1.0000000000000000     
 T T T F F F T T T F F F T T T F F F T T T F F F T T T F F F T T F F F F T T T F F F T T T F F F T T F F F F F F F F F F F T F F F F F F F F F F T T T F F F T T T F F F T T T F F F T T T F F F T T T F F F T T T F F F T T T F F F T T T F F F T T T F F F T T T F F F T T T F F F T T T F F F
