  0.00203576806082685  0.03525784845355270  0.06047153991541565  0.08015661698147553
  0.09718814682599052  0.11258546369411426  0.12674183775432321  0.14003780955312004
  0.15259465445431644  0.16464804911479666  0.17616928427639070  0.18737773274187183
  0.19816445814317601  0.20871951072902731  0.21893110088919007  0.22897648345947888
  0.23875632338982536  0.24839548648424356  0.25783464422270752  0.26713842345541572
  0.27627748560301435  0.28529434961884237  0.29419392331357941  0.30297755439103280
  0.31167743671330739  0.32026471788465588  0.32877279272955068  0.33720969064057682
  0.34558204064540998  0.35389665012086419  0.36213731107679176  0.37032798271010814
  0.37846050353495225  0.38653546410393747  0.39457408913560676  0.40255436494487512
  0.41050510578316363  0.41842922567033269  0.42631378144778725  0.43416563553687332
  0.44198938666536647  0.44979439627170925  0.45759076417794892  0.46536870380009265
  0.47312876511638668  0.48088275413674952  0.48864600033999100  0.49639783980826069
  0.50414985958908098  0.51188615320240705  0.51964107924128999  0.52740492364211622
  0.53516944336381633  0.54293410236807971  0.55070448635805791  0.55848455898091465
  0.56627957734810996  0.57409137552009193  0.58192782920766739  0.58982680435232104
  0.59778441933314441  0.60577732108034188  0.61381529022188885  0.62188213465662823
  0.63000681701656158  0.63819084523233049  0.64642590070304085  0.65473284246258801
  0.66310016543758232  0.67155769414635125  0.68009119728706013  0.68869286230783056
  0.69740640356154671  0.70620773748768506  0.71511971043250766  0.72414092938460706
  0.73328476529825259  0.74258978086124383  0.75201784821219386  0.76164629759436198
  0.77140808847576647  0.78146380410189942  0.79169273003855456  0.80228245882968086
  0.81310073937390215  0.82434217842777335  0.83589913803601978  0.84798235430742652
  0.86057717530289424  0.87391609453407537  0.88813793455047552  0.90355500306904302
  0.92057295261036931  0.94026864656456433  0.96553995850324603  1.00000000000000000
 -0.00248899147075487  0.00951651958302140  0.01976638048802918  0.03034002765643301
  0.04092163384249234  0.05132321568455416  0.06162329063160139  0.07211278680537124
  0.08269315452894251  0.09341573579045270  0.10410315323600307  0.11471805537305406
  0.12534386544877607  0.13587433046661146  0.14646795486660852  0.15710398166107123
  0.16775944809181625  0.17827704670165379  0.18880788068040927  0.19927461147766423
  0.20978581124329632  0.22031229947308434  0.23076730633663434  0.24131637694694086
  0.25179532750956007  0.26238825418148670  0.27285975925722972  0.28337694255704193
  0.29380816122260733  0.30435068628474943  0.31482421021565193  0.32536812500756274
  0.33588390777069760  0.34656790213757038  0.35724670235405243  0.36793083335521437
  0.37846692680330019  0.38894258555140099  0.39952970721528452  0.41008224807320537
  0.42056909742901599  0.43083545322932476  0.44118743230438839  0.45160646919598441
  0.46208688270727144  0.47256763577868988  0.48310377466843785  0.49369151075132017
  0.50421365281205255  0.51473166329866660  0.52521994870929645  0.53566954463143313
  0.54608828459518066  0.55652891043902608  0.56702134723908848  0.57758347249899078
  0.58818095990134212  0.59877805964737751  0.60936455794641364  0.61991527728584794
  0.63047056015571468  0.64101144560078238  0.65153500995827862  0.66206348368058843
  0.67257713282809806  0.68304673774522084  0.69348533735336126  0.70398959895913793
  0.71450592698578896  0.72506404064996144  0.73561144876472573  0.74618446060256638
  0.75688012698601359  0.76748478143245524  0.77806026303615661  0.78854665782163058
  0.79913950246563947  0.80976469889055303  0.82041809099730512  0.83104073636629328
  0.84174043686356093  0.85240933594998847  0.86299479869292717  0.87357872086691823
  0.88419141430001869  0.89482911709959323  0.90545214452306644  0.91604001642877220
  0.92657779025427911  0.93716962260737646  0.94777764246443497  0.95843754351765698
  0.96890178120585191  0.97934264940448224  0.98970567931986475  1.00000000000000000
   3.3093436688593248E-007  -1.0000000000000000     
  <DiscreteSampler_grid>
  Helicity
  1 # 1 for a reference and 2 for a running grid.
  20 # Attribute 'min_bin_probing_points' of the grid.
  1 # Attribute 'grid_mode' of the grid. 1=='default',2=='initialization'
  0.0000000000000000 # Attribute 'small_contrib_threshold' of the grid.
  0.5000000000000000 # Attribute 'damping_power' of the grid.
 # binID   n_entries weight   weight_sqr   abs_weight
    1   63   3.593761117242025E-009   8.307028505690373E-017   3.593761117242025E-009
    2   20   1.550373508644712E-011   2.989139467318531E-022   1.550373508644712E-011
    3   7004   5.778067589440006E-007   5.160230635970191E-013   5.778067589440006E-007
    4   78   3.432035963245666E-009   7.955996690815533E-017   3.432035963245666E-009
    5   72   2.624076660493446E-009   3.082684215525603E-017   2.624076660493446E-009
    6   21   4.042799351011720E-010   3.226131168855132E-019   4.042799351011720E-010
    7   20   4.244931740547407E-010   3.387437727186563E-019   4.244931740547407E-010
    8   52   2.576287542437935E-009   2.146028651546085E-017   2.576287542437935E-009
    9   64   3.945554257297933E-009   8.627646549196387E-017   3.945554257297933E-009
    10   6975   5.673991284504139E-007   5.002458603268573E-013   5.673991284504139E-007
    11   20   1.550373508644712E-011   2.989139467318531E-022   1.550373508644712E-011
    12   68   3.529712078286374E-009   8.649563972289145E-017   3.529712078286374E-009
  </DiscreteSampler_grid>
