 -0.00009036277352466  0.00605044899930732  0.01740157959594932  0.02951753275213305
  0.04098091371494363  0.05209897343466036  0.06327890632113477  0.07465339978660944
  0.08593128923138448  0.09701122405512817  0.10789893773974610  0.11853997261637404
  0.12909774979319510  0.13936030864545018  0.14945068013895818  0.15928271747444706
  0.16895747837436759  0.17852097224934502  0.18787892916521537  0.19712587770795617
  0.20645784033649697  0.21569096851821290  0.22471446608362586  0.23369105963563871
  0.24270425937508056  0.25170562782992767  0.26060348283838619  0.26937042195683802
  0.27806707153537058  0.28677098257722772  0.29548446715112786  0.30413691271633048
  0.31269601849348566  0.32117108773849207  0.32957466131795360  0.33794085052143463
  0.34628957251405257  0.35463948243634014  0.36291126223154918  0.37113728512453947
  0.37932591142978034  0.38746178310611501  0.39552627056918810  0.40358837097389444
  0.41182103426134531  0.42007934069803038  0.42830384469923483  0.43646605859221732
  0.44461207363355759  0.45272172842579333  0.46082521962300116  0.46891197026378428
  0.47698774195068921  0.48518263236663095  0.49349916094519736  0.50197567727295966
  0.51043921722451113  0.51891516275118765  0.52740629562610186  0.53590796359047577
  0.54441649957299876  0.55292672246737384  0.56146406146348837  0.56990936538866577
  0.57856842699231603  0.58745455741498087  0.59653987045038159  0.60575313300886235
  0.61496809161381449  0.62421452618524076  0.63355221774988180  0.64295481065273963
  0.65242300338048442  0.66197374603126757  0.67158278037100827  0.68114257573512271
  0.69095826643110381  0.70149298224144685  0.71265890439473367  0.72416656413037894
  0.73582873390747883  0.74761721742595244  0.75967925379013490  0.77194672479435733
  0.78448723932001985  0.79738087836724880  0.81063969647404166  0.82415611383662424
  0.83813359324169701  0.85529043733841825  0.87284733405512227  0.89143460262797980
  0.91171414830564435  0.93502756581359625  0.96398765398341812  1.00000000000000000
 -0.00253825863372910  0.00939002500210532  0.01985090633818246  0.03013841990382574
  0.04064472399740437  0.05084343573145955  0.06127709424977457  0.07145929733188990
  0.08172639199757789  0.09225012356407822  0.10250776102168148  0.11319450335678352
  0.12388248851459839  0.13485579384827123  0.14586757467452049  0.15654418493926528
  0.16712043652834566  0.17697066501191247  0.18671330884181869  0.19666825424622444
  0.20677608757215493  0.21702883496754438  0.22750729606187747  0.23825816999304680
  0.24926514553548434  0.26003000450332348  0.27082479130583215  0.28140762550211817
  0.29208206298745182  0.30308371893441211  0.31410255772888385  0.32465689805401188
  0.33489581106936045  0.34510531164855551  0.35544441388997489  0.36573659083221621
  0.37595678131533239  0.38583682476291503  0.39570120606527082  0.40618865241866142
  0.41686232541371010  0.42781816976886944  0.43886861569851693  0.45051775136132438
  0.46201170589994495  0.47360027022454992  0.48525767137381387  0.49703544111810527
  0.50860699742593996  0.51998864770407516  0.53127961198067153  0.54251567108747634
  0.55372616899767213  0.56438756835647552  0.57460639548402326  0.58470247319481250
  0.59483105604178133  0.60496117380508452  0.61485061972892485  0.62450168357668401
  0.63456858107815173  0.64474885985046326  0.65612946330586908  0.66774189793503891
  0.67927153756173064  0.69062148339692475  0.70163197760426177  0.71223966378180359
  0.72239789405156296  0.73286185367384493  0.74346018445121442  0.75416047888552840
  0.76487711670381420  0.77565012258259469  0.78670720941596084  0.79727645289684501
  0.80778238488697418  0.81775077673398555  0.82773035230475089  0.83752997149066788
  0.84720768634547849  0.85714550186826510  0.86769312543666366  0.87820078470256402
  0.88875685785061709  0.89914168450301113  0.90968098035821443  0.91987803165531801
  0.92984245276993438  0.93983828359843213  0.94975451581501980  0.95939812348683451
  0.96923959819890970  0.97902283093897846  0.98956534784705441  1.00000000000000000
   1.1895626495747014E-008  -1.0000000000000000     
  <DiscreteSampler_grid>
  Helicity
  1 # 1 for a reference and 2 for a running grid.
  20 # Attribute 'min_bin_probing_points' of the grid.
  1 # Attribute 'grid_mode' of the grid. 1=='default',2=='initialization'
  0.0000000000000000 # Attribute 'small_contrib_threshold' of the grid.
  0.5000000000000000 # Attribute 'damping_power' of the grid.
 # binID   n_entries weight   weight_sqr   abs_weight
    3   28   8.442090110322717E-011   3.756239608536182E-020   8.442090110322717E-011
    4   20   1.626332677914031E-018   3.027705502779204E-035   1.626332677914031E-018
    5   20   3.818998506514851E-020   9.682175823006292E-039   3.818998506514851E-020
    6   20   1.216577547420164E-030   5.747502752099335E-060   1.216577547420164E-030
    7   903   1.900791445633463E-015   2.366649007772091E-029   1.900791445633463E-015
    8   20   3.646426839944831E-013   6.950314530727886E-025   3.646426839944831E-013
    9   20   2.154633231659155E-019   1.802794819582569E-037   2.154633231659155E-019
    10   20   2.064848405680266E-022   2.830416408468677E-043   2.064848405680266E-022
    11   51   9.570722466804427E-011   5.593850086546355E-020   9.570722466804427E-011
    12   20   2.810659843408319E-017   1.208944387408261E-032   2.810659843408319E-017
    13   21   6.766882069016870E-012   3.191835513567181E-022   6.766882069016870E-012
    14   20   2.263435980930701E-022   1.989463723911042E-043   2.263435980930701E-022
    15   21   4.103725563999823E-012   6.913964877270071E-023   4.103725563999823E-012
    16   20   1.413149668183370E-021   1.392807741811377E-041   1.413149668183370E-021
    17   21   9.543250897097386E-012   3.713484165906658E-022   9.543250897097386E-012
    18   20   9.604098597436624E-015   6.123323426100393E-028   9.604098597436624E-015
    19   30   9.782290407527444E-011   4.607664498566172E-020   9.782290407527444E-011
    20   20   6.061867035879403E-015   1.359140794932897E-028   6.061867035879403E-015
    21   20   2.051744262447661E-018   1.385558717223170E-035   2.051744262447661E-018
    22   20   2.263435980931035E-022   1.989463723911626E-043   2.263435980931035E-022
    23   13012   4.286001807900021E-008   1.457026784006244E-014   4.286001807900021E-008
    24   20   1.725079819854076E-012   7.349420972379201E-024   1.725079819854076E-012
    25   23   2.709069211488256E-011   3.277461775122757E-021   2.709069211488256E-011
    26   20   8.621405664862079E-021   2.446440404917445E-040   8.621405664862079E-021
    27   20   3.403016748565459E-018   3.221735895527931E-035   3.403016748565459E-018
    28   20   2.484444992250167E-025   5.770232020229142E-049   2.484444992250167E-025
    29   63   1.211828304905943E-010   1.522548788140722E-019   1.211828304905943E-010
    30   20   4.211110463641396E-014   6.886409766942856E-027   4.211110463641396E-014
    31   21   4.538099060781702E-012   1.574076969765229E-022   4.538099060781702E-012
    32   20   2.625891712211247E-021   2.003150082776765E-041   2.625891712211247E-021
    35   34   6.808380105733550E-011   2.116627390561464E-020   6.808380105733550E-011
    36   20   2.533192553214891E-014   4.823690761943209E-027   2.533192553214891E-014
  </DiscreteSampler_grid>
