 -0.00000158001546541  0.00000483910003617  0.00000867460039096  0.00001072150181280
  0.00001197241654467  0.00001518704025611  0.00001847607188368  0.00002215949266986
  0.00002820895115296  0.00003727219615750  0.00005929939109285  0.00008923277951138
  0.00013785356325629  0.00021282677246195  0.00026048494988195  0.00030555418226771
  0.00035004591891040  0.00040037227943201  0.00049231081264730  0.00063132289274046
  0.00077920082395889  0.00093232858204477  0.00109282276533186  0.00126353828134757
  0.00144989579351248  0.00165059425486350  0.00187401280755542  0.00211040162688152
  0.00237794591188865  0.00266622817720077  0.00294324120659300  0.00322186427329932
  0.00349809139237714  0.00375555417645943  0.00401015599647660  0.00427425316778849
  0.00458527334510165  0.00493220370464873  0.00535285112143548  0.00573386893423730
  0.00614688277175150  0.00669048750457680  0.00734315438954959  0.00808842247580195
  0.00900882430592792  0.00995046218675520  0.01091415072948260  0.01196248792742456
  0.01321350441707750  0.01491405187074256  0.01690464940577711  0.01877726306758655
  0.02053387604814570  0.02223675473923593  0.02438198258238744  0.02693197163851405
  0.02954739936422061  0.03219542404549804  0.03498256798345153  0.03786569650923826
  0.04149175492194022  0.04572890569026584  0.05008460812679203  0.05454840853437922
  0.05927070077925554  0.06342148049825753  0.06784180655912866  0.07228056056027161
  0.07713704804859657  0.08326754003272728  0.09169413744508301  0.10068848098869954
  0.10809537348412626  0.11544622624725236  0.12304141396404759  0.13303652993594534
  0.13955986842861268  0.14442697846336799  0.14950537639433262  0.15535479036308106
  0.16508451218416609  0.18025653787052129  0.20009441334036182  0.22289257361608847
  0.24425848526936009  0.26684803384263422  0.29123038289824876  0.31480706504564598
  0.33464626412759108  0.34749639506780922  0.37120160434410171  0.39694027055857495
  0.42849706530320431  0.50573397845558143  0.87574037028749352  1.00000000000000000
 -0.00000371362632108  0.00001714893002785  0.00003135748275360  0.00004119538565332
  0.00004878447822493  0.00005542333638572  0.00006145183818274  0.00006755400974473
  0.00007576094198258  0.00008747012894159  0.00009683413924913  0.00010402588037988
  0.00011166267944496  0.00012140002998156  0.00013207861938138  0.00014138116973914
  0.00015149491524429  0.00016048750685084  0.00016767492935217  0.00017535794270684
  0.00018392628520394  0.00019290349083668  0.00020294270365231  0.00021631462330596
  0.00023464972737278  0.00025408944493073  0.00027533458999401  0.00029755244528453
  0.00031942924255615  0.00034043625049027  0.00035992084264984  0.00037884575984417
  0.00040053744323638  0.00042349892660196  0.00044781274361295  0.00048517150516335
  0.00052358717222452  0.00055503771718282  0.00058729333803129  0.00061590543607618
  0.00064255891356493  0.00066958493955054  0.00069574282273119  0.00071913774899686
  0.00074680692442293  0.00078695756821108  0.00083283018823711  0.00087097588771864
  0.00090086360634019  0.00092988190074794  0.00096613158147227  0.00101143985715238
  0.00105795745340253  0.00110202466410936  0.00114735164660248  0.00119658653993952
  0.00125089248517816  0.00130203694363940  0.00135418391507239  0.00140958549113165
  0.00148484121190079  0.00157233134747943  0.00166080594283657  0.00174528408398582
  0.00182192435697643  0.00189954794923305  0.00198173038371224  0.00205399281816212
  0.00212467689324016  0.00220698171865073  0.00229499647051665  0.00237902653802400
  0.00245782262614337  0.00253620708828732  0.00262466546879072  0.00275565112695368
  0.00289872300719698  0.00302096247545722  0.00313294981878510  0.00324212963108440
  0.00338039713097524  0.00353251920594804  0.00368642162542703  0.00383789715536878
  0.00398422506465415  0.00414246716663289  0.00434261684056453  0.00455670223131115
  0.00475334507151653  0.00491502378120271  0.00508202537624687  0.00524643997415951
  0.00540278918831588  0.00556326572216663  0.63941695183545966  1.00000000000000000
 -0.00000427446064915  0.00003349948692875  0.00004549069451267  0.00005679137216277
  0.00006933135791830  0.00008040679604922  0.00009065234378118  0.00010353452924026
  0.00011909801185144  0.00013348714483498  0.00014488314123162  0.00015397938701206
  0.00016348068645198  0.00017432247197764  0.00018893356826689  0.00020696892259306
  0.00022628849257721  0.00024296746015512  0.00025827725445978  0.00027385640683221
  0.00028841457666088  0.00030253051086911  0.00031993690499791  0.00033789464306135
  0.00035383613966543  0.00036898765758966  0.00038132450015294  0.00039617615532990
  0.00041367941095899  0.00043325793412831  0.00045488729531060  0.00047648429420472
  0.00050056800484261  0.00052636153216186  0.00055240386857543  0.00057812402263633
  0.00060181523247851  0.00062212141816157  0.00064100473127842  0.00066215214200534
  0.00068577928205235  0.00071023376247685  0.00073649534113270  0.00076382363749746
  0.00079121468271600  0.00082095611399322  0.00085321375086305  0.00089128496972259
  0.00093852689012922  0.00099537600983822  0.00105434308068095  0.00111364990276659
  0.00116910731592117  0.00121824306024792  0.00126937198826996  0.00132441532263199
  0.00137800353693923  0.00143735899767925  0.00150672820652708  0.00158634731379190
  0.00167316423892583  0.00174843751666736  0.00181979093267516  0.00188522348163771
  0.00193800644678783  0.00199652190426625  0.00207257374964645  0.00217361230850815
  0.00227785618765700  0.00238309557426979  0.00249517313670607  0.00260426568603181
  0.00276226889647142  0.00296081469718966  0.00317758570190089  0.00341758633631452
  0.00366151053804890  0.00389312143537971  0.00412350503805103  0.00440120597948559
  0.00480902399796436  0.00531626192682708  0.00594177936195282  0.00642898317558515
  0.00694535371583219  0.00756409200403167  0.00858724906888935  0.01033440856075470
  0.01257207123352561  0.01589480281037752  0.02074417288511412  0.03028558967894998
  0.04900827112189729  0.12135674283787595  0.81239186610184855  1.00000000000000000
 -0.00311835101238432  0.01467794210092634  0.02773827513399834  0.03828189494929231
  0.04926546013168476  0.06039247241490069  0.07204493384303523  0.08644203595473933
  0.10189162537025974  0.11652941615281116  0.12949796063771832  0.13948593231402676
  0.14940127028111425  0.15822936595619674  0.16641316479656590  0.17645279065245972
  0.18522743601214320  0.19401476511527782  0.20306665011601707  0.21292467865024564
  0.22243123803761672  0.23107771354883810  0.24018855935139791  0.24882316684005826
  0.25670506195734782  0.26749626129805348  0.27784829255374538  0.28807148172799452
  0.29877570970154083  0.30924261787925489  0.31995419922818241  0.32948995525379493
  0.33979116160018724  0.34980578122261990  0.35833564741641283  0.36769119900312591
  0.37690909362806541  0.38638362237650686  0.39626218649007006  0.40714681559764748
  0.41760833309377082  0.42523540515367170  0.43203151414428470  0.43801720415813866
  0.44520858222790854  0.45638688204714772  0.46920842563279019  0.48403525159516098
  0.49782898735054720  0.50814077803617019  0.51682478717908820  0.52855395594749144
  0.53818112239177984  0.54677970151100741  0.55560662283395246  0.56539397764097743
  0.57770112959443354  0.59003326438640191  0.60281330968749580  0.61712355751122971
  0.63091390662345781  0.64429482347220979  0.65498356509842548  0.66309266649075282
  0.67029107805137167  0.67576383452676902  0.68400848868506769  0.69649188500049308
  0.70831071380015498  0.71778010128749214  0.72604769354015308  0.73682207561917479
  0.74923807840129453  0.75988369263616695  0.77000031402756464  0.78063402729988962
  0.79202306766038366  0.80273408636020960  0.81298459313482674  0.82273624405006640
  0.83238171762171120  0.84320659382967689  0.85473290616516640  0.86625816439883152
  0.87812651251260809  0.89045741570302228  0.90309591562625824  0.91543723034588020
  0.92725827613754463  0.93818186043016183  0.94705292505955785  0.95497731398866326
  0.96422201690108711  0.97514802900053821  0.98710466272353847  1.00000000000000000
 -0.00929845186830289  0.05103168982837417  0.09909604723056134  0.18178894567828691
  0.25828187355303883  0.31537221205150290  0.36826530751516595  0.40434609812450883
  0.43358755454954206  0.45583085417722269  0.47782228137479282  0.49875971994329554
  0.51789268784192544  0.54137822246688938  0.57235576077589134  0.59576285322819567
  0.61691674368670202  0.63687901344954378  0.65512319220595450  0.66976631998238800
  0.68654813043649132  0.70394424701491620  0.71657201223818978  0.72457928432618368
  0.73166974337723312  0.73767162984360879  0.74724859935737153  0.75938414005570420
  0.77085006779220322  0.78225484867465067  0.79395963813248904  0.80365058633652209
  0.81128228478227238  0.81796483363001726  0.82492978258559224  0.83001128997571227
  0.83580471516202814  0.84110011324557676  0.84614888100277141  0.85161888119481188
  0.85489809658498017  0.85805779839388874  0.86115790797068825  0.86433850558222824
  0.86768605475049698  0.87212244940931549  0.87605120894855826  0.87971695225580393
  0.88347659800256384  0.88729627464511840  0.89128243991676659  0.89504813593285926
  0.89861600203019032  0.90192419658243561  0.90482660799548642  0.90759465596984534
  0.91054215949809536  0.91364267149101053  0.91669113895892818  0.91975210928616502
  0.92265842305669310  0.92536977120721653  0.92774381500396774  0.92981556745809635
  0.93190864941499252  0.93381243434362093  0.93568194610110544  0.93759262933549170
  0.93933001007027705  0.94106201633381581  0.94274893773235791  0.94458333353151236
  0.94671862539253204  0.94888296503478875  0.95077002245500108  0.95242819265060119
  0.95404403135820570  0.95564904488250446  0.95719942527937119  0.95873963769470516
  0.96010464615952984  0.96157093841619823  0.96305768364901700  0.96454142474204296
  0.96591888127149472  0.96738539144058455  0.96880374696634619  0.97019531624574795
  0.97160944912238667  0.97309244328234001  0.97495456828385396  0.97705138132528246
  0.97936481372011586  0.98144243714222001  0.98191788945077874  1.00000000000000000
 -0.00180605217700762  0.00651714974577437  0.01596260018768120  0.02554993556119407
  0.03485557217153530  0.04486679398042991  0.05775518923785738  0.06691841584080525
  0.07725559691478366  0.08614721330370659  0.09323894598333998  0.09884608345674535
  0.10433882276222163  0.11055241179002979  0.11752518806336268  0.12515509417598836
  0.13398492123818284  0.14379531265448356  0.15426700153797071  0.16495660849857058
  0.17678672013310906  0.18905509607446705  0.19932687858889311  0.20739874302477418
  0.21418743011903990  0.22148570453497524  0.22836442187070993  0.23517287203808840
  0.24191596944532329  0.24804094536309829  0.25639361476434253  0.26656669599507704
  0.27700820798359926  0.28677248072504208  0.29789098352959953  0.30835503336748554
  0.31957967751850286  0.33110108939500360  0.34391435245472579  0.36008668280544254
  0.37414308028589460  0.38687843894665119  0.39977489833471447  0.41186257864813958
  0.42351415820429833  0.43509928784547158  0.44579072531535607  0.45840714411926797
  0.47278055219178489  0.49285860190566094  0.51013296106151662  0.52055157068075097
  0.53105291542677358  0.54361777571563719  0.55869513202813137  0.57343849999747321
  0.58652168005403449  0.59821380367839017  0.61000473983111914  0.62185282254983520
  0.63402184529271544  0.64612960547107401  0.65909047341124172  0.67166292447546072
  0.68263432712276506  0.69180001661456170  0.70064994982117812  0.71053399302175013
  0.72187393809788414  0.73451826035509948  0.74484983259770787  0.75616539548125750
  0.76814043343516436  0.78227145870677428  0.79630722456072023  0.80874695882843628
  0.82013038203892941  0.83146230797523013  0.84169051059909950  0.85101923017446623
  0.86070748130037311  0.87072330947590426  0.88171811118444965  0.89345498863675243
  0.90496105779438629  0.91296574236707717  0.91843619855943659  0.92372801062804066
  0.92920856708085642  0.93496488885953666  0.94256574016886308  0.95200519139427331
  0.96178567690976779  0.97380322887933035  0.98625960749329544  1.00000000000000000
 -0.00007418284792108  0.00015706906267536  0.00050267170784997  0.00097419307181331
  0.00176674605044713  0.00259733955634467  0.00346611222817458  0.00431043449195001
  0.00516866573198701  0.00608400900306413  0.00696065508370506  0.00786287181961217
  0.00881124346913950  0.00983552068295974  0.01099748530928059  0.01225408385552829
  0.01358248525527018  0.01491179528686034  0.01626749234365511  0.01760982445982617
  0.01894182171027758  0.02034343552082461  0.02188296928426737  0.02344894785675981
  0.02506175856198447  0.02688665421595227  0.02895284460398068  0.03110992469151929
  0.03345389955079723  0.03590966389527332  0.03825283028205221  0.04085147937402266
  0.04402069361735728  0.04769305577145020  0.05137924211385721  0.05521192127855219
  0.05921127230987488  0.06340292042284489  0.06778422292429820  0.07285368488700712
  0.07797585658589883  0.08308946280771215  0.08837077686559151  0.09418049542913964
  0.10103421910813254  0.10865819170803802  0.11702882429339180  0.12541873742115520
  0.13308033523520169  0.14085442573190168  0.14934441313119687  0.15617917343591581
  0.16142838613140884  0.16589338719674787  0.16967948957780499  0.17514273904467414
  0.18111691607140482  0.18974811019296059  0.20147431579802519  0.21121129343862316
  0.22113317346440292  0.23147817167482598  0.24390637188193706  0.25494593477858585
  0.26556430401009640  0.27604044841086700  0.28683602020356919  0.29771739459855440
  0.30931555586905118  0.32114907719323005  0.33239848453786891  0.34191097946596971
  0.34969988226318488  0.35588365555874213  0.36184862689832448  0.37155468675455677
  0.38803592502867235  0.40333135872642767  0.41533175654195698  0.43388944384636607
  0.45600846759255281  0.47946659127829472  0.50453264406127829  0.52952952484822802
  0.55372275378942692  0.58696952931694901  0.62821503690754299  0.66075405074713955
  0.68948952495869142  0.71757125620380791  0.74689562662084319  0.77796816343853825
  0.83305287845226250  0.89160368430064907  0.95753793399800236  1.00000000000000000
 -0.00385043271533602  0.01510294288141937  0.03264178479932835  0.05169219604993241
  0.06651415799476397  0.07897272336271929  0.09149939840664539  0.10534299665333209
  0.12058621436775126  0.13565351032576228  0.15094573257458926  0.16766438603734518
  0.18352697790352512  0.19887806180013479  0.21372787692002346  0.22874666053151457
  0.24314103446331090  0.25546071936158221  0.26529784914052712  0.27281804466694803
  0.27930105179439191  0.28594251159286793  0.29459957018335020  0.30497751384447086
  0.31452582354911640  0.32207513172450286  0.32885204660538037  0.33614968959018565
  0.34380435072000370  0.35125123650583551  0.35813317660141775  0.36491753541670324
  0.37282033830554223  0.38153775979595062  0.39041672421146195  0.39885272989800774
  0.40731726717073768  0.41554783922863936  0.42534970146847229  0.43600438858195817
  0.44682015810857978  0.45739406529651189  0.46701532166049314  0.47434648275312358
  0.47993532058173471  0.48569110704258150  0.49130078965279272  0.49742398633006818
  0.50452447182658822  0.51200691731314041  0.51964987931793027  0.52634612187322294
  0.53137832538833540  0.53633809073577421  0.54160074131667135  0.54700731267445302
  0.55344925891138130  0.56141278378904913  0.57081221659548553  0.58147264822254630
  0.59191303037755372  0.59987202930456263  0.60785006442651435  0.61594219990408172
  0.62475764457787009  0.63215893867596251  0.63802501838775061  0.64327662104362082
  0.64888754973900886  0.65457239788497967  0.66186984350189748  0.66999370437748562
  0.67853113396678510  0.68788870577124261  0.69479359623915959  0.70171150543569483
  0.70878727818139120  0.71932001330203454  0.73053235847940912  0.74096594054714215
  0.75138364431106441  0.76563239493522561  0.78124687284667538  0.79786235737100863
  0.81695380383950089  0.83569256995242591  0.85200599658440335  0.87136959308374196
  0.89009269191807827  0.90766076394649564  0.92399001097641753  0.93866316593505938
  0.95360030991105971  0.96885259318885386  0.98480391203392981  1.00000000000000000
   5.0364829417220418E-009  -1.0000000000000000     
 T T T F F F T T T F F F T T T F F F T T T F F F T T T F F F T T F F F F T T T F F F T T T F F F T T F F F F F F F F F F T T F F F F F F F F F F T T T F F F T T T F F F T T T F F F T T T F F F T T T F F F T T T F F F T T T F F F T T T F F F T T T F F F T T T F F F T T T F F F T T T F F F
