 -0.00002503071115587  0.01557010138481277  0.06638360940284388  0.13211176663321628
  0.17004446279727914  0.20145471556248545  0.23256418665511014  0.27557032232450557
  0.31879413688984343  0.35165022755202269  0.38243137038846486  0.40978792747743309
  0.43756636709709168  0.46826492273587267  0.49408521240148212  0.51546262148060074
  0.53275833696543562  0.55240268441399520  0.56975517430390010  0.58612077601359258
  0.59689448712259052  0.60908578061084850  0.62162868308705121  0.63142609000242733
  0.64049308428936558  0.65070674003999140  0.66068961944358828  0.67162523199779856
  0.67603327518921497  0.67947904486880950  0.68272566969190640  0.68639459979202899
  0.69082507447571717  0.69603749130099379  0.70123838651012327  0.70635240835479562
  0.71219894209687729  0.71780561111530095  0.72311001051946089  0.72749750903518051
  0.73083849928091360  0.73377998555429513  0.73617891756621190  0.73887481384545228
  0.74405273914937087  0.75076481525165717  0.75569682283055417  0.75903788987745968
  0.76198368663744642  0.76527613757657575  0.76828556093472811  0.77053368272998624
  0.77316433779954252  0.77600551601547019  0.77898180228433866  0.78284074634111045
  0.78610095582695239  0.78897973090265727  0.79109756216569993  0.79297026990193986
  0.79434709381790225  0.79571071603360921  0.79706714467817263  0.79841440151212206
  0.80021411728183378  0.80233237355565001  0.80451413221454193  0.80692530034312682
  0.80895926669811968  0.81094117877752447  0.81263438988512637  0.81401347714013483
  0.81641935518908715  0.81900027644623152  0.82265471948687663  0.82561694082215686
  0.82853545064261647  0.83170544295081283  0.83557156960843648  0.83993089350769923
  0.84754395788807368  0.84962336058902210  0.85170276328997063  0.85378216599091905
  0.85586156869186758  0.85780153240338664  0.85973627042798562  0.86167100845258471
  0.86360574647718380  0.86698803537683300  0.87148116283905397  0.87597429030127505
  0.88046741776349602  0.88496054522571699  0.88945367268793796  1.00000000000000000
 -0.00000526037914534  0.00002324289579687  0.00004098866896985  0.00005366564035297
  0.00006253989205748  0.00006930891823173  0.00007597595419178  0.00008189435657099
  0.00008793947249465  0.00009263368373088  0.00009709436295757  0.00010151332927102
  0.00010513733323317  0.00010939572861247  0.00011453383690616  0.00012052781266428
  0.00012670466918388  0.00013426569729382  0.00014194213992662  0.00014910703465287
  0.00015505516676874  0.00016032469869614  0.00016603548280330  0.00017317300086170
  0.00018152875633116  0.00018962939983199  0.00019713604242719  0.00020592931863919
  0.00021659854332425  0.00022744488147195  0.00023731155380598  0.00024863297801385
  0.00025838028885001  0.00026872369292259  0.00027781382534146  0.00028629302796604
  0.00029458299874604  0.00030383245347432  0.00031331453124007  0.00032227499563777
  0.00033163674657537  0.00034178279699467  0.00035395104367983  0.00036977882043349
  0.00038848789908937  0.00040132959479980  0.00041266554904465  0.00042547524603330
  0.00043561679181259  0.00044402582823716  0.00045185703651511  0.00046278460184768
  0.00047572519339074  0.00048660912109669  0.00049746483722931  0.00051024831007757
  0.00052494722523288  0.00054109832486318  0.00055882087771133  0.00057862749399802
  0.00059987269620754  0.00062244472168567  0.00064606191991984  0.00067430357744977
  0.00070881818527298  0.00073838963695713  0.00075921535864416  0.00078123952761131
  0.00080356109251680  0.00083170538717018  0.00086199304893350  0.00089307637328378
  0.00092663390277759  0.00097278314414948  0.00102789197618447  0.00107885717888068
  0.00112394034108461  0.00117361137301204  0.00122630981232608  0.00127853843763882
  0.00133105338740951  0.00137518853833505  0.00141788728566051  0.00146068670240644
  0.00151229143012565  0.00158333721000125  0.00167779093941496  0.00178459991481754
  0.00191796267342419  0.00210266608930454  0.00234731193762307  0.00262819510186731
  0.00297616204791519  0.00336087109836695  0.08620404421428490  1.00000000000000000
 -0.00000228443560936  0.00001535714863900  0.00003056489350242  0.00004094550262687
  0.00005091202803652  0.00006114283368529  0.00007344333641859  0.00008853087632625
  0.00010380160647690  0.00012100510155445  0.00013419745064827  0.00014413718133783
  0.00015386134282582  0.00016448524056507  0.00017645472737123  0.00018944657683775
  0.00020611510916612  0.00022519054382161  0.00024660036288349  0.00027049069590718
  0.00029348327212842  0.00031659498180722  0.00033962177631396  0.00036498550275681
  0.00039320552966819  0.00041793873389725  0.00043695039346073  0.00045618299564096
  0.00047861138962907  0.00050876589352854  0.00054023882814925  0.00056758248469479
  0.00059506312832937  0.00062582151010128  0.00065825500778572  0.00068997835527690
  0.00072538352613249  0.00076329955573023  0.00080196502441956  0.00084504246374279
  0.00089167190682206  0.00094502632568480  0.00101260404725229  0.00109115642970886
  0.00117608402549773  0.00125828508708072  0.00132259934786462  0.00137369583357284
  0.00142440108633985  0.00147519346486238  0.00152824108499908  0.00158934561121143
  0.00165016098436650  0.00170354907612769  0.00174725559310255  0.00178994257461178
  0.00184085072236339  0.00189352712279387  0.00194318757090852  0.00200314677917802
  0.00206363412802331  0.00212466557391157  0.00224148583155168  0.00236249825985680
  0.00245232289258154  0.00253277581071357  0.00262595106712208  0.00277382976402857
  0.00294043652553087  0.00310752300801895  0.00328252412458723  0.00346152773037500
  0.00363152232196206  0.00380904783337263  0.00400017979892453  0.00422085960071822
  0.00454522837130242  0.00496474970112355  0.00550926620856883  0.00618798972627821
  0.00681510001236302  0.00729870416873594  0.00775933176835556  0.00829158443672192
  0.00900093004240337  0.01013107153524029  0.01195739494781324  0.01424677348648458
  0.01680154457563103  0.02015004294288966  0.02447538367980017  0.03119922112106984
  0.04138032613509145  0.06641233532103751  0.22698945138985122  1.00000000000000000
 -0.00422919680955730  0.01370844270227507  0.03067617084414835  0.04699776487388509
  0.05949413540548151  0.07062440180167781  0.08128197417952644  0.09202127505037282
  0.10384973276901574  0.11426653833614839  0.12282857725604185  0.13052313174648300
  0.13773000842396840  0.14556589830379338  0.15372208429361475  0.16193667282778579
  0.17283668990015358  0.18276406243598553  0.19216272885286456  0.20108633970739850
  0.21058529906768475  0.21907631436637715  0.23060680261714642  0.24207709511875228
  0.25231564958937064  0.26033630489173382  0.26820509476516874  0.27709120365532475
  0.28803337695191988  0.30164480752461281  0.31554646971471301  0.32796400804710785
  0.34106342141723167  0.35510875909362166  0.37001221352889097  0.38608318084719673
  0.40186661417465519  0.41355852555273753  0.42371555419791379  0.43291088980913933
  0.44183730023019602  0.45162821770866141  0.46333610992227087  0.47455088190634420
  0.48731055523927536  0.50124179548274728  0.51439337880160374  0.52556121530351407
  0.53419792116037079  0.54307075018658624  0.55277075270300335  0.56330646692936404
  0.57413276228316601  0.58598099663088410  0.60029176270817797  0.61141379212979341
  0.61934154085386017  0.62818941875829659  0.63748705904159209  0.64647960534392124
  0.65608991776408954  0.66608481579570489  0.67682458865631023  0.68808051551659732
  0.69895466243312943  0.70910076507794229  0.71821892825797962  0.72759914840707052
  0.74016960782130381  0.74996767585508883  0.75802404895311892  0.76690451571413198
  0.77578772935396634  0.78331334055218316  0.79018730387335989  0.79766061980726277
  0.80561770472897010  0.81302111953351530  0.82308330958051190  0.83644504259973773
  0.85067286944408715  0.86287794181277133  0.87096513116125296  0.87845567281060633
  0.88608746852666176  0.89416009959466047  0.90034645304944327  0.90723532186433498
  0.91466183370228671  0.92355933943287671  0.93518438985910146  0.94846591686436976
  0.96137458740022674  0.97475654815489499  0.98902517116541044  1.00000000000000000
 -0.00960719612477233  0.05270286387745655  0.08822611142353869  0.11871735819465598
  0.14567766307242785  0.16030739724147469  0.17696208146872794  0.19383982704755220
  0.20700390166355642  0.21927916133263856  0.23089582291501262  0.24255078522425469
  0.25334611563602649  0.26374897825874366  0.27408972839213075  0.28529114637456399
  0.29604837391196431  0.30433732561828364  0.31272213014758266  0.32125632933821741
  0.33063683273730798  0.34050505928470409  0.34972897955562710  0.36155597371973180
  0.36762812011666457  0.37539423984659992  0.38536341050623990  0.39622386464634868
  0.40530032118170706  0.41138690777488363  0.41956357480530532  0.43235533571093315
  0.44799240642503591  0.45900939070811148  0.46892090272694908  0.47720676456935762
  0.48612920285718814  0.49602587369566614  0.50571334809644497  0.51749867940015626
  0.53134450336455230  0.54640292119927258  0.56061221108030479  0.57334881931340009
  0.58425086699206918  0.59471357877465814  0.60364183234103308  0.61358945404267284
  0.62363860258760917  0.63523852514194390  0.64411077702925235  0.65506125057974052
  0.66627582341386382  0.67750530620215010  0.68838865292050921  0.69887702248239914
  0.71025976996674822  0.72168252458159465  0.73303651366362554  0.74336697447158262
  0.75192915849902653  0.76030871484969298  0.76917557155378236  0.77729679397258011
  0.78579841387086191  0.79390584746310955  0.80032840393393923  0.80634770151371049
  0.81216148576477964  0.81787051003799993  0.82354461076053287  0.83017794373298481
  0.83595686246847301  0.84102905968756869  0.84751285424178335  0.85523664275113553
  0.86417821020933172  0.87397062620994159  0.88319369424560568  0.89195757350074445
  0.90275175417813103  0.91213314068034657  0.92067484432664093  0.92727703114270921
  0.93304335234034330  0.93895764952524530  0.94522262976671878  0.95072633089098380
  0.95532299437172719  0.95981060941606700  0.96438006014800381  0.96947937437097542
  0.97404250148638205  0.97861677819576576  0.98247766883843968  1.00000000000000000
 -0.00248013364608749  0.01187509323798412  0.02629022302021572  0.03952927345511788
  0.05234913858834501  0.06282402020544865  0.07108721899165335  0.08214520079655523
  0.09284799573065641  0.10045464417744650  0.10805826523182259  0.11757923006930709
  0.12841820397610279  0.14087700450449325  0.15266800230044056  0.16313033967107665
  0.17426959784930277  0.18621023202782078  0.19828108852805934  0.21343240924732043
  0.22415249816378713  0.23426089227904331  0.24404020371815380  0.25469593855418016
  0.26626921717951102  0.27810742443542141  0.28921520493595554  0.30075346757708499
  0.31399678644155254  0.32627878297158941  0.34018697412459636  0.35288545847170444
  0.36166510440311112  0.36641835740869311  0.36958901234332459  0.37171046226784082
  0.37467744515367779  0.37821111717010225  0.38276910166731337  0.38796086124851897
  0.39533031849441480  0.40689834942735598  0.42223354732299495  0.43732506367559759
  0.44960151601405041  0.45885885423760892  0.46665088745451949  0.47535946569232973
  0.48451562223227357  0.49330839605262994  0.50138073827988572  0.51086505188529019
  0.51912570716070117  0.52954779491864745  0.54096922738186015  0.55250479164708566
  0.56330221000994107  0.57293494150840096  0.58238659857685593  0.59248970737183304
  0.60511265478816567  0.61686384106982062  0.62711503152208270  0.63607871307088604
  0.64516940159465985  0.65481673401348128  0.66414271130362756  0.67415152364239650
  0.68444802507077074  0.69381267819239045  0.70185881805927341  0.70870585971164868
  0.71960160625145064  0.72891701929379837  0.73828514449359828  0.75027033865081305
  0.76131926160553476  0.77207006280167667  0.78087669946453742  0.78848483452537765
  0.79582161484509450  0.80473351795057013  0.81663019396346392  0.82862608643113556
  0.84012976855204069  0.85154988333528803  0.86420543665024396  0.87782568412046080
  0.89157400419432975  0.90697041778727172  0.92089132518759742  0.93528485033119302
  0.94815676413027405  0.96203254140419647  0.97803545379530010  1.00000000000000000
 -0.00566003651791404  0.01800678435893463  0.03068800792670918  0.04013768383791635
  0.04982383987032432  0.05988371083351672  0.06882657770314786  0.07648635860278354
  0.08368828443258677  0.08995766711914392  0.09617622359617020  0.10237747008016705
  0.10882260371310559  0.11588784679914617  0.12488616708770814  0.13284250679603785
  0.14080190737463780  0.14878721913089316  0.15597845188616580  0.16357777856694455
  0.17207317529285901  0.18159074998145849  0.19245344331134248  0.20324529142932429
  0.21201642426659559  0.21957756245835633  0.22697661755236703  0.23393330946650925
  0.24162556567719376  0.24848561119832699  0.25482493560196734  0.26186160003669673
  0.26777833098665560  0.27429184343546331  0.28167506673924186  0.28746270845675226
  0.29372981941598786  0.30122975827854814  0.30928405543066062  0.31769663249123775
  0.32698413899306367  0.33649715534638081  0.34541213768030815  0.35333426040628479
  0.36031450556193068  0.36752059673444920  0.37642837400851492  0.38589744524604208
  0.39424015867440793  0.40182134289428650  0.40959501333966047  0.41882856055375595
  0.42945199289435232  0.43781314891806200  0.44477768245758637  0.45122673743638425
  0.45683129342262901  0.46220495117808336  0.46884087460516349  0.47400493550494621
  0.48063186525723928  0.48784416929919716  0.49541478495800545  0.50180989029377487
  0.50765261583383059  0.51373104144994042  0.52047571483260435  0.52872315252649160
  0.53715226103298830  0.54868666604986405  0.56154859225355758  0.57614357605931310
  0.59211266451913047  0.60736798974733586  0.61909289527385436  0.62943559791425752
  0.63930018273411970  0.64899317369796328  0.65894572518031758  0.66990553624169669
  0.68105880425905807  0.69333096154029294  0.70748298217331573  0.72603698188595611
  0.74882246587097168  0.76955176566478600  0.78628509224072118  0.80159135521872305
  0.81508139263630064  0.83132083822279546  0.85444355482097190  0.88845500089578233
  0.91682527711079975  0.93724158220075116  0.95739777837197870  1.00000000000000000
 -0.00335192225981197  0.00959857421199716  0.02071980240992878  0.03090060788498143
  0.04046854673498404  0.04890710195892832  0.05771426441685880  0.06744373535966793
  0.07810363253811173  0.08543345551799505  0.09316623479287463  0.10316782261827311
  0.11293765710807659  0.12030709901699894  0.12676679863298984  0.13688617977656015
  0.14674714486860763  0.15812437340828331  0.16993365223792808  0.18233769765626309
  0.19063581211131575  0.19814153577671659  0.20706120214058593  0.21654912610043944
  0.22615929922849709  0.23390646071274851  0.23991340531720523  0.24954398618378970
  0.25945002201017381  0.26974801231391887  0.28151361889349225  0.29424751855437592
  0.30607945115157492  0.32113480402324662  0.33296817351144925  0.34512876909669260
  0.35745562289379745  0.37006588136479951  0.38132590747202172  0.39073038951187145
  0.40003747990329125  0.41113250547507763  0.42351530982525865  0.43606825027845592
  0.44926965976474437  0.46306084092742855  0.47669269387247337  0.48862405808799592
  0.49975239137389454  0.50991897111150830  0.51960961661391103  0.53128890979075993
  0.54393794408065954  0.55536237749488193  0.56673375873261211  0.57747071045566101
  0.58728136664373110  0.59697882372611732  0.60582760954460080  0.61404660642479236
  0.62351277398009897  0.63472511011358945  0.64723738328142733  0.65941478192695202
  0.67037495218225407  0.67875535078373461  0.68562908179607507  0.69257995059308786
  0.70169808916478582  0.71289478807258078  0.72536483739446400  0.73699875907520718
  0.74575256347454288  0.75668171074723067  0.76742869677828451  0.77802915928533500
  0.79036280670026915  0.79912582601850635  0.80911742737457215  0.81872447686497429
  0.82821834140013983  0.83769465947944621  0.84768368355041057  0.85746056337211962
  0.86617396605065133  0.87483667431911583  0.88487355594148276  0.89383342306677016
  0.90252786464546342  0.91298508919979393  0.92713527600528522  0.94298882018484043
  0.95776124038130073  0.97154522434848190  0.98534145593150890  1.00000000000000000
   1.0837098076323739E-017  -1.0000000000000000     
 T T T F F F T T T F F F T T F F F F T T T F F F T T T F F F T T F F F F T T T F F F T T T F F F T T F F F F F F F F F F F F F F F F F F F F F F T T T F F F T T T F F F T T T F F F T T T F F F T T T F F F T T T F F F T T T F F F T T T F F F T T T F F F T T T F F F T T T F F F T T T F F F
