 -0.00002164201354226  0.00346210649256137  0.01039738995522864  0.01779325382003226
  0.02511201615962086  0.03224041840072110  0.03924558965247477  0.04608300907463775
  0.05276957185762064  0.05925317516082107  0.06567031885384488  0.07202143836580065
  0.07830191400348595  0.08457863537426011  0.09062034533909662  0.09654871192368163
  0.10253525822598882  0.10845807772286824  0.11426007875600133  0.12006044110773036
  0.12588727392320584  0.13163773015871458  0.13726270452793904  0.14282594872692878
  0.14840496051062202  0.15407590506504543  0.15970264777961229  0.16524569003667064
  0.17074557732241150  0.17618617231733302  0.18167254767863253  0.18728271260679819
  0.19284285131193865  0.19836657694334572  0.20389320143656275  0.20945775804060801
  0.21502791811723096  0.22056816959841094  0.22624091144913952  0.23196117720181444
  0.23768220217494246  0.24338630174122686  0.24906469038202547  0.25474906590861596
  0.26044462889028563  0.26619201873160564  0.27184560327162399  0.27763448098341453
  0.28367391228463029  0.28978319911824524  0.29588002803773200  0.30202292144005799
  0.30820408730898607  0.31440246583510334  0.32062350454596922  0.32686898766476652
  0.33310243815495721  0.33947354310354183  0.34606667462537077  0.35284641009403561
  0.35987376385751157  0.36687031123952524  0.37388570674156940  0.38100098675194605
  0.38821485083138468  0.39551305478934251  0.40290672065564881  0.41041336993322314
  0.41786647862384796  0.42518502612978604  0.43360672082154572  0.44238519967934414
  0.45116780793061950  0.46004538213495771  0.46918098164298733  0.47842100454236619
  0.48783493537254929  0.49756967208903941  0.50744398492163911  0.51729840192919319
  0.52799452287762560  0.54057863251876703  0.55343156915509739  0.56682472056793576
  0.58087141342950488  0.59548926470997710  0.61069366009895687  0.62644887012605510
  0.64375673179817527  0.66467199075138117  0.69024455530947948  0.71939559312883794
  0.75221443636354779  0.79362094234722380  0.86609143308223613  1.00000000000000000
 -0.00228397979942141  0.01025455160051598  0.02053671595622549  0.03050497279409254
  0.04029198359801911  0.05042588741071145  0.06031773090571456  0.07122862875631218
  0.08189124416293347  0.09252541492204203  0.10254315944975312  0.11287160151299508
  0.12359844544149018  0.13408908136788089  0.14459973418464700  0.15449693135905193
  0.16491122493407651  0.17546555997301658  0.18558520994993305  0.19499775956216325
  0.20440191278277020  0.21440012943468129  0.22519547349757632  0.23589097555810534
  0.24619624991855776  0.25667718422067592  0.26725290582716338  0.27796043544851157
  0.28883140854337652  0.29991763193575388  0.31102765281916045  0.32166430412947622
  0.33197394478075326  0.34232994353058527  0.35294540936688928  0.36395086185652803
  0.37527433102352081  0.38676084032358732  0.39833349694985476  0.40961439331558114
  0.42088619069167182  0.43240684980398708  0.44312685353191944  0.45309972951229521
  0.46328416531521127  0.47364109017087547  0.48389061744487827  0.49391086201570272
  0.50419635548573538  0.51472547490671949  0.52543579287811837  0.53630734972156635
  0.54712087425086198  0.55808385479784206  0.56962996727197557  0.58187494691809505
  0.59285834488175504  0.60358736669253632  0.61413657835718860  0.62485151904559288
  0.63488989529703987  0.64496050065593447  0.65480111638181571  0.66477691437704634
  0.67396638644484763  0.68320505405801601  0.69285067967954561  0.70274256844753735
  0.71240600192542336  0.72187018167413863  0.73182704915567420  0.74300027778166566
  0.75412435787641496  0.76459405386976842  0.77545834980641226  0.78676649036597457
  0.79800216376821864  0.80871435833869909  0.81931342109030636  0.82971564904692807
  0.84041718370493823  0.85116730247056249  0.86122623502225770  0.87109618784491505
  0.88125545274692652  0.89151769793195323  0.90179780210990079  0.91223474060366527
  0.92311201099239604  0.93452499010268042  0.94559082239131687  0.95633417533898135
  0.96721169363590365  0.97819273967926024  0.98906987040915562  1.00000000000000000
 -0.00253473734829957  0.01013366252647345  0.02034938244245552  0.03048246704402312
  0.04060146344942301  0.05059497509354758  0.06124461536343307  0.07083645324301610
  0.08068598529973035  0.09007501149472909  0.09942910023458859  0.10922863604198575
  0.11968338110858981  0.13075564917580534  0.14289537496534452  0.15469596980711664
  0.16635234820256065  0.17752262925391923  0.18886484309848611  0.19964239230621167
  0.21063629103219633  0.22151415309109404  0.23284697943795904  0.24511574731981678
  0.25579960483289116  0.26610564634600647  0.27573481401650024  0.28511676902691208
  0.29445767523988203  0.30348709128855011  0.31273827164192425  0.32233658081627170
  0.33217832030658678  0.34245602937779190  0.35291893907356509  0.36329703967279814
  0.37350565121622281  0.38407853353747534  0.39493602833725833  0.40548038895656019
  0.41576202657377376  0.42595492724597001  0.43625339522049539  0.44661684449190692
  0.45741127782977042  0.46902246915058043  0.48148724980138174  0.49272771788645964
  0.50404687045580554  0.51474347364480433  0.52535913335521511  0.53562095926513986
  0.54590938114160981  0.55621280776470350  0.56701599364077471  0.57815296106583669
  0.58968228398636080  0.60069858060893966  0.61203979184060187  0.62321881725006478
  0.63406267555478124  0.64493134617677206  0.65558646839874046  0.66628983811907283
  0.67686368916662909  0.68746538225655618  0.69850397947305942  0.70929867477719377
  0.71996797518723288  0.73032939518660844  0.74079969276876390  0.75128640303701621
  0.76197764640054588  0.77238196569336504  0.78286852698852682  0.79306759294536100
  0.80298755846047798  0.81253075839318034  0.82207797296265195  0.83175984724792862
  0.84211270902268520  0.85219084139107903  0.86253113751301735  0.87303028085059931
  0.88316394173571644  0.89354119024621936  0.90415292380211298  0.91478003652715545
  0.92517663389587701  0.93572924289035431  0.94713862886671629  0.95846281962709790
  0.96897949950506590  0.97928821356374252  0.98969920671209322  1.00000000000000000
 -0.00236184740812076  0.00981092964332094  0.02025041603690885  0.03214143239242934
  0.04370501233266411  0.05510004444832384  0.06601781306891100  0.07685844427342402
  0.08769708219602808  0.09859735731242113  0.10886271834520961  0.11855442453184599
  0.12854521639889718  0.13883772451487039  0.14900580414210607  0.15837127016360328
  0.16788212973982092  0.17812074206603762  0.18892215516474989  0.20011174126106848
  0.21108494776564007  0.22170294643451025  0.23243202476397654  0.24316980272676436
  0.25379026237869834  0.26453246185142293  0.27508261204992507  0.28546257889593524
  0.29593198836490542  0.30672131449126722  0.31767853654063682  0.32821796611472498
  0.33914807029499427  0.35027009678005344  0.36154300605556683  0.37264552944379914
  0.38293495707531594  0.39296884817324368  0.40282191894502845  0.41277068428220559
  0.42281157579423245  0.43265162524216516  0.44275075842852796  0.45301545315266034
  0.46333219768074424  0.47371098373204434  0.48358084354299402  0.49394561905506557
  0.50480755987586157  0.51620354119805256  0.52673578886422556  0.53700693661724952
  0.54774188796391432  0.55795480075013837  0.56860300759545901  0.57896156182820857
  0.58963265244822327  0.60021321276385398  0.61105180925289493  0.62226167514412523
  0.63366648730624664  0.64527332444732810  0.65721462886044946  0.66881732202454425
  0.68004004728578560  0.69089665559119762  0.70156265835980680  0.71242707355832569
  0.72321034831280662  0.73362915329980805  0.74377928898716006  0.75430525723792197
  0.76534421074231174  0.77615050613366687  0.78659404138621869  0.79686091030966300
  0.80712927137286272  0.81692613048218454  0.82624796373471909  0.83568626927676626
  0.84557373218364018  0.85562849577002531  0.86534155193055595  0.87491516412372750
  0.88482128660981152  0.89491544483107277  0.90488608985338814  0.91501260785732441
  0.92534361778247631  0.93574901792916321  0.94602897440594469  0.95666962691579194
  0.96770645126487742  0.97867532979586314  0.98919618467689163  1.00000000000000000
 -0.00205775980894498  0.00909164054708099  0.01856490180921140  0.02869740167164617
  0.03880552138018068  0.04881197404904829  0.05845230022399960  0.06797502952128980
  0.07732000542722850  0.08671784103540442  0.09587568009744959  0.10570420673858549
  0.11603875990299252  0.12647801963640271  0.13684851152148156  0.14755842617444884
  0.15906238196231398  0.17100183202220859  0.18295898947169248  0.19449958112097174
  0.20525364491260659  0.21537397752936274  0.22522368384353686  0.23556663427694449
  0.24598420634934284  0.25626483212676598  0.26686808121197869  0.27790149710889028
  0.28940956384343358  0.29980614162070574  0.31024338522930356  0.32071223733648285
  0.33094394579322278  0.34115923207054455  0.35194362543712471  0.36454506079438626
  0.37752392117273986  0.39031526031097558  0.40334327197702596  0.41534456443262630
  0.42623462058723910  0.43660236990220125  0.44682768078892399  0.45715758694203840
  0.46753338834923591  0.47790735566219544  0.48874343400983999  0.49942076583230710
  0.50945704232701183  0.51933201870055712  0.52983773980963045  0.54042747917740985
  0.55017214781054635  0.55968046445481212  0.56959342389137391  0.57990120939975220
  0.58968478548215819  0.59980990378328558  0.61028430208900419  0.62079595114601804
  0.63093985010341602  0.64128001858283468  0.65200747562564165  0.66319799507449595
  0.67419651121297641  0.68512515437579102  0.69575910327934898  0.70625929843404955
  0.71658939868754534  0.72690188077304185  0.73762082335486001  0.74809172377312472
  0.75916620179184413  0.77057019139130023  0.78205964031513198  0.79341308128652832
  0.80446226198668902  0.81550109545506644  0.82634162505893560  0.83675389793124200
  0.84673591069354559  0.85671482904129037  0.86667995333231573  0.87670800521539427
  0.88699474442259196  0.89689867595679973  0.90792204113032515  0.91823699989028584
  0.92891507276662821  0.93926635093923960  0.94938199174857929  0.95941025994318641
  0.96949810888250398  0.97985773300202783  0.99014459502191032  1.00000000000000000
   3.0530350299600116E-042  -1.0000000000000000     
 T T T T T T T T T T T T T T T T T T T T T T T T
