  0.00028274507833569  0.00033689260629148  0.00036319795600259  0.00037885055482852
  0.00039157367743496  0.00040182983532186  0.00041238510664231  0.00042286282167942
  0.00043429174168102  0.00044706228533727  0.00045855171562686  0.00047073943152264
  0.00048461571640934  0.00049846381934832  0.00050959942524281  0.00052092144111867
  0.00053337007756029  0.00054574213788026  0.00055838733173663  0.00057289059170721
  0.00058902159820966  0.00060678613726421  0.00062554202176767  0.00064495401986890
  0.00066503310496391  0.00068578229015574  0.00070670056865135  0.00072665171950053
  0.00074769145519409  0.00077004040432139  0.00079345980105781  0.00081790418450674
  0.00084238571815068  0.00086700038399189  0.00089268051918555  0.00091830597773813
  0.00094335119241439  0.00096918875897348  0.00099439676882940  0.00102043962921501
  0.00104632297026868  0.00107252974666413  0.00110398478991331  0.00113768452314667
  0.00117519067302185  0.00121924738694237  0.00126550188422372  0.00130866129292064
  0.00135179385466121  0.00140122163421837  0.00145605069651448  0.00151056698735418
  0.00156127491152346  0.00161751949216635  0.00168068960223428  0.00174685461305457
  0.00181590038719625  0.00189367632090944  0.00197465228417043  0.00205812827837624
  0.00214453024956536  0.00222416639950002  0.00230135659858914  0.00238386905667065
  0.00247123640788440  0.00256538940276894  0.00267680301962187  0.00280449218419545
  0.00293141980273628  0.00306672526131219  0.00319576578820186  0.00334309412459406
  0.00351840782078421  0.00371655634229076  0.00391486559434711  0.00416832405409429
  0.00444168365700627  0.00475179091464367  0.00510482932981485  0.00558907936388165
  0.00612195597778998  0.00666185955302458  0.00721481010195292  0.00777922664558673
  0.00835525139665423  0.00904396399721356  0.01016868670543158  0.01193350614990912
  0.01393622556441285  0.01648983704788264  0.01999740897497230  0.02454334859791880
  0.03088147934946299  0.04504195074997340  0.09234298437731137  1.00000000000000000
  0.00028805220246952  0.00101373214603013  0.00146924574354912  0.00185520405583770
  0.00213859815191994  0.00243659483120898  0.00280354162379868  0.00315204951045006
  0.00341737194185171  0.00365752992428296  0.00389601722185697  0.00418676347826412
  0.00450482330868952  0.00483406738461559  0.00520775480586868  0.00560817305879337
  0.00596022970924106  0.00622981501510119  0.00648450574274355  0.00680228560515066
  0.00720021745505769  0.00765624286997377  0.00815661455026271  0.00869099829133791
  0.00923473352669569  0.00983196581367548  0.01045582934183782  0.01108425835215101
  0.01171888943512451  0.01233535129525360  0.01296386245881645  0.01362822473948674
  0.01422628319729653  0.01473093942058823  0.01528589270288137  0.01589495387521938
  0.01656328459885451  0.01729966434138913  0.01807988420805904  0.01891000870365867
  0.01976566725861714  0.02065886553586241  0.02157337794155716  0.02244551956622092
  0.02336868722603488  0.02439214896300710  0.02539133242641121  0.02648197062830475
  0.02801616005973544  0.02963833511961243  0.03128942289836902  0.03304708069399361
  0.03485804578904662  0.03644423455044504  0.03800104197917956  0.03952453085164367
  0.04123733090955143  0.04316902724391215  0.04542802856664954  0.04817857080955544
  0.05106213635979272  0.05391416892924126  0.05687053415425383  0.05989348120567081
  0.06271134938497233  0.06572775702660345  0.06891230444207326  0.07223875973286012
  0.07569233481557114  0.07904313097520450  0.08251033879763403  0.08656239382873472
  0.09095872898293363  0.09533308538383284  0.09983821726738670  0.10495988299735518
  0.11030947527263987  0.11565441124298534  0.12165737595662608  0.12882030683404594
  0.13749570723296586  0.14722844587176642  0.15733698642561772  0.16788455400782307
  0.17840573970800802  0.19025081484726902  0.20372121732382939  0.22052366353164798
  0.24262949862447358  0.26983819932017228  0.30219994766666936  0.34146872006213769
  0.39057806542464929  0.50047379383463753  0.70287819958348463  1.00000000000000000
 -0.00018341185172559  0.00060193260673213  0.00168937882807798  0.00291446796537092
  0.00423654294052869  0.00557071885854087  0.00699203641638926  0.00849614555307057
  0.01014314357225788  0.01201506408750965  0.01396254022407136  0.01605241287990362
  0.01815773359202079  0.02024591752402637  0.02221363150166447  0.02404204443179576
  0.02603259061060770  0.02789069163975766  0.02967460281313535  0.03128158227848653
  0.03351405787401569  0.03606138081977107  0.03889975234946718  0.04201797047805039
  0.04500673509055747  0.04769100423520239  0.05038844803925622  0.05303487965635242
  0.05571288273816987  0.05830995568231005  0.06112041374703694  0.06441213588674362
  0.06839283114994781  0.07311245181809189  0.07729832258742099  0.08091558012150980
  0.08431194210616276  0.08759903240154454  0.09105321837583508  0.09482624050382957
  0.09866907561213244  0.10225881818533861  0.10589908913864007  0.11045988554471070
  0.11518294588785677  0.12005885397560191  0.12475606193587994  0.12984538072836924
  0.13562982379762636  0.14148162273066847  0.14712828426142183  0.15327692810066884
  0.15976040855421464  0.16580058263723219  0.17046061329217899  0.17584183897621214
  0.18330018631042280  0.19098441640501584  0.19968486904651450  0.20885251464478571
  0.21708477876373705  0.22478472048948983  0.23327357911057245  0.24323047486883581
  0.25436186044456160  0.26594668457307757  0.27754396003164994  0.28863669563540756
  0.30003222839250687  0.31099298048937446  0.32116728570318759  0.33068266278590930
  0.34052223667148368  0.35402514068708774  0.37086127802663060  0.38761448288640626
  0.40380552717809365  0.42088141564254355  0.43649143088866971  0.45190153017327356
  0.46684529391502605  0.48476022095252053  0.50793886356194062  0.53074899518931318
  0.55391419562030209  0.58144294131624696  0.60957207570872363  0.64703236409402232
  0.69155771126821031  0.72982472507344998  0.77293880219357536  0.82403770747858374
  0.87412371038386005  0.91757957332449469  0.95934583065272361  1.00000000000000000
 -0.00434881338265010  0.01440870034506666  0.02874085609975029  0.04132011267762849
  0.05337201949873482  0.06527715953065394  0.07715091736733051  0.08972644460602089
  0.10458184345324383  0.12142969846711911  0.13803539476115922  0.15371716435633245
  0.16750244518500826  0.17861896950129355  0.18981957753036433  0.20231082179004778
  0.21516752221909574  0.22682743834134583  0.23671166055534831  0.24616431841135972
  0.25636808403485717  0.26683254361922770  0.27661231663005226  0.28685348350865647
  0.29723636479101978  0.30826079207214052  0.31778068520299013  0.32530237015064789
  0.33189896565457261  0.33849906388772999  0.34692563193054660  0.35790956393756074
  0.36807769759646997  0.37879997993163644  0.38910399289832709  0.39993091727118346
  0.41106686285686117  0.42323506135514272  0.43543561303761236  0.44477011910358921
  0.45273998155947487  0.46030147114235792  0.46797614648350200  0.47637813319582012
  0.48558404467150623  0.49585561096114816  0.50636999033734831  0.51713516558154149
  0.52915791323716332  0.54230820034805993  0.55382677200076136  0.56269475062512542
  0.57144902186362379  0.57901415987001437  0.58894780955623405  0.59816767101996660
  0.60666712297659253  0.61506248957685372  0.62467123991033047  0.63505049560536542
  0.64668691769631270  0.66300041064315318  0.67855796170884497  0.69032918271638266
  0.70055601636986764  0.70940574003061041  0.71708526628228109  0.72527162092304776
  0.73490164217293608  0.74516875382971293  0.75455077952949223  0.76230170135237130
  0.77049761213137336  0.77917718390227453  0.78815891516719061  0.79912084337192646
  0.81135888357021813  0.82461661269013498  0.83586341170110756  0.84606493566725904
  0.85587218536693921  0.86616747976899600  0.87649444661809539  0.88659339125065373
  0.89765767441733768  0.90979598977292464  0.92071872488907247  0.92975322990610965
  0.93675007452754855  0.94596902191963450  0.95628253673620700  0.96515138497672626
  0.97375515678393121  0.98214123341399950  0.99091625705594510  1.00000000000000000
 -0.00490813924337938  0.04112598973296382  0.09131247138027498  0.16243142934523391
  0.29453288665533128  0.38988002662334448  0.45509927202493561  0.52593959299805981
  0.59730363358683281  0.65208841002267970  0.69218246754148294  0.72621219399651293
  0.75598527205850230  0.78184113757684848  0.79817627216406328  0.81131841440309616
  0.82454447880089610  0.83774336952684625  0.84941283678291712  0.85955591555942412
  0.86945518291257196  0.87911329699547636  0.88854166410203372  0.89629420740916299
  0.90295812675471987  0.90944207815602884  0.91577863919161151  0.92195460420917341
  0.92749249879596507  0.93241740735406631  0.93689628008954429  0.94075005092762243
  0.94415987775207666  0.94744262773798271  0.95050415185375903  0.95337164749894421
  0.95610469767787210  0.95878751454150268  0.96146022602816350  0.96403790144772827
  0.96623690821278430  0.96809242158401787  0.96973652431333257  0.97134487250644208
  0.97282640415938293  0.97418664350339990  0.97547930629991597  0.97669092091155396
  0.97781935712040835  0.97881035386232129  0.97971187244270608  0.98061347391507570
  0.98152650432868849  0.98240076325812753  0.98319145286556786  0.98393296303319144
  0.98465217770576374  0.98535706044450211  0.98604557573957308  0.98671263011979782
  0.98738733190654426  0.98807236436647161  0.98876944123704058  0.98946723216760191
  0.99012777327423074  0.99075629362570861  0.99131149385298922  0.99183206652547395
  0.99233881152192593  0.99284077006161875  0.99319887840637633  0.99353925185653091
  0.99388092936941008  0.99419492220443284  0.99449204761317211  0.99479983061015287
  0.99509999123604753  0.99538462829857011  0.99565790748621052  0.99592302549738887
  0.99617453724216620  0.99642663117602215  0.99668381332228995  0.99694263029138674
  0.99719871647208502  0.99744830150880137  0.99770572623290255  0.99793812094654955
  0.99818603641768766  0.99844254350370287  0.99870987667467148  0.99899688815338517
  0.99925421689763283  0.99950673754883457  0.99975523777210717  1.00000000000000000
 -0.00298914186507781  0.01079319566889821  0.02085089735263141  0.03139165968597455
  0.04279303641502535  0.05411426285618932  0.06354046656769577  0.07097231359336985
  0.07847020314232725  0.08718145445657889  0.09803373832528370  0.10942527515132269
  0.12006627720131337  0.12964144678339823  0.13881630694693797  0.14866655476158314
  0.15786512237127301  0.16858483388763018  0.17972557721200699  0.19054721507819403
  0.20051612051597145  0.21027111149804256  0.21969797354135187  0.22665056865340683
  0.23488726544937641  0.24370931791043884  0.25282236203543312  0.26290300117335630
  0.27427730622787838  0.28640533071298080  0.30070565727774651  0.31603541536205010
  0.32897288714848438  0.34011356107461588  0.34866010851152135  0.35586281843846035
  0.36481888601409990  0.37600197661099333  0.38590234907226806  0.39524248793279232
  0.40620391525847399  0.41873592805707793  0.43061419900346654  0.44040488949828810
  0.44863558497297518  0.45910924647526241  0.47262705017097273  0.48851343475799713
  0.50557031143280906  0.52243770096996311  0.53721356423674049  0.54829379768091446
  0.55712641762076054  0.56508023415732311  0.57264155462747413  0.57996689463611772
  0.58926669490734718  0.60064441530592738  0.61292080066184473  0.62521764569418503
  0.63704477317669095  0.64911616491047330  0.66149293310283896  0.67347757543255982
  0.68494854141876294  0.69603632045166552  0.70697536259130733  0.71898697788119303
  0.73150667814633452  0.74417495822679292  0.75570814835628441  0.76574797242280168
  0.77457157577057567  0.78283116320240209  0.79170981877590407  0.80090460492013382
  0.80952018799607139  0.81807493053437030  0.82811171569562636  0.83941128884035043
  0.85026399509434980  0.86171803882607956  0.87487365071786294  0.88985629389517618
  0.90070274209499468  0.91046697181166170  0.91963411036336951  0.92791263744642771
  0.93635249013903832  0.94414824962050070  0.95113978002524535  0.95919057647850059
  0.96773717647151070  0.97697703727032603  0.98643323872830146  1.00000000000000000
 -0.00031111437369186  0.00259327642999172  0.00567534052737494  0.99309238189191118
  0.99334386240715178  0.99347041849758499  0.99358367498637024  0.99368681885305943
  0.99377684681986989  0.99386213030300752  0.99394711368530009  0.99403261497656248
  0.99411959137004335  0.99420995656678457  0.99430455997972433  0.99439306657538340
  0.99446766827540845  0.99454272807173116  0.99461085792574422  0.99468135310031536
  0.99475736674491466  0.99483306350073097  0.99490725555045156  0.99498440613447581
  0.99506027252605833  0.99513440747439064  0.99520757456450859  0.99528082607802981
  0.99534972063152971  0.99541531570589503  0.99548113843244979  0.99555589746914264
  0.99563790786666950  0.99572036264789554  0.99580827438203945  0.99590174262151654
  0.99599008961640556  0.99606962411231592  0.99613573692189772  0.99619894047716240
  0.99627326530784788  0.99635549086889330  0.99644141507852291  0.99652796957404222
  0.99661195456901808  0.99669404699617536  0.99678013975866597  0.99686999008496568
  0.99695378132486745  0.99702302397418296  0.99707800010375547  0.99712509534940752
  0.99717435459985659  0.99722707394838084  0.99727913242594701  0.99733477304934670
  0.99740022760046121  0.99747711091153179  0.99755326236230923  0.99762325846550548
  0.99768790026844822  0.99774981878456515  0.99781290234377262  0.99788098428611149
  0.99795657934982118  0.99802860329826271  0.99809262333906001  0.99814961587510198
  0.99820324926334059  0.99825872769572921  0.99831896806893083  0.99838209929190702
  0.99844565205135261  0.99850937458574074  0.99857168168988053  0.99863213886640290
  0.99869249554841921  0.99875043218306025  0.99880932981351223  0.99887102590191246
  0.99893410228600632  0.99899906339684996  0.99906312775088268  0.99912586543994619
  0.99918893341948267  0.99925626275557378  0.99932418662968847  0.99938666095042517
  0.99944298821058020  0.99950032726295002  0.99955686922169373  0.99961702217452186
  0.99968733110060692  0.99976973635582966  0.99986995488648012  1.00000000000000000
 -0.00328875710564517  0.01095276235446442  0.02379681713393937  0.03531070462154426
  0.04588856753801436  0.05447385281535068  0.06315135667488533  0.07076527735059704
  0.07852543803456513  0.08622471764770129  0.09467755352924663  0.10342226650474089
  0.11370984840061782  0.12367796049933208  0.13378866603729173  0.14299597228770997
  0.15226080303494705  0.16140103962924168  0.17078914374732235  0.18052681154512551
  0.19083356560649217  0.20083847059837764  0.21041965906314156  0.21986307306320660
  0.23030336661049858  0.24089892398517745  0.25064227762955116  0.26034699656466725
  0.26965788598571538  0.27725369758081392  0.28585407131561186  0.29495411181441444
  0.30462881247550533  0.31621139368563494  0.32917212980159827  0.34189334023748169
  0.35504033483979053  0.36602854692305886  0.37772719268364963  0.39150766859206204
  0.40641171639287094  0.41763878425658030  0.42672336271431460  0.43444984126056180
  0.44092258744492746  0.44752517479996667  0.45762578448448715  0.46896067797703839
  0.47996480013351212  0.49016216753936442  0.49834527703553694  0.50758899635465093
  0.51745117995261569  0.52788939522946876  0.53925109718743891  0.55129555668053876
  0.56279893732762820  0.57449484102982284  0.58799891250444480  0.60195976174693966
  0.61572693595773498  0.62761077517866215  0.63619492649577813  0.64437984689913730
  0.65325829723479212  0.66116330050478167  0.67004863386748026  0.67932547329905324
  0.68956823028806546  0.70040939576852823  0.71056002195624213  0.72286196725948615
  0.73396798539280361  0.74470075467793950  0.75499081787918854  0.76500708980595511
  0.77583871422300799  0.78787439135271409  0.79910878307933708  0.80972004474642278
  0.81990990148259313  0.82972105729095913  0.84086684351397412  0.85233298716819073
  0.86340490856916807  0.87467350687736145  0.88471601476414008  0.89535587248776560
  0.90680361205681803  0.91894901398269313  0.93214682052310027  0.94557078088577662
  0.95883215102642871  0.97113895584372467  0.98520573363309116  1.00000000000000000
   1.6968039300478535E-027  -1.0000000000000000     
 T T T F F F T T T F F F T T T F F F T T T F F F T T T F F F T T F F F F T T T F F F T T T F F F T T T F F F F F F F F F F T F F F F F F F F F F F T T F F F T T T F F F T T T F F F T T T F F F T T T F F F T T T F F F T T T F F F T T T F F F T T T F F F T T T F F F T T T F F F T T T F F F
