 -0.00625178888195627  0.03440712148390455  0.05958548678455546  0.07926680670293886
  0.09622003832874584  0.11160202628030494  0.12580209665563519  0.13919094710943805
  0.15180112829614964  0.16391267790037611  0.17547267335287803  0.18671593461293884
  0.19753320578802830  0.20812361329454590  0.21836050763669082  0.22842600882710765
  0.23821955511329299  0.24788149287912872  0.25734730097985675  0.26668162866184381
  0.27585423548663823  0.28489074041415274  0.29380635657205417  0.30261188146603607
  0.31133786378980333  0.31995723178260999  0.32848692861254986  0.33691876352486738
  0.34525746657289058  0.35354062824610988  0.36176354181431486  0.36994008505245835
  0.37806859815234062  0.38614183499163796  0.39417835175273480  0.40216629796705661
  0.41012007069427991  0.41803797574117729  0.42591823435232856  0.43377524020910163
  0.44160640747057950  0.44941458292213549  0.45719911186627687  0.46496314048265863
  0.47271491923379927  0.48046364137905873  0.48820586327959470  0.49594841914584681
  0.50368549634632021  0.51144191384421578  0.51919731078864806  0.52696346374506164
  0.53473076853206614  0.54251404201780740  0.55031150552321506  0.55812207829302185
  0.56595269823604932  0.57380521175865751  0.58167765586543441  0.58958210389643961
  0.59751870428144949  0.60548915520732771  0.61352055394833793  0.62158492072367788
  0.62970980846698210  0.63788495375742449  0.64610681573540996  0.65439725142736449
  0.66274330739035747  0.67117163349677911  0.67969090673486443  0.68827659633456895
  0.69696161245643062  0.70573532656086579  0.71463303991160310  0.72365240738486625
  0.73279679679779752  0.74209725714477515  0.75153993021278542  0.76119135277704086
  0.77099499512643765  0.78105194835928426  0.79128695699038099  0.80184799768771853
  0.81264846635490551  0.82384640548371157  0.83538576831193301  0.84746368803053285
  0.86005515866934212  0.87332914507562764  0.88745468380486281  0.90276358845554838
  0.91966263652020830  0.93905454770837837  0.96405190247640871  1.00000000000000000
 -0.00248476405713849  0.00954015553049756  0.01964603669469247  0.03016662333071521
  0.04076974257469976  0.05139387623241728  0.06201649940932741  0.07252881197928306
  0.08305356484009130  0.09348571135441852  0.10393220581076908  0.11443833161476127
  0.12487890731641513  0.13552424633838658  0.14607976952510454  0.15663817217173828
  0.16722590372037938  0.17779336380215233  0.18832170870942025  0.19865378605735137
  0.20909434140235958  0.21970797869083261  0.23032500751998625  0.24089728583979408
  0.25140144097587397  0.26192723261988998  0.27253494689522145  0.28317866931501701
  0.29378504584598691  0.30427675799559389  0.31466259147679654  0.32509099999938706
  0.33549960876931639  0.34607503425655106  0.35666399869967880  0.36728895389131894
  0.37786957006622240  0.38839296339164037  0.39895887687118131  0.40957089985651690
  0.42026219090940053  0.43084770071627665  0.44139160393529719  0.45185611755750232
  0.46232444669387307  0.47276225442228414  0.48327418240778031  0.49396707384323374
  0.50456838048471964  0.51517441826907129  0.52563566162718423  0.53625472555895382
  0.54683466283954862  0.55766175753667502  0.56835302805415189  0.57904692606082153
  0.58959395610810539  0.60013498688389322  0.61063412857200772  0.62104461287839785
  0.63146219129128744  0.64190395287279112  0.65237968912330935  0.66294109559500392
  0.67344446269208580  0.68395206605332293  0.69439407214404025  0.70493404098202916
  0.71539671007931704  0.72582449214090661  0.73626415809646062  0.74677975165958077
  0.75743243222870793  0.76807757656955755  0.77859117805651512  0.78908968896477594
  0.79953112046982189  0.81014890196173894  0.82068056673159928  0.83125721560907229
  0.84188346354501908  0.85253393030841573  0.86314421944691255  0.87362778943743602
  0.88413121142989115  0.89456813057837958  0.90502853691912322  0.91558723389730978
  0.92622342859353324  0.93682627163121002  0.94721819401602214  0.95767955578636010
  0.96827223865375323  0.97891473261635198  0.98946100604258291  1.00000000000000000
   7.0941923097435066E-009  -1.0000000000000000     
  <DiscreteSampler_grid>
  Helicity
  1 # 1 for a reference and 2 for a running grid.
  20 # Attribute 'min_bin_probing_points' of the grid.
  1 # Attribute 'grid_mode' of the grid. 1=='default',2=='initialization'
  0.0000000000000000 # Attribute 'small_contrib_threshold' of the grid.
  0.5000000000000000 # Attribute 'damping_power' of the grid.
 # binID   n_entries weight   weight_sqr   abs_weight
    1   25   1.601939070011166E-011   4.605433751132693E-022   1.601939070011166E-011
    4   21   2.061128913897753E-012   8.819873111571246E-024   2.061128913897753E-012
    5   11784   2.041955242558598E-008   6.489660543664620E-016   2.041955242558598E-008
    8   2183   3.732269092289566E-009   2.164617458056064E-017   3.732269092289566E-009
    9   25   1.162013938855001E-011   3.056778725933957E-022   1.162013938855001E-011
    12   22   3.237087037952326E-012   1.667190149180702E-023   3.237087037952326E-012
  </DiscreteSampler_grid>
