  0.00277581454780777  0.01494457597063122  0.02745795761646998  0.04003463728164468
  0.05314242977641038  0.06545367339810886  0.07729122080980709  0.08876872394868461
  0.10035280978240217  0.11106313348541724  0.12204000847652531  0.13346870616311535
  0.14582235963376727  0.15881873152879669  0.17134745229609621  0.18323713367528310
  0.19541484620999583  0.20795562190712341  0.21981585508453130  0.23115361770729492
  0.24161553286128873  0.25172582191512999  0.26141225813456731  0.27074260878563700
  0.28013015374729910  0.28958481784481299  0.29903113536969067  0.30812913444126971
  0.31766575119104462  0.32739829049381580  0.33892677304221352  0.34970791135777846
  0.36076978214118460  0.37132149990617036  0.38141880905400122  0.39086742479713071
  0.40029048024395691  0.41011376741685424  0.42122429811075390  0.43295188839820137
  0.44381278028658816  0.45417979397483327  0.46367307825755538  0.47389075378045342
  0.48384751786092151  0.49390957379076456  0.50444520226350398  0.51485296163577976
  0.52507423942170783  0.53519701778680051  0.54525850375553553  0.55579126927019717
  0.56631203929288687  0.57790649388827542  0.58811738564633309  0.59797173379254431
  0.60794828124621614  0.61738680709757532  0.62792453980201901  0.63764902536270085
  0.64706158978861417  0.65714345966126331  0.66831414085684626  0.68090487500362862
  0.69411038547420811  0.70683018597547020  0.71845208609184996  0.72899838377156623
  0.73903470820205475  0.74888618914336624  0.75895061121527374  0.76862310728960259
  0.77909447768336182  0.79029569026157487  0.80182701402046164  0.81187118233167821
  0.82138568245477106  0.83080079127223450  0.84080816445474515  0.85055495286431160
  0.86034818823206860  0.86946334990943575  0.87918381250612421  0.88810522925102275
  0.89772354965280288  0.90738120012196199  0.91741494095335108  0.92780490166600593
  0.93917143535929060  0.94948344308704824  0.95892871652635947  0.96835924985484600
  0.97708185334563313  0.98543184010610207  0.99216023794909025  1.00000000000000000
  0.00131330943573873  0.02237444341757951  0.03981996534859580  0.05324011021451447
  0.06374693996757112  0.07337228181546636  0.08269427045842016  0.09227450307030192
  0.10267551892922377  0.11355087035466872  0.12488820631410132  0.13677283779536689
  0.14944516586347054  0.16232100943500602  0.17364092076760029  0.18363700294750662
  0.19412304641349418  0.20508396014074826  0.21605142191430296  0.22646499128114816
  0.23673779481685112  0.24707913885829932  0.25730907807984948  0.26716225451638137
  0.27675302601049034  0.28638728806553793  0.29631554533281862  0.30723281315539447
  0.31706889505561681  0.32694694441747957  0.33639776981850983  0.34518438614269187
  0.35401663039283499  0.36280545063567071  0.37230491629745494  0.38274172324895533
  0.39293973497214113  0.40396340011286763  0.41423978067333894  0.42385530345780825
  0.43331021122915425  0.44355872833667176  0.45430661185074672  0.46466562085004326
  0.47442227413876675  0.48415636689685371  0.49413240246592610  0.50455040129306639
  0.51548681677412100  0.52672959771054217  0.53816079274747020  0.54924244982089743
  0.56024625705762099  0.57130235561556897  0.58216225056500293  0.59339639024140867
  0.60458767635585653  0.61602196367885420  0.62706583458177434  0.63745436999960592
  0.64742476235867141  0.65803750406709793  0.66883665932264502  0.67884070857181278
  0.68803492557273560  0.69719772246540335  0.70668940574442707  0.71644654562107846
  0.72545132952806868  0.73486299583209236  0.74355510426018656  0.75298175877382567
  0.76327199194957418  0.77481344977393318  0.78747589190231404  0.79849952490947163
  0.80847923854420889  0.81764404706064198  0.82690117416753273  0.83756525900908363
  0.84765516602474955  0.85630224522406806  0.86579353400306713  0.87516710991119395
  0.88499963630353506  0.89468091715661402  0.90429868334774910  0.91321961485821002
  0.92275561188012467  0.93194062802872080  0.94196727177274353  0.95273346659811520
  0.96436791098901919  0.97548847842522179  0.98765378921921643  1.00000000000000000
 -0.00494056369109911  0.02491672346696200  0.04798015182670823  0.06789944140447299
  0.08514589352275800  0.10056765110524066  0.11521928870542214  0.12955559503390476
  0.14344565350983277  0.15643458688165798  0.16856740672120610  0.18017169826675453
  0.19213513541653182  0.20419433046164412  0.21532318312271473  0.22571493255521727
  0.23624551509661174  0.24709034640206104  0.25771337168815817  0.26773511251668120
  0.27816658651128262  0.28917174871322454  0.29985036481999927  0.31005873871251144
  0.31917057923433589  0.32828095816984770  0.33733103720047580  0.34691752900752171
  0.35612949997640725  0.36493589618844569  0.37363718938938756  0.38258029974635532
  0.39235652336173232  0.40233675768290600  0.41221099168442737  0.42192892568220436
  0.43146036211311284  0.44168730157706254  0.45196136740741255  0.46224861865302802
  0.47160614340612494  0.48049589865077341  0.48927432274785715  0.49823755703294387
  0.50806283259100393  0.51818196882168888  0.52815354011477922  0.53755224981518490
  0.54665657309616822  0.55500502299772680  0.56379127551047592  0.57294562338957333
  0.58312814272740299  0.59308057021729244  0.60302272484815778  0.61200822689135181
  0.62093056199424790  0.62913301126575205  0.63708557496466045  0.64526942579495439
  0.65387605478172206  0.66166135512988067  0.66963223744521583  0.67811619241875010
  0.68757190964263792  0.69873028245005520  0.71035120785678052  0.72142181031783637
  0.73237869231539909  0.74396195302236667  0.75457807929113641  0.76451519714733429
  0.77427832839431154  0.78369711459197944  0.79320664640749194  0.80252461927063179
  0.81224571339226692  0.82301862235550338  0.83372308031944897  0.84367631555009048
  0.85345230610289224  0.86325395958377737  0.87261526939365275  0.88236220172368596
  0.89266066848922543  0.90241204863885494  0.91263753076087495  0.92213735679397646
  0.93267947602458923  0.94285629590958364  0.95316144354097132  0.96303429683056629
  0.97280410899196068  0.98192807794570292  0.99113944121435171  1.00000000000000000
 -0.00302444024268019  0.01106056297270104  0.02204665232662013  0.03262764055011358
  0.04310727731709377  0.05383654813767968  0.06482556146008776  0.07538108317191464
  0.08533896656108832  0.09424337859744003  0.10295523693415289  0.11227236931315378
  0.12157503655200572  0.13029840794022149  0.13937193622785174  0.14938026963774459
  0.15870459818479604  0.16750730932277269  0.17647000583057282  0.18590508941086289
  0.19651469886156228  0.20759531690070029  0.21911801412080226  0.23063373423538683
  0.24201414091928367  0.25307093729387831  0.26397898471075792  0.27490763091519921
  0.28654097597103234  0.29849222644333495  0.31078097994784099  0.32313380971858358
  0.33488773198486399  0.34620319722819592  0.35732171972270244  0.36723800622678232
  0.37641365594463327  0.38510544097997251  0.39417788802557646  0.40383227567683538
  0.41370278703600655  0.42412754691522614  0.43445177824868358  0.44426175648181709
  0.45445946480004651  0.46433634916453270  0.47480683347184782  0.48599023292196508
  0.49752928161931581  0.50850114861200135  0.51884283886769089  0.52930939756508055
  0.53974482168347826  0.54972763472292197  0.55990979095517568  0.57011673793315565
  0.58126701603733044  0.59048007365436461  0.59970463369474380  0.60878973825910687
  0.61824061112787632  0.62712165942503251  0.63603560955962157  0.64572025884988704
  0.65708802866603244  0.66861886034045437  0.67978161793605474  0.69273557071212510
  0.70641741185502127  0.71970775110996210  0.73245916139370137  0.74480725768395373
  0.75682338891495071  0.76863317868396586  0.78005586445575892  0.79083890350399855
  0.80144995115460693  0.81152396153591055  0.82132448549026404  0.83084704201153259
  0.84049258323656773  0.85030992569184638  0.86030932819203154  0.87052473914163475
  0.88079267719340237  0.89094718889960745  0.90081903938484054  0.91124469545170750
  0.92244961864925146  0.93511469881055864  0.94776720327198172  0.95964668003310938
  0.97000706751670696  0.97996541087184830  0.98967932353582833  1.00000000000000000
 -0.00262841326782678  0.00987330778507642  0.02032600350089116  0.03077511840494470
  0.04099590084806128  0.05127218151938237  0.06165627281775837  0.07243369769219142
  0.08376786380668273  0.09518544411680818  0.10624094983388668  0.11655555824200589
  0.12679845480735968  0.13719474642290264  0.14825318476163574  0.16017581476888648
  0.17173189248736345  0.18213780124541304  0.19194832207817203  0.20160935345966904
  0.21095554726424318  0.21967403412303668  0.22802649662107047  0.23579210106134590
  0.24314763192820643  0.25047696078119142  0.25820390671938370  0.26669164853133209
  0.27632950313361854  0.28676104622890791  0.29701512106113948  0.30728194278540238
  0.31742834989033686  0.32773912476071093  0.33841324807525647  0.34909354158569877
  0.35865182302363907  0.36712069487923410  0.37596328302758386  0.38570019979824222
  0.39598747867554962  0.40589202419100373  0.41489644584147306  0.42433608523415850
  0.43424174353106071  0.44384011795406275  0.45312755359190476  0.46216395362775647
  0.47025728952446022  0.47916391452957507  0.48751758977605120  0.49582480053114419
  0.50427489539523074  0.51332456292939554  0.52303303220033526  0.53343934974520391
  0.54442860929623338  0.55583950202058396  0.56697763058759598  0.57720674514391235
  0.58677903363050887  0.59592642051094202  0.60514536949821696  0.61439932758648019
  0.62401611441028915  0.63351708461484135  0.64373672561796536  0.65403012351327516
  0.66436250882350867  0.67402546212600800  0.68395554498729128  0.69477781255825055
  0.70546857506520166  0.71518129614694148  0.72439573663466128  0.73458968836065885
  0.74580565168607038  0.75715303422563074  0.76790486201437025  0.77868620471224714
  0.78921475761893933  0.80007212635183489  0.81071098018067655  0.82121602631966395
  0.83207609281513328  0.84334888622679305  0.85443291418679201  0.86574634606294743
  0.87878918248469973  0.89473911368977532  0.91141905082959374  0.92619985031481200
  0.94079690831525931  0.95712206852154402  0.97610754467869643  1.00000000000000000
 -0.00232106803811936  0.00909393810919419  0.01948024421784355  0.02979570067559578
  0.04085019827732552  0.05134496903191823  0.06198245012039726  0.07162262287465453
  0.08144282484187750  0.09102206047636160  0.10076277822864005  0.11109496086811819
  0.12144613096956000  0.13189574141712870  0.14229775811354864  0.15312065018389215
  0.16380023564039706  0.17281855237649127  0.18087550660373100  0.18880648583710014
  0.19666994555368830  0.20514034578904858  0.21411058467456806  0.22391119232053092
  0.23540682195895327  0.24701332903921716  0.25746633867265262  0.26795130647797843
  0.27905096197726137  0.29096573245830515  0.30295962649356117  0.31464913355149932
  0.32615866842679364  0.33731510898700634  0.34862319622390597  0.36065585289784430
  0.37248263888420458  0.38416554352805837  0.39482879530560033  0.40575980962016656
  0.41658655173821413  0.42711994936109177  0.43744197942257707  0.44812181248725796
  0.45875958725675364  0.46984122236344072  0.48056286457378006  0.49143385855817501
  0.50305817032677724  0.51479563938989736  0.52488196210877092  0.53335814927698588
  0.54058152777480761  0.54913071325383178  0.55785138057996797  0.56926568928299826
  0.57919178999727905  0.58915381599303929  0.59919634800440424  0.60949604576727301
  0.61932658387425421  0.62913989315871954  0.63936177839158348  0.65043471868714020
  0.66199807862312221  0.67295601790601212  0.68369040893957223  0.69449760834400287
  0.70580063744974297  0.71745650343353651  0.72911976281617707  0.74156683199312701
  0.75399431567273345  0.76646905717545277  0.77845804425872822  0.79106541393882446
  0.80396509749808787  0.81627576694266413  0.82811830957286103  0.83959784559878636
  0.85117866276829701  0.86179950884301315  0.87192770375497664  0.88241417248518872
  0.89363314121092197  0.90392028059162910  0.91300966504358239  0.92238061232098090
  0.93219120177237713  0.94247491638237768  0.95337896436511582  0.96378701143049783
  0.97339826290608522  0.98244340227446203  0.99096435511143821  1.00000000000000000
 -0.00607225160868983  0.03510470277747158  0.06809714069778311  0.09996312947254676
  0.13231276070713469  0.16123105323099915  0.18782988692544461  0.21412356564514767
  0.23950406094347659  0.26294316603270851  0.28595688739609554  0.30870637173634202
  0.33029461254442816  0.35162080947950480  0.37191446586342275  0.39088571397223837
  0.40976515620179965  0.42678939244538955  0.44339052630841685  0.46048941546580602
  0.47791786137324049  0.49546921122942283  0.51220766263570239  0.52762745852677750
  0.54210758222375000  0.55640012720666088  0.57070639688228275  0.58521550346245466
  0.60032384345685708  0.61556318595099346  0.62972425571313972  0.64236442538029681
  0.65399614676179652  0.66530652413394120  0.67596080954732074  0.68644860937470742
  0.69697435040924671  0.70748119852034108  0.71781550614588496  0.72775967894115723
  0.73681475808278918  0.74613068372041835  0.75574079000122907  0.76453503720362714
  0.77261499474683515  0.78060445040391235  0.78875281068169334  0.79682415232354764
  0.80457894770287153  0.81197341048309091  0.81891740145976932  0.82566351051915776
  0.83202929494955435  0.83819594596498304  0.84422285218136695  0.85011850520757404
  0.85607060368119103  0.86194263201441101  0.86788219082429652  0.87392342920884769
  0.88005676484504503  0.88565162385355245  0.89135968583905734  0.89639558242064354
  0.90111406934996052  0.90558493043405208  0.90993984202074629  0.91419973375848951
  0.91844890815820712  0.92284197840845794  0.92715362772410892  0.93143651979043152
  0.93576118321309176  0.93981618624555752  0.94359183116717171  0.94721725276542601
  0.95082580642274828  0.95448925556909403  0.95803145284687918  0.96111801089823790
  0.96388080230813566  0.96685134882279389  0.96973067557756931  0.97261180874321140
  0.97546663557712998  0.97818499476533782  0.98065884421548744  0.98317173878539610
  0.98561173318097262  0.98800234292557143  0.99036970458323181  0.99267879906164258
  0.99465766300899783  0.99651279199243237  0.99828569350534435  1.00000000000000000
 -0.00183215257031743  0.01079794150650857  0.02300466080162715  0.03492810290514300
  0.04585465986657083  0.05657761690059973  0.06727987134592620  0.07862534147637229
  0.09183817915793062  0.10512978581856930  0.11863828496787023  0.13037504303796404
  0.14164041371763872  0.15222497282249989  0.16273962980285964  0.17336696642141056
  0.18379405751470757  0.19418191808096830  0.20461925400311318  0.21486242001361719
  0.22533567568282512  0.23640993808424435  0.24747014463837322  0.25703537290871609
  0.26604048987300233  0.27470150253036635  0.28353287357240242  0.29277168400492215
  0.30202633230772385  0.31112709251656062  0.32175657706421934  0.33371817780692847
  0.34561988949652411  0.35754844362386357  0.36869554469990490  0.37948868283053339
  0.38993472860998873  0.40027539897080938  0.41066907169252559  0.42158583906820007
  0.43307663342488345  0.44442136331221777  0.45548812267450028  0.46602744056366330
  0.47614611049283745  0.48583994375120876  0.49505801103265468  0.50446240178079893
  0.51318035879632584  0.52133496617390518  0.52990462790679616  0.53886784392086273
  0.54843520514057542  0.55790285789391159  0.56782933456126927  0.57802888131365193
  0.58824016385132061  0.59849306231774502  0.60962829607016544  0.62059305159836553
  0.63068666307757415  0.64038847671381149  0.65069422825210577  0.66131702417532046
  0.67154303880296951  0.68154180641908946  0.69171844557852125  0.70226302366500393
  0.71300026397796845  0.72423594377152978  0.73615687042085698  0.74779299415703404
  0.75829670298864327  0.76823092184614783  0.77873431388606473  0.79021187892136191
  0.80233230775031594  0.81476300696350479  0.82674861888954532  0.83789097554499170
  0.84812802808890075  0.85879688695004808  0.86983029912356158  0.88122358859111916
  0.89293902245813550  0.90366022833434878  0.91383436580972255  0.92306730957970717
  0.93226882623584795  0.94187349216896343  0.95192695205188571  0.96217943669579276
  0.97179242757400330  0.98087291697368240  0.98993320390682549  1.00000000000000000
  0.33682635653722864  0.55538677250867396  0.60990458809134784  0.63410967855775169
  0.64959218275606068  0.66116774150001589  0.67123405553133064  0.67952977214948307
  0.68692980196646691  0.69388701192015068  0.70070427156689297  0.70716653571963328
  0.71306700919260901  0.71849041777893630  0.72374946077092561  0.72873618797963058
  0.73352730089303142  0.73820117088819226  0.74281326817728888  0.74731445550564712
  0.75162808924426316  0.75588365954914172  0.76010858621078237  0.76427453514400712
  0.76837603487168882  0.77236671366563825  0.77630344753229330  0.78025398493660003
  0.78412887586261049  0.78795072545248179  0.79156304896026297  0.79508982313817889
  0.79856596900783761  0.80207177385904704  0.80568729319757870  0.80930607110809438
  0.81285909311286797  0.81640982412901797  0.81984854808497087  0.82322864905005677
  0.82637849445448985  0.82952589641410690  0.83263876107112511  0.83577729243182353
  0.83899022485467278  0.84222784928739591  0.84550224781272654  0.84875461110571304
  0.85191816586386926  0.85521313642850405  0.85841135605278684  0.86151814629079926
  0.86458228622954236  0.86767212951373318  0.87075007488988332  0.87388154687622588
  0.87686707611316128  0.87993678468924519  0.88316958404284451  0.88627717042894982
  0.88938424180041087  0.89237908931646848  0.89535429407321343  0.89824443992595082
  0.90106312208739969  0.90397605310495943  0.90697467605644444  0.91018159938426413
  0.91330339723713161  0.91636178447481775  0.91924859355420352  0.92213185965337030
  0.92498784761098274  0.92787691818188722  0.93054089062714318  0.93348921509051697
  0.93652494393829966  0.93972212890188822  0.94294924917785006  0.94623891622801015
  0.94977164584242679  0.95329889822415981  0.95628512791379083  0.95913881648989019
  0.96215212293774477  0.96536596918926354  0.96848536673648999  0.97137865482670105
  0.97429725675360390  0.97726175959096406  0.98034681952078861  0.98374828247744539
  0.98740748902124720  0.99127718473941062  0.99566546813814161  1.00000000000000000
 -0.00838951218347297  0.06035263451602861  0.08991770363044008  0.11001815835029972
  0.12519065766801962  0.13792804934955577  0.14913796425042269  0.15915212425950034
  0.16918268656492022  0.17919313381840227  0.18924750252518710  0.19891690368933790
  0.20811872478305998  0.21695163382918697  0.22506157017973474  0.23293704685373179
  0.24096513656886995  0.24925318167323476  0.25808900599825563  0.26710875168577580
  0.27623756004453592  0.28536123023903759  0.29419744347104038  0.30297343350973438
  0.31163019054757168  0.31952652805475062  0.32710760793796545  0.33507177996243093
  0.34347851382164035  0.35197521231885887  0.36035907889659058  0.36872090391374629
  0.37673194500535212  0.38411712723904090  0.39127494839286248  0.39815180664337635
  0.40574109483288645  0.41400412684768839  0.42262278108932683  0.43123114505952931
  0.44058528142814335  0.45098278092585053  0.46036768400908135  0.46870796475146148
  0.47622625610125080  0.48355345672622102  0.49109638537900890  0.49896881468139137
  0.50788756607011909  0.51647384270911845  0.52574272292110125  0.53540478107924050
  0.54454331907324782  0.55273775235057299  0.56091190941659130  0.56898524524920946
  0.57684966076990485  0.58493316066817691  0.59285191863376019  0.60118786304362903
  0.60969767019098253  0.61856921445549062  0.62645478591098569  0.63501147844044925
  0.64392981867189092  0.65360540051070581  0.66368933718075340  0.67332201893265708
  0.68253987892227741  0.69132078473232494  0.69944644985584936  0.70722676450454613
  0.71486344043055161  0.72237890276479633  0.73010975970781489  0.73756462697495695
  0.74513675799845536  0.75326088392307600  0.76209538264183263  0.77103649465080948
  0.77945014515775113  0.78791019019461639  0.79597441584926187  0.80417089690142551
  0.81261328145296607  0.82170311590026268  0.83170874384950377  0.84216852151133692
  0.85253248312940078  0.86332538954809279  0.87551203688642942  0.88909110292644622
  0.90331241999761414  0.91915678355240693  0.94218877915223764  1.00000000000000000
   4.5299781052358086E-007  -1.0000000000000000     
 T F T F F F F F F F F F F F F F F F F F F F F F F F F F F F F F F F F F F F F F F F F F F F F F T F T F F F F F T F F F F F F F
