 -0.00000001017224159  0.00000007622159067  0.00000014600168114  0.00000023716351581
  0.00000033450714050  0.00000042209312796  0.00000052006674961  0.00000061820879985
  0.00000070738250391  0.00000081017043656  0.00000089919403668  0.00000095603601798
  0.00000101256127928  0.00000106721652993  0.00000112625564531  0.00000118186465221
  0.00000124408950059  0.00000130379495331  0.00000136480883219  0.00000142798874318
  0.00000149829812104  0.00000156040118743  0.00000166023948801  0.00000176229201247
  0.00000185894959752  0.00000195675719858  0.00000205885449678  0.00000216695610170
  0.00000227124172529  0.00000237466392032  0.00000248456772971  0.00000257007175295
  0.00000265113975412  0.00000272425126442  0.00000279722827631  0.00000287604544301
  0.00000300451567175  0.00000316345884975  0.00000333680348167  0.00000350802370160
  0.00000368672799783  0.00000385587592549  0.00000401154353930  0.00000418032054608
  0.00000434278975437  0.00000451588436816  0.00000469972283701  0.00000486099386936
  0.00000500603783100  0.00000514628609557  0.00000528178919430  0.00000540722270321
  0.00000552970115080  0.00000565540230838  0.00000579487127090  0.00000596091994766
  0.00000612242245683  0.00000633515842019  0.00000656065543257  0.00000674447906904
  0.00000692476880895  0.00000707866931106  0.00000722766496863  0.00000737410250014
  0.00000753910693261  0.00000771267212229  0.00000786690662519  0.00000805460397556
  0.00000824940227414  0.00000843019813176  0.00000858570955680  0.00000874032200632
  0.00000892257847686  0.00000914390631713  0.00000932613338545  0.00000948130514094
  0.00000963887511107  0.00000978380052407  0.00001010201457635  0.00001038963824944
  0.00001062954790780  0.00001083565444627  0.00001105930490072  0.00001126388997323
  0.00001145632001630  0.00001164969049012  0.00001185901217921  0.00001204551994616
  0.00001221040887489  0.00001239648230782  0.00001258945496779  0.00001331228819506
  0.00001418492474527  0.00001510965795849  0.00001631329123612  1.00000000000000000
  0.00394484539288864  0.00954708804724312  0.01870705816557334  0.02972380685223957
  0.04265165318100939  0.05295593554334910  0.06402289855637566  0.07718877102819528
  0.09275414577732222  0.10527629935138756  0.11424096180947764  0.12185811563152991
  0.13094847479590246  0.14130469197587323  0.15218254313592300  0.16648440093204470
  0.17852215788791315  0.18633252364917577  0.19325562146094119  0.20120731773632275
  0.21055484079362269  0.22095351738858132  0.23165916374544385  0.24227040531501062
  0.25316458379743323  0.26431758982061454  0.27636564804257308  0.28989623816590171
  0.31009090926281196  0.32476751369305151  0.33894437475501077  0.35121206268525834
  0.36324195422654948  0.37443352276164699  0.38466299944849247  0.39271481069547109
  0.40047283638852327  0.40767704634761642  0.41629059377614624  0.42829929245204612
  0.44401028509853868  0.46333961363411053  0.47796995440041140  0.49107900913716190
  0.50390561684629409  0.51688167709601829  0.52784435620639825  0.53776727398703950
  0.54499554646439274  0.55136654754105485  0.55599306805148418  0.56153748657688851
  0.56902821398921233  0.57805783289108648  0.58706070493392049  0.59600249872064703
  0.60627570245661699  0.61980933687558226  0.63392410963919632  0.64859051124817113
  0.66305560684935494  0.67506735676052065  0.68516118549553040  0.69636257741807572
  0.70342426499774546  0.70946180932962100  0.71555380274162739  0.72167580029330614
  0.72781964071073912  0.74444656777974416  0.76885899724293927  0.78567103160220397
  0.80136101472338384  0.81392970051355995  0.82418743824277629  0.83437268885175564
  0.84720100081413385  0.85932877017415610  0.86776604108940569  0.87525357923343561
  0.88128063080888075  0.88560217462556323  0.88828566087927052  0.89092704339434980
  0.89479521023836661  0.90155856015332958  0.90741285905586411  0.91397061130580060
  0.91906803503577617  0.92377115887344474  0.92957151056487386  0.93749142789557605
  0.95365875782269049  0.96528101798731469  0.98460748800886677  1.00000000000000000
 -0.00185942756222293  0.00937240059048322  0.02103826337263071  0.03202615263184067
  0.04033854838916563  0.04718182453967246  0.05414772445175113  0.06395053193731319
  0.07740383575515745  0.08912593953108514  0.10129215319495594  0.11143911914141631
  0.11867817156701051  0.13100895230624529  0.14453579148536050  0.15825094734668627
  0.17514060506423568  0.18698827485150615  0.19599449782643955  0.20394515710183803
  0.21108011869780480  0.21795520242067337  0.22365786557329692  0.22830458177810259
  0.23266298229328003  0.23721454490237595  0.24116115015604814  0.24632796866458367
  0.25250383634767964  0.25773728321839384  0.26271549579799242  0.26531781591306469
  0.26806585623454038  0.27181462378989740  0.28070403868095389  0.29008188352541397
  0.29932765135176231  0.30821611316588671  0.31945733149142358  0.33228763219219210
  0.35016229861265202  0.36214380725982459  0.37427532480574255  0.38642396474047308
  0.40026349921345167  0.41247851856501161  0.42423219999808370  0.43199206975402055
  0.43955711637307493  0.44572815079882033  0.45270531164953748  0.46015824464799393
  0.46994509046581417  0.47995334875428580  0.49183504058116490  0.50348470073409934
  0.51687902334010505  0.53316806986498289  0.55228807898887133  0.57159992985803232
  0.58789399895588845  0.60059738519064743  0.61022674570007807  0.61909111630569114
  0.62752905537076575  0.63537865532066751  0.64543626988496017  0.65732470700343593
  0.66986470783245888  0.68217027490698545  0.69495076226454822  0.70712653150259974
  0.71897299453100316  0.73031475718780769  0.74059515357578798  0.75024655345714009
  0.75932120756988075  0.76890802054808161  0.78079081378716375  0.79526639725007131
  0.81175680973120923  0.82961233236934295  0.84476098673363542  0.85785752299382290
  0.87055207418400482  0.88422381052891841  0.89791902171711024  0.91128310060092554
  0.92436399975701977  0.93428324400149387  0.94368639044543057  0.95202158093624578
  0.96179918871513903  0.97343945503690221  0.98691195785560148  1.00000000000000000
 -0.00173855817293627  0.00895762040572496  0.01924440872643677  0.03030723813100233
  0.04303352079123483  0.05530072339241540  0.06742995490620149  0.08015627161550586
  0.09113814417233457  0.09962153063225614  0.10778496521515950  0.11321118592206074
  0.11951055908746260  0.12656635184444087  0.13397366700124846  0.14536235784902121
  0.15231439010344594  0.15901877570007730  0.16541659279953308  0.17151002257179584
  0.17828187455807948  0.18500829736419108  0.19102452918531826  0.19664377533080418
  0.20265821959717004  0.20979470246312035  0.21725482769016227  0.22331562031561392
  0.23350654328319095  0.24304844982522050  0.25470905524810400  0.26744042239464816
  0.28267785314273186  0.30008566619444271  0.31784689787298659  0.33188208174565625
  0.34437055248219317  0.35545700935485219  0.36609448492545571  0.37736414613519459
  0.38960062157717656  0.40087588565175136  0.41188538043355460  0.42188642574985707
  0.43259335520891251  0.44459860121272665  0.45795987851958170  0.47226535939249870
  0.48441248691921784  0.49432757085554430  0.50327386259974960  0.51180534734471594
  0.52105317510932647  0.53128074173085338  0.54266576066631389  0.55410994371504718
  0.56504770132203241  0.57597801240600499  0.59003646147394939  0.60737080051382786
  0.62389857811205029  0.63969067997899920  0.65515912823257161  0.67091850354160543
  0.68709680684920837  0.70221040666683998  0.71836320654507635  0.73433082319359411
  0.74961672063530227  0.76256731083753693  0.77263420731777210  0.78015176367144834
  0.78564618286035026  0.79294391649396401  0.79974148765991682  0.80599131079360331
  0.81460248852052908  0.82161239924297347  0.82641804185815704  0.83072126309145766
  0.83551129853074269  0.84177249232655071  0.84706973995411394  0.85176617455280390
  0.85808265838938980  0.86549273122345793  0.87250653059884753  0.88575273157822221
  0.90513329884096483  0.92530688221510915  0.94088800748184087  0.95697066952995047
  0.96893492405258985  0.98000829726916983  0.99055309649724776  1.00000000000000000
 -0.00571161707482819  0.03778876217041803  0.07253810568694717  0.11525674797262844
  0.15244428609912600  0.17947378263765465  0.20254567223822856  0.22497061583454828
  0.24918933266594975  0.27640505667378101  0.29550671593984795  0.31089180821002071
  0.32732789716603039  0.35015225388994992  0.36974796873409976  0.38750590742582980
  0.40133087744158769  0.41105288116551003  0.42069636588806064  0.43148443966540229
  0.44336722630604408  0.45390416740980255  0.46488659949204475  0.47561380427179861
  0.48625544119506092  0.49852264948257669  0.51321237229766803  0.52810651015639876
  0.54248499872748979  0.55688013052194407  0.56978870232814238  0.58222733315555963
  0.59485085013698391  0.60905175768124609  0.62403537778385665  0.63673727792980050
  0.64877700658036574  0.65907956852761518  0.66872658357283954  0.67808209915913875
  0.68640081785410734  0.69244290099556582  0.69681086447174156  0.70173966503707486
  0.70640260716287429  0.71107309133423846  0.71709574195879755  0.72772678732611196
  0.74017573895330346  0.75078518558632257  0.75847315558454309  0.76461805465267008
  0.77064705516757837  0.77660221344031766  0.78248030178705941  0.78889958209481936
  0.79576581353202913  0.80302337825414860  0.81178455196131027  0.81960965913181894
  0.82781142261145435  0.83645617357066815  0.84538815568250070  0.85288791106097417
  0.85880386898894734  0.86281129622287711  0.86627331952098607  0.87003484759320471
  0.87373157476604513  0.87806717836201642  0.88314005726164779  0.88835235988843531
  0.89412287600534335  0.89984203854707145  0.90483728799073337  0.91045138502047729
  0.91688255460615498  0.92456352191012892  0.93171379673926924  0.93850933686081350
  0.94545663323303120  0.95216833734360051  0.95850325577160223  0.96346040633117258
  0.96749281353302607  0.97129468131043395  0.97472445948194708  0.97709425098904945
  0.97884760016400063  0.98086565672160342  0.98271646228116882  0.98567353129664870
  0.98917656563926326  0.99279023922162735  0.99661375305153976  1.00000000000000000
 -0.00310014204517703  0.01244586495309407  0.02030942471597113  0.02799039506038934
  0.03605164633587460  0.04393992519766440  0.05627801583405483  0.07091920975302779
  0.08569555269137202  0.09575907130302135  0.10674659971604460  0.11711996795871792
  0.12678609038935870  0.13304312488365408  0.13904948029453668  0.14545863700270392
  0.15252249271039992  0.15754124263815744  0.16093906570265798  0.16422450589439280
  0.16933287021583715  0.17535759412465168  0.18108439076261512  0.18469285949127179
  0.19008437450678117  0.20110631780151172  0.21370062686867630  0.22530337131062070
  0.23747005343012939  0.24697684334334649  0.25721288438668743  0.26850217478471472
  0.28003511713632523  0.29740585912771444  0.31493234322526154  0.33172892419676425
  0.34621330471130868  0.35859617121477988  0.36989110124973495  0.38283947558666581
  0.39416319938533562  0.40487917054848488  0.41464640873700159  0.42323987370163613
  0.43281963845216576  0.44001345443678824  0.44706308533922451  0.45426676453532183
  0.46500910387092381  0.47693774464657385  0.48555228194693179  0.49224569986990768
  0.49936524924555448  0.50773002598275674  0.51981510159249522  0.53254398233675992
  0.54635811098290754  0.56129681264098596  0.57325519756935539  0.58420022954282558
  0.59529715223261481  0.60723709620290234  0.61852369923707540  0.62934212013733171
  0.63637473949176171  0.64322560415108287  0.64977616929347293  0.65659595137196947
  0.66640375568225940  0.67536547031951299  0.68377319032118355  0.69255953275455928
  0.70127989909310007  0.71274589314115944  0.72587251779873285  0.73896194765691692
  0.74989410741670481  0.76070365685148489  0.77082450637388233  0.78126739530472189
  0.79410031635168710  0.81175988766744389  0.83191439862352090  0.85163563800169007
  0.86630548421506326  0.87713203702908182  0.88571244328287346  0.89349028842561962
  0.90204699205028660  0.91321690356930652  0.92791388331297009  0.94205329577419028
  0.95640609250111663  0.97124556902747161  0.98649008098087487  1.00000000000000000
 -0.00178801246221711  0.00789171611197875  0.01654347501592714  0.02656456651696801
  0.03616388057050306  0.04658574095730512  0.05583933211055186  0.06293249960473349
  0.06993788390954436  0.07666876452125737  0.08245641989337135  0.09023230550107797
  0.10064867507932332  0.11170558529233600  0.12422562732148387  0.13543217901090249
  0.14595447359797278  0.15648052462193754  0.16780625847398478  0.18338570217648278
  0.19788210951787202  0.20817798960630521  0.21801950863617375  0.23085471960582085
  0.24731594709990595  0.26055807117343899  0.27196446592127588  0.28382374450859649
  0.29929439292760429  0.31536013265231627  0.32780083793453929  0.33894009455773472
  0.34868779518974213  0.35786900066866040  0.36905409859203159  0.38008369716219959
  0.39155108091529700  0.40319604413382298  0.41481704587496815  0.42693309758191184
  0.44109085867105408  0.45766819195784664  0.47603388553374282  0.49652920245777299
  0.51594460000540865  0.53321348243930056  0.54367626292655413  0.55131117407792141
  0.55875093277489774  0.56762094287990938  0.57948953944346115  0.59111337305324585
  0.59874039852504080  0.60505110184257527  0.60982164362522517  0.61531753416757362
  0.62108617899525387  0.62509595815454011  0.62819604639758631  0.63205918469756339
  0.63710916359682235  0.64144023607565503  0.64576132925548924  0.65195922758954061
  0.65783238413154810  0.66270010836149440  0.67088811579978713  0.68468691690993833
  0.69376613620737737  0.70171510749245380  0.71000086992434519  0.71968099527488139
  0.73571719996304352  0.75356490295307255  0.77122169477883962  0.78605362568342307
  0.80048471709959679  0.81357868367782715  0.82350864270916813  0.83286595865534874
  0.84343350860207289  0.85668369575447134  0.87080753614277395  0.88381389654687137
  0.89745114639822732  0.91006513139327827  0.92176294355533051  0.93530796734344523
  0.94469064427490812  0.95252181747230458  0.95949487810006073  0.96680875378268316
  0.97530335205720931  0.98430545224908716  0.99267144029334831  1.00000000000000000
 -0.00240034286765010  0.00691856598211071  0.01657794517194436  0.02625846803764720
  0.03802834540006508  0.04983135499220453  0.05942438305498265  0.06898590577269059
  0.07734744844305085  0.08608397834279782  0.09498708308326576  0.10146301441903184
  0.10871870055346369  0.11791313008487556  0.12690486312680896  0.13917495426122584
  0.15545228505848105  0.16770958856625970  0.17969412604203006  0.19214945488092675
  0.20589778280333024  0.22047125291163483  0.22925455246300203  0.23651134971231486
  0.24354034040067327  0.25055044563216849  0.25772878737677724  0.26563644898087818
  0.27411525220832739  0.28369499103747259  0.29564792296708264  0.30975483445354540
  0.32496189106004009  0.34211414348164026  0.36037757911116564  0.37697328522681905
  0.39174671941895689  0.40658434014586953  0.41724272979706400  0.42543986950360529
  0.43172614673684140  0.43697267648169036  0.44327078100277684  0.45030674082476485
  0.45844547554098053  0.46399913025876999  0.46870182940096222  0.47368653681361467
  0.47925674472204505  0.48789793652493657  0.50009919828471128  0.51491750233341160
  0.52867244472576203  0.54235657933310599  0.55514458399613442  0.56516398174486837
  0.57388402925942217  0.58174161955566672  0.58990340076796188  0.59992538178882060
  0.61232277182347594  0.62544971313109177  0.64029411338280884  0.65235966501379017
  0.66270632780004801  0.67257551601845966  0.67942543345968842  0.68643166407402756
  0.69355523951548825  0.70096151634334869  0.70891250427372210  0.71927254390951267
  0.73211629622181662  0.74506192319166720  0.76248481702991244  0.77266702601605941
  0.78277195423833434  0.79335795290759892  0.80533143161001974  0.82494927818101205
  0.83863181509545548  0.85259652462949820  0.86486141424836915  0.87581932657564188
  0.88542726249462467  0.89560169753044627  0.90852853973123049  0.92576653064432490
  0.94025937486577982  0.94914011840858381  0.95603267821957050  0.96287646575571306
  0.97029280105271032  0.97859820188266189  0.98904202315008105  1.00000000000000000
 -0.00284935482860083  0.05987172494171149  0.08639424071636313  0.11357553308225048
  0.14821684480690284  0.18040433479808196  0.21105630186669797  0.23708570860244232
  0.26610546048968398  0.29304714107669716  0.31459245479101122  0.33635885296832446
  0.36072116259010695  0.38400042080534497  0.41034489411723007  0.44289996259957148
  0.47442392611916551  0.50056830187144108  0.52218649735753320  0.54286727085824737
  0.56515554723390771  0.59163653877817113  0.61273251478062141  0.62934289654838971
  0.64898679875609044  0.66670528957432207  0.68321640333265210  0.70095900369167108
  0.72582723480677813  0.75106479108383661  0.77082068983500251  0.78779036505629441
  0.80485107174118320  0.82227348459650118  0.83837221943183038  0.85558531232379198
  0.87045308689899081  0.88314018920526227  0.89435063318448593  0.90626900216378192
  0.91683700615070407  0.92524461536071212  0.93457458269241622  0.94497045073672259
  0.95322711668366211  0.95844340037923936  0.96107013364687088  0.96330958934061517
  0.96559436788301911  0.96791168234336811  0.97009111579174179  0.97241128716856295
  0.97426947376003592  0.97590546369845277  0.97737806876404398  0.97866162365626364
  0.97965852172438117  0.98047955586441349  0.98121199774784607  0.98185431713860183
  0.98238828113739063  0.98288644258132996  0.98342136595791108  0.98402070366038086
  0.98465242926691998  0.98523665761064638  0.98574141515083280  0.98621040889103884
  0.98664917496135940  0.98706163206891229  0.98741067645600078  0.98773874578213949
  0.98805329790222318  0.98832941155009923  0.98859027491794293  0.98875540825928487
  0.98892097536215673  0.98909161365154163  0.98926130470141449  0.98942164690112344
  0.98958198910083228  0.98976034127650470  0.98993707109631102  0.99009076272078178
  0.99024272722989248  0.99035485218537378  0.99046295895786918  0.99055455914014556
  0.99064615932242195  0.99073914973242749  0.99083223454677249  0.99093218465721522
  0.99103489703863579  0.99110116394771208  0.99114545100132634  1.00000000000000000
 -0.02188094505206492  0.12910807709306352  0.15806827327592668  0.17116255073543976
  0.18417481261479990  0.20135575286018167  0.21823515430411275  0.23262549048700337
  0.25327190933836924  0.27019496522818209  0.28302969953889506  0.29350040533093746
  0.30142990341419851  0.30789575230428434  0.31593151408004339  0.32414509169824962
  0.33243322228850980  0.34167755895580249  0.35123914726429811  0.36189666308089508
  0.37335961325589540  0.38256546696617111  0.39053612998873533  0.39965690745678112
  0.41028757233036400  0.42210256315024008  0.43383448825572601  0.44649518383042835
  0.45847423677017018  0.46829748278131322  0.47936024562531077  0.49016009987202286
  0.49861380131211847  0.50581596931615591  0.51271058860481533  0.51931020415429141
  0.52662468623972647  0.53730578767200554  0.54901950975916458  0.56178268919710361
  0.57715074805535971  0.59370772336038102  0.60434920397716896  0.60898117952070629
  0.61310445508245826  0.61648618391605314  0.62033694037633369  0.62486217534192590
  0.62918273640637157  0.63262292304638346  0.63585382667131574  0.63871188640953014
  0.64162962272254809  0.64476737147412211  0.64821513243053241  0.65231858972492163
  0.65749680255791032  0.66185582620777783  0.66526014762385866  0.67003978959431032
  0.67635522376280721  0.68315384097060294  0.69097925918188474  0.69726538108700131
  0.70231506294101209  0.70723686962333565  0.71255066272904655  0.71847392368036089
  0.72542117862902311  0.73444808943557305  0.74401153048346880  0.75147170420074128
  0.75714938632498563  0.76232897440910707  0.76736394299857869  0.77269597895139042
  0.78004831160902632  0.78862024518253093  0.79590164522523987  0.80330715396828734
  0.81043655671273640  0.81710160488718886  0.82485820267017862  0.83233827671180771
  0.83847509812023813  0.84436179188558957  0.85124122400407098  0.85705710498871179
  0.86251476358208523  0.86874244454251015  0.88099492260822876  0.89271493514127898
  0.90404465194390327  0.91589468034615895  0.93697419464927179  1.00000000000000000
   1.4612467443402689E-012  -1.0000000000000000     
 T F F F F F F F T F F F F F F F F F F F F F F F F F F F F F F F F F F F F F F F F F F F F F F F T F F F F F F F T F F F F F F F
