# mur		muf		alpsfact	dynamical_scale	pdf		cross-section
1.0		1.0		1.0		-1		230000		0.0003677946921231454
0.5		0.5		1.0		-1		230000		0.0003286663637733129
0.5		0.5		1.0		1		230000		0.0003104807977706716
0.5		0.5		1.0		2		230000		0.00031048079772512014
0.5		0.5		1.0		3		230000		0.00026563190499031837
0.5		0.5		1.0		4		230000		0.00032866636379128434
0.5		1.0		1.0		-1		230000		0.0003677946921231454
0.5		1.0		1.0		1		230000		0.0003513424390135882
0.5		1.0		1.0		2		230000		0.0003513424389698635
0.5		1.0		1.0		3		230000		0.00031048079772512014
0.5		1.0		1.0		4		230000		0.0003677946921390936
0.5		2.0		1.0		-1		230000		0.0004030493903656279
0.5		2.0		1.0		1		230000		0.0003882485181753145
0.5		2.0		1.0		2		230000		0.00038824851813545143
0.5		2.0		1.0		3		230000		0.0003513424389698635
0.5		2.0		1.0		4		230000		0.0004030493903798053
1.0		0.5		1.0		-1		230000		0.0003286663637733129
1.0		0.5		1.0		1		230000		0.0003104807977706716
1.0		0.5		1.0		2		230000		0.00031048079772512014
1.0		0.5		1.0		3		230000		0.00026563190499031837
1.0		0.5		1.0		4		230000		0.00032866636379128434
1.0		1.0		1.0		1		230000		0.0003513424390135882
1.0		1.0		1.0		2		230000		0.0003513424389698635
1.0		1.0		1.0		3		230000		0.00031048079772512014
1.0		1.0		1.0		4		230000		0.0003677946921390936
1.0		2.0		1.0		-1		230000		0.0004030493903656279
1.0		2.0		1.0		1		230000		0.0003882485181753145
1.0		2.0		1.0		2		230000		0.00038824851813545143
1.0		2.0		1.0		3		230000		0.0003513424389698635
1.0		2.0		1.0		4		230000		0.0004030493903798053
2.0		0.5		1.0		-1		230000		0.0003286663637733129
2.0		0.5		1.0		1		230000		0.0003104807977706716
2.0		0.5		1.0		2		230000		0.00031048079772512014
2.0		0.5		1.0		3		230000		0.00026563190499031837
2.0		0.5		1.0		4		230000		0.00032866636379128434
2.0		1.0		1.0		-1		230000		0.0003677946921231454
2.0		1.0		1.0		1		230000		0.0003513424390135882
2.0		1.0		1.0		2		230000		0.0003513424389698635
2.0		1.0		1.0		3		230000		0.00031048079772512014
2.0		1.0		1.0		4		230000		0.0003677946921390936
2.0		2.0		1.0		-1		230000		0.0004030493903656279
2.0		2.0		1.0		1		230000		0.0003882485181753145
2.0		2.0		1.0		2		230000		0.00038824851813545143
2.0		2.0		1.0		3		230000		0.0003513424389698635
2.0		2.0		1.0		4		230000		0.0004030493903798053
1.0		1.0		1.0		-1		230000		0.0003677946921231454
1.0		1.0		1.0		-1		230001		0.00036792208442108055
1.0		1.0		1.0		-1		230002		0.0003618289066261116
1.0		1.0		1.0		-1		230003		0.00036847989813673513
1.0		1.0		1.0		-1		230004		0.000372431033848485
1.0		1.0		1.0		-1		230005		0.00036416584287886903
1.0		1.0		1.0		-1		230006		0.00036868041286285027
1.0		1.0		1.0		-1		230007		0.00037009842438479897
1.0		1.0		1.0		-1		230008		0.00036268208246974324
1.0		1.0		1.0		-1		230009		0.0003698679585071471
1.0		1.0		1.0		-1		230010		0.0003725870075989266
1.0		1.0		1.0		-1		230011		0.0003672645946296847
1.0		1.0		1.0		-1		230012		0.00037295275293855007
1.0		1.0		1.0		-1		230013		0.00036723885072709433
1.0		1.0		1.0		-1		230014		0.0003697956295113814
1.0		1.0		1.0		-1		230015		0.0003667091437161631
1.0		1.0		1.0		-1		230016		0.00036282928313636435
1.0		1.0		1.0		-1		230017		0.0003677790809572934
1.0		1.0		1.0		-1		230018		0.0003675840412529985
1.0		1.0		1.0		-1		230019		0.00036667994200735945
1.0		1.0		1.0		-1		230020		0.0003766160154164179
1.0		1.0		1.0		-1		230021		0.00037093978519283814
1.0		1.0		1.0		-1		230022		0.0003698528353032199
1.0		1.0		1.0		-1		230023		0.00036911190272452435
1.0		1.0		1.0		-1		230024		0.0003678234154315926
1.0		1.0		1.0		-1		230025		0.0003657937682783881
1.0		1.0		1.0		-1		230026		0.0003566192735885985
1.0		1.0		1.0		-1		230027		0.0003672952753507368
1.0		1.0		1.0		-1		230028		0.0003753925596026908
1.0		1.0		1.0		-1		230029		0.00036684939083721295
1.0		1.0		1.0		-1		230030		0.00036551303811690577
1.0		1.0		1.0		-1		230031		0.0003646023048689687
1.0		1.0		1.0		-1		230032		0.0003678819810372481
1.0		1.0		1.0		-1		230033		0.0003714743757509939
1.0		1.0		1.0		-1		230034		0.0003564696311126207
1.0		1.0		1.0		-1		230035		0.0003588165614055039
1.0		1.0		1.0		-1		230036		0.00036184086503453846
1.0		1.0		1.0		-1		230037		0.00037040342533777287
1.0		1.0		1.0		-1		230038		0.0003697496575696077
1.0		1.0		1.0		-1		230039		0.0003669334135894698
1.0		1.0		1.0		-1		230040		0.00036864807799918986
1.0		1.0		1.0		-1		230041		0.000364108499657622
1.0		1.0		1.0		-1		230042		0.00036427894532946114
1.0		1.0		1.0		-1		230043		0.0003675899853904743
1.0		1.0		1.0		-1		230044		0.00036390672383680847
1.0		1.0		1.0		-1		230045		0.00037217074133582173
1.0		1.0		1.0		-1		230046		0.0003742210828887025
1.0		1.0		1.0		-1		230047		0.00036459686359246405
1.0		1.0		1.0		-1		230048		0.00036928680030686535
1.0		1.0		1.0		-1		230049		0.0003645605234540523
1.0		1.0		1.0		-1		230050		0.0003701802231141517
1.0		1.0		1.0		-1		230051		0.00036720894172164684
1.0		1.0		1.0		-1		230052		0.0003650531497285633
1.0		1.0		1.0		-1		230053		0.0003760794431349515
1.0		1.0		1.0		-1		230054		0.0003693064794538307
1.0		1.0		1.0		-1		230055		0.000379363511374012
1.0		1.0		1.0		-1		230056		0.00036899310697450415
1.0		1.0		1.0		-1		230057		0.0003654800000819723
1.0		1.0		1.0		-1		230058		0.0003696252271693749
1.0		1.0		1.0		-1		230059		0.00036851868726247016
1.0		1.0		1.0		-1		230060		0.0003627497702520164
1.0		1.0		1.0		-1		230061		0.00037098928828695134
1.0		1.0		1.0		-1		230062		0.00036941320487759646
1.0		1.0		1.0		-1		230063		0.00036809094077212736
1.0		1.0		1.0		-1		230064		0.00036668245063069054
1.0		1.0		1.0		-1		230065		0.0003752788033754094
1.0		1.0		1.0		-1		230066		0.00036563707070356684
1.0		1.0		1.0		-1		230067		0.00036179815123088386
1.0		1.0		1.0		-1		230068		0.00036901988057902983
1.0		1.0		1.0		-1		230069		0.0003681334454733485
1.0		1.0		1.0		-1		230070		0.0003676762781632683
1.0		1.0		1.0		-1		230071		0.00036615970484589277
1.0		1.0		1.0		-1		230072		0.00036702398233054017
1.0		1.0		1.0		-1		230073		0.0003664555778020852
1.0		1.0		1.0		-1		230074		0.00036595434818240775
1.0		1.0		1.0		-1		230075		0.00037042357113932826
1.0		1.0		1.0		-1		230076		0.00036898840061057607
1.0		1.0		1.0		-1		230077		0.0003684714201508714
1.0		1.0		1.0		-1		230078		0.0003676290657577273
1.0		1.0		1.0		-1		230079		0.00036589394423918993
1.0		1.0		1.0		-1		230080		0.0003649298009243233
1.0		1.0		1.0		-1		230081		0.0003647735625340847
1.0		1.0		1.0		-1		230082		0.00036591409266125086
1.0		1.0		1.0		-1		230083		0.0003706597070301844
1.0		1.0		1.0		-1		230084		0.000369792288018631
1.0		1.0		1.0		-1		230085		0.000370778383103745
1.0		1.0		1.0		-1		230086		0.0003604850073410154
1.0		1.0		1.0		-1		230087		0.00036565153060901103
1.0		1.0		1.0		-1		230088		0.0003724726950898618
1.0		1.0		1.0		-1		230089		0.00038084200096869935
1.0		1.0		1.0		-1		230090		0.00037334807552758464
1.0		1.0		1.0		-1		230091		0.0003713119750307514
1.0		1.0		1.0		-1		230092		0.0003656937365981654
1.0		1.0		1.0		-1		230093		0.00037577991693021537
1.0		1.0		1.0		-1		230094		0.0003591007767250677
1.0		1.0		1.0		-1		230095		0.00037187921790911163
1.0		1.0		1.0		-1		230096		0.0003706762202591836
1.0		1.0		1.0		-1		230097		0.00036360727624629353
1.0		1.0		1.0		-1		230098		0.0003645095285416841
1.0		1.0		1.0		-1		230099		0.00036802645863060135
1.0		1.0		1.0		-1		230100		0.0003627306550270234

#***************************************************************************
#
# original cross-section: 0.0003677946921231454
#     scale variation: +9.59% -10.6%
#     central scheme variation: +4.34e-09% -15.6%
# PDF variation: +1.17% -1.17%
#
# dynamical scheme # 1 : 0.000351342 +10.5% -11.6% # \sum ET
# dynamical scheme # 2 : 0.000351342 +10.5% -11.6% # \sum\sqrt{m^2+pt^2}
# dynamical scheme # 3 : 0.000310481 +13.2% -14.4% # 0.5 \sum\sqrt{m^2+pt^2}
# dynamical scheme # 4 : 0.000367795 +9.59% -10.6% # \sqrt{\hat s}
#***************************************************************************
