  0.00006703838298401  0.00015536741757276  0.00021044237330952  0.00026592846976029
  0.00031662533386897  0.00036498628390724  0.00042308659488029  0.00048326892192990
  0.00053872103525915  0.00060144600745018  0.00066491938898360  0.00074124489871679
  0.00082732612968416  0.00090800414965284  0.00100780409093729  0.00110044154977549
  0.00116401411873704  0.00123597560689447  0.00131821875564205  0.00140472433125242
  0.00150748941845647  0.00162567911851916  0.00173150968310842  0.00180044330873630
  0.00187344087260684  0.00191828214501835  0.00196211611928349  0.00204186420200035
  0.00213586412937404  0.00220517653549886  0.00226192238530289  0.00233594516821781
  0.00243939535734490  0.00258047282520598  0.00277412578001898  0.00294144643990982
  0.00312282645091756  0.00334573429105491  0.00357988358789244  0.00381814201753183
  0.00410343098677557  0.00445329899305358  0.00485260664016560  0.00534297529923231
  0.00572230391935112  0.00607482000433877  0.00656007239680940  0.00722420585834956
  0.00803738377529319  0.00881404661902569  0.00961252599085503  0.01037906669904634
  0.01118519614714268  0.01190365984846018  0.01227040847651511  0.01263715710457004
  0.01300390573262497  0.01344096922192752  0.01393976541920363  0.01443856161647974
  0.01493735781375584  0.01555054439150265  0.01619344420215947  0.01683634401281630
  0.01759410339557361  0.01941039880719396  0.02072176344097639  0.02223775176286807
  0.02445765747214019  0.02746835089929263  0.02987837099058936  0.03246473542185362
  0.03581770925054623  0.04389261836213490  0.05314172419622754  0.06288334221310884
  0.07335606177625731  0.08748028309755645  0.10172836762425981  0.11817982858486394
  0.13493732773135808  0.14077493744102590  0.14745675171697620  0.15634663046558736
  0.16778321195767051  0.18188382127159294  0.19476366540529241  0.20663626420079861
  0.21839209886764621  0.23126373979684195  0.25660814047483255  0.28287724846953038
  0.31084666090126606  0.33518854216201954  0.97858519825041423  1.00000000000000000
  0.00009937795232227  0.00174910365035282  0.00303559886261201  0.00441033908024506
  0.00609808775623871  0.00756096916406161  0.00877643683115601  0.01005317270382264
  0.01343376700928640  0.01686581652274340  0.02100268377389180  0.02741761874420136
  0.03599244651087521  0.04469528001260600  0.05420954034019913  0.06346579638217038
  0.07201516065792966  0.08075069630829043  0.08488800101236600  0.09017473160079638
  0.09457513753286727  0.09871478664792609  0.10371723019827450  0.10953910312327508
  0.11494244002399118  0.11929643359288722  0.12515119696749047  0.13862338662973445
  0.14868670644371432  0.15705053583176054  0.16571280146799644  0.17735871490497648
  0.19234041293028159  0.20812397965816778  0.22450835662209562  0.23974249325666502
  0.25015818989244393  0.25782280401673296  0.26477714852150436  0.27220000413831963
  0.28213423866043708  0.29325399430635968  0.30274073268409324  0.31178025141502536
  0.32093112057746648  0.33010272430699672  0.34018049505846776  0.34987785541598787
  0.35990708279019767  0.37022660428479059  0.38076556033620046  0.39212319049640887
  0.40402896592568799  0.41783512192525030  0.43361721623781252  0.45026067935797109
  0.46723975563233894  0.48436905696351390  0.50128894934825707  0.51947699757150279
  0.54215667620379560  0.56549304584118765  0.57770461380237326  0.58991618176355887
  0.60212774972474448  0.61449332689826153  0.62705967010643948  0.63962601331461744
  0.65219235652279539  0.66436353398940518  0.67638108741521541  0.68839864084102553
  0.70125954131067925  0.73617424439329404  0.76350889449743764  0.79088000151072779
  0.81944303453188350  0.84700296424308641  0.86627044437061063  0.87312755841559064
  0.88024610298116202  0.88748245859297037  0.89491679767931021  0.90218647979979483
  0.91032721485020152  0.91905667841096872  0.92908531447616982  0.93730343401099803
  0.94525215683670794  0.95308941800187019  0.96130254126847359  0.96984830844741032
  0.97665926251003465  0.98350018080192125  0.99119662135380926  1.00000000000000000
 -0.00000794048490520  0.00004037279053162  0.00006938789695007  0.00008399312730873
  0.00009945192358662  0.00011390026193246  0.00012872529723998  0.00014252857097174
  0.00015552453575367  0.00016590086066320  0.00017497896102354  0.00018434939585910
  0.00019372226135864  0.00020223005926041  0.00021118599520695  0.00022208818836405
  0.00023132990555055  0.00023864544990731  0.00024847328745115  0.00025994443354467
  0.00027048137057178  0.00027955907033271  0.00028808264617286  0.00029604641089885
  0.00030333416804730  0.00030954915932091  0.00031580100449619  0.00032308933532432
  0.00033219953445398  0.00034322893481176  0.00034876646344488  0.00035409847548066
  0.00035921588452207  0.00036466251859811  0.00036944150585976  0.00037388215473463
  0.00037891352853458  0.00038496664691041  0.00039120266383641  0.00039669174152986
  0.00040167343004987  0.00040261460342452  0.00040355577679916  0.00040449695017381
  0.00040722534272553  0.00041470040437178  0.00042217546601802  0.00042965052766426
  0.00043650117275059  0.00044259685340818  0.00044869253406577  0.00045478821472336
  0.00046925423137671  0.00048911673581776  0.00051110638269138  0.00053651105795177
  0.00056067190538534  0.00058485362481393  0.00061088559296166  0.00063817092217753
  0.00066470204741119  0.00068588806273261  0.00070893538534141  0.00073635713068786
  0.00076656451673721  0.00080032970775918  0.00083303146570099  0.00087248592026659
  0.00090672922464301  0.00094636544120912  0.00098678845121776  0.00102518602685303
  0.00106367960289443  0.00110547428596115  0.00117685606494558  0.00125257123828657
  0.00134818521194239  0.00144389808710507  0.00154095912109408  0.00166347887946263
  0.00181254623169552  0.00195218888377977  0.00204172439964974  0.00215210524041238
  0.00223614115433688  0.00231574490380481  0.00241573256748006  0.00252486129879878
  0.00266781107263889  0.00283495778321161  0.00301367887876835  0.00327290585362869
  0.00370904666582659  0.00438413246357320  0.00540060558619006  1.00000000000000000
 -0.00007377399066012  0.00002498486765058  0.00028596111702673  0.00061995171502955
  0.00098983875025326  0.00136166968886885  0.00167495672969949  0.00197797284672019
  0.00228679237540242  0.00262980361196489  0.00310083408184864  0.00368994889961728
  0.00431739082007852  0.00498755790874998  0.00569575524325654  0.00646618767820726
  0.00725273150978582  0.00806761135217392  0.00890333319268380  0.00965727817370875
  0.01038129394765267  0.01110530972159660  0.01182932549554053  0.01272755911315232
  0.01372825664179452  0.01472895417043672  0.01572965169907893  0.01663179549040831
  0.01744000255872248  0.01824820962703665  0.01905641669535081  0.02056654758530536
  0.02382020242511271  0.02699366792828542  0.03057869308348597  0.03474216182846956
  0.03895213978847629  0.04266108804956609  0.04579737937961455  0.04905624431395810
  0.05202133035217692  0.05525151903205174  0.05866706672797666  0.06181437455270170
  0.06449788353839760  0.06961127249216455  0.07409716229821448  0.07711636774459606
  0.07941047638619601  0.08190757243129929  0.08453793039022611  0.08905870751501557
  0.09606339871498160  0.10429065367078579  0.11369700530773898  0.12242991616681967
  0.12990838190937712  0.13744031596180092  0.14881303336057367  0.16666935949692638
  0.18773194352757416  0.20582145629953083  0.22488484286826149  0.24687128505004052
  0.27415700140209598  0.30223226399157715  0.32764462688074653  0.35855762721567269
  0.39816503789157986  0.42766936433072716  0.45035732544916629  0.48178018699052733
  0.52158766385593569  0.55826434466048092  0.59335217732695822  0.61887182254664819
  0.64584150571230636  0.67853719688366076  0.71392817471831027  0.74328944515602013
  0.76960129964227908  0.79542093513711620  0.82771954147135318  0.86554367518378539
  0.88828078533603039  0.90398651627176607  0.91177958775501655  0.91845322251023276
  0.92648898169822202  0.94142274582974528  0.95877668964449780  0.96904845420523855
  0.97697441061090184  0.98407618672642194  0.99174553686669520  1.00000000000000000
 -0.00292301503638898  0.01725892776910822  0.03010212473312164  0.04107293732503725
  0.05330978493468770  0.06858689191652236  0.08795229513560826  0.10870147146570193
  0.12201106178476802  0.13369456142641584  0.14654949997496070  0.15245877564587915
  0.15479096160293157  0.15702246318837881  0.15933554883888446  0.16129788033908052
  0.16330459715243573  0.16559579005248179  0.16817761078309859  0.17067248565774043
  0.17333510626139728  0.17713848252493358  0.18462252680570643  0.19184895453685913
  0.19768302750723299  0.20244074268208326  0.20722024425573701  0.21429137345077587
  0.22188963758878075  0.23231461848984930  0.24424995997948420  0.25647875431521616
  0.27053998190869949  0.28667530538966851  0.30313798874278908  0.31920938464348880
  0.33340508305689232  0.34652565532463503  0.36013399418191161  0.37506848919148295
  0.38954194556149724  0.40325899219084882  0.41725645105255799  0.43253853862636943
  0.44662706971977650  0.46164149690695361  0.47995219876301703  0.49671849721420230
  0.51210834115217818  0.52767275844429229  0.54460491668138922  0.56284647472837068
  0.57981037523679457  0.59806537269729843  0.61944979218132923  0.64271690733219600
  0.65198586456064700  0.66026196767443912  0.66671584816715290  0.67292334288182687
  0.67829903113282852  0.68644726932758027  0.69383793394267479  0.69971173159651623
  0.70627562525628040  0.71046072499210833  0.71464582472793625  0.71883092446376406
  0.72360038989089681  0.72974254343955280  0.73588469698820880  0.74202685053686479
  0.74718672949678722  0.75155321485138737  0.75591970020598764  0.76028618556058780
  0.77212998184985560  0.78241631973630843  0.79139781028712974  0.80214377170643514
  0.81322555818460196  0.82585364317270704  0.83998195754438976  0.85685814591739018
  0.87674857741722190  0.89285610042751307  0.91124992354555312  0.92815316950662730
  0.94172869435105111  0.95273203379273252  0.96194754825173656  0.97060796086516676
  0.97657275623303164  0.98209519447586469  0.98983620075259859  1.00000000000000000
 -0.00210705045352469  0.00310773660923425  0.00859825264710669  0.01543542396288584
  0.02325288442161863  0.03291609108083430  0.05000477886054770  0.06485519409828033
  0.07648821233621965  0.08870677504319388  0.10017098345914298  0.11055525681033633
  0.12325041165118884  0.14564128497662732  0.17736764522674273  0.21327329598969241
  0.24597868404809420  0.27560378546900716  0.30718799866135110  0.35159955111816671
  0.40835835229185857  0.46275616711227818  0.53971810124401465  0.59747649336249964
  0.68357628187780883  0.77614737083522234  0.82630932593563267  0.86153296926278278
  0.88947150701530686  0.91559844939051149  0.94046298581577681  0.95812856416517489
  0.96540884748162226  0.97075833688406643  0.97364863143766589  0.97579855607050980
  0.97854536363228117  0.98166739032000105  0.98448240547937060  0.98687227500856933
  0.98888070376577308  0.99050291500133780  0.99211771498868540  0.99306359821130230
  0.99367480933215113  0.99436662698501987  0.99510301340317020  0.99562083300662019
  0.99601951471631944  0.99633643341247224  0.99666754893372189  0.99699906779448344
  0.99726156407827038  0.99748216405637058  0.99767734708206890  0.99784872775965461
  0.99801834834245795  0.99820368866273868  0.99837348889529454  0.99852239939881016
  0.99866290453678763  0.99880990032980055  0.99889519491593759  0.99892514730783111
  0.99895547241952620  0.99898582212937237  0.99901545548663351  0.99904458363385285
  0.99907472722382307  0.99910609991581933  0.99913419009474658  0.99915881283763186
  0.99918515402002428  0.99921656259235303  0.99924790379834971  0.99928021888556451
  0.99931132558105806  0.99935210712582967  0.99941453260854451  0.99950230616172864
  0.99957181411162710  0.99963687792421874  0.99970025523950223  0.99975489620346336
  0.99980611843105416  0.99983188323435956  0.99985115138169989  0.99987041952904021
  0.99988968767638053  0.99990895582372086  0.99992414210380698  0.99993931368304556
  0.99995448526228414  0.99996965684152284  0.99998482842076142  1.00000000000000000
 -0.00194311442783452  0.01016999645071200  0.02288603410641754  0.03987258897739190
  0.05350979929938788  0.06507011233259181  0.07568344246217462  0.08890004101425847
  0.09981394387102271  0.11117946994821168  0.12381832378630085  0.13729721159136463
  0.15089101873746044  0.16481414919487128  0.17722426240429964  0.18959209445831166
  0.19982160641422311  0.21001592341461542  0.21855486557913525  0.22728624713703169
  0.23882150859075821  0.25237412225197520  0.26620600071969458  0.28084742963612574
  0.29792530875817869  0.31356947172455230  0.32587966644189792  0.33580109442871098
  0.34597394515804131  0.35519012169992226  0.36400689446381224  0.37812934797693626
  0.39258992739129828  0.41056779441730606  0.42837279941249179  0.44481664262968584
  0.45905666382835547  0.47065166009793774  0.48215304738498793  0.49345677713651920
  0.50617196975589562  0.51697346719553527  0.52107095355374111  0.52516843991194695
  0.52926592627015279  0.53362212341529092  0.53854983735596906  0.54347755129664721
  0.54840526523732547  0.55318892380491547  0.55755084511951958  0.56191276643412369
  0.56627468774872780  0.57271301710358136  0.58722435469662693  0.60108665323654253
  0.61222580048359976  0.62127943111365225  0.62929182811700402  0.63965696538267913
  0.64846107968741684  0.65561873578819752  0.66246504415633156  0.66587548970345189
  0.66886650784072399  0.67183828582001814  0.67482138688924120  0.68030126224035270
  0.68627068947526926  0.69190971076534979  0.69767324920869922  0.70223271022248890
  0.70607418991514037  0.70959309362087941  0.71327988420076360  0.72488193421726521
  0.73805481163759634  0.74875005323990229  0.76059395758848591  0.77333073586858747
  0.78878510572788263  0.80505784095418242  0.82829455850782563  0.84640086614527765
  0.85827396076925822  0.87043855130410996  0.88416085807901323  0.89537731173735502
  0.90772030619663568  0.92248261263591613  0.93776917998001297  0.95235189710008372
  0.96778898759010057  0.98204056035770837  0.99171239958747692  1.00000000000000000
 -0.00381873952718047  0.01800130343756062  0.03505103682845200  0.05024319559312056
  0.05833145143752663  0.06300589632224154  0.06715003942831269  0.07119399540471205
  0.07548866012769806  0.07974717349812904  0.08407243892111037  0.08863545232146675
  0.09319282012715883  0.09662763500902441  0.10004156663484551  0.10404913410666469
  0.11274707217671887  0.12694434083327305  0.14041280422018215  0.15569827266243291
  0.17256583751206572  0.18794154961935763  0.20156066425489047  0.21706589488766212
  0.23129895680914264  0.24384450574936364  0.25498089083997560  0.26826170627526863
  0.28381750117461213  0.29505057570929277  0.30364827543379680  0.31265594938995134
  0.32317274967241039  0.33352639454901045  0.34552104692200980  0.36041139530321042
  0.37599134094240100  0.39436730485597310  0.41502995754171124  0.43703392307436495
  0.45644353922449477  0.46937054101387560  0.47998638353293754  0.48996221757726677
  0.49867821606288876  0.50891764108854165  0.51923023633212506  0.53233435912709515
  0.55187809905078289  0.56257034636429570  0.57336432570339324  0.58603856502848817
  0.60299622572240674  0.61803238700082908  0.63090118043280241  0.64484297954478387
  0.65579025935565349  0.66246887164949220  0.67301939667412047  0.68491409920742263
  0.69669054045733303  0.71721353487958184  0.74001556679206515  0.75423906102049076
  0.76575828095326814  0.77665628607002157  0.78777989204648768  0.79893237231365122
  0.80304124164714996  0.80715011098064871  0.81125898031414734  0.81536784964764608
  0.81997270364841224  0.82463291542794837  0.82929312720748438  0.83395333898702040
  0.83736294285289081  0.84043887740181999  0.84351481195074918  0.84659074649967847
  0.85654620176205865  0.86810304598072852  0.87900936438972033  0.89189433824623787
  0.90578108032670412  0.92102116017488600  0.93687313250707605  0.95237993254467901
  0.96288424678182527  0.96858771061772220  0.97432246620653140  0.97875102388434787
  0.98443160548412878  0.99043010046502311  0.99587998073541573  1.00000000000000000
   5.0908408896041131E-026  -1.0000000000000000     
 T T T F F F T T T F F F T T T F F F T T T F F F T T T F F F T T T F F F T T T F F F T T T F F F T T T F F F F F F F F F F F F F F F F F F F F F F T T F F F T T T F F F T T T F F F T T T F F F T T T F F F T T T F F F T T T F F F T T T F F F T T T F F F T T T F F F T T T F F F T T F F F F
