  0.00503173408432245  0.00516086973120985  0.00534303755526793  0.00557626932580398
  0.00588731821546444  0.00621907059589271  0.00661260681007331  0.00701322629269210
  0.00743128408218293  0.00786545449041844  0.00831105719476011  0.00877501314119764
  0.00925114737959735  0.00974161403134078  0.01028245857652628  0.01081612829686268
  0.01136325605085696  0.01197329084577058  0.01260571560207491  0.01327050937840762
  0.01398494617976850  0.01476557228945848  0.01560958204801460  0.01652220850567423
  0.01751245251280510  0.01858071567841417  0.01970025314898154  0.02087882579747686
  0.02221540984485063  0.02376320945203109  0.02544244037031572  0.02737209680391777
  0.02956498838047268  0.03190787500500292  0.03431721920938769  0.03659429803063097
  0.03887628466289993  0.04124276549443901  0.04417277208488602  0.04802659041307818
  0.05211612485182670  0.05675002721391718  0.06142524456712191  0.06644183873172840
  0.07224996517560843  0.07808544081777045  0.08508263724732208  0.09295235848492062
  0.10154390091616421  0.11098322788416587  0.11996011859299986  0.12955450717380965
  0.14022874989815817  0.15209999204539951  0.16386967480993478  0.17507253954146082
  0.18653648721576269  0.19884657240423012  0.21251586866589581  0.22653475853448404
  0.24059380682702727  0.25456733367267553  0.26894117068436074  0.28439718615255782
  0.30050158100976088  0.31668580790938927  0.33202935650185916  0.34688557290263028
  0.36191907520488109  0.37783856510149233  0.39510302869600311  0.41177978324256864
  0.42923913527425872  0.44745219031355615  0.46555075775172289  0.48377127303793493
  0.50159102617035023  0.51948741834885981  0.53799898961698334  0.55702120543962974
  0.57623617317229159  0.59581230506778360  0.61656829883817088  0.63771855284531886
  0.65916956115055447  0.68216040384783772  0.70425584362751148  0.72646723109989653
  0.74959136659391545  0.77474943176645139  0.80168770269844924  0.82983044220762847
  0.85865523674712307  0.88895411799271051  0.92853464488707671  1.00000000000000000
  0.41173284499417473  0.42017733171777594  0.42504445667320051  0.43259188585100866
  0.44297971314506190  0.44712073705918182  0.45101275255955531  0.45413773035981342
  0.45665279607423148  0.46002648138418362  0.47368503573045484  0.48310882692486384
  0.48906951279484756  0.49354424771557509  0.50237061284166429  0.51512099137779155
  0.52994811095592753  0.54661711772996802  0.55929747649958295  0.56397545962308937
  0.56839663403997254  0.57189559137484502  0.57511446918838771  0.57858286890645250
  0.58306175544992822  0.58817997002772837  0.59312951708924389  0.59781095965340503
  0.60183604370712374  0.60579747459334587  0.60986186978848977  0.61391338479478452
  0.61754157002036536  0.62116585268702218  0.62421083648668374  0.62695528261478894
  0.63018118255214650  0.63356842691926984  0.63688567675308527  0.64064671847445809
  0.64500707500433074  0.64952018404827860  0.65353029832763154  0.65767508276784870
  0.66064406647815088  0.66316496509923206  0.66532159033651217  0.66719914515828316
  0.66886186885487375  0.67056781400467480  0.67259201586526673  0.67510878445957634
  0.67770619612666672  0.68023457435472612  0.68238612919437314  0.68417600554795577
  0.68608775740520511  0.68879926399217195  0.69291774098595771  0.69744534284375848
  0.70213076412286068  0.70653454915614766  0.71011742946481460  0.71316114347733472
  0.71604626525662662  0.71932685002732011  0.72218251458293270  0.72513505029685599
  0.72813847312665858  0.73129091049002448  0.73477881055531424  0.73815176137325722
  0.74149259488480046  0.74460386524157518  0.74772820368078552  0.75130015975605102
  0.75534150000169187  0.75954914747506586  0.76519254350040677  0.77252003148910009
  0.78164975774919421  0.79332849725555998  0.80646441764533805  0.81875732566498838
  0.83015416672234643  0.84139591821724402  0.85305598766900881  0.86424156674758534
  0.87476395316300781  0.88547613745538190  0.89735361359224308  0.90985544459672729
  0.92381461820598065  0.94020732406154472  0.96210152982822850  1.00000000000000000
 -0.00228996884601073  0.00878697357354875  0.01992908659247029  0.02898699340748442
  0.03878436864128756  0.04852946761382308  0.05861152958807990  0.06848044275405173
  0.07842363270107514  0.08938728879684489  0.10103282988041415  0.11320887714568469
  0.12555105153495077  0.13821454285468857  0.14987895760148071  0.16086790908509338
  0.17124177943465152  0.18113886069269175  0.19157667536562392  0.20272956017932192
  0.21417767305124100  0.22513779181944946  0.23610628601723763  0.24732932280960790
  0.25828715134911173  0.26930018193766808  0.28004311436092699  0.29056700747745196
  0.30111639466452989  0.31173094587134442  0.32259696832378149  0.33331431239045445
  0.34399278619957729  0.35532993370178473  0.36700597745367369  0.37840618032159667
  0.38937626268172393  0.39877773012669959  0.40683481492180146  0.41491339497902885
  0.42213901643704704  0.42924123179481866  0.43729000552633845  0.44531118229890299
  0.45321567102610538  0.46139874904713163  0.47052331628972183  0.47992377169982214
  0.48961973096329797  0.50007478430056629  0.51095107593004507  0.52204467569148783
  0.53330001778387970  0.54463354449164847  0.55581815274000901  0.56611740609108963
  0.57481778922533477  0.58359254486903578  0.59267823640035977  0.60156769650399178
  0.60997258435707935  0.61835473213738068  0.62845821223277387  0.64047709442236156
  0.65185288878273506  0.66321209137480108  0.67479114592156664  0.68701164287907157
  0.70020867287419419  0.71201603177075146  0.72192539116572063  0.73149599001576493
  0.74016051385145010  0.74803434830358284  0.75634217309793061  0.76526363407667719
  0.77611037049247411  0.78959970885029618  0.80379779075355373  0.81753356910029662
  0.83102519706411160  0.84350169566654332  0.85497787293253547  0.86545325717102217
  0.87521418520171035  0.88513182370977683  0.89481937696129121  0.90470696918354943
  0.91413463965862596  0.92393066716124062  0.93507866658227179  0.94738843355333158
  0.95962810120466702  0.97332502114778197  0.98583140433581640  1.00000000000000000
 -0.00220601558759793  0.00746787472577238  0.01762234211189592  0.02817355388852096
  0.04089628924265410  0.05345733960729928  0.06547409019990508  0.07722465049401374
  0.08823334072949074  0.09888151412326704  0.10928734749035457  0.11927446805256720
  0.12960589354784333  0.13966626131156754  0.15032760942229847  0.16167566361136321
  0.17310087188815829  0.18514432881312215  0.19688309779115087  0.20849001166715930
  0.22050261003994692  0.23213329619280609  0.24401995857321149  0.25643338907209906
  0.26959843970109115  0.28232866387424554  0.29464093473446840  0.30717769072793744
  0.32008238902383274  0.33197754773285426  0.34284058023313535  0.35381775747355365
  0.36586832043621514  0.37766476118660719  0.38902453992015407  0.40105169582157313
  0.41376143600977328  0.42661608918445459  0.43863868511266119  0.45009659706568994
  0.46157845911664352  0.47315946496005690  0.48551247714185269  0.49630998043022118
  0.50493440033553205  0.51222266004211314  0.52014509447329071  0.52846984002887343
  0.53642680469961312  0.54428149000009829  0.55259603967150051  0.56102033851314548
  0.56963798563657642  0.57896826658440947  0.58917841060097875  0.60128548847877750
  0.61493932322705036  0.62888286687578232  0.64126492770979560  0.65200745317238085
  0.66166856705939125  0.67144964793584871  0.68174499214602635  0.69034789896906612
  0.69749955095221039  0.70518654949983728  0.71289407842698416  0.72188525513053325
  0.73108356682553688  0.73968203815256783  0.74769629384730318  0.75840239785420871
  0.76998717197504885  0.78046057102404864  0.79081090578111368  0.80155907894432832
  0.81251418329624814  0.82116728276799267  0.83001353192772265  0.84014196320627488
  0.85213026779625245  0.86176725008299127  0.86999588543788420  0.87929400079703257
  0.88967776212212013  0.90094048372648938  0.91164774600003007  0.92159771084679609
  0.93058879092415037  0.93858686382430789  0.94678455264192252  0.95555852693019960
  0.96386626126214692  0.97402791743739381  0.98533505028859181  1.00000000000000000
 -0.00187176906556263  0.00804181921539209  0.01667063142323043  0.02603266160925273
  0.03652398942734667  0.04600724311241527  0.05499339085106317  0.06416232501631063
  0.07336704937876332  0.08192184422993769  0.08980776224222579  0.09788723083858218
  0.10648724537845419  0.11591836538877162  0.12711489478808710  0.13917378097103719
  0.15041676550759747  0.16078460006382680  0.17063624130933330  0.18027663907217492
  0.18979847086074425  0.19947509814919812  0.20972630481582552  0.22097617077240950
  0.23298870119954229  0.24487598547816283  0.25532007435695747  0.26544587083633975
  0.27568755232550474  0.28654900800390104  0.29837010476352410  0.31098115723420328
  0.32007564923916709  0.32750992558599734  0.33532987196056030  0.34443087171920062
  0.35389652684273165  0.36271321295797482  0.37008081371149137  0.37911875012298912
  0.39239889288793978  0.40361771112850875  0.41289352389571093  0.42171890751398572
  0.43018867783493114  0.43786155145683842  0.44518005797020138  0.45298718192654724
  0.46308100653328665  0.47586702830274630  0.48803897789189965  0.49975364164649694
  0.51072508170137443  0.52322316102483934  0.53510727610439901  0.54620014051036403
  0.55689644348612422  0.56768022651425143  0.57924323592725724  0.59133629695743739
  0.60333264967684974  0.61514211629849791  0.62624813263590406  0.63608706627858136
  0.64533228237859552  0.65595254839509687  0.66668011286470741  0.67761960149778433
  0.68930459488117490  0.70027308318147830  0.71147337618686357  0.72305012325878326
  0.73483535468399241  0.74619437083225493  0.75669514476866995  0.76690110116218291
  0.77715677395045324  0.78687416574850089  0.79612572040811447  0.80568015113205416
  0.81683652793989003  0.83054946065490587  0.84349831682561449  0.85518447597437064
  0.86624602619118019  0.87717252443533711  0.88884929413231362  0.90171530082611417
  0.91506775132554463  0.92665379828506944  0.93822443249557486  0.94975012032789963
  0.96276068911032153  0.97535462629647185  0.98773671329591006  1.00000000000000000
 -0.00197831854920028  0.00862121657863064  0.01733171939379450  0.02606480370219529
  0.03481083599560282  0.04350802300802971  0.05487468299975395  0.06552251122094126
  0.07440352715118752  0.08437499966121044  0.09369897449651583  0.10355622267121145
  0.11460793649819427  0.12526634913896106  0.13646705092002684  0.14823763903393905
  0.15921134313037311  0.17013673155752693  0.18114605899192240  0.19188443880983747
  0.20237756341956015  0.21285173495856372  0.22489159105559106  0.23451716827507779
  0.24441111238230837  0.25457018323316660  0.26595077413045898  0.27729151406538111
  0.28670899207017048  0.29650499925588591  0.30626795820493968  0.31599937604813599
  0.32526543307290828  0.33422884599071162  0.34607146426212620  0.35806830157103747
  0.36974208345126042  0.38175657906559596  0.39356931191349942  0.40536995054012315
  0.41660280188245813  0.42762934987559659  0.43753995034291276  0.44548674802288768
  0.45388148480090212  0.46185352060935791  0.46942037197386832  0.47690997075206493
  0.48466289366998133  0.49246580584286315  0.49952811721552687  0.50987629641821242
  0.52147866012647648  0.53364944985825846  0.54681659612106859  0.56042492360569318
  0.57362931786180182  0.58648392030183283  0.59785341247754276  0.60771672793416887
  0.61762201863514821  0.62780776445989550  0.63881547405077221  0.65119323811612673
  0.66360130262818195  0.67623578010707464  0.68781835802582025  0.69876347808199246
  0.70932162646605768  0.72006718326787444  0.73030537475410862  0.74089106816511086
  0.75164706622925692  0.76377109868035031  0.77610069485163757  0.78720450214390691
  0.79902937207476110  0.81071670081935798  0.82199938691802754  0.83295475074479042
  0.84359454298618186  0.85325075210714107  0.86253648298745311  0.87186037010869444
  0.88111427181345336  0.89139925790733432  0.90083144463227749  0.91115648513583125
  0.92152532671888809  0.93278382891450229  0.94511110441819357  0.95666976675492188
  0.96780214857047275  0.97852791446514198  0.98901768666463052  1.00000000000000000
 -0.00138569612888704  0.00708328741364554  0.01443326150017760  0.02185714692468297
  0.03029935619713747  0.03875652927357490  0.04646650031698766  0.05396059161681539
  0.06208916659659574  0.07150112350301059  0.08163619761876863  0.09134679496699258
  0.10022284215935072  0.10850543329981935  0.11741812511746709  0.12676172354330706
  0.13944385192244788  0.15138554063648446  0.16235840250451578  0.17289634716303554
  0.18371061852914361  0.19499859069264849  0.20525783397663661  0.21475320776529516
  0.22436309821952055  0.23460792190390709  0.24490606010456401  0.25463740400669138
  0.26389811012172154  0.27323014752040575  0.28448089495756562  0.29662410003835504
  0.30878212838525032  0.32039298075395056  0.33203506522135584  0.34380692153391873
  0.35545800258452914  0.36692484820913196  0.37736847886052882  0.38778191159401049
  0.39902416618091135  0.41124236430665212  0.42339702197980383  0.43445866846608860
  0.44511475338765227  0.45556739932260526  0.46592704300996496  0.47648200214493625
  0.48626485730576507  0.49561747233798781  0.50504375887099029  0.51421025887442184
  0.52321246221862350  0.53216184705405267  0.54203038208808652  0.55309600055679764
  0.56435529968281017  0.57543640628982384  0.58695043759591814  0.59891485307587045
  0.61075394059358923  0.62234500726566244  0.63349230249432265  0.64495889534800199
  0.65518829782854671  0.66615323163217233  0.67685533568155976  0.68762084598027362
  0.69785737201786979  0.70801316788765623  0.71839655017250426  0.72903943148993922
  0.74032735553742635  0.75162929238544973  0.76270632097802693  0.77395862025620066
  0.78523734353930186  0.79707767439432020  0.80928354289102733  0.82135582272539831
  0.83398212138735139  0.84601412755034211  0.85815919802288942  0.86961353048088186
  0.88125312262608002  0.89247669057651535  0.90303966680265746  0.91313894518318495
  0.92360366633147895  0.93512959881244506  0.94744991661497702  0.95962415948170610
  0.97151102942503220  0.98176105233726185  0.99097963813035894  1.00000000000000000
 -0.00328033191585926  0.01144238007804722  0.02349294843024883  0.03554019395061406
  0.04725021885848486  0.05835136345266190  0.06835965152678639  0.07838685101657079
  0.08853220671274906  0.09966930417111480  0.11163572018572000  0.12438918324521193
  0.13690606359622559  0.14900030290717722  0.16135187672071247  0.17447309562316035
  0.18825742312846114  0.20139235511973136  0.21253058008491663  0.22200996116169697
  0.23068800154637853  0.23929297960655671  0.24894397282576611  0.25914045596790014
  0.26823508329883589  0.27749272638015798  0.28704996460798127  0.29968587495951510
  0.31367638804126241  0.32742914868579182  0.34015826146010986  0.35269086192161625
  0.36483224562199790  0.37690994046354559  0.38788659665146313  0.39789948475658671
  0.40771481194424453  0.41721563520810911  0.42727319897112143  0.43829764760495515
  0.45002050815164907  0.46220212225481322  0.47457607387143869  0.48709596172060526
  0.49888848403529129  0.51050726300199600  0.52161632876972053  0.53231580310965576
  0.54276006196229454  0.55310347597770648  0.56389860750870924  0.57444130465123688
  0.58571088539719207  0.59777652735068565  0.60943382313060124  0.62092554458922988
  0.62989965947226878  0.63912940169939614  0.64845755843740327  0.65763750164678447
  0.66729199109411730  0.67712055224777290  0.68569799055995106  0.69620175769003834
  0.70796632038399432  0.71912340274675823  0.73060069261873928  0.74245387941811714
  0.75450049416172382  0.76615859012260834  0.77682627396623594  0.78719716187635580
  0.79772378545010325  0.80844180479980021  0.81801797731042802  0.82638931268044047
  0.83481794803986886  0.84245264206350412  0.84987495337354735  0.85832285515127760
  0.86715566102259500  0.87545405603065640  0.88538345276597552  0.89593548152955971
  0.90597298969815698  0.91584007990900318  0.92211330356719590  0.92991096839103482
  0.93817545642358080  0.94625635437220101  0.95404197014953207  0.96127225744120715
  0.96926782284370383  0.97671608183251246  0.98738846588385920  1.00000000000000000
   1.2862575596289280E-042  -1.0000000000000000     
  <DiscreteSampler_grid>
  Helicity
  1 # 1 for a reference and 2 for a running grid.
  20 # Attribute 'min_bin_probing_points' of the grid.
  1 # Attribute 'grid_mode' of the grid. 1=='default',2=='initialization'
  0.0000000000000000 # Attribute 'small_contrib_threshold' of the grid.
  0.5000000000000000 # Attribute 'damping_power' of the grid.
 # binID   n_entries weight   weight_sqr   abs_weight
    1   4529   1.429957160651722E-042   1.079925314369905E-082   1.429957160651722E-042
    2   28   4.795287442052129E-045   4.238583442368995E-087   4.795287442052129E-045
    9   20   1.243941475171297E-054   1.551942329441585E-106   1.243941475171297E-054
    10   20   1.327777314608782E-057   2.004290118418416E-112   1.327777314608782E-057
    17   4142   1.402416033056524E-042   1.409749983959533E-082   1.402416033056524E-042
    18   22   2.992621062495913E-045   1.179387944265841E-087   2.992621062495913E-045
    25   20   1.697756099749480E-054   2.945123020654050E-106   1.697756099749480E-054
    26   20   3.063787758329530E-057   9.538666626820176E-112   3.063787758329530E-057
    33   5309   1.612520901428402E-042   4.589624961144537E-082   1.612520901428402E-042
    34   23   1.800720283092301E-045   6.060967718934428E-088   1.800720283092301E-045
    41   20   1.420966883521751E-054   2.669977655999307E-106   1.420966883521751E-054
    42   20   1.572341437900183E-057   1.790490213991362E-112   1.572341437900183E-057
  </DiscreteSampler_grid>
