 -0.00031695865066724  0.00002363398344937  0.00038863148638418  0.00129401590887840
  0.00219612787926622  0.00302006576099253  0.00384400364271884  0.00471474967589761
  0.00563323917761442  0.00669821145821893  0.00809666159029688  0.00969813081183946
  0.01160637285779664  0.01395397164590020  0.01673456061242044  0.02017250049533063
  0.02400625692177715  0.02831393079238032  0.03272181303421451  0.03757622059459258
  0.04302767913758975  0.05036926866813373  0.05857354874918649  0.06767306645602730
  0.07698835008123153  0.08639736502801124  0.09621392804413462  0.10616874504024373
  0.11652157909531291  0.12650987626819579  0.13595384163290919  0.14546655607608638
  0.15551524855779084  0.16554592325926795  0.17560758659319034  0.18616139012955862
  0.19722516154463260  0.20911826785796447  0.22012938506943852  0.23100078942036500
  0.24092858643906581  0.25157172430801250  0.26282268653746266  0.27423526491917699
  0.28496370597785187  0.29582969749994004  0.30668115204798690  0.31780122145060341
  0.32943498691470197  0.34157985537009622  0.35383198531726606  0.36611616766817201
  0.37806421774746923  0.38940119903251530  0.40047277738957621  0.41169270496248217
  0.42334106572441027  0.43501860356975597  0.44706376455156127  0.45877289332444315
  0.47087569422294712  0.48336770592186556  0.49588334017226937  0.50821027677596187
  0.52040434456051465  0.53249074227016169  0.54452807399906289  0.55644062873928113
  0.56800063218353170  0.57962658642087206  0.59185895740040162  0.60465951475330548
  0.61721433167474238  0.63008044601995539  0.64395423897955173  0.65797135496790204
  0.67193908973707484  0.68597532258439919  0.70086859796002399  0.71545352266395845
  0.72887216197600657  0.74160604566444854  0.75486975222221186  0.76905720685632828
  0.78390548554767325  0.79808133908100443  0.81139877870006683  0.82451314621473526
  0.83854543149427574  0.85411741023966359  0.87081618901926483  0.88857615804497325
  0.90714407971416466  0.92782837312625954  0.95379894062443327  1.00000000000000000
  0.05523107902023883  0.11290845344356702  0.16293562389516858  0.19728444282331209
  0.20179970218886395  0.21598906858276914  0.23673103406332999  0.24264377793404607
  0.24914458930300562  0.25567278769711116  0.26139354624054456  0.26702593594218899
  0.26966573614083383  0.27125646548874394  0.27241027784327926  0.27356586187932502
  0.27475241737404021  0.27593897286875541  0.27760013002289424  0.27934903686949486
  0.29013843159057223  0.29696821367724729  0.30200180044217295  0.30576478927219153
  0.30873768387764122  0.31163460153691719  0.31429268363801333  0.31680897365548555
  0.31904896831679586  0.32143431843799691  0.32456477878038270  0.33023457409810858
  0.34369552970759631  0.35281453388682132  0.35497179326823275  0.35705888287595328
  0.35930938625850634  0.36261391011911248  0.36708757939458886  0.37195680900892886
  0.37644992076739009  0.38178165227691219  0.38702310431086617  0.39194038466107095
  0.39557969875309873  0.39985767568423380  0.40509382445051295  0.41112696046458780
  0.41687439920751740  0.42162206597371138  0.42598764963629682  0.43088609244894405
  0.43565467741015051  0.43915362723652951  0.44199551390336345  0.44466084462272581
  0.44761852603774388  0.45168566820440637  0.45641156007970807  0.46195573383505373
  0.46738986518792269  0.47267589613224664  0.47807077084124944  0.48323138116372127
  0.48871447651717975  0.49456293529611045  0.50345289927401571  0.51224546944086924
  0.52093668343592980  0.53008552296924305  0.53905724168844460  0.54744249991006788
  0.55644149536850784  0.56464312740581979  0.57276101044170824  0.58201890859496019
  0.59318951807176579  0.60347511852320190  0.61270833678974079  0.62177458314650036
  0.63159806701268029  0.64143936646882960  0.65332900307539254  0.66629299463403124
  0.68166637321120327  0.69861627148940553  0.71599703809725013  0.73634376446149641
  0.76480152293223524  0.79602845162227698  0.82736819197880895  0.85574223600111299
  0.88371645554530731  0.91254843607515501  0.94891805671155949  1.00000000000000000
 -0.00237435678790458  0.01015618670473088  0.02145791602187407  0.03274927849046534
  0.04417348822763752  0.05475540138921819  0.06534789503247540  0.07603900844386309
  0.08787983889336577  0.09983326090588987  0.11109828281131939  0.12139185903584550
  0.13142060002921294  0.14241216760534484  0.15402710653765836  0.16608454315601609
  0.17621996648188260  0.18565108665700220  0.19550173439332200  0.20565584514519056
  0.21597276840159146  0.22584310913260580  0.23561710618633674  0.24561393235653800
  0.25595317200938428  0.26688877749974277  0.27843510862263476  0.28962692291379810
  0.29974343056077268  0.30939836915890367  0.31987591438927498  0.33230313259882149
  0.34645183513545436  0.35992551409967216  0.37106981780399195  0.38039110985528563
  0.38913924396415672  0.39767309779916410  0.40652739079091227  0.41638324474634375
  0.42691361853149662  0.43731978768769908  0.44755557582734462  0.45782582469418953
  0.46877771732349899  0.47921593529147477  0.48936932998533844  0.49910734146164848
  0.50944135498278098  0.51956923937833277  0.52793301893390754  0.53564600377955074
  0.54410529240998240  0.55338357149375994  0.56231965118027150  0.57106246247533199
  0.57967934810479005  0.58780948499369590  0.59675627711953982  0.60589454262479447
  0.61613922749088523  0.62726405486673442  0.63770836947420562  0.64786599841209203
  0.65860872380517155  0.67046745726190193  0.68295180778002329  0.69584121644166586
  0.70931582733112131  0.72256475259940445  0.73566698330784686  0.74855298319965136
  0.76147392705316030  0.77348274360752645  0.78488686464386737  0.79462172378953633
  0.80417799980676952  0.81388222650873654  0.82396034939194618  0.83457284480790817
  0.84531617785185387  0.85549963888678215  0.86609933292497776  0.87717866097315345
  0.88949407441566319  0.90203426603759995  0.91247931737570920  0.92250002922710317
  0.93257490361596973  0.94307352514785026  0.95368059980602171  0.96331946751893149
  0.97207041446582176  0.98077843912273388  0.98991355278591797  1.00000000000000000
 -0.00225030912963670  0.01182905820029222  0.02420554474604088  0.03678461533341619
  0.04924115775596810  0.06099263002693238  0.07233786458158922  0.08317080167475394
  0.09429798288311973  0.10561304313756854  0.11649896389664879  0.12737966644713730
  0.13716170886610099  0.14862969792375957  0.16028650576683298  0.17249226186970557
  0.18459469255559960  0.19652693354432377  0.20870105852127985  0.22075792044411022
  0.23301608731634882  0.24383719974767196  0.25470871978167803  0.26481591087737438
  0.27433003338249945  0.28379174717182665  0.29366332682182517  0.30352447623706019
  0.31310526083143642  0.32314279966854326  0.33233498983803511  0.34263990838819003
  0.35389645672536879  0.36570855826447513  0.37827643100688113  0.39016653991973288
  0.40226501618852933  0.41500717241244262  0.42724490774724050  0.43868770418461767
  0.44996563954427721  0.46107031312773128  0.47197147098388031  0.48351575214991499
  0.49544283781500165  0.50469568178645341  0.51173800228785882  0.51898703817560432
  0.52626405104586182  0.53304289806677563  0.53962586115485756  0.54691441149198328
  0.55439538841258884  0.56209719000995706  0.57126278881682835  0.58183149909651555
  0.59250112006960720  0.60261136517294966  0.61261617487508391  0.62250690296446720
  0.63251154802979737  0.64363080242296145  0.65451267505763877  0.66558414143568034
  0.67573067772642881  0.68588575831371446  0.69632762846165064  0.70666575483897554
  0.71677125391766217  0.72657670995064993  0.73740756017308595  0.74839466305740632
  0.75944950268310563  0.76993838736834963  0.78066841188317015  0.79082762893664083
  0.80081835813267599  0.81131056198288953  0.82210660425183535  0.83309392376465408
  0.84342863830284887  0.85331856066150291  0.86256492186931633  0.87209004301851023
  0.88220540151212579  0.89250919397624595  0.90292578070149332  0.91331629200521613
  0.92344495870630050  0.93362669389587305  0.94387950889755756  0.95429408956415218
  0.96527769911957062  0.97643180891945158  0.98818041625791975  1.00000000000000000
 -0.00237880169422858  0.01118913541483072  0.02149466016512589  0.03206109686852186
  0.04307843153569390  0.05410228523965258  0.06533127867369665  0.07603974455116481
  0.08646046733319834  0.09610284303412771  0.10548592810671224  0.11527197370969787
  0.12585531564473498  0.13644503331276320  0.14593392607030278  0.15404432730091164
  0.16269928075021511  0.17137082009247168  0.17960577021850233  0.18829958470876856
  0.19883151754627990  0.21010434208050571  0.22315579061329369  0.23522142869302856
  0.24670604891983139  0.25727864741643097  0.26885296777343987  0.27913956667165041
  0.29093398630662670  0.30217681382728667  0.31475140046020295  0.32769253163940720
  0.33994437728994531  0.35111962408479624  0.36201925733995427  0.37390818342723114
  0.38550687781746412  0.39678904469622006  0.40761553592910199  0.41847188428754184
  0.42827869731677670  0.43805975106105688  0.44768315281143384  0.45751852282000455
  0.46742151184501690  0.47685256311523461  0.48609174780565939  0.49511219833512865
  0.50517811898576859  0.51652686157768579  0.52827441102976025  0.53892075070797174
  0.54906438605435093  0.55885654266714158  0.56925688663228569  0.58073917812957765
  0.59205305949885956  0.60330595309254875  0.61412938266971528  0.62449020271157463
  0.63469999272964062  0.64501820490759365  0.65560666340153828  0.66567367685519385
  0.67544061263337596  0.68587005365090570  0.69715831145199580  0.70878375361342683
  0.72001621704696672  0.73101893148005892  0.74113515806127339  0.75078755843217360
  0.76055067433176937  0.77090070906568031  0.78143778214599513  0.79101078710265760
  0.80106956037229082  0.81093873655264248  0.82061859743931931  0.83008155982667098
  0.84038958033726374  0.85076581420132924  0.86072991818678335  0.87025015561239139
  0.88220016052931249  0.89523532102606140  0.90801510785250239  0.91966742065182383
  0.93032742301795224  0.94040436625472235  0.95040158528970620  0.96048114570827714
  0.97057367281705398  0.98013861505305377  0.99014037629919027  1.00000000000000000
 -0.00170292253225160  0.00780037966439551  0.01576730198852654  0.02398174551300801
  0.03217940983294350  0.04075918903373497  0.05328112217285478  0.06613471242684453
  0.07815619908971923  0.08841538764077164  0.09818501603317699  0.10773441866769101
  0.11721905571948023  0.12668195059975082  0.13620441671661213  0.14617087347894478
  0.15619198875022441  0.16603223450695512  0.17606993564716564  0.18698023134962391
  0.19756763229944041  0.20780024902827340  0.21774043600070525  0.22831542206958938
  0.23967369647006548  0.25042382314871681  0.26119872770430608  0.27141641767588581
  0.28183062274996956  0.29145170499468709  0.30112891312578338  0.31122111026609356
  0.32247216798634792  0.33393816743420485  0.34407700197514696  0.35272327374151902
  0.36145636820498939  0.36988936713206749  0.38013012687569775  0.39056755604128163
  0.40175927914770404  0.41268954015686293  0.42361840466448886  0.43484047599737796
  0.44576351174734230  0.45579073211921894  0.46625604994956005  0.47729159893533474
  0.48836716887668830  0.49950874543528750  0.51086066516938622  0.52216007453818258
  0.53356322899947917  0.54526047259457755  0.55691297377569704  0.56798255011604803
  0.57938321643993751  0.59023675581699908  0.60050755956475643  0.61103415637827818
  0.62060706313940528  0.63071157852294835  0.63938200913532584  0.64850422545093034
  0.65716022443389277  0.66889359198952680  0.68193845831871358  0.69519357950383798
  0.70770599511065235  0.72110227181367847  0.73501922463581049  0.74779933026689183
  0.75870407468813117  0.76847529905011458  0.77791712178050409  0.78731670455914904
  0.79604618956251816  0.80533884258142074  0.81618650223784261  0.82714921413640019
  0.83815157059518852  0.84925276408317474  0.86070283729656227  0.87228996166304462
  0.88366041311651233  0.89486388663875160  0.90624166773217785  0.91750050985109377
  0.92841731195424759  0.93882793836752831  0.94933494124656381  0.96089449294039031
  0.97296260049606498  0.98355665111570556  0.99215520773671251  1.00000000000000000
 -0.00205775304770424  0.00918651619292441  0.01950951166060116  0.03097359787085084
  0.04257084960184651  0.05334171911097652  0.06417708162800512  0.07513336527269256
  0.08515514541941095  0.09465219768785206  0.10397779802792537  0.11438823609626250
  0.12541969326022198  0.13683289349254252  0.14783699269682171  0.15925173301021098
  0.17110752662742743  0.18321286663904929  0.19565678810927672  0.20657148874224676
  0.21624306081562406  0.22553701332649509  0.23551040490519962  0.24609430463377377
  0.25741401026844146  0.26916811507613758  0.28049217007571509  0.29057180809106731
  0.30053885847135720  0.31098961714544771  0.32298097713620627  0.33461258456942106
  0.34481731050864395  0.35497185116115754  0.36495491284203968  0.37531979611747135
  0.38454651117807648  0.39270928447727699  0.40065219199066732  0.40955928258501151
  0.41998976128568272  0.43151543724411767  0.44266832432240527  0.45456302275591387
  0.46498976529378278  0.47578503472600681  0.48630789317303080  0.49748757451888120
  0.50737772840757156  0.51618559158053190  0.52507783245385464  0.53354572986961646
  0.54223755397803386  0.55140951028757024  0.56162889318547471  0.57349030721276051
  0.58543570576740767  0.59699667230801623  0.60835251501390597  0.61979946722734136
  0.63058360577540307  0.64097854113914310  0.65089413739013957  0.66127458604648237
  0.67234843680574308  0.68345057860650393  0.69442552089734610  0.70565037169182387
  0.71698583790397719  0.72732755590153408  0.73671038331660255  0.74556471368034427
  0.75486718821997745  0.76385802991071972  0.77217937254500879  0.78060308921369115
  0.78948831926637353  0.79985223258501292  0.81053076194570473  0.82133470326626390
  0.83317241891527805  0.84517187717407605  0.85677839015104384  0.86733943809394642
  0.87859019927497439  0.88954589996488120  0.90118842690356005  0.91266738679255066
  0.92394409645155806  0.93568886145267471  0.94711869968171347  0.95838605279427480
  0.96909505774760529  0.97952757856754558  0.98959765041546977  1.00000000000000000
 -0.00245491218319863  0.01031117007380624  0.02078780859994958  0.03127527823292316
  0.04280812898324059  0.05471231594072616  0.06612348166109867  0.07683351652877894
  0.08725308768913775  0.09808661914695381  0.10991781615390084  0.12203590466162431
  0.13255919104490504  0.14274539394100791  0.15274529537439122  0.16421063151130588
  0.17577661921140283  0.18796758048381201  0.19993909094950751  0.21041958300499849
  0.22088884713764281  0.23070032809858537  0.24121703935654359  0.25247514975686247
  0.26417914742235515  0.27564157234654396  0.28759434256665811  0.29917033664842696
  0.31085966542964472  0.32240638103393887  0.33393228112926121  0.34540988757065394
  0.35607405794331004  0.36583113950393997  0.37503072093462742  0.38434276163999109
  0.39430178949313316  0.40537560553025626  0.41634297449949886  0.42551544461677904
  0.43422984164144302  0.44208222558243943  0.45075935611918949  0.46061678573793835
  0.47135789155698266  0.48262732405358050  0.49382338909860463  0.50424009952354365
  0.51516550669039984  0.52639266959569719  0.53766305469110287  0.54842661531035963
  0.55908461807220533  0.57017775029942974  0.58175424926906372  0.59329968118108534
  0.60455054534457142  0.61658547993597901  0.62769620037626628  0.63899341543856825
  0.64893421591294620  0.65832787266845394  0.66695794145954701  0.67459900546491858
  0.68182828950393315  0.68980286671713731  0.69795445038801873  0.70750205204415362
  0.71691691732280083  0.72626029915887647  0.73561018426359537  0.74610406207629076
  0.75649730844749963  0.76710790236109794  0.77769184636656841  0.78815413434637160
  0.79843349311072864  0.80902347342883973  0.81968663782312734  0.83035375752520468
  0.84109099303977986  0.85167227356709518  0.86182093568854967  0.87160475977100105
  0.88128801490625153  0.89204610536518536  0.90274244969574047  0.91260946226672612
  0.92219411338213653  0.93210655829042699  0.94292828101910420  0.95407788159851559
  0.96532879939881489  0.97617130655110096  0.98783889363907473  1.00000000000000000
   1.1912254644158260E-020  -1.0000000000000000     
 T F F F T F F F F F F F F F F F T F F F T F F F F F F F F F F F T F F F T F F F F F F F F F F F
