  0.00192619909667101  0.03538640281250589  0.06052116461927076  0.08006913133800775
  0.09697822600384710  0.11233981438034370  0.12652629840751009  0.13987347347229137
  0.15248079378865334  0.16458572967090926  0.17615538308370776  0.18741888465072401
  0.19824818190767868  0.20885537031407433  0.21909096575883544  0.22915755245620964
  0.23893487058319265  0.24857433079839172  0.25799434422650924  0.26730403826466193
  0.27645486084477067  0.28548170161718189  0.29437456918502497  0.30314094952765158
  0.31181951074783787  0.32039587152869942  0.32889727066395613  0.33731307465798749
  0.34564433352902618  0.35391940010743606  0.36212764350288207  0.37029084751236424
  0.37840354683245619  0.38646916189665748  0.39449400572421855  0.40247580460669524
  0.41042277874279598  0.41833832239918850  0.42622467199577052  0.43408459613589334
  0.44191385792377752  0.44971319519392816  0.45749135736650048  0.46525432156154395
  0.47301052594459342  0.48076302413856986  0.48850781341386118  0.49624560638115051
  0.50398027599363593  0.51172171469072181  0.51946317310727486  0.52721299765745555
  0.53497446604306265  0.54275477209774059  0.55054951399048702  0.55835626006870687
  0.56618167288638999  0.57402993348382270  0.58190112322510790  0.58979798071822931
  0.59771495560953081  0.60566196827819507  0.61366602544517568  0.62172953185882784
  0.62986330662095080  0.63805274879186669  0.64628670693487300  0.65457233651728985
  0.66290576465996598  0.67132585075731621  0.67984242110955506  0.68844038492233128
  0.69714495504027707  0.70594132881125948  0.71486946651154193  0.72392492959388532
  0.73310045051284067  0.74241996512172459  0.75187684971419633  0.76153708364316886
  0.77135135802703658  0.78139941836215510  0.79161565322400917  0.80217056585397783
  0.81295102583389001  0.82414323140766921  0.83565491435494643  0.84771075839614018
  0.86026608729184584  0.87355217143890540  0.88770529775320750  0.90305318272765334
  0.91999611566092554  0.93967049058525776  0.96507706816604832  1.00000000000000000
 -0.00246716809633839  0.00955238344722138  0.01979505196966952  0.03042717791896025
  0.04107041410357151  0.05158056652817736  0.06210293151604721  0.07258042390867558
  0.08303701289468593  0.09346365509251747  0.10389801069520406  0.11450222471018467
  0.12512133453352128  0.13574614315098543  0.14628157361547267  0.15683977145498237
  0.16743612633918342  0.17795640997349080  0.18843671854781008  0.19890732453613266
  0.20939698804923834  0.21992273576673452  0.23040254354493253  0.24107329778821954
  0.25166800687310920  0.26230298438766481  0.27293783074480171  0.28356769597985920
  0.29417791500653173  0.30470591511013023  0.31516101242760480  0.32565861322466577
  0.33615969320567746  0.34675022530385496  0.35727422477371817  0.36778319120045433
  0.37831705870865412  0.38892777010006607  0.39961434307887789  0.41035860880974612
  0.42105011809239956  0.43157784244272251  0.44207256198832445  0.45252228868400673
  0.46292010442558851  0.47327288685132812  0.48366819504733521  0.49426134428558766
  0.50483462628988807  0.51545771406083596  0.52591906915378428  0.53641040026317899
  0.54681038839180107  0.55740008834697063  0.56789957151432324  0.57850859349375439
  0.58903624936701748  0.59960594455013561  0.61010631903971779  0.62057913190366165
  0.63100214862309123  0.64145200161843696  0.65196821326889598  0.66253436835061341
  0.67303004514201492  0.68359161573085703  0.69415125142127354  0.70474095335537146
  0.71520531729049719  0.72557158239052477  0.73592404009999035  0.74636504582173313
  0.75692260862031091  0.76751061573400570  0.77794743048773907  0.78842507741809198
  0.79902332376910645  0.80970174940012107  0.82025627715433180  0.83069633111472374
  0.84123108981975503  0.85174812253719745  0.86222996602631885  0.87262868883045597
  0.88314515136664928  0.89368695240161256  0.90430807703438409  0.91500533690047159
  0.92569780411845615  0.93630874199400882  0.94680701165252024  0.95735362692427306
  0.96804410520585005  0.97869103297854410  0.98934908512954733  1.00000000000000000
   3.3267732430551358E-007  -1.0000000000000000     
  <DiscreteSampler_grid>
  Helicity
  1 # 1 for a reference and 2 for a running grid.
  20 # Attribute 'min_bin_probing_points' of the grid.
  1 # Attribute 'grid_mode' of the grid. 1=='default',2=='initialization'
  0.0000000000000000 # Attribute 'small_contrib_threshold' of the grid.
  0.5000000000000000 # Attribute 'damping_power' of the grid.
 # binID   n_entries weight   weight_sqr   abs_weight
    1   20   1.094991717274646E-018   1.968922868433091E-036   1.094991717274646E-018
    2   20   1.595947132456359E-011   3.016023183063387E-022   1.595947132456359E-011
    3   7006   5.704024667548722E-007   5.052244826519566E-013   5.704024667548722E-007
    4   20   5.211350577122271E-013   3.224960810864672E-025   5.211350577122271E-013
    5   20   1.063882012824057E-016   1.546083088862489E-032   1.063882012824057E-016
    6   22   3.405286723017627E-010   2.328092581937583E-019   3.405286723017627E-010
    7   23   3.257232539374642E-010   2.226871165246936E-019   3.257232539374642E-010
    8   20   1.063882012824083E-016   1.546083088862479E-032   1.063882012824083E-016
    9   20   5.211350577122271E-013   3.224960810864673E-025   5.211350577122271E-013
    10   6968   5.755254956260317E-007   5.142476238319451E-013   5.755254956260317E-007
    11   21   1.624947536646026E-011   3.103918711874991E-022   1.624947536646026E-011
    12   20   1.094991717274646E-018   1.968922868433091E-036   1.094991717274646E-018
  </DiscreteSampler_grid>
