  0.00005773383874631  0.00009418578845510  0.00010967295240413  0.00011989759383895
  0.00012920360934825  0.00013783007542999  0.00014574101656066  0.00015264266420284
  0.00015920827311138  0.00016618582102634  0.00017340017008712  0.00018001920067992
  0.00018753268248439  0.00019452362974305  0.00020209168103826  0.00020991607158097
  0.00021821855615278  0.00022679914502940  0.00023597047639911  0.00024556227753452
  0.00025472103694923  0.00026360761292621  0.00027293549747821  0.00028231506513192
  0.00029186174111395  0.00030133621974941  0.00031087587365304  0.00032052223421158
  0.00033055552374252  0.00034177291562700  0.00035319218321246  0.00036382661977364
  0.00037393654150782  0.00038400462353595  0.00039301379995197  0.00040383085369081
  0.00041549538251456  0.00042717974673142  0.00043913809530954  0.00045162076101358
  0.00046488915307395  0.00048072297906820  0.00049639155975582  0.00051364171500061
  0.00052896811974965  0.00054412248824602  0.00056028897142406  0.00057660307065007
  0.00059387996747868  0.00061463604054798  0.00063800356048159  0.00065611124551190
  0.00067054343098620  0.00068702827424223  0.00070636103514424  0.00072944564420343
  0.00075866149867944  0.00079137297429050  0.00082569691123594  0.00086016716306090
  0.00089754505990276  0.00094165210703998  0.00098581968156303  0.00102461817591701
  0.00106555981183901  0.00110817997365875  0.00116171678856697  0.00124200371024806
  0.00132810926228508  0.00141664378692366  0.00150582979336215  0.00158974380711846
  0.00168402854570998  0.00180605554857062  0.00197360728969409  0.00219333799189053
  0.00247922773733904  0.00280299805179025  0.00306969832153732  0.00331646527865564
  0.00353578316461603  0.00373922986900354  0.00407632107555004  0.00455492318279553
  0.00526146045888852  0.00610056164102744  0.00882887913159931  0.01115286359925697
  0.01400139296761026  0.01555177989977459  0.09173365694482896  0.22182798232434994
  0.37210830071826001  0.55843481343300994  0.80878649485954046  1.00000000000000000
  0.00005170407534077  0.00019353555914911  0.00026326339754424  0.00030336473693924
  0.00032793641973586  0.00034842541609155  0.00037076689636221  0.00039694516867042
  0.00042204838469269  0.00044561063293858  0.00046919185636496  0.00049438054793131
  0.00051999860215308  0.00054608365759365  0.00057197616232566  0.00059956610742735
  0.00062598898497121  0.00065326288706684  0.00068161917019866  0.00071589772110075
  0.00075306807745774  0.00079014076813929  0.00082561420869226  0.00085924571568427
  0.00089579250545626  0.00093470461230554  0.00097490201810758  0.00101734691541855
  0.00105885116887201  0.00110191901104572  0.00114705775585753  0.00119505650360250
  0.00124388748541697  0.00129322881654458  0.00134650677310450  0.00140598367075012
  0.00146470606645612  0.00152267601759736  0.00158215635432058  0.00164068769792368
  0.00169972973017432  0.00176191510218284  0.00182951410937633  0.00190256010652114
  0.00198004476224434  0.00206079262650148  0.00214446205496541  0.00223252469540377
  0.00232979789592999  0.00244556298824812  0.00256840782823714  0.00269080246523939
  0.00281630444523225  0.00294584011218334  0.00309340016847756  0.00325228216323117
  0.00342062915697663  0.00360620796800677  0.00382099760188384  0.00405472713743681
  0.00427797546139274  0.00452077296514733  0.00481966103588895  0.00510339063015511
  0.00544151237649547  0.00584146535760060  0.00630075530951851  0.00683240613658288
  0.00751448318406464  0.00825971990766520  0.00914755957049940  0.01041226134517951
  0.01200652686589600  0.01361480400640052  0.01526080272266240  0.01710148960469040
  0.01901014522373051  0.02063037826669885  0.02169639152482037  0.02437471118240448
  0.02741254430052718  0.03023826556471326  0.03273414017681434  0.03550768270781662
  0.03859874798551271  0.04201352921790266  0.04623523942013330  0.05737692537442553
  0.09106646223857637  0.14995384677527257  0.20382743144194676  0.31186524423550421
  0.45430120545910929  0.63720876590231235  0.81897523777479864  1.00000000000000000
  0.00000001411177057  0.00000005980428781  0.00000010408346814  0.00000015521465708
  0.00000021191707202  0.00000027205960286  0.00000033002169371  0.00000039455783347
  0.00000046558342628  0.00000054480264573  0.00000063181658467  0.00000072697179386
  0.00000083109477256  0.00000094431338718  0.00000106793308386  0.00000121031074313
  0.00000137046659262  0.00000155338270049  0.00000174893883635  0.00000196216767873
  0.00000221365052563  0.00000255754057829  0.00000297689258886  0.00000350862959726
  0.00000419744642039  0.00000501633708936  0.00000598677047296  0.00000718109437659
  0.00000876599846374  0.00001082040890615  0.00001364416559627  0.00001794893174604
  0.00002571234909260  0.00003847483587233  0.00005826428168101  0.00009561975336757
  0.00018358116096409  0.00036429326627512  0.00075484648176172  0.00180076366687893
  0.00444805968205414  0.01075992885902549  0.05278019706978745  0.10526462800210092
  0.16279177849608326  0.22368174897970705  0.27687423658346827  0.31002011180429190
  0.34318875348786504  0.37645425129674781  0.40968256238921097  0.44256065974417341
  0.47543875709913586  0.51097808968647829  0.54752765487503341  0.58396994548682002
  0.62033826694898464  0.65954851053763375  0.70225632735033894  0.78889078610915053
  0.84036834113274594  0.85747591840082604  0.87139753194099789  0.88615419529105799
  0.89880971617633598  0.91509273072555175  0.93341671561354456  0.94639998567305328
  0.95254735427258130  0.95606176815032951  0.95828724267548648  0.96024713428564556
  0.96315981174407106  0.96620055290210949  0.96905058716219461  0.97100820524089348
  0.97259327299997045  0.97385621779425535  0.97481686192071937  0.97559528979661458
  0.97636626349124456  0.97719164674737702  0.97853001756825009  0.98025492376397205
  0.98186309963625418  0.98357001547328804  0.98569427671910703  0.98816601387233327
  0.99058863262674968  0.99285287906946484  0.99466088018245979  0.99612748504984350
  0.99734913124764979  0.99834304973434285  0.99919465985768641  1.00000000000000000
 -0.00142995503838877  0.00535736114822128  0.01340525640105105  0.02072843695251748
  0.02770030321065428  0.03464192901587767  0.04293870109003769  0.05254071336407196
  0.06185943748809715  0.07004913778661882  0.07816492675327129  0.08671970613622447
  0.09542471618682756  0.10442501758828081  0.11349088197970156  0.12227407305454270
  0.13084231557097359  0.13963646753221837  0.14921006916670551  0.16132842827220945
  0.17275152938143756  0.18332754476607174  0.19403212909400885  0.20424585516964491
  0.21316341404945491  0.22168947354285709  0.23050583927687190  0.23948844689225549
  0.24865981696977976  0.26064021897641715  0.27393046186440911  0.28514059795974084
  0.29556769453702231  0.30632191733288522  0.31451263978588334  0.32161046075019883
  0.32852574872737905  0.33538427351900457  0.34321048044337610  0.35359756135206288
  0.36390152710853912  0.37142328229208121  0.37967250587914886  0.38784592332580992
  0.39631632969717145  0.40594230856653185  0.41696684108116966  0.42957792940143247
  0.44317257292824414  0.45629166905467622  0.46849107994312861  0.48139686968666973
  0.49493561002450487  0.50844110418563271  0.52179004332828760  0.53555782772792893
  0.55049976304059356  0.56478141106366020  0.57830503939902500  0.59177731411572843
  0.60526808724209813  0.61945858201355564  0.63459844002553778  0.64900993731608514
  0.66367175007247259  0.67808108364601105  0.69295815079959022  0.70817195775573705
  0.72174356410780138  0.73320256391168614  0.74357949768999043  0.75677897424543328
  0.77150310838299652  0.78519479052466190  0.79812910762244549  0.81092153749427087
  0.82242549824110722  0.83345805051258093  0.84449274093423066  0.85654016326768312
  0.86826218830567981  0.88092211235936280  0.89120072378049098  0.90051284301324608
  0.90957788937730100  0.91858202770928010  0.92855456173936912  0.93794254310705938
  0.94541750475280895  0.95245184776899883  0.95977434254805327  0.96765158015736308
  0.97569819026103199  0.98395650120479539  0.99227328813131344  1.00000000000000000
 -0.00185633741592999  0.00488302865926010  0.01263321334790704  0.02093372601513563
  0.03152765439973760  0.04253756179838268  0.05239881799975197  0.06293817647998262
  0.07566046640548277  0.08862981389935611  0.10012760518283852  0.10941136950645360
  0.11778876358907844  0.12679212730670053  0.13629175065081126  0.14740405012730687
  0.16040943093531584  0.17344922721872133  0.18343828642962817  0.19112499586410672
  0.19924140624911735  0.20728154382472797  0.21593821226527959  0.22687680773051613
  0.23785718129660180  0.24761839381622436  0.25791154887882295  0.26849899726241738
  0.27872795240226667  0.28628177219070428  0.29478477018790117  0.30520238881381062
  0.31494756781754124  0.32346749313185330  0.33320030514589721  0.34335028375317672
  0.35640096996779719  0.36639172441330836  0.37586564032041114  0.38404020962020136
  0.39306246447751070  0.40239352336660317  0.41181562343198974  0.42028070788925764
  0.42598071347509048  0.43167990619710539  0.43768932423739770  0.44333585365260914
  0.45521203638230268  0.46868940033079426  0.48190847453239005  0.49436975018136292
  0.50642809209781026  0.51786793668018305  0.52901510619232939  0.54020107246152915
  0.55163130216026290  0.56315421556427847  0.57454446053226915  0.58641854273486682
  0.59880523356190130  0.61137407257056897  0.62436237946647666  0.63749118217680822
  0.65056341692858366  0.66429623713168384  0.67823307845553316  0.69102278444337817
  0.70303184799049867  0.71458913204070496  0.72469252819674190  0.73576830754858402
  0.74660360422407290  0.75743273525793620  0.76786058431273918  0.77818001553146732
  0.78877505991975116  0.79958701333404492  0.81075372774359500  0.82064487917629259
  0.82954362173068574  0.83753372802267689  0.84497114141523799  0.85304108604179685
  0.86288808806027673  0.87387800517029457  0.88423509576509807  0.89656709756144259
  0.91036280063507025  0.92424668290458734  0.93790290200489557  0.95087159276318156
  0.96337685073185397  0.97588504310777380  0.98773580775501513  1.00000000000000000
 -0.00551402842153088  0.02178257253686218  0.05212564193103546  0.08991504898096360
  0.12982873141961243  0.17150096074691176  0.21803636067119550  0.25948607028039278
  0.29515242514869799  0.33074422342532250  0.36188559888149896  0.39432638671372894
  0.42554801294827782  0.45169664656965930  0.47394961260550189  0.49425879294732089
  0.51466428673059628  0.53563999631122106  0.55563933139279231  0.57233752089445089
  0.58752420379873072  0.60218915160692543  0.61574948549136943  0.63107138903332327
  0.64683031497735144  0.65993428143757504  0.67226792943342495  0.68451234481868994
  0.69705159446132092  0.70981389758422164  0.72217048218086266  0.73353460813221150
  0.74485273086562320  0.75689361005528066  0.76857659321922334  0.77861013275343038
  0.78816446870102796  0.79850079751899805  0.80769679429100916  0.81592513331773253
  0.82413724002300048  0.83302132969656040  0.84352156888242535  0.85236784963494650
  0.86120032098015931  0.86894426722317464  0.87648179419089445  0.88310527581292331
  0.88768361405685681  0.89229321808205764  0.89737008280354880  0.90121109654439047
  0.90446868102489941  0.90877155547178301  0.91311365965837143  0.91783967698024083
  0.92265210055708402  0.92830621315033635  0.93342787999251497  0.93756743473888637
  0.94105370114417930  0.94416816599575959  0.94737609461419325  0.94915237908433081
  0.95130587053371962  0.95287037176424061  0.95458655593299735  0.95631459540572050
  0.95808873245178960  0.95910803582567383  0.96035550430615213  0.96210517479698454
  0.96398645707872410  0.96604256587447823  0.96803840371331307  0.96985162478664233
  0.97158135834736259  0.97317805302285620  0.97470543263798504  0.97635553026924438
  0.97852167545425484  0.98046731162431433  0.98217993539300830  0.98345780350073175
  0.98472054862633662  0.98593850019115792  0.98720108749052293  0.98831278921506682
  0.99013165987805540  0.99187105219346827  0.99344963472082903  0.99472567892236208
  0.99584713101528122  0.99721264263359632  0.99859956978926301  1.00000000000000000
 -0.00231056345774394  0.00978467701818176  0.01998132055158124  0.03123266521597818
  0.04263019710792638  0.05464108555307015  0.06536349387733838  0.07611672847876155
  0.08641457800437441  0.09756219905445868  0.11040333253833036  0.12408057159817198
  0.13716196324183155  0.15025140622423958  0.16440464459347615  0.17923468491622160
  0.19270965713562188  0.20458183794736479  0.21615849822766664  0.22808488107457286
  0.24054883085692111  0.25405434305405683  0.26681847325051011  0.27653947316859595
  0.28480737372050846  0.29446123035097549  0.30457636798281745  0.31343433004970012
  0.32228798081504823  0.33017283627012844  0.33970303549567332  0.34920744128541281
  0.35921919162121457  0.37080017194196424  0.38320027471564033  0.39537789036001109
  0.40621362219038809  0.41638871615334611  0.42712333062919694  0.43802969275572678
  0.44853189128777954  0.45934832622574290  0.47022105913765649  0.48158002465076821
  0.49448972087571630  0.50618237487073536  0.51818537806757781  0.53045664514703139
  0.54299512041391729  0.55722285845234465  0.56959725954247076  0.58045140141111218
  0.58940566026996222  0.59778306261913305  0.60514935359939503  0.61368280024565891
  0.62266492981183030  0.62978731747077143  0.63762803363031406  0.64551752822008246
  0.65289371931461049  0.66057903883154490  0.66778235043964618  0.67627174970996107
  0.68769609649737962  0.69961363942747146  0.71157064788135627  0.72450033212548770
  0.73714334370039469  0.74869288683149993  0.75924115045075213  0.76819641400383143
  0.77750983620284009  0.78586273285089292  0.79495384704201699  0.80512168070774792
  0.81624182839166182  0.82777531256619907  0.83846524120238175  0.84804762818695778
  0.85728440643093706  0.86660447067469626  0.87639915928877554  0.88628277811164191
  0.89638685564158338  0.90698220839605259  0.91726591278618985  0.92680232054050493
  0.93640156033536315  0.94549019511631993  0.95515982538565358  0.96557121876615382
  0.97421675462272939  0.98219495446129945  0.99111056459320901  1.00000000000000000
 -0.00342860007273978  0.01213292219424899  0.02455764825730151  0.03538995682688022
  0.04471266534668322  0.05296111652436645  0.06081495066910907  0.06750870955377107
  0.07590468876643305  0.08516723245093198  0.09578090208471547  0.10630481233446311
  0.11510250590433638  0.12520333813196322  0.13689508707389730  0.14763593627363025
  0.15815679590884005  0.16896941628025319  0.17927087858944496  0.18885747801267802
  0.19795693721816379  0.20525782413041463  0.21200097094703696  0.21822408572506635
  0.22486579029225384  0.23249966130826610  0.24070391697788621  0.24958246902719081
  0.25956765875989068  0.27191574654039274  0.28489510079780261  0.29860979073145172
  0.31252698144254787  0.32660904713306099  0.33882456549282608  0.34853910075103034
  0.35764806186395259  0.36667526869879147  0.37589692054779744  0.38467010907157867
  0.39696786844936860  0.40780347523390553  0.41871159870136360  0.42978312113753442
  0.44151306833210363  0.45332859955653110  0.46449769470071978  0.47502739638563912
  0.48508326615830727  0.49621709675396475  0.50903828109901439  0.52186287837927126
  0.53431447457340697  0.54654198771652585  0.55881939689447524  0.57058299947136037
  0.58172513093382205  0.59332049353299010  0.60538525611376126  0.61756728337941402
  0.62958001712623846  0.64128779357498056  0.65275621898328873  0.66449252353575305
  0.67697243362299619  0.68986836924548589  0.70067425925289439  0.70878485631145305
  0.71773226474680996  0.72612253622304912  0.73337348233069999  0.74245184991601976
  0.75369017391198978  0.76313743018197644  0.77322650561731920  0.78367447008171998
  0.79573597069346869  0.80864033048962380  0.82184281925973368  0.83495876831015992
  0.84710306917462042  0.85693372155830971  0.86547363765583385  0.87399206150240594
  0.88387028573366355  0.89448904404982899  0.90488894856259006  0.91464560663369254
  0.92508920206360912  0.93534643933890738  0.94695770468844653  0.95699366038275135
  0.96720705370702109  0.97650176019988311  0.98804871088777801  1.00000000000000000
   2.9049889090147318E-015  -1.0000000000000000     
 T T T F F F T T T F F F T T T F F F T T F F F F T T T F F F T T T F F F T T T F F F T T T F F F T T F F F F F F F F F F F T F F F F F F F F F F F T T F F F T T T F F F T T T F F F T T T F F F T T T F F F T T T F F F T T T F F F T T T F F F T T T F F F T T T F F F T T T F F F T T T F F F
