 -0.00247123555566268  0.00858512043304301  0.01830285308161165  0.02822634045962351
  0.03878384106791678  0.04948954948622833  0.06027587150988923  0.07101802782684960
  0.08168129764057663  0.09221950291753969  0.10253542859920849  0.11272955025085549
  0.12301184675890817  0.13328894433608826  0.14371818464508035  0.15411910652565344
  0.16495288010648498  0.17589498891634528  0.18657846560289493  0.19701981230480417
  0.20731761579656199  0.21771823650721570  0.22824536125597733  0.23883178068470623
  0.24963011117501191  0.26037882397868739  0.27090222679024328  0.28116527597103419
  0.29136585183682479  0.30169838427056039  0.31209678868058582  0.32247136181819336
  0.33305222484561531  0.34384933449000005  0.35470357881687187  0.36549700451946460
  0.37608539502859267  0.38664648366106691  0.39718564811735080  0.40773105093403295
  0.41819158777770737  0.42866544956133412  0.43922135715599331  0.44975532757453562
  0.46025881741120800  0.47076261731498692  0.48132350815114511  0.49188242796169224
  0.50244638200332936  0.51308264974354945  0.52370708567723934  0.53443371986916854
  0.54513542142769944  0.55585435434693775  0.56650706701916642  0.57720311739855767
  0.58790778144284339  0.59833926272060367  0.60878137982230285  0.61918903319065510
  0.62971276800673393  0.64014997075672742  0.65056284362808647  0.66104955489778017
  0.67174795845838520  0.68257457122208121  0.69320979508738223  0.70377623804533052
  0.71406403463883261  0.72455779694606148  0.73499844531652991  0.74538154180999150
  0.75565053128495507  0.76590982322697687  0.77645805953419522  0.78720172927915144
  0.79766642035210800  0.80800531655495189  0.81814908903165562  0.82846921257521355
  0.83902138941196036  0.84966110827176267  0.86038731081561193  0.87078662062981116
  0.88116990774269632  0.89139913223506217  0.90177472344106513  0.91208222144496842
  0.92277713639802572  0.93343000747291627  0.94392597642912135  0.95447314851137000
  0.96549171017193613  0.97718287440477836  0.98857431013991648  1.00000000000000000
 -0.00251484940990119  0.00987633487671925  0.01997797525209110  0.03023352226862318
  0.04053174413297148  0.05144597321125979  0.06247076413391291  0.07305254457212984
  0.08349491703976163  0.09389304813872137  0.10451912574853124  0.11522524045134942
  0.12607457674254363  0.13677843971996967  0.14734465805458066  0.15786550278600894
  0.16833966837785430  0.17865277275741850  0.18909702283579544  0.19948207085105082
  0.21000644278512939  0.22034258425725498  0.23072759816472416  0.24136132666300730
  0.25188416828678056  0.26261854141226854  0.27305630891803723  0.28339544265649602
  0.29379897982532416  0.30416214417209991  0.31463576330398191  0.32512356518338809
  0.33561035119310245  0.34599368282007770  0.35637150034375831  0.36678072990088667
  0.37707730238372922  0.38712331952333678  0.39736796267363933  0.40771818884677158
  0.41803645645326942  0.42817188286843122  0.43830135275399357  0.44858407190955230
  0.45906782144732811  0.46951028787384858  0.47989704127769173  0.49028821795180244
  0.50080513939473104  0.51157143584525266  0.52240130225149917  0.53323773419745224
  0.54376209214270133  0.55418841327280099  0.56471448179663564  0.57526828548447273
  0.58552689865607721  0.59568718502273144  0.60594472008683931  0.61649105575714858
  0.62714047620885116  0.63780289932191736  0.64832317319465904  0.65859490151621780
  0.66887356432993139  0.67927362012297210  0.69000429183638745  0.70076515997749489
  0.71169964418116505  0.72289420824735173  0.73423154840585236  0.74545877809783112
  0.75616225038127849  0.76672246596023352  0.77718287475880332  0.78766795808417922
  0.79807182232087237  0.80837120258866491  0.81902301802049615  0.82968065974078986
  0.84020208835789501  0.85062269494991749  0.86114747556765547  0.87163027411751703
  0.88227663021034142  0.89283063779790506  0.90378406521932186  0.91469973183879061
  0.92550217152901038  0.93633353706296596  0.94694436099867363  0.95792545934912243
  0.96863327427938262  0.97942592788326854  0.98979914606323804  1.00000000000000000
   3.6222289188807143E-006  -1.0000000000000000     
  <DiscreteSampler_grid>
  Helicity
  1 # 1 for a reference and 2 for a running grid.
  20 # Attribute 'min_bin_probing_points' of the grid.
  1 # Attribute 'grid_mode' of the grid. 1=='default',2=='initialization'
  0.0000000000000000 # Attribute 'small_contrib_threshold' of the grid.
  0.5000000000000000 # Attribute 'damping_power' of the grid.
 # binID   n_entries weight   weight_sqr   abs_weight
    1   4180   3.607880231266425E-006   3.280693369292000E-011   3.607880231266425E-006
    4   647   5.814014409395796E-007   8.494793667763997E-013   5.814014409395796E-007
    5   3922   3.461520444371900E-006   1.957092327919248E-011   3.461520444371900E-006
    8   752   6.216529646129212E-007   6.427734764473998E-013   6.216529646129212E-007
    9   3713   3.382708729982671E-006   2.718945234161838E-011   3.382708729982671E-006
    12   766   6.586307107051947E-007   1.031137336012036E-012   6.586307107051947E-007
  </DiscreteSampler_grid>
