  0.02579259846401800  0.02586986676169083  0.02594713505936367  0.02602440335703651
  0.02610167165470935  0.02617893995238218  0.02625297928356504  0.02632698042613956
  0.02640098156871409  0.02647498271128861  0.02653617963443571  0.02659704833661410
  0.02665791703879248  0.02671878574097086  0.02686881315113965  0.02701787956869534
  0.02716398263868586  0.02729421891780175  0.02745186509085008  0.02773180981985748
  0.02801926307938849  0.02822535092459785  0.02843694493772678  0.02872355192844597
  0.02901020160440286  0.02919789534940908  0.02936988976916655  0.02961235617434071
  0.02989737396415638  0.03018796927667181  0.03080384440661412  0.03150573178819951
  0.03192181952071921  0.03225097674494443  0.03251996137777075  0.03277096091284583
  0.03300798311456352  0.03322014648954356  0.03347307657823255  0.03377151545842028
  0.03417005327495468  0.03453860591462747  0.03479238261716310  0.03501087141790701
  0.03526911486618101  0.03555006144427884  0.03579982085719955  0.03600059567556584
  0.03625406222046375  0.03680243949617183  0.03722973726509547  0.03749334734765990
  0.03777376298085762  0.03804600299026040  0.03839407237045282  0.03898470947879064
  0.03979892826880617  0.04051767445878220  0.04097174746661994  0.04148731696869724
  0.04213552042391464  0.04260868409510175  0.04304271674883185  0.04346885466319055
  0.04369379228915399  0.04388630544057671  0.04405525356056296  0.04449532059420538
  0.04513904330583648  0.04597096850258663  0.04677986184810529  0.04761494193909610
  0.04841787006328294  0.04914752525510737  0.05008045782053946  0.05091510832634961
  0.05160123998128412  0.05227919477265842  0.05313140567254471  0.05329028813727890
  0.05488690886060332  0.05778561387624100  0.06041506224655808  0.06336017311062953
  0.06636692488747158  0.07006156075110505  0.07434986229495640  0.07923292725925629
  0.08265532883150339  0.08620407343671047  0.09051463320811408  0.09557558090975328
  0.09959533198233535  0.15870675049727936  0.24796181077604332  1.00000000000000000
  0.00495122556769109  0.00495668376204923  0.00496210948466846  0.00496918863107608
  0.00498132036832476  0.00499400866987215  0.00500129113670060  0.00500798621646288
  0.00501358102808200  0.00502033364529624  0.00502651400253462  0.00503213618258525
  0.00504170506378327  0.00505766424631051  0.00507048982652944  0.00507910299803643
  0.00508584204788831  0.00509244076598337  0.00510229733251883  0.00511155909758989
  0.00512438219387944  0.00514538668473015  0.00515686356078248  0.00516415732850784
  0.00517145109623321  0.00517874486395857  0.00518559474822391  0.00519237306870367
  0.00519915138918343  0.00520591209177713  0.00521084733818286  0.00521578258458859
  0.00522071783099431  0.00522710185295829  0.00524394805285050  0.00526027337138710
  0.00528385700467880  0.00530694353213004  0.00533003617647262  0.00535228794316551
  0.00537391541914764  0.00539408947404769  0.00541108806326336  0.00542707676288894
  0.00544559521770332  0.00547026475650520  0.00550741893737412  0.00553918293303254
  0.00555814335298072  0.00557519123476232  0.00559365187493341  0.00561349608393392
  0.00563718305579919  0.00567579510042466  0.00571950397798901  0.00576488117939601
  0.00580390475784825  0.00584331754037436  0.00588785984401998  0.00593337246353470
  0.00598034815615905  0.00603244679029150  0.00609152431991145  0.00615080012573894
  0.00620999905124093  0.00628760591664416  0.00635396539994772  0.00639554991801902
  0.00640956513047296  0.00642483915762490  0.00643806420714483  0.00644874184705831
  0.00645925794792220  0.00647042345199189  0.00648282703955596  0.00649603366729136
  0.00653523655364554  0.00660659653370137  0.00667753718233507  0.00674538512011993
  0.00682110348417815  0.00687398480561301  0.00690914111248069  0.00695327321802896
  0.00700599134165301  0.00708696953083754  0.00722344254449834  0.00736670048085651
  0.00751514160158112  0.00771060231369257  0.00787305010860063  0.00799978524418936
  0.00811650145189599  0.00834704500371322  0.00898631695803570  1.00000000000000000
 -0.00347556257187110  0.00363847937124963  0.01341099585761082  0.02344957940675195
  0.03380814943069851  0.04420016230414985  0.05470409703096800  0.06309159712793282
  0.06824215191119513  0.07295954504997228  0.07767234743758641  0.08277460661453491
  0.08654017294532051  0.08792275375865921  0.08960535596433136  0.09243020093947922
  0.09490688170649328  0.09781991061461873  0.10041964586813298  0.10305875317815417
  0.10626180467881959  0.10956707745467034  0.11208884554406917  0.11468705920034598
  0.11701328704291329  0.11965888286501336  0.12276738292634959  0.12557780118678744
  0.13237788014342242  0.14181260045722513  0.15208306793154677  0.16323270231687806
  0.17387742934439965  0.18257726859043674  0.19184295147671795  0.20143037005635864
  0.20904590206347026  0.21742550150399115  0.22844918154335070  0.24147894213738794
  0.25397181399445096  0.26606413206449098  0.27907332714804906  0.29176433404362273
  0.30223489261284608  0.31391676575000688  0.32620285033403479  0.33858217704174998
  0.35180631023646919  0.36545085317308640  0.37186925987878672  0.37299377226805375
  0.37411828465732083  0.37524279704658786  0.37636404934826873  0.37747297545086789
  0.37858190155346699  0.37969082765606615  0.38079975375866532  0.38188205884013710
  0.38296087657930822  0.38403969431847934  0.38511851205765041  0.38831489095190636
  0.39293780153613866  0.39939121167120323  0.40653113287038622  0.40771324403789627
  0.40889378641099561  0.41016276571207877  0.41120116741359042  0.41289076068195046
  0.41958930760867824  0.42903598136463478  0.43640781494239012  0.44444655382823967
  0.46138974997178028  0.47382636628635516  0.48679713294882276  0.49986594188051858
  0.51303276692919009  0.52326163244858837  0.53354649144623001  0.54616062654346897
  0.56354890811878877  0.61097608025314531  0.66079002397380471  0.69860464634091879
  0.73092825323401422  0.76602380663249425  0.80311307539159216  0.83069344940299505
  0.85108629480037834  0.85848989307238688  0.93266189283930911  1.00000000000000000
  0.00047706685351475  0.00869305619807226  0.01608139990580361  0.01654243048671234
  0.01746683907105654  0.01982430788713095  0.02405304364952898  0.02856365582885738
  0.03720321370639872  0.05096163420563915  0.06413864032282919  0.07702602745704767
  0.09192856207097307  0.10562915060877121  0.11481187895649894  0.12426225616198058
  0.13102137518736492  0.13895832584893536  0.14693001992960528  0.15165000308224294
  0.15574249463250692  0.16056328572978001  0.16942457068036254  0.17785202944941939
  0.18277844041428093  0.19087684771909730  0.21225027065809504  0.22801465863308518
  0.24077926149081894  0.25544535417654829  0.27243588858869960  0.28819170078464329
  0.30467397281751452  0.32189345208468606  0.33792467015487315  0.35516686639700007
  0.39498457437507856  0.42017665208576754  0.43587906210956479  0.44541300354520108
  0.45471856789725701  0.46530889631845557  0.47591576562766880  0.48212004442482398
  0.49065846522713846  0.50477333705597205  0.51986489272877845  0.53213231739410083
  0.54968799585266148  0.56944606605747361  0.59053987191246882  0.61019380233114950
  0.62603862801344479  0.64009905870846406  0.65059252795868583  0.65810261308849061
  0.66475892963368977  0.66943594973700038  0.67280002570277508  0.67624373958637463
  0.68161211657563658  0.68882503878593382  0.69623257019233220  0.70284175683740158
  0.70610121495090661  0.70705381452894789  0.70853736704196524  0.71076584090735162
  0.71549312595143755  0.72497696800297606  0.73899823740586013  0.75479491523461562
  0.77006157271919606  0.78283185947343092  0.78970840773957085  0.79915812400548847
  0.81002200352101372  0.81244355710649241  0.81259311257525924  0.82009431455990311
  0.82759551654454699  0.83509671852919076  0.84259792051383464  0.85448682451109470
  0.86838551857246660  0.88228421263383849  0.89618290669521028  0.91008288527884840
  0.92399323135552669  0.93790357743220487  0.95181392350888305  0.96572426958556135
  0.98064530216277424  0.99643262096993790  0.99943009827683349  1.00000000000000000
 -0.00223569235189955  0.01425772011065118  0.04867119118270313  0.07347820321952409
  0.09514299095040628  0.12053832297666101  0.15098142738950690  0.19782697827004750
  0.23963670552283808  0.27483187255639369  0.30075975568599117  0.31487644549966637
  0.32182237009153808  0.33194679769401597  0.34489632579343948  0.35488394183862754
  0.36348312179425391  0.37005696060117377  0.37596933363227875  0.38025903552285578
  0.38567712152285644  0.39595323600057930  0.40611501347520795  0.41878307591166308
  0.43879292547078724  0.45931016762538751  0.48512485334832134  0.51529416610696710
  0.54162088110386530  0.55691224733308453  0.56505879674216708  0.57061663396955820
  0.57876538565880298  0.58391001468960413  0.58737923344700582  0.59215033493615199
  0.59624288837418904  0.60199047049445520  0.60751695676237616  0.61372679200430080
  0.62130583388108607  0.62927303207236007  0.64037508849865987  0.65139426997283212
  0.66053793700151942  0.66486793634654240  0.67276918189817259  0.68182434176751372
  0.68944010635484188  0.69513284996039293  0.70027322735407549  0.70493693503915000
  0.71169645271827076  0.71844685333743896  0.72186475519124593  0.72541134716051003
  0.72876019365006128  0.73203286599695350  0.73560671993608928  0.73852166681152209
  0.74542885213044285  0.75393969957047602  0.76445189865881347  0.77514456979371327
  0.78515330760713542  0.79512248066179914  0.80554012218847226  0.81651123526243585
  0.82761013148551577  0.83878338208825853  0.84636506595111671  0.84817334319536675
  0.84998162043961678  0.85178989768386681  0.85359817492811685  0.85521422402371994
  0.85675598830262645  0.85829775258153296  0.85983951686043947  0.86115371705059507
  0.86202476126446115  0.86289580547832723  0.86376684969219319  0.86463789390605927
  0.86529280544602372  0.86719653134466124  0.88053985845775140  0.89318000552220023
  0.90843255408442602  0.92479919333724592  0.94073695293004833  0.95578719901731757
  0.97850950837439621  0.99512591601153177  0.99945283808687635  1.00000000000000000
 -0.00068346160738922  0.02056017041276342  0.02884005361646157  0.03538648628202232
  0.04296699366622019  0.05040959206764904  0.05754978773864406  0.06543564692099220
  0.07956577252525518  0.10177178125965686  0.12482865185240261  0.14005021577836546
  0.15231234530689364  0.16061248163698030  0.16643031751779688  0.17261008595436708
  0.18442709820337744  0.20374016065115411  0.22160920352553445  0.24628793024187698
  0.27605453479667608  0.30565893095040914  0.32573977560577294  0.33827863357693821
  0.35081749154810343  0.36335634951926871  0.37591250115409591  0.38854934059669116
  0.40118618003928647  0.41382301948188172  0.42645985892447696  0.42966185534736623
  0.43091652355505911  0.43217119176275193  0.43342585997044475  0.43573346420360920
  0.43947189651241497  0.44156160437643505  0.44405266040298658  0.44684398735843167
  0.44992078911073968  0.45274868535342155  0.45755290510283259  0.46139920575468268
  0.46578468408642676  0.46792968565470860  0.47074958422721291  0.47535870308266520
  0.48229357191551681  0.48982257552328251  0.49741700600841104  0.51165803639949192
  0.52454844940141976  0.53225603194841753  0.53917959618789546  0.54632623383769019
  0.55190023688961742  0.55948418795035870  0.56782369558545220  0.57093267571392337
  0.57447892205506457  0.57925424582333751  0.58289632082843545  0.58677537039764527
  0.59622479619911672  0.61945233350943985  0.64564193718894369  0.66444395131042566
  0.67480044443408349  0.68389690400973602  0.69397225667373819  0.70116123797430896
  0.70659143546922398  0.71223304967229251  0.71973687287765231  0.72715086219402869
  0.73057708338904848  0.73419325429974613  0.73696680941456583  0.73924039689471421
  0.74402165957770405  0.75547192708719590  0.76812239245016789  0.78350210604059944
  0.79991435775692077  0.81693570820907024  0.84123601086222788  0.87549670662817147
  0.90374959499707730  0.92911393418462007  0.95089878872497613  0.96762749793155101
  0.97681441500215127  0.98312246742877363  0.98977271692029467  1.00000000000000000
 -0.01729090763161936  0.02273411301828802  0.06297092285516061  0.10539021238729718
  0.13165315749185474  0.13770320719129567  0.14744745199978201  0.15949735801706244
  0.17356640505565873  0.18691758973157924  0.19973382139625839  0.20978095755548568
  0.21571330779133016  0.22589803832718924  0.23396651191125362  0.23998605416713301
  0.24518977188224370  0.24914427501636682  0.25229042524843537  0.25589856239383107
  0.26525945262272566  0.27241070546810109  0.28111990648399054  0.29147377308137751
  0.30282859230986381  0.31644300691801464  0.33205174493880146  0.33861033921177380
  0.34048833144681601  0.34349779577931006  0.34744123544437266  0.35082336294549621
  0.35391959924282201  0.36030719341813922  0.36911784070720249  0.37791904565108619
  0.38729733277074768  0.39110784778380875  0.39519772976283668  0.41443821560392435
  0.43576322165370784  0.44579200720956014  0.45237568850180010  0.45592220922637566
  0.45773417284170798  0.45982544418011095  0.46266777322152475  0.46645571238449252
  0.47062192779765338  0.47569833347161428  0.48286685660126938  0.48890757619572622
  0.49398536228674017  0.49680117865397516  0.50027287414803012  0.50641615454747402
  0.51518787471019278  0.52626159851684540  0.53791071828530912  0.55015269003536482
  0.56510135111063431  0.58396798651248760  0.60337391643255700  0.62109584743344814
  0.63423108454366572  0.64219383123795271  0.64867057184124699  0.65518912240522276
  0.66213196469224833  0.66931386670167370  0.67861061321562088  0.69147068825082825
  0.69810902123450747  0.70323804189497108  0.70691295077315186  0.71651126529625508
  0.72011406993175175  0.72364806640421864  0.72718206287668541  0.73071605934915218
  0.73425005582161906  0.74436227405082567  0.75557530601784617  0.76678833798486667
  0.77800136995188729  0.78993449452312914  0.80280276623814895  0.81567103795316886
  0.82853930966818878  0.84140758138320859  0.87601267493385460  0.91532284598555247
  0.95126665562010149  0.98045862288182917  0.99612280243365847  1.00000000000000000
 -0.00677651911561198 -0.00014662292169017  0.00551343488027824  0.01117349268224666
  0.01683355048421507  0.02249360828618348  0.02815366608815190  0.03025713014084979
  0.03222211886630069  0.03418710759175159  0.03615209631720250  0.03960175748450665
  0.04889727506230690  0.05897802573434417  0.07369914548319259  0.08768284589587638
  0.10248666906704491  0.11912273156186082  0.13850759439309332  0.15622989134055038
  0.17150682123060984  0.19550196367205608  0.22345408549688495  0.25108972118648781
  0.26846674556068911  0.27366940469448747  0.28087350511087733  0.28629034080749804
  0.29552619117214513  0.30588784834798660  0.31532112050737254  0.33008339298786726
  0.33469623984539676  0.33640979844283281  0.34118997421616443  0.34521634584032507
  0.35234873449485377  0.36047187863252200  0.36829466367398855  0.37484518229198149
  0.38081209840171037  0.38941819116282350  0.40333307587488776  0.41840278325389374
  0.43046306753005803  0.44054146210219597  0.45031625772544526  0.47135462447350340
  0.49230345468973818  0.50812052938255503  0.51884374211743711  0.52647033776218488
  0.53443501202550292  0.54212775492232390  0.55366338307319252  0.56288721925447538
  0.57170293869084632  0.58144204745959471  0.59088751641161641  0.59847778881482872
  0.61517378163673664  0.63384425904144670  0.65339086641998778  0.67359938338085967
  0.69047472038723368  0.70426504490329933  0.71219706185604303  0.72016384550476187
  0.72813500508592088  0.73586555499566164  0.74550745777691707  0.75591467233631027
  0.76971097376386366  0.77788975729937404  0.78386240920362960  0.78915942443867393
  0.79584006465930268  0.80360217238855403  0.80959178993205472  0.81434637878880445
  0.82052655332400881  0.82861609729450414  0.83490999742507688  0.84003954446438134
  0.84684307850853136  0.85668409409486446  0.86814274013511727  0.87927302133269247
  0.89045106431481824  0.91209971461328121  0.93109675266602432  0.94657229584020675
  0.95826220997066369  0.96822158690397209  0.98307528897453278  1.00000000000000000
  0.98772227758919873  0.98856769548217382  0.98884749099653302  0.98901050287750625
  0.98913840427585531  0.98922352527968060  0.98929514033918642  0.98936136565366606
  0.98944403370823308  0.98952578296915727  0.98959880390340604  0.98962746268128332
  0.98964653589646179  0.98965866742485986  0.98967386360963350  0.98970058552142159
  0.98973609145732400  0.98979758441254195  0.98987699454986244  0.98995070535721330
  0.98998827964693092  0.99000061282978524  0.99001294601263956  0.99002527919549388
  0.99003751954723229  0.99004903458904003  0.99006054963084777  0.99007206467265552
  0.99008357971446326  0.99009412848345701  0.99010420795153709  0.99011428741961705
  0.99012436688769700  0.99014176632910567  0.99018427754336324  0.99022142840763161
  0.99027131820772574  0.99031106976877381  0.99034746107797000  0.99038046939326529
  0.99041304914138373  0.99044585978197186  0.99047240730320607  0.99049165350436152
  0.99050810947579049  0.99052438951545030  0.99054247643533766  0.99056500068172648
  0.99059446519005523  0.99062796988461543  0.99065673434514745  0.99068075171536008
  0.99070171364893622  0.99072535217503421  0.99075001829068110  0.99076579502434570
  0.99077745578519560  0.99078811327834282  0.99079954966917083  0.99081173533378142
  0.99082678214191156  0.99084092670695845  0.99085275715008181  0.99086469848825098
  0.99087473496029010  0.99088391043671509  0.99089274583865927  0.99090170379065656
  0.99090917069859152  0.99091733321836273  0.99092578206241899  0.99093154704346975
  0.99093616599162693  0.99093995705264026  0.99094464440473595  0.99095048837325950
  0.99095943529087471  0.99096800462616130  0.99097704043376933  0.99098657015556357
  0.99099481634293940  0.99100277847598317  0.99101103386477551  0.99101775535491621
  0.99102390358781500  0.99103397772396518  0.99104616456580696  0.99105465055653019
  0.99106246640543783  0.99106996898822464  0.99107782148915835  0.99108734613917249
  0.99110402736604608  0.99111852028411551  0.99112205289137867  1.00000000000000000
 -0.03149994385525934  0.13852965799311118  0.18328460061731053  0.19367758228978346
  0.20138938349331204  0.21236969899567376  0.22341114207709975  0.23625944770735319
  0.25763326454054519  0.28018779561292761  0.30032234371816113  0.31452285926849360
  0.32171952428564249  0.32891618930279132  0.33611285431994020  0.34330951933708909
  0.35048304959051363  0.35762997072737590  0.36477689186423812  0.37192381300110033
  0.37907073413796261  0.38515505287667556  0.39044724492252370  0.39573943696837183
  0.40103162901421996  0.40632382106006809  0.42012212559169271  0.43042484102315287
  0.43542729823318305  0.44213938169733613  0.44984859971659341  0.45681705649688031
  0.46229463626348039  0.46745056222814330  0.47451924519603872  0.48610659335181355
  0.49636767747648086  0.50568547934756436  0.51428741390208199  0.52261309654436827
  0.53222321170777864  0.54356432872911098  0.55469555745607901  0.55962411263896705
  0.56234434743958328  0.56495791764289549  0.56694915236584842  0.56879661503503920
  0.57053823195745490  0.57226906288170687  0.57421813886493889  0.57690621194311609
  0.58018613685963394  0.58489397005869248  0.59220813903190828  0.59955409909025104
  0.60554304760414468  0.60811029226330815  0.61132162304318838  0.61488985383194761
  0.61648161372485333  0.61774908133215611  0.61928380827124330  0.62301849433651868
  0.62580453769389144  0.62699488023488303  0.62887113495814928  0.63095634943547385
  0.63346380255350809  0.63648714720503541  0.63952692157208124  0.64375127821613976
  0.64952387297709524  0.65416383408609613  0.65743721310889058  0.66136790115550059
  0.66422007436379504  0.66649015625977159  0.67146919065173327  0.67678360915554658
  0.68239224274707344  0.68849521457269081  0.69624639806655231  0.70539846884822588
  0.71773888631160287  0.73062790163133362  0.73573614304743307  0.73811968597482269
  0.74247078064654448  0.74760740064371189  0.75217629047901025  0.75622082819196890
  0.76074357072448728  0.79592887871218898  0.87843169448114511  1.00000000000000000
   1.4468480378366204E-013  -1.0000000000000000     
 T F F F F F F F T F F F F F F F F F F F F F F F F F F F F F F F F F F F F F F F F F F F F F F F T F F F F F F F T F F F F F F F
