 -0.00000743137368849  0.00004658661287055  0.00006974898890572  0.00009316854892848
  0.00012364597439432  0.00013562824882849  0.00014785622560371  0.00015928799271607
  0.00018347676943609  0.00021249550245229  0.00024111691771880  0.00028899236354935
  0.00035911114938096  0.00046725964148938  0.00059102749926447  0.00071318129390854
  0.00082758470132623  0.00094317093035789  0.00105617550807814  0.00111854732250069
  0.00116054967358812  0.00120166493411238  0.00124067903444761  0.00130885112145446
  0.00140643380668933  0.00149521707814249  0.00157205002763162  0.00164602795695769
  0.00170752637869064  0.00175741434269144  0.00182956730852035  0.00191038426690027
  0.00201847477752115  0.00216041794301557  0.00228336114703707  0.00238245556416847
  0.00251771069546980  0.00267356350305760  0.00282120882711132  0.00293041825747133
  0.00302597080811004  0.00313230316661574  0.00325866290040160  0.00338714576977965
  0.00352404329966493  0.00363055012766588  0.00368900381771967  0.00375875085908056
  0.00385800752981332  0.00398941790219412  0.00418843858999920  0.00442765092978652
  0.00467899696629464  0.00508699980268051  0.00555447062874563  0.00608725190319868
  0.00667167606327619  0.00713523937232845  0.00756948814999058  0.00795681473291337
  0.00826633324757011  0.00853130444022936  0.00879106747440311  0.00906394638074414
  0.00934615734398091  0.00962639239954200  0.00995999752750038  0.01040508677763267
  0.01088987434311747  0.01134796817281010  0.01181685986866530  0.01227725960889198
  0.01280535186154862  0.01355697619567310  0.01437839185560377  0.01527750066071377
  0.01621191213859968  0.01799387275105799  0.02021498298183200  0.02240299430691358
  0.02453343691132030  0.02762459702022428  0.03355955223101312  0.03905454366363622
  0.04292685630325469  0.04701120529083604  0.05182188958569403  0.05815183850290111
  0.06751206997865720  0.07974148355050945  0.09517160898400293  0.12036264882332501
  0.16109075100056408  0.22043342936807872  0.33443071438523470  1.00000000000000000
 -0.00000241431782014  0.00002395288459993  0.00004201993261623  0.00005595106791586
  0.00006808001648725  0.00007833365028526  0.00008733587500522  0.00009964000512307
  0.00011741519849453  0.00013760826472650  0.00014733974735678  0.00015297136239158
  0.00015893153570384  0.00016544778347390  0.00017174772759211  0.00017777550453283
  0.00018338740169470  0.00018841719342643  0.00019326915022436  0.00020120555523792
  0.00020852701841279  0.00021612016920126  0.00022391209382919  0.00023268774280996
  0.00024261985622201  0.00025433801344919  0.00026882845447287  0.00028039189997093
  0.00029213286234838  0.00030445857354522  0.00031776809641712  0.00032890777698143
  0.00033851063078179  0.00034511957165427  0.00035115459726835  0.00035711354602894
  0.00036294193155607  0.00037170635462119  0.00038677403423903  0.00039608847366542
  0.00040105420823877  0.00040548684142393  0.00041081547863426  0.00041554433537140
  0.00041969254443711  0.00042460657785290  0.00043308287170459  0.00044713421906887
  0.00046257777813897  0.00047679534218057  0.00048997190856564  0.00050409923219840
  0.00052130328336329  0.00054107081099493  0.00056266891811033  0.00059180399490118
  0.00063167617024172  0.00066704636818883  0.00069287904165818  0.00071441320010294
  0.00073594484977225  0.00075836945594797  0.00078741647893583  0.00082521005888101
  0.00086651615606314  0.00090442866106550  0.00093792382708910  0.00097109002028380
  0.00100590222986731  0.00104206302211295  0.00108094346278130  0.00113383557751410
  0.00121670020711755  0.00132553603558295  0.00142624666041078  0.00151187958593721
  0.00160481547566573  0.00170172231436467  0.00180005673751014  0.00190535983255581
  0.00202287853706816  0.00209324556200125  0.00216418956342846  0.00227801894226311
  0.00236507741747272  0.00248455108066594  0.00264954865149478  0.00287712549761895
  0.00310708517893944  0.00332068380075573  0.00357585028873025  0.00381059596399259
  0.00421219303203393  0.00500631858832896  0.00645199341139843  1.00000000000000000
 -0.00000935000771000  0.00006919493037444  0.00012842908362418  0.00018391435242740
  0.00025603023845377  0.00029474167433763  0.00033969750976291  0.00038695849121020
  0.00062418675556925  0.00084065762728568  0.00109314680966552  0.00128840465881445
  0.00141955949222523  0.00157035385669181  0.00174822777443490  0.00210774746233714
  0.00246327937040985  0.00263800766170978  0.00281943976803560  0.00299059992931090
  0.00322513710991119  0.00348200620328288  0.00371351645780442  0.00393876432896084
  0.00417091564144135  0.00439017272659911  0.00459579768639018  0.00479745210768207
  0.00500987145584983  0.00528054768069489  0.00560074878677646  0.00592970747499235
  0.00631565814518538  0.00674420331019271  0.00720602272822019  0.00779128131008046
  0.00837175229682031  0.00879376777204070  0.00919727607056738  0.00960981591470805
  0.00995579660383664  0.01027214651816328  0.01057245759859049  0.01086549451141845
  0.01124114956363826  0.01162159745534837  0.01216487084465353  0.01294464364773526
  0.01392495666789911  0.01497775257480643  0.01603263269535548  0.01705525881820209
  0.01791331085767836  0.01867647909289940  0.01936322046106653  0.02002037010461175
  0.02078455208333592  0.02150525208254200  0.02216275323476752  0.02292163372166447
  0.02353279530971733  0.02402136496309935  0.02455509897216941  0.02515326032466248
  0.02582089390835326  0.02717311941807120  0.02836192671234217  0.02912746989299160
  0.02971330770341025  0.03023473704727065  0.03143484451841741  0.03338572691368803
  0.03590134347429037  0.03874475528461529  0.04225217379201270  0.04636925906387777
  0.04987965424302341  0.05299400127876833  0.05784000716582118  0.06314092046934755
  0.06828546040276154  0.07299655695081958  0.07480383548484820  0.07659985427415227
  0.07844599952205669  0.08045473277478488  0.08351437733756967  0.08720722063990148
  0.09187373354820132  0.09579130334100582  0.09864654917221174  0.10166878444597745
  0.10876557084670675  0.13449917173227630  0.20183414191041482  1.00000000000000000
 -0.00945858061135108  0.01819990212395936  0.04256550597423205  0.05889425597720346
  0.07141793630181162  0.08107574906679516  0.08880439114551762  0.09729372808983255
  0.10322959406165202  0.10861609138028466  0.11520090692914338  0.12298223831248573
  0.13805896133808690  0.15457680273162749  0.16616725408746411  0.17533277173515674
  0.18408618442910651  0.19226816146725320  0.20164899675987663  0.21315734753913151
  0.22570269307242166  0.23608052161348997  0.24703307757839685  0.25872607286651589
  0.26793301673344133  0.27388351079301942  0.28022010689089488  0.28549163748953571
  0.29046711045438733  0.29693240395190801  0.30467628491030135  0.31222762510126739
  0.31940394422372609  0.32513367930303505  0.33040352109394155  0.33880479065347147
  0.35681242983966216  0.36843808857995641  0.37870360631015004  0.38938677059427801
  0.39958935262620676  0.40751118426945898  0.41392411181816036  0.42013392246777692
  0.42726510930249811  0.43638718116432013  0.44661973918784353  0.45430643911671764
  0.46789439117478321  0.48555302332597161  0.50646291376683450  0.52150803986355831
  0.53158820022089792  0.53884692055422534  0.54592197766377626  0.55500040570392684
  0.56504719362760492  0.57395892334690468  0.58267378246953994  0.59562357318032755
  0.61294271795022215  0.62699288625380478  0.64228947388328073  0.65675647694249095
  0.67072439523944172  0.68360095539472265  0.69699374177049389  0.71137459722705576
  0.72618237583563772  0.74379355299793082  0.75633243599714817  0.76884426832821584
  0.77877044535290130  0.78752479361579564  0.79525470112465924  0.80529478007787159
  0.81833978032714738  0.83273321903568909  0.84280386005706709  0.84637464558954423
  0.84999063806305752  0.85331108997135541  0.85678384955260345  0.86091719928288446
  0.86407659603159592  0.86721660178548665  0.87025726810212389  0.87818868446927179
  0.90118758350019856  0.92602748099949006  0.94558782553671361  0.95987814689084927
  0.97019355160690379  0.97959384952907769  0.98953338699327242  1.00000000000000000
  0.00020989416284211  0.00047313097205432  0.00087126519102660  0.00129191060122222
  0.00171149598559120  0.00200178185305704  0.00227094423635582  0.00251880182391134
  0.00275291583331719  0.00298127445121991  0.00321994532081592  0.00346008948221846
  0.00368627784971535  0.00389409962228122  0.00412314418371324  0.00436401949902852
  0.00455760882254345  0.00473201027894605  0.00489315838402518  0.00503903607631863
  0.00516597068697473  0.00529401102989361  0.00541620094761652  0.00553740940086403
  0.00567856174357207  0.00581567602164023  0.00594616160058002  0.00606422887646667
  0.00618380007989495  0.00630751267552481  0.00648458036327196  0.00675528701618074
  0.00706111383993489  0.00735757632562523  0.00771752216174761  0.00811540849631806
  0.00853271100613865  0.00905606535630514  0.00966496710693676  0.01023138951769731
  0.01058202679816655  0.01087844660367378  0.01113905963685539  0.01139967788363516
  0.01164787645860132  0.01194111998683083  0.01228710929860449  0.01264002826037730
  0.01301080187657628  0.01345222273404042  0.01408388454880839  0.01483807668362907
  0.01548427262297304  0.01616777349378659  0.01689658284039675  0.01761984547567347
  0.01832160789490829  0.01905443893707639  0.01981138247129646  0.02064991884261415
  0.02156379483761309  0.02257455372182453  0.02378932993351429  0.02509635842216225
  0.02669377517611858  0.02871731569971232  0.03102054926335210  0.03280724121193456
  0.03426185190614095  0.03578541686085041  0.03742486382543650  0.03932573839536910
  0.04062220985218212  0.04156227705124933  0.04311751650099804  0.04570940050667407
  0.04853408738450354  0.05147084903954483  0.05705055629839203  0.06834474900596238
  0.07984451769378832  0.09118367634574445  0.09995488180141240  0.10933849217379255
  0.11824177285127763  0.13338414751272493  0.14444733955975719  0.15864724651125306
  0.18116312936178136  0.19842510454423407  0.23291884961383980  0.28147007913942629
  0.35841069624811245  0.46181112178444905  0.56353089234226661  1.00000000000000000
 -0.00080896914391934  0.00429779695456319  0.01072382508592852  0.01624070784939860
  0.02127254279152486  0.02613814952414488  0.03054717697234403  0.03405139296274287
  0.03711753130197986  0.04033783024932821  0.04368032558029316  0.04857515650404559
  0.05280388936338986  0.05638719486837120  0.05833972396589853  0.06040797869636019
  0.06213611233788712  0.06514576389731183  0.06760903046647110  0.06873600028411667
  0.06997960630167270  0.07151461141891380  0.07323728486499065  0.07624298614667946
  0.07929188927383379  0.08183266232434150  0.08498169914942470  0.09021650556931711
  0.09496525673230115  0.10429032724816349  0.11611220921280047  0.12960284707077260
  0.14805402294897149  0.16678302658003710  0.18515057958231057  0.20212360885374883
  0.22032483874210665  0.23968355318772772  0.26072546253254469  0.28324044798422215
  0.29960791625522021  0.31512802498179499  0.33023661308656477  0.35022337569037265
  0.38416521700727996  0.41951953362090488  0.44714865621041744  0.46784260863514349
  0.48654535979655578  0.51104591498751617  0.53905473647784352  0.56173634323341115
  0.57972685998153750  0.59418628216968328  0.60744635209318498  0.61958871155972972
  0.63078714478390330  0.64138951137165756  0.65281839107126605  0.67036116423940639
  0.69443711613614112  0.72245256026846860  0.74767779521305266  0.76863531299166143
  0.78717237136378093  0.80300719414561250  0.81566666690844791  0.82608196513665477
  0.83654571475141992  0.84895708586522378  0.86146078490730182  0.87124150378196419
  0.87955376159424292  0.88664078090974552  0.89162359577667050  0.89629744196625416
  0.90039666951314290  0.90427276821163927  0.90829825732355152  0.91350651546058614
  0.92121714727800974  0.92927295388434061  0.93739749874536016  0.94547890940017498
  0.95284140484339708  0.95822806056520105  0.96246071844667469  0.96678050253241754
  0.97068563118042506  0.97431534792710661  0.97858501355818117  0.98340320430238914
  0.98758899831676727  0.99151721619518285  0.99538364709478100  1.00000000000000000
  0.00023509891550804  0.00045693119643290  0.00072950080956394  0.00100348576344448
  0.00124818134196475  0.00148994687079200  0.00173749094736385  0.00198155991867383
  0.00222492662042406  0.00247274703752379  0.00275766358855020  0.00302452686305115
  0.00318210123782224  0.00332036753257701  0.00347379888755916  0.00365448526186530
  0.00384709482506433  0.00403182901482652  0.00421669583967965  0.00440523402909365
  0.00459417678054517  0.00485800449895887  0.00527221662518596  0.00572838221691479
  0.00613650847277594  0.00651933303518284  0.00683094661683189  0.00712592701459263
  0.00743270522184952  0.00776112489011126  0.00815192049512957  0.00859443880513133
  0.00897453867720027  0.00925043302539881  0.00951252814031251  0.00975123705108133
  0.00999440772125704  0.01032742259246095  0.01064294524831446  0.01095847432611596
  0.01129236655317495  0.01166557278111678  0.01210629108886304  0.01251985572219142
  0.01286505057993393  0.01315862111570608  0.01337938094002851  0.01359398861236649
  0.01382898694084825  0.01415898376734837  0.01453023790668942  0.01510652274752201
  0.01561947090305642  0.01602796181442808  0.01630556059705549  0.01659087652253791
  0.01699479307366775  0.01727822432773246  0.01756197535400571  0.01784417825440473
  0.01817052014021187  0.01857816387717421  0.01933209916306612  0.01993151180209466
  0.02073772961362005  0.02169861475339506  0.02270992545005743  0.02385737107179338
  0.02515640656326687  0.02625120630088502  0.02743835073813535  0.02869815399520707
  0.02969631876506211  0.03088299946840085  0.03235137185236849  0.03387986960315654
  0.03621065292788603  0.03887908333748850  0.04100071603817532  0.04370384458118640
  0.04843644695882677  0.05306629311032066  0.05761207542700240  0.05960157267994557
  0.06103447710409324  0.06253128765036406  0.06602616596133477  0.07117408045585086
  0.07693899821863291  0.08237689879302303  0.08961103704726227  0.10788063515544788
  0.13782239433209778  0.21225906034540279  0.29342356018295696  1.00000000000000000
 -0.00025787288844854  0.00080853799169630  0.00380243258670645  0.00708311668016012
  0.01005380926178688  0.01243032447598360  0.01419745170904643  0.01557872777489242
  0.01693110039092360  0.01839459342583584  0.02016128549985603  0.02233517980386363
  0.02466783962138439  0.02700562262346715  0.02960632510303134  0.03264071912661216
  0.03581245616532334  0.03908569510914092  0.04245923864449636  0.04659738155581788
  0.05106784862068733  0.05598441318687672  0.06205299828938750  0.06828083093309290
  0.07508085110315695  0.08266653500970875  0.09117737927743563  0.10130474859836815
  0.11242870578920830  0.12379630887800687  0.13536467111284389  0.14978231308257323
  0.16485016465342547  0.18539293827476777  0.21198332721466051  0.24714725648813246
  0.27605045517563909  0.30644734079301433  0.35970691427952295  0.40829203139664016
  0.44537913328602086  0.48060483752988603  0.50054417299431575  0.52374538200170928
  0.55621212096295347  0.61145948024099195  0.66871435566619386  0.69294921358770289
  0.72641410130100792  0.76616187413977954  0.79784077387724361  0.81099475384821340
  0.81507625553152152  0.81737723071022439  0.82016868909600604  0.82615312924025464
  0.83294053577933658  0.83812799801732929  0.84266511420828749  0.84937673435428962
  0.85757006886017306  0.86418399563055559  0.87008021425438031  0.87671804491301408
  0.88479504193521519  0.89344101077665494  0.90162808793221072  0.90855476982793792
  0.91563163650413748  0.92298905777683304  0.93125312997000909  0.93743612775209173
  0.94222341184183467  0.94634584514147768  0.95012306042138850  0.95351295260555968
  0.95499369198451833  0.95637892825596227  0.95789337095138938  0.95964367174738008
  0.96155568059447738  0.96329315213874545  0.96492260888970360  0.96642929217077622
  0.96761572656978345  0.96860358988448580  0.96964656303431629  0.97090716740200844
  0.97382257367551361  0.97594805981264410  0.97795350750851884  0.98124198733321100
  0.98542456385247024  0.99033777227217512  0.99518177571332733  1.00000000000000000
   4.9995021605455712E-015  -1.0000000000000000     
 T T T F F F T T T F F F T T T F F F T T T F F F T T T F F F T T T F F F T T T F F F T T T F F F T T T F F F F F F F F F F F F F F F F F F F F F T T T F F F T T T F F F T T T F F F T T T F F F T T T F F F T T T F F F T T T F F F T T T F F F T T T F F F T T T F F F T T T F F F T T T F F F
