 -0.00001974451090463  0.00047999269156075  0.00061359333399709  0.00072489384499100
  0.00082461268020686  0.00095498757418752  0.00113568633161094  0.00136008783404907
  0.00182865655852048  0.00207888556989728  0.00230784567532222  0.00254678145358632
  0.00286498069250586  0.00320219834419808  0.00362786632549892  0.00415170109390305
  0.00458817782445473  0.00508995136615870  0.00555251952336988  0.00603085393978993
  0.00648661140709145  0.00678519601517105  0.00711292312618123  0.00744933627835048
  0.00782253762244798  0.00823648211387045  0.00871048725075611  0.00935313531220455
  0.01016676044961928  0.01101344171154437  0.01179198617138593  0.01249307602979454
  0.01312373213405516  0.01374245832076544  0.01446389329697498  0.01523097837843305
  0.01607729593894917  0.01698665205654614  0.01796590364466467  0.01920243063152645
  0.02059830386571955  0.02203592381918010  0.02352897394504729  0.02516347804224449
  0.02702403544393561  0.02926290743585607  0.03206408890220081  0.03508869862509423
  0.03783023165229403  0.04011006683156582  0.04159727049419699  0.04293290134394339
  0.04425787664438467  0.04576649309288046  0.04760167142805440  0.04932618500279014
  0.05069570036075236  0.05262438850672930  0.05506403040666563  0.05854880541035083
  0.06280143234363704  0.06819661884979240  0.07410224902964752  0.08037870866172160
  0.08677611205875103  0.09304926066489624  0.09603696236011448  0.09872678763545628
  0.10235382390128424  0.10721392093148382  0.11224265786065166  0.11641624878434587
  0.11999780523331970  0.12290075156739522  0.12599955391115120  0.12903609143536074
  0.13778376574910670  0.14807207725680227  0.15742755960365190  0.16722962597405935
  0.17842886272098221  0.18907366018950941  0.19733849246596907  0.20684290653570331
  0.21845662502386670  0.23009891290123027  0.24338365721033001  0.25979608916670371
  0.27760497655040556  0.29639972454534008  0.32437638716812184  0.35753477281003726
  0.41603648012499950  0.49916864369723801  0.68575441838675744  1.00000000000000000
  0.00004259382122034  0.00028790997707127  0.00042561646138833  0.00057162702946715
  0.00068865167602784  0.00080111071469313  0.00093529721862426  0.00108936321244895
  0.00126526312537047  0.00157596240482415  0.00189050597628918  0.00215662982378935
  0.00235347932961371  0.00253517223805542  0.00273331006065294  0.00296151727495760
  0.00322471809729435  0.00351071693262337  0.00384823230609424  0.00435980324447000
  0.00505133030474842  0.00586374559519932  0.00681299064310523  0.00775121160801358
  0.00859094342975830  0.00929166717498092  0.01001523032458069  0.01083084969109467
  0.01175320294796632  0.01289174139955528  0.01423496041273296  0.01588870916597097
  0.01721223327510667  0.01851378224704998  0.01969551799122321  0.02081280049252462
  0.02199856317221369  0.02308549625851554  0.02435843947361710  0.02515923976891331
  0.02572233549729133  0.02650990153155450  0.02731963453566570  0.02861733855503306
  0.02993085800288977  0.03123063778488877  0.03258452102727992  0.03439648323581387
  0.03675988544998856  0.03927887821720717  0.04193588640419345  0.04513417126867798
  0.04838350659137982  0.05119611443550842  0.05352792370429369  0.05571230666788469
  0.05782021058408335  0.05971382553575628  0.06104981165912829  0.06222487046537736
  0.06358465909227481  0.06550390526452156  0.06750733226359121  0.06952432621577660
  0.07123652123393212  0.07268369507112542  0.07421104713624486  0.07680702517437432
  0.07956145301203289  0.08262259662845689  0.08624968221331079  0.09083986513068269
  0.09760478368221910  0.10685477484180861  0.11858721138836494  0.13405726264227097
  0.14323768374861701  0.15191690119689594  0.16117821594099244  0.17172728965561970
  0.18421475905460699  0.19832171682694924  0.21188757303635120  0.22528419486347023
  0.24054110336646095  0.25470913565269282  0.26603395976045324  0.28011779641719309
  0.29782513084828494  0.32479353443445658  0.35986238918787461  0.40333830156967959
  0.45106200789044243  0.52306960445444761  0.66828332865445383  1.00000000000000000
 -0.00000043595430055  0.00001070754293329  0.00002159492413113  0.00003284828915874
  0.00004478585497173  0.00005601819480822  0.00006512992276528  0.00007681282060935
  0.00009169569528565  0.00010419858254090  0.00011152843693576  0.00011789162535339
  0.00012690164645901  0.00013962037133847  0.00015792212117703  0.00018092904973233
  0.00019958704197083  0.00021714347161038  0.00023301705102177  0.00024538726538683
  0.00025892215134014  0.00027171910465923  0.00028370870104637  0.00029569518431978
  0.00030624002993100  0.00031629786459779  0.00032665851754342  0.00033772557719482
  0.00034855088810747  0.00036512220796222  0.00037811025463985  0.00039166419633270
  0.00040360567459892  0.00041330420845260  0.00042120613889716  0.00043080040953303
  0.00044423615382864  0.00046294901777944  0.00048554754073579  0.00050721253931309
  0.00052408551506670  0.00053906337863471  0.00055296169276602  0.00057020516027984
  0.00059196794121891  0.00061353009990387  0.00063542106588984  0.00065771956543581
  0.00068574953358427  0.00070636744832110  0.00072587778097659  0.00074289926788687
  0.00076440607867375  0.00079602955305484  0.00083557456402243  0.00087483742186681
  0.00091953192111794  0.00097111822421300  0.00102814730127934  0.00108951163740050
  0.00115295542389466  0.00121441185270516  0.00127113512334802  0.00132217271559437
  0.00136894890420635  0.00141102847892993  0.00145302460838478  0.00149100116046499
  0.00153412643164775  0.00157557690373085  0.00162819833705327  0.00168701832180350
  0.00173824088844759  0.00178751564871863  0.00184597094452875  0.00192682362559172
  0.00200059461159565  0.00206996723971409  0.00214167614935216  0.00223241946144519
  0.00230685317294902  0.00242092177517094  0.00264125192542548  0.00288983302860620
  0.00316126265250916  0.00342495287297911  0.00369010210808033  0.00401475747004919
  0.00435335844185389  0.00468122784394528  0.00501282577160153  0.00544605981404725
  0.00629988649160548  0.00883393535865109  0.99709495891687971  1.00000000000000000
 -0.00002434329246245  0.00005438595487276  0.00015185417185655  0.00024750878929547
  0.00034218970638747  0.00043717915666792  0.00053583091995771  0.00064196731257549
  0.00074916446265180  0.00085205686952122  0.00096695395699302  0.00108321480527011
  0.00120021811313003  0.00132039862935669  0.00141723975521752  0.00152713868801682
  0.00164410665268699  0.00175087865052876  0.00188566287905549  0.00203315151989908
  0.00216747443624528  0.00228385442294589  0.00241033075338080  0.00252013199513069
  0.00261756535063477  0.00272394323571496  0.00283573757795041  0.00294348018736430
  0.00304321353778655  0.00314098775498569  0.00324941793738030  0.00338405394324293
  0.00354521222408304  0.00373047011354176  0.00391421006455768  0.00410461014951186
  0.00431621649008416  0.00455228183266958  0.00480428610966030  0.00506628642248353
  0.00533410384841339  0.00559709324374731  0.00591792439939674  0.00623004400013943
  0.00650221790564025  0.00675862325646913  0.00702498696918788  0.00733708652913639
  0.00769737351759845  0.00806145722001854  0.00845975567260591  0.00891636529613970
  0.00942484815624419  0.00997715042575625  0.01055354226458964  0.01115739119531660
  0.01171539230422988  0.01234618737839936  0.01302744148792567  0.01380868819679393
  0.01471100767689056  0.01570396588658406  0.01682686217776971  0.01784383084906418
  0.01867856731823625  0.01940719550597997  0.02035486179957205  0.02164700532802712
  0.02333794248315197  0.02536856017645640  0.02751607475575635  0.02974186395189596
  0.03178645301102519  0.03365948421014111  0.03568522929700489  0.03752278364583667
  0.03977119104872046  0.04328928266336245  0.04730838814487778  0.05128678814309153
  0.05548236675623419  0.05964680215687580  0.06794250386801727  0.08565182381490936
  0.11205594435617330  0.13571469752823015  0.14751196175030787  0.15473651530190291
  0.16521180835751378  0.18111716073266476  0.21978836525671214  0.25978420154097898
  0.33389097136711715  0.51660364379375268  0.80142086809388713  1.00000000000000000
 -0.00267845431708670  0.01054668386960816  0.02118548173606702  0.02983955605891083
  0.03894150600388700  0.04939616661593359  0.05812395548340427  0.06643021066254713
  0.07432804782436771  0.08061153432940157  0.08961708279842791  0.10359445487816217
  0.11636603213615164  0.12698736388961984  0.14236757100652314  0.15633857919894661
  0.16660590415522786  0.17289503088637048  0.17868617542866008  0.18678045558778089
  0.19498077508488093  0.20198885997425167  0.20816154899411030  0.21612859572677362
  0.22396694874882775  0.23048162532662952  0.23633849082691666  0.24216633135210452
  0.24795010511249393  0.25473844464065126  0.26319258721410049  0.27376606163918576
  0.28227245568245279  0.28759122870369219  0.29575607410376104  0.30488743696766213
  0.31345067934717280  0.32175921030593740  0.33068420174106561  0.34107294869285121
  0.35082669787916848  0.35978768117719823  0.36910098296175758  0.37953082506663760
  0.39107243935747565  0.40366177171204154  0.41777365481106410  0.43189888095623208
  0.44473354038548885  0.45751593174699756  0.46885197907533049  0.48045645728554981
  0.49071395077348728  0.49912662525261731  0.50893650069797181  0.51858236275862002
  0.52600764319739568  0.53620162794815684  0.54906668365240052  0.56550231971839726
  0.58499438209224464  0.60558894729920543  0.62260254984333985  0.63805373380722075
  0.65040907016937488  0.66150756923543774  0.67153998422308336  0.68198140451892630
  0.68953864799676201  0.69816106757107432  0.70774098777661520  0.71983753260531658
  0.73082082386991420  0.74071174808744944  0.75218512533801540  0.76525774079688980
  0.77693982718181975  0.78562713217105085  0.79298066024957004  0.80133941635604522
  0.80921174843156674  0.81723975387583014  0.82707096268408986  0.83913330234806760
  0.85307090717354728  0.86946357303568633  0.88339373850050162  0.89488375738618076
  0.90476553460059084  0.91668724388207568  0.93230391901894494  0.94811972479171724
  0.96215052450678484  0.97461576930910798  0.98736235703877240  1.00000000000000000
 -0.01155571267636316  0.05870084922442655  0.08766353155172034  0.11266134311485421
  0.16298504873184627  0.18908674212805882  0.21155275335741236  0.23235873989707340
  0.24718862728510832  0.26503742792090984  0.29087659299867225  0.31261886898929975
  0.33151411502675993  0.36984316240219250  0.40525103764678039  0.43248524436371566
  0.45160835418814638  0.47204309502729480  0.50645957542237385  0.54440192353045469
  0.58195436994455307  0.61615972793445140  0.65311092773061608  0.68540198989423928
  0.70674060571105002  0.73042039526698865  0.76032095255661358  0.79372814572429784
  0.81206199886372710  0.81749895517194682  0.82555920959411633  0.83665820207375896
  0.84605372645626586  0.85296273894696772  0.86041853418911218  0.87069462546617526
  0.88173377622481730  0.89038348108175558  0.89721171666369337  0.90350512434514707
  0.90917838444051724  0.91486659772160117  0.92359854187141688  0.93279194837313195
  0.94030444749716624  0.94520126731505205  0.94948215699706284  0.95427888022742235
  0.95939210537289910  0.96382196921167840  0.96661693563708428  0.96845043278381415
  0.97009440898242971  0.97144891573265058  0.97326814959847141  0.97517284611973054
  0.97705861415992112  0.97879197521634476  0.98029614558109801  0.98171977479215344
  0.98321482025228180  0.98464152454160292  0.98595364078082415  0.98715764617145418
  0.98816320994653040  0.98913315374676003  0.99006436196633485  0.99089659957236820
  0.99157998385488888  0.99213997482370209  0.99268382245190612  0.99320245550068742
  0.99364123012738725  0.99411313292486492  0.99458241086148114  0.99498876150835192
  0.99530340048194776  0.99562054418199686  0.99594068703398519  0.99624113777605383
  0.99653056209687341  0.99681840888696516  0.99716010153585455  0.99748531973214283
  0.99779575533333531  0.99810669755324999  0.99840761745214823  0.99865835334547570
  0.99887519269157576  0.99906348253193411  0.99922992520245635  0.99937985077182556
  0.99952424499599490  0.99967244909429998  0.99982836972205902  1.00000000000000000
 -0.00117526745074512  0.00599328543949947  0.01096398963243507  0.01526557049639839
  0.02223636260378217  0.03168858780719843  0.04175546324175400  0.05193814334873077
  0.06246775874633278  0.07480849583863700  0.08859812611913422  0.10419397739424770
  0.11936637285055338  0.13479044951878760  0.14770074816360126  0.16049878630414752
  0.17246719156541596  0.18357451886487419  0.19450244379770126  0.20625462382276619
  0.21899365550748182  0.23212481351408581  0.24293616335920701  0.25703915486648615
  0.27065214087320594  0.28217780263552694  0.29485638315723939  0.30917704113043987
  0.32164452107957620  0.33299664747696955  0.34328036471076689  0.35079442132622018
  0.36057187830340998  0.37262103805798513  0.38566245279653105  0.39947050985734445
  0.41299812556263887  0.42527204587183137  0.43457746625504229  0.44064594187861916
  0.44846651650393621  0.45697535654095744  0.46659933284379584  0.47818053135509742
  0.48958408398529479  0.50179823924555034  0.51377110745332832  0.52549495905876520
  0.53571874885234927  0.54277515795539300  0.54800517219225520  0.55348237031969039
  0.56069262335397585  0.56996239119083636  0.58034978555652572  0.58928174892407426
  0.59679352252089257  0.60327666449911899  0.61144783132532021  0.62187412377047802
  0.63452143283948403  0.65014173146028276  0.66689982262412739  0.67958884829728272
  0.68831341322570927  0.69611721396509096  0.70367703429524320  0.71160900174954189
  0.71993812627405140  0.72984460859946398  0.74017411258142440  0.75213437483031331
  0.76470662434482217  0.77660740297437880  0.78901871817791669  0.80084087121165670
  0.81195999154683762  0.82254252350274781  0.83131294700605551  0.83945596173445469
  0.85261913351146357  0.86570043533403251  0.87545019470591723  0.88310331786512974
  0.89131379526374055  0.90022603921918976  0.90895174414362789  0.91788108993167772
  0.92734492380129063  0.93780254812947283  0.94807440930058318  0.95696972292260019
  0.96506239228162061  0.97311114303669666  0.98388426940786311  1.00000000000000000
 -0.00062999800343824  0.00393889705490933  0.01053279408075184  0.01711301928444115
  0.02277165315970433  0.03244434323363798  0.04483510734760859  0.05711376241421005
  0.06822198440843839  0.07879332198064186  0.08908431243532043  0.09886238035408076
  0.11043257207969409  0.12448946603813828  0.13335603859466652  0.14067232947764513
  0.14822985673425809  0.15643716874452923  0.16593057364920072  0.17696290671031192
  0.18807368026682045  0.20080593300793911  0.21558256388361727  0.23189805212492046
  0.24918072266346089  0.26577527465529649  0.27948866214699214  0.29034283584987997
  0.30022246852750595  0.30964158086513643  0.31870078587622347  0.32724182372024890
  0.33782223393377175  0.35081208425249277  0.36473298301989276  0.37777870972514521
  0.39039262493166166  0.39866299032225339  0.40628718826267474  0.41566013556788522
  0.42516501068197216  0.43545812746744511  0.44529208261358139  0.45409627282593618
  0.46352883894744107  0.47481775667942883  0.48890899287194417  0.50571466638150309
  0.52336663937352856  0.54103933041014585  0.55651676551668949  0.56982137379494979
  0.58317613336498242  0.59314040739705465  0.60111699899952498  0.60776354066493177
  0.61350110275594139  0.61942190684016207  0.62800540615348144  0.64036166951388718
  0.65519297881674021  0.67159349597193596  0.68934254688878571  0.70568051338365778
  0.72186479917774449  0.73820012258691081  0.75253852117677489  0.76178616245257136
  0.76676375331598245  0.77103044855704228  0.77617200088774896  0.78068041348332939
  0.78679960518063929  0.79323056033355333  0.79976749016884618  0.80684499895617867
  0.81345380935585965  0.82179765278046135  0.82820581228564571  0.83460390970000298
  0.84248889888629785  0.85049156664634762  0.85498130460019961  0.86062560951900857
  0.86851942895878809  0.87367143637837463  0.88372102356955018  0.89387178446748050
  0.90470296012340334  0.91577019870569121  0.93083645758106626  0.94628548585378314
  0.96037103071018282  0.97341381589434173  0.98734745163347426  1.00000000000000000
   4.3645624644412974E-010  -1.0000000000000000     
 T T T F F F T T T F F F T T T F F F T T T F F F T T T F F F T T T F F F T T T F F F T T T F F F T T T F F F F T F F F F F F F F F F F F F F F F F T T F F F T T T F F F T T T F F F T T T F F F T T T F F F T T T F F F T T T F F F T T T F F F T T T F F F T T T F F F T T T F F F T T T F F F
