 -0.00002199280652451  0.00067319267370667  0.00131987065137057  0.00194498188845191
  0.00228234799540203  0.00256274379494842  0.00287434748028076  0.00321757399857514
  0.00359188367974883  0.00385919077331139  0.00400301543980046  0.00417473227306875
  0.00439766990030051  0.00472834958232459  0.00514137283806856  0.00570768484512472
  0.00635818071186698  0.00695291387681115  0.00749130763496427  0.00802672756262728
  0.00867881361339578  0.00941910413011920  0.01022688715562541  0.01113948193340157
  0.01213516051395696  0.01312198535670398  0.01401494921272944  0.01488834510634244
  0.01567635406943331  0.01626495178418965  0.01680706548838421  0.01723846724888992
  0.01768165343049850  0.01819839604476955  0.01876217293575125  0.01944113924180648
  0.02019097289370649  0.02080658710878074  0.02149150194933017  0.02222729667833323
  0.02284981146936060  0.02344213403163622  0.02398314016525708  0.02505072333694528
  0.02683879092183181  0.02873260681983979  0.03060937803478906  0.03236396917983351
  0.03414726624937579  0.03574678082287985  0.03725779255473809  0.03886394533082255
  0.04057340846609508  0.04236058841592236  0.04427646663272702  0.04657378158865539
  0.04947590779986365  0.05240242272794701  0.05513541216167393  0.05739054983667718
  0.05919665207981756  0.06091140630680138  0.06275830000720731  0.06483464501783395
  0.06699693630781479  0.06970736137919548  0.07292546563462195  0.07504118340764498
  0.07662704237605915  0.07831521641808829  0.08014949229212046  0.08206518473939439
  0.08501169436675431  0.08860963942239090  0.09255853483150495  0.09797542614328991
  0.10610306121593495  0.11661672532870217  0.12959416682381489  0.14484326437649730
  0.15868333261717232  0.17115026573719933  0.18509575038756435  0.20062135466097625
  0.21420023285831319  0.22725451807467398  0.24095404201168125  0.25634601941261842
  0.27452124081406920  0.30219025561912333  0.33787673272051116  0.37561451458866135
  0.43208525617241900  0.51528377697524541  0.65094296974991583  1.00000000000000000
  0.00002840994973933  0.00049656090492868  0.00101624503986312  0.00131272711538335
  0.00166524033957563  0.00205147418454567  0.00245152294178094  0.00291847580756798
  0.00350637886893743  0.00411834745427336  0.00465889344668817  0.00516047754513177
  0.00564656421186556  0.00611105242347665  0.00650863289099347  0.00689160941533997
  0.00719904351069308  0.00752764981437640  0.00784708623592576  0.00837392437197704
  0.00938143991693622  0.01020016841304520  0.01109028308864717  0.01189811154746640
  0.01254441012802050  0.01304684611812439  0.01352913036125133  0.01407978190539758
  0.01474340057498758  0.01553054985648390  0.01641313898968019  0.01770656333406900
  0.01949990459028457  0.02185873198541629  0.02504935021448135  0.02883803932000904
  0.03115686768048164  0.03286998807300468  0.03404703970475313  0.03493935507994642
  0.03604721809513327  0.03708363037807284  0.03779654751131790  0.03853724187146600
  0.03935277297041257  0.04013869921688493  0.04124042253198603  0.04270400372053842
  0.04400753116625269  0.04520215722543876  0.04662635727270924  0.04850706866170532
  0.05101814517744846  0.05359027533514821  0.05535230316351675  0.05764248651846893
  0.06008957241726880  0.06239028842312604  0.06460764230907064  0.06741504330064048
  0.07117341859257387  0.07459345562772025  0.07847365269435953  0.08336015702519320
  0.08978745223033219  0.09719124802519928  0.10427524636141737  0.10995864544477707
  0.11512006907595621  0.12066959698192715  0.12478039413348094  0.12844050881333910
  0.13266657747849608  0.13699539495348911  0.14169312507361223  0.14830746411912643
  0.15803599685430225  0.16670833735628973  0.17409996191837288  0.18151574944444576
  0.18874930632643022  0.19968153514716608  0.21421674733120902  0.24088002515931395
  0.27583388119125302  0.31465219120561816  0.34665890770574531  0.36599575706382714
  0.38288614511235219  0.40698246147187805  0.43957973718916288  0.47643702886415962
  0.52237404266594900  0.61061799939036943  0.77094898291245695  1.00000000000000000
 -0.00003555583837100  0.00011883463810061  0.00031712862251732  0.00050671311916946
  0.00068395046630654  0.00084724639427577  0.00099671515850913  0.00114434896205740
  0.00128320551889232  0.00141279047074462  0.00153856764243246  0.00168577852584222
  0.00185471705523654  0.00205158502661490  0.00228454045965712  0.00249252107285003
  0.00267671166435530  0.00285689396621397  0.00303437799657818  0.00322531927143249
  0.00342870569981849  0.00364371678751680  0.00387111452706325  0.00410039915539695
  0.00433055232309684  0.00454547689433301  0.00477155858569187  0.00501353041278791
  0.00528317903318594  0.00558349679959219  0.00590638989422499  0.00618327111571658
  0.00640116000126904  0.00661143342731229  0.00686969661159508  0.00719236719147561
  0.00756891444745267  0.00798274255192513  0.00841668182818313  0.00883499656083915
  0.00923590289715799  0.00962708016817100  0.01006608514272088  0.01062864028753503
  0.01136247476837057  0.01209350279820538  0.01284834032831866  0.01364508772448215
  0.01446614588147773  0.01528603443794238  0.01613864567394681  0.01705119618130174
  0.01800238394669848  0.01904488547555471  0.02016869946554155  0.02128036502906272
  0.02239605163661852  0.02354752503889270  0.02477579034025165  0.02611070218729963
  0.02754323538760475  0.02884841207231781  0.02993952816428356  0.03114133788855201
  0.03263182526410562  0.03408465215596955  0.03565730093773491  0.03745891183283069
  0.03961666448915354  0.04243083152163354  0.04574508775969323  0.04970764784094604
  0.05492099732513740  0.06251195371090756  0.07305663552173916  0.08368386374379835
  0.09032979724988810  0.09494768004995953  0.09922235659589061  0.10405033868692384
  0.10945617773261471  0.11569925669436643  0.13254021246187153  0.16145476273749287
  0.19662848285201220  0.22832091676185498  0.30060381328738861  0.38732630459902007
  0.52897954943533154  0.71981650896134497  0.83316611012936215  0.93620238265921873
  0.97959277028697178  0.99133899783448542  0.99487185980031367  1.00000000000000000
 -0.00549976351271580  0.01200593713325399  0.02782720662195383  0.04154938738014334
  0.05412529607261852  0.06620415297882537  0.08202380082560801  0.09280017386998453
  0.10321531844993817  0.11076184547542328  0.11760009818818534  0.12630333576422270
  0.13500056328238352  0.14432305110818641  0.15787957153825505  0.17195942101184206
  0.18606936617827805  0.20145570009133407  0.21566089743241521  0.23033230712659228
  0.24447945060501478  0.25707438819070855  0.26934422964793858  0.28411352001947215
  0.30165347988805874  0.31778988825205529  0.32867700677580342  0.33504849244654961
  0.34041146064040012  0.34616391238437211  0.35218590787088222  0.35876782215032282
  0.36473820380505084  0.37007952892412427  0.37484336620718017  0.37969641672168597
  0.38582504922537919  0.39327233351946800  0.40063834991653291  0.40721598059212760
  0.41622344051798565  0.43268023379203746  0.44680921310818877  0.46089385207365369
  0.47264829555935578  0.48497778730489816  0.49563666145351332  0.50573397508265705
  0.51421371977318375  0.52624258530619228  0.54171119715123239  0.55861266451773139
  0.57619331746233871  0.59434619047972626  0.61010578631472145  0.62604610084790258
  0.64272508547127116  0.65897785910848872  0.67393343688528573  0.68668345167779110
  0.69488872790413669  0.70159019218449659  0.70709021473751643  0.71427029565889477
  0.72592815622342766  0.73861941178858315  0.75130860532241373  0.76350977996685299
  0.77080531607072189  0.77410009904480237  0.77860712137597465  0.78359513806846248
  0.78919114493220111  0.79305182169353283  0.79915671797937304  0.80952639200349097
  0.82188241328153200  0.83524750576238926  0.84930472326092576  0.86451961150939394
  0.87964730054260332  0.88972481486831179  0.90131177694859099  0.91025413689106471
  0.91849650818892370  0.92605239501272896  0.93271677835809252  0.93810447469748515
  0.94406873344916842  0.95094309155325962  0.95936558479835510  0.96824631699739561
  0.97649090699788055  0.98486029939416075  0.99219446148494816  1.00000000000000000
 -0.00014401859081913  0.00102882968191924  0.00221555657168048  0.00339933217003286
  0.00561727922630467  0.01953939761323259  0.05741422539197329  0.11423331665724264
  0.19369189846440329  0.36152709768632058  0.51095189795392404  0.59683068341594048
  0.65242924879550557  0.68911004197053072  0.72578614152034149  0.74988227968260368
  0.76679306163170602  0.78437847137995631  0.79906708101858281  0.81797691803998829
  0.85277583903679532  0.87457892385091907  0.88734216571598756  0.89562027198152572
  0.90310890266368282  0.91122493582639708  0.91961654377912605  0.92617956124850587
  0.93323273291687836  0.94057006224258999  0.94722170384532545  0.95356541702254782
  0.95868089406708246  0.96217105517959833  0.96391556895719099  0.96494957312077489
  0.96648202170173636  0.96790846411970488  0.96957126347901423  0.97111291285423096
  0.97222375763861901  0.97317858931566958  0.97424970900519836  0.97540955422029740
  0.97664489889839656  0.97814145804624542  0.97958586456940300  0.98099887146350517
  0.98212762762994044  0.98305913303779602  0.98385777370152072  0.98456402279041333
  0.98520569501658417  0.98586065654378263  0.98649615177914041  0.98700738358823104
  0.98734985444065848  0.98767690189199420  0.98802421870441537  0.98838060279916218
  0.98876970305804401  0.98926717258641328  0.98983009286401558  0.99035258053691344
  0.99082667004401581  0.99127563295680599  0.99172089236068728  0.99216557509802283
  0.99256452990546684  0.99288425125539026  0.99320563351136437  0.99353062173135309
  0.99388980105763014  0.99427049733701833  0.99466635810119408  0.99506729431098073
  0.99533348148379774  0.99558873236957424  0.99582477711736017  0.99606114065330198
  0.99629769578910610  0.99656546265278823  0.99682916890472451  0.99708415038568587
  0.99730386878356914  0.99752612941181362  0.99775777889161432  0.99801471097644157
  0.99828171240488472  0.99855435947698956  0.99881176466299648  0.99906208915559991
  0.99930594638182157  0.99954084616142624  0.99977143611364938  1.00000000000000000
 -0.00487228157187351  0.01521065364361617  0.03377104661224151  0.04858708290125750
  0.06107252213336800  0.07467640972950629  0.08960985979742545  0.10455143768936775
  0.11577354752979649  0.12124205825529458  0.12748423754345004  0.13393838442212072
  0.14206823098128205  0.15329621594123674  0.16339922797081188  0.17838830300265432
  0.19469896675769677  0.20768703672518465  0.21542330883013330  0.21822847174721530
  0.22140106657875264  0.22700777590353099  0.23253904604591477  0.23861769891491572
  0.24671249877395793  0.25478108152971213  0.26344402322303156  0.27498567485670194
  0.28413210881261186  0.29100590777935970  0.29705251005640221  0.30342245955320257
  0.31346713710977075  0.32465315482239049  0.33316689256561377  0.34123508037388339
  0.34806717510330704  0.35429064259950832  0.36101493714455624  0.37074361484220386
  0.38220284311967689  0.39375748053070347  0.40691126226143914  0.41640128600638826
  0.42601823444994685  0.43612693641980504  0.44832989767762121  0.46274851487399260
  0.48080163629668410  0.49691697784413991  0.51135232570770117  0.52694667270529572
  0.54490522138610586  0.56315079199166163  0.57949703832557264  0.59251702073315582
  0.60151448611408331  0.60816405405407692  0.61318051720540989  0.61776125837382900
  0.62367656943957395  0.63449266561013962  0.64877625822935114  0.66643126381697004
  0.68120682568860225  0.69500103064639429  0.70642967281068747  0.71496187774385667
  0.72257292841983856  0.73133129900310501  0.74181720161725739  0.75278691483679350
  0.76243215530157571  0.76910692662549252  0.77471142338871679  0.78120678268341281
  0.79855470368011106  0.80552386961309141  0.80918907539112661  0.81497769318376267
  0.82119874537155757  0.82712583542404683  0.83319422896606110  0.84327109353148821
  0.85599814592618739  0.86795048751536752  0.88054462856975013  0.89473218785585251
  0.91218778590591343  0.92892479002965123  0.94373229536306269  0.95501158215802706
  0.96538389311104178  0.97608834014683232  0.98751476216392042  1.00000000000000000
 -0.00051827449420627  0.00334591144567339  0.00555969774570928  0.00620026091694108
  0.00690450647035290  0.00754543214946274  0.00849288239722028  0.00981899639063329
  0.01099339210893948  0.01952801694868097  0.04449232108718210  0.10003288938734581
  0.22515797792136788  0.66319822414925333  0.79450683491416418  0.82994656020484536
  0.84954935390642172  0.87319605288560875  0.90218482698308056  0.92714327912920980
  0.94258964020205660  0.95127873356208315  0.95917460474582761  0.96596155569115105
  0.97049915122727837  0.97390797073504420  0.97631518725814970  0.97850375273989976
  0.98062869112191153  0.98216257312898536  0.98320870789432235  0.98399518091425175
  0.98469139096808211  0.98539879530592556  0.98636893645693557  0.98761306590483844
  0.98878247273505748  0.98954520754171948  0.99022080651339917  0.99078821085541346
  0.99129064709066728  0.99174914200514575  0.99206901706607531  0.99238889212700498
  0.99267427824250898  0.99295440521179867  0.99319276785815935  0.99341315442040867
  0.99360331985716077  0.99376503987439790  0.99391266176914750  0.99405003309764306
  0.99418859896075373  0.99433651715339721  0.99449679205568697  0.99465998484906915
  0.99482393399732760  0.99499167239670916  0.99520018151472511  0.99539488397415388
  0.99556359828810026  0.99570561935348290  0.99583190112190001  0.99595621303204840
  0.99608002617971059  0.99620100335552408  0.99631509118647898  0.99642866294451626
  0.99653288068329626  0.99662987507270784  0.99673552613778260  0.99684906381815619
  0.99695284293947883  0.99706086659774928  0.99718342341339561  0.99730818331472026
  0.99744278601143221  0.99759340285591358  0.99774209812038928  0.99786586907349017
  0.99798670561897773  0.99810801072361588  0.99823030101405286  0.99835334448412871
  0.99847664663647184  0.99860081969314862  0.99872323734227442  0.99884506267613971
  0.99897401543198194  0.99910859021755438  0.99924231185514434  0.99937416319629391
  0.99950915276079244  0.99966237094499844  0.99983011255192111  1.00000000000000000
 -0.00522660954896076  0.01241049006747194  0.03176234164211383  0.05271531665306400
  0.07537434978060875  0.09334466716467243  0.11013995151187309  0.12488999944305590
  0.13611143083498028  0.14677668074832492  0.15824349499924628  0.17209073068589209
  0.18980003295628600  0.20966853715018569  0.22719296976507361  0.23877282250653042
  0.25092357963787087  0.26362356710914142  0.27075914909176096  0.27862127007912491
  0.28748232147297825  0.29641046199526672  0.30682378465035498  0.31894336409462781
  0.32987727446818749  0.33916814935972300  0.35292142735688481  0.36652243599354967
  0.38267006501880346  0.39410050837875377  0.40189093981120549  0.40836498399631788
  0.41349517733780294  0.41893706957839044  0.42505583683742038  0.43034032871432032
  0.43566664024390184  0.44220185601106915  0.45025785450978190  0.45934197988576730
  0.47046917072765887  0.48436660134699033  0.49607130910499908  0.50545369170751919
  0.51366853084878084  0.52213219340226646  0.53078947773849472  0.54057076300689011
  0.55081030154626898  0.55949280767627307  0.56884872883850013  0.57844871507778328
  0.58539158176936290  0.59128408956714351  0.59720899298169439  0.60316728658998009
  0.61340064785588688  0.62686186871369354  0.63685951606036140  0.64651103730915516
  0.65617406994549865  0.66674018007623592  0.67578357280255408  0.68322998717565631
  0.68945885624025860  0.69680964921698407  0.70507420330691484  0.71409975971299600
  0.72470381032402842  0.73727717667201564  0.75070795464924478  0.76373263990412410
  0.77583696439231931  0.79090273317012050  0.80696008487014026  0.82086550354686194
  0.83116491703483975  0.83980014233350586  0.84824122562228066  0.85964251788642476
  0.87435426061272548  0.88585181835744053  0.89176235893148970  0.89622703100903434
  0.90156977153378370  0.90690648338814850  0.91473595178557510  0.92190658198923459
  0.92936840712140512  0.93963141872969191  0.95173401878052133  0.96323952501245369
  0.97031982910702752  0.97826727777268874  0.98722594627180416  1.00000000000000000
   9.0962526130910685E-028  -1.0000000000000000     
 T T T F F F T T T F F F T T T F F F T T T F F F T T T F F F T T T F F F T T T F F F T T T F F F T T T F F F F F F F F F F F F F F F F F F F F F T T T F F F T T T F F F T T T F F F T T T F F F T T T F F F T T T F F F T T T F F F T T T F F F T T T F F F T T T F F F T T T F F F T T T F F F
