  0.00489366416663004  0.00495601393835333  0.00535692278781861  0.00614373953170738
  0.00722122791894794  0.00837556735606396  0.00967528919232468  0.01117797673810572
  0.01287949064460595  0.01487304592689432  0.01709902446719248  0.01915679571251067
  0.02136663829975343  0.02393298295120818  0.02676866545412038  0.02959501016312314
  0.03286221240989215  0.03646400773288374  0.04063339915123457  0.04592905712949391
  0.05211863510783315  0.05800307557544272  0.06354825678774781  0.06966533221433606
  0.07544924096346740  0.08199958275655561  0.08957293548435342  0.09827940310007957
  0.10776098238539385  0.11703110549573023  0.12604300810811908  0.13579195414184839
  0.14670687097391158  0.15716588270755993  0.16686810600256666  0.17664451843409135
  0.18561200943165687  0.19400508216570386  0.20454677683229208  0.21762341561063256
  0.23182079362135444  0.24787961063060934  0.26320654115185793  0.27709123243459888
  0.28902932025342665  0.29931918914974232  0.30797321134201538  0.31684167861934498
  0.32657320389768202  0.33733940905425241  0.34866835383711425  0.35864593755110258
  0.36791709799347316  0.37762686493297121  0.38630120104021715  0.39507635672029950
  0.40414342231824385  0.41426093415746834  0.42605276215839383  0.43896732178588882
  0.45216720645231484  0.46540853261246473  0.47790243535965021  0.49250743891933174
  0.50640997748945615  0.51989784689346064  0.53011017961620865  0.53960028814986205
  0.54849408577802972  0.55801510621691830  0.56657973218893798  0.57454353072701358
  0.58298140815868404  0.59743380752352038  0.61470245289111070  0.63295891155890482
  0.65131225732011189  0.66988897891684818  0.68919056873943374  0.70997804084003457
  0.73192555350039090  0.75047606581793525  0.76701645171132038  0.78282399385097434
  0.79868588602394497  0.81392908488476534  0.82804497158973356  0.84346839735836410
  0.85961109832342519  0.87591212283452069  0.89030919415897725  0.90677721864095417
  0.91942376651117841  0.93132879395795487  0.95138999154688320  1.00000000000000000
  0.00001435059349534  0.00002131704468045  0.00002183672286707  0.00002260068165990
  0.00002345056437517  0.00002394080108635  0.00002432321310984  0.00002469727031239
  0.00002505310713646  0.00002542360792609  0.00002586631124628  0.00002641731911902
  0.00002689341677992  0.00002726860312862  0.00002766729720000  0.00002811061144268
  0.00002866609947422  0.00002925472890127  0.00002981962315139  0.00003035071799329
  0.00003091514120397  0.00003200268099525  0.00003337797683388  0.00003457900688760
  0.00003578295874831  0.00003720927584189  0.00003920044555161  0.00004153484196965
  0.00004389886004023  0.00004633251971540  0.00004857251207282  0.00005025036123454
  0.00005154093880257  0.00005248299164960  0.00005314636332230  0.00005377059825929
  0.00005441096241723  0.00005500064418100  0.00005557920781158  0.00005605636075098
  0.00005642579240467  0.00005677960405579  0.00005709625056578  0.00005740932062931
  0.00005777302401121  0.00005823282218755  0.00005871649430871  0.00005914399643739
  0.00005959240963637  0.00006010204103184  0.00006063711389840  0.00006114299201509
  0.00006158855033253  0.00006197531432606  0.00006233665916627  0.00006271735531068
  0.00006312846389174  0.00006356654020743  0.00006390980542845  0.00006423424974523
  0.00006452045009049  0.00006478450446973  0.00006504548214930  0.00006530120858524
  0.00006560953545680  0.00006598201722173  0.00006639793629569  0.00006681902163651
  0.00006722327851083  0.00006765295511254  0.00006807779571423  0.00006848000778101
  0.00006886109338220  0.00006923394275703  0.00006958113628418  0.00006996921066468
  0.00007036591928675  0.00007077962188390  0.00007121521525850  0.00007160565344931
  0.00007194236853287  0.00007224170137950  0.00007249831445552  0.00007273870732138
  0.00007298176985836  0.00007324113975213  0.00007357087505240  0.00007384527298989
  0.00007448591929919  0.00007508033493225  0.00007571963188877  0.00007622390375878
  0.00007726487706163  0.00007833663593465  0.00007836197874366  1.00000000000000000
 -0.00156050385930580  0.00493107898328134  0.01203945342759571  0.01797449084681460
  0.02388512043710891  0.02807821284951543  0.03297007697086439  0.03916581257603689
  0.04653964787405861  0.05433687377663938  0.06147360079373514  0.06890369997536400
  0.07547797969613931  0.08190399878019267  0.08807086981445258  0.09414195426718756
  0.10042944989991054  0.10666316865228376  0.11286941820101662  0.11877518021367098
  0.12453119308363665  0.13006522724310127  0.13582046378748183  0.14165813352932072
  0.14800491914690253  0.15457650276154020  0.16210371573337623  0.16837571387110192
  0.17366071326343605  0.17897711129044711  0.18392528999597588  0.19063702269913380
  0.19805576456441912  0.20624907239899465  0.21512312645677670  0.22434746195751420
  0.23405624965650892  0.24444316999097523  0.25459822620706440  0.26354806372970424
  0.27184753029392744  0.27974430696539776  0.28830631136044566  0.29648854066754265
  0.30415938175904428  0.31163840243019691  0.31843863484524632  0.32538611148609686
  0.33287937585957617  0.34113748753437467  0.34973097632582600  0.36115763758488417
  0.37197214283488794  0.38397711740938006  0.39444985195184901  0.40413830045050148
  0.41395634996989428  0.42382843339901616  0.43411495776530756  0.44571912851962159
  0.45890358644344054  0.47327941901778814  0.48703497891124736  0.50050717916007148
  0.51496205759412095  0.53127427285824746  0.54726431010428156  0.56272706255261762
  0.57765976483435788  0.59299913110114677  0.60888210591684133  0.62081401025771976
  0.63095535483498699  0.64164064476330263  0.65313236753551285  0.66519112045760620
  0.67578907194037852  0.68593974319098949  0.69614055548814346  0.70695342807126926
  0.71733479374270881  0.72707340698726552  0.73979966151006993  0.75516315891699903
  0.77207272792963921  0.78914687092921920  0.80869879762375796  0.82945543360430340
  0.84863635196744913  0.87029213580259246  0.89267534971621254  0.90911157841818468
  0.92609236968752262  0.94654733742105435  0.97206533310301690  1.00000000000000000
 -0.00324507057220804  0.01486745109779667  0.02532352746980442  0.03633171161283392
  0.04940732815575551  0.06531431644878767  0.08273629090469416  0.09832998680791599
  0.10970192460239156  0.12033680032469958  0.13086217532188063  0.14103168387286341
  0.15097006381470768  0.16061564799922279  0.16978025186861651  0.17839756379509825
  0.18497119905179416  0.19246722335550140  0.20143716846400192  0.21142310276347714
  0.22749892188624188  0.24072894607229059  0.25299412957099859  0.26464890932613183
  0.27542366017506342  0.28579247008461284  0.29681342857228116  0.30876125116143144
  0.32023884374117834  0.33137739630220442  0.34143889848915859  0.35163423711611830
  0.36094907311576091  0.37105501187577816  0.38089072063125357  0.39084437670491812
  0.39971748885992331  0.40857636658685387  0.41919863342909713  0.43314495808583214
  0.44840971797925300  0.46179639269219391  0.46865798013758803  0.47573183277101949
  0.48254570884180825  0.48957351540168109  0.49599827582541861  0.50289435075061062
  0.50998852190485866  0.51810777340023006  0.52795328956515508  0.53848647029923535
  0.54733555197911243  0.55533630437717563  0.56325077503137244  0.57081361572731437
  0.57894472693103016  0.59238469656476067  0.60904853551551108  0.62205440866715400
  0.63365824663186343  0.64562781799378666  0.65906303083431061  0.67447953564812402
  0.68896482986251972  0.70145953979776043  0.71290172422074449  0.72325182411528088
  0.73133474721785863  0.73852839737097564  0.74523134561294002  0.75316013911245960
  0.76224240511848285  0.77187202296135193  0.78235808503508064  0.79324238100297539
  0.80610685683594785  0.81669651763495110  0.82644457562568285  0.83609935808811420
  0.84650888206554509  0.85609084534465651  0.86619031310012240  0.87451013041120451
  0.88726490649648737  0.89970761082568007  0.90961415274736601  0.91795690458901058
  0.92648121503084901  0.93498484241896995  0.94279212072085872  0.95350853916914546
  0.96489391981687833  0.97605772147285219  0.98818472278769443  1.00000000000000000
 -0.00149984092528445  0.00577492614133124  0.01377636936260719  0.02167168162282934
  0.03097099231214770  0.03982248519732615  0.04763541392088605  0.05439005562131710
  0.06113518999202969  0.06817012654886528  0.07653626580454430  0.08551370102877534
  0.09563654460066491  0.10845560188766616  0.12217395958627145  0.13551248738910482
  0.14793202608259953  0.15974953112575621  0.17004407112253755  0.17927664110124308
  0.18978773861580966  0.20114247213999628  0.21419494617516613  0.22676762436369086
  0.23997499081028634  0.25137227082129149  0.25994322450879698  0.26750550025569836
  0.27261044577392796  0.27740006467317185  0.28196741975974915  0.28619280171201655
  0.29207279566819794  0.29881973115139415  0.30468502115157864  0.30999746062683037
  0.31525937145578836  0.32150451597669694  0.32890035422092012  0.33783616934255595
  0.34832041527401464  0.35960230403615645  0.37067716064461181  0.38128482873012826
  0.39249666253030846  0.40445719034329841  0.41679450307813065  0.42812255083025680
  0.44025150436591831  0.45167853074202191  0.46245690594704453  0.47217292018877310
  0.48273476137307203  0.49570713786358350  0.51068334792072012  0.52760112365172696
  0.54043735013938565  0.55237490575532955  0.56147469169348918  0.57028549638112158
  0.57785254201304670  0.58821372463673693  0.59998111135740029  0.61121433385030910
  0.62190648965138096  0.63409842850195042  0.64663018780605042  0.65800726685160793
  0.66883212704386075  0.68330593553083585  0.69814994942614694  0.71383604751346508
  0.72800957381589537  0.74099135238055558  0.75324082996373320  0.76572024097938440
  0.77743482716126611  0.79182756511423069  0.80382488077631176  0.81274471500857337
  0.82146669659719407  0.83258836536248138  0.84726869028641205  0.86076961749188852
  0.87120398073215943  0.88151007844454066  0.89259306527324511  0.90374559755755923
  0.91584512888010006  0.92697028497280920  0.93938357347339596  0.95060518479594303
  0.96393779467134832  0.97777094037628765  0.98946690781622060  1.00000000000000000
 -0.00350668950215205  0.01143143477627940  0.02565945413761392  0.03820225271799001
  0.04706012468180292  0.05319317114895364  0.05932307191742993  0.06508455515556072
  0.07256648021921047  0.08243688633352199  0.09274844701678989  0.10238649102869127
  0.11138279434468974  0.12036248926366290  0.13007825865429354  0.14127345445100445
  0.15224427436900312  0.16194928957944651  0.16982823129110214  0.17968658072061938
  0.19039512809476411  0.20354626697331341  0.21790430941302089  0.23097658451315883
  0.24405636012044307  0.25813210017279342  0.27278928112292694  0.28692405723532971
  0.29935993717654696  0.30963636529178318  0.31775379799446551  0.32470783043481743
  0.33437023542974426  0.34236099490967137  0.34866061935638942  0.35497283805141427
  0.36161343323030698  0.36765101161136116  0.37404519312122581  0.38263217880459471
  0.39294821062990570  0.40331952999117798  0.41423009330071714  0.42687960928844354
  0.44158899473776542  0.45400072284197851  0.46907932994848489  0.48220665806872964
  0.49348857043953859  0.50341333322126192  0.51277345030262478  0.52213556105264092
  0.53290943096596965  0.54506254395628750  0.55538830176970155  0.56435258694963408
  0.57394646245034531  0.58434721439388759  0.59836759929675587  0.61243738437401329
  0.62655101096574228  0.63920467501954825  0.64838823002636869  0.65491062362567509
  0.66239549303974321  0.67190023897610751  0.68093347662338732  0.68925518062267543
  0.69814858466656360  0.70663886189459235  0.71564929480143002  0.72459265274438467
  0.73390625513472407  0.74466746066128986  0.75861077955776546  0.77560817548355154
  0.78618349192771420  0.79522321605289903  0.80329016209807735  0.81267574661810771
  0.82359367388805427  0.83519529637952195  0.84720701111403851  0.86082895687926786
  0.87455267026923822  0.88681139433097311  0.89780936486766527  0.90866495075091080
  0.91769599265606783  0.92687457557035280  0.93686498606908764  0.94850041029171694
  0.95979260197993210  0.97109618854853175  0.98375856844388176  1.00000000000000000
 -0.00168341814144744  0.00658449025237209  0.01372907467498917  0.02119532434310776
  0.02884853385570746  0.03648954171919186  0.04422566253824366  0.05204478351436119
  0.06044139513978362  0.07090443512757164  0.08356250942956860  0.09256554786362245
  0.10041160807159023  0.10791189133142354  0.11581623373909972  0.12377742738865630
  0.13145802380778185  0.13936148586540537  0.14735468031821283  0.15505356943484139
  0.16245941260572397  0.16966282200674851  0.17628737935358524  0.18372771255755641
  0.19199784966538158  0.19993816923543167  0.20670285242326955  0.21393860223235323
  0.22131804077448275  0.22911815852791009  0.23835188852443140  0.24750388099981971
  0.25707128581451399  0.26742089242592665  0.27868554421027364  0.28945437441149924
  0.29825718371132431  0.30560815976956773  0.31253085143232856  0.31990261660257685
  0.32793163977863510  0.33611500123771210  0.34403477575649555  0.35251367545593498
  0.36153687864399769  0.37150970917979631  0.38260776684013537  0.39334085680574254
  0.40387371588872989  0.41340771389804437  0.42227157905256185  0.43092641797376074
  0.44047959301716771  0.45112311158501894  0.46199482712676571  0.47210301465620724
  0.48169450410629056  0.49229435298348806  0.50373305362008325  0.51539584063556987
  0.52696556209200385  0.53785171156340550  0.54808402111677912  0.55734674955713193
  0.56660823558163287  0.57451752597027161  0.58269425848128764  0.59269745575167498
  0.60458389802805934  0.61613518138604861  0.62751237855988518  0.63799428546691361
  0.64863666743572468  0.65984102810321210  0.67187340118730043  0.68382648189330753
  0.69503268621027936  0.70612796334050476  0.71758544183234985  0.72947014956537182
  0.74105025138661629  0.75133761958440348  0.76170484447181053  0.77344837184564952
  0.78730383804433535  0.80513936563126387  0.82577383517026803  0.84823294383449666
  0.87015982428276484  0.88669318642545392  0.90027049593563857  0.91409832060328866
  0.92937170962232973  0.94378621686426634  0.96557930369814116  1.00000000000000000
 -0.00165223358742947  0.00913183123261135  0.01615130780147067  0.02327793787538960
  0.03178206808672114  0.04216963883032360  0.05522772671186255  0.06876421814137851
  0.07594105184886382  0.08229691596757292  0.08929021192636735  0.09737190974690869
  0.10924845293400398  0.12436498367361244  0.13599063938729986  0.14565156562346054
  0.15539078893621650  0.16597411462414127  0.17627126189034761  0.18756509129942933
  0.20157181453166029  0.21400875469869254  0.22473685505009122  0.23552155084876106
  0.24632421865942958  0.25817467945558131  0.26968928967082478  0.28012175090213998
  0.28934186405933432  0.29834333804737340  0.30723292915615236  0.31724704938876913
  0.32662419320897079  0.33654161782539699  0.34687405567879187  0.35406628283439712
  0.36231242167226879  0.37199095136652649  0.38091353307167108  0.38990557247871832
  0.40188004540128047  0.41004185945839988  0.41849334913565489  0.42728556391989220
  0.43662656351918999  0.44669114832392637  0.45710840784338724  0.46737163876737392
  0.47708309349944295  0.48499458474492085  0.49277268553593145  0.50138330185459312
  0.50996444988738698  0.51717303712668761  0.52739982502362048  0.54057489144928095
  0.54948540679072910  0.55787065962531535  0.56616150727191594  0.57472467167511676
  0.58476253602072614  0.59524283838796033  0.60478061496454583  0.61595605613015603
  0.62901734997158998  0.64433391325818623  0.65930516199490530  0.67308094186350709
  0.68564891073715784  0.69879256287978742  0.71196641856989784  0.72548569635365934
  0.73914539014793168  0.75263164676125294  0.76538271606396102  0.77706535011966904
  0.78772669709129195  0.79789971625432665  0.80759368520813790  0.81767458328756182
  0.82881998081002273  0.84005353720414289  0.85126613104454218  0.86199949701261469
  0.87322338971629387  0.88563649366130959  0.89834965595044158  0.91081359304505249
  0.92126659239504827  0.93311403210927502  0.94284249707482448  0.95282984731208398
  0.96314257016553506  0.97392642033816368  0.98535613238733688  1.00000000000000000
 -0.00924744348964392  0.08654171126458715  0.12338921129693392  0.15344278282604595
  0.17504808798058580  0.19406064838710405  0.21068519048027443  0.22364445220776424
  0.23814851270786461  0.25619911853614785  0.27645757013332350  0.29794775378784372
  0.32159799948364071  0.33902005504740179  0.35535355498642657  0.37232935928773453
  0.39212467739507051  0.41331041243634958  0.43471632556983503  0.45625600295359131
  0.47860158662131147  0.50286847407091673  0.52614530303195528  0.54411885010735694
  0.55946207687434291  0.57371641036107335  0.58810682345527432  0.60348813873385587
  0.61987928723314101  0.63708324288549711  0.65494383297612702  0.67279275856251675
  0.69057912923277964  0.70763542071279772  0.72285464420561318  0.73635273005171786
  0.74816370160985868  0.76005309756573713  0.77304045625644002  0.78924842792010041
  0.80267994258215869  0.81337831693264828  0.82314267525896467  0.83333938039706656
  0.84406815426365334  0.85533554468781514  0.86452709293899699  0.87127526366008956
  0.87756974414268996  0.88473126157926019  0.89163419584468284  0.89931019362685394
  0.90622133200472421  0.91351630458227584  0.91996002227085505  0.92600443839962687
  0.93277395457704171  0.93943040029104441  0.94552740630736187  0.95150551944143880
  0.95673476110959643  0.96056694177812252  0.96337103274649993  0.96598987424878124
  0.96818616714127836  0.96996681924940076  0.97172398761407597  0.97343579757830956
  0.97499258191530147  0.97657305072183420  0.97804835695992465  0.97935630637369320
  0.98050172544162562  0.98151545229755743  0.98244996114345784  0.98340223608916910
  0.98428533036422394  0.98507250167877769  0.98570288377678505  0.98633615410318498
  0.98688520473296115  0.98731416112846793  0.98770237820550888  0.98807686579554044
  0.98842370654470801  0.98876915019948419  0.98911217068782864  0.98942916786615431
  0.98973082989418648  0.99003061496718103  0.99032751404645381  0.99059648368313513
  0.99085725299168648  0.99104770041882317  0.99122724164986631  1.00000000000000000
 -0.01019239597202911  0.06196324434534867  0.08206952230248078  0.09518847655471786
  0.10670224752409604  0.11898627658635409  0.13003778645689135  0.14029402840709165
  0.14895264249144785  0.15525265621175804  0.16162802412632307  0.16769742891998424
  0.17435523324270810  0.18105204064187541  0.18797460727494975  0.19513662159677533
  0.20264676945824692  0.21046718826527533  0.21793177244306028  0.22497768146513478
  0.23226565550240033  0.23965795934454190  0.24688029698798367  0.25323523588917979
  0.25994795694839296  0.26652910980138628  0.27247712680111691  0.27805683534039727
  0.28369185418839671  0.28982652480670462  0.29655946392019211  0.30338085294115497
  0.31035294578915962  0.31733009951700913  0.32408282165131830  0.33054258468937558
  0.33689303002757459  0.34335136856570220  0.34979306363764257  0.35503536767229515
  0.36014062231892052  0.36551204210301452  0.37256334786911882  0.38001763641670838
  0.38636776433622200  0.39216690901825896  0.39789156978434914  0.40461443939418112
  0.41108336490053982  0.41713780856634813  0.42411791378705122  0.43245037705824990
  0.44037959530954029  0.44687832886224332  0.45348315708141257  0.45782674740611085
  0.46237134065531976  0.46671882712995988  0.47101809491353652  0.47562158554514850
  0.48123788479410423  0.48740610674139889  0.49427971151059108  0.50460324167727855
  0.51665618416372272  0.52646098749598513  0.53438856820203973  0.54210221711384243
  0.54930513437912576  0.55658718751621894  0.56340527448996069  0.57012629680943439
  0.57711193664613325  0.58673568548165478  0.59729285988714453  0.60564628972665335
  0.61343685228666756  0.62103001253395329  0.63027452405211926  0.63932024569602963
  0.64958318137303339  0.66016561401460139  0.67136201960534392  0.68314660669197547
  0.69502556182326969  0.70716939621685204  0.72037862625291926  0.73589534137388490
  0.75379371521343552  0.77107055154844262  0.78700644088384664  0.80179141751495031
  0.81648706341677335  0.83704452715620259  0.87475741123419670  1.00000000000000000
   6.3410368798879250E-012  -1.0000000000000000     
 T F F F F F F F T F F F F F F F F F F F F F F F F F F F F F F F F F F F F F F F F F F F F F F F T F F F F F F F T F F F F F F F
