 -0.00000695997925237  0.00052397105804550  0.00079977147144520  0.00141758363673658
  0.00225313388637116  0.00314918903941035  0.00391504516484561  0.00465853875513843
  0.00531200181546338  0.00595750389415207  0.00665782779754919  0.00713258963771284
  0.00752672152327236  0.00805503754969557  0.00879311066547126  0.00972676812809991
  0.01094452863862774  0.01213771862198607  0.01330728007716852  0.01454191564799617
  0.01579945307210378  0.01719308149243997  0.01866800412684272  0.02005782417719041
  0.02184197579584468  0.02411832923262702  0.02634158790482541  0.02858208193892935
  0.03116910820106914  0.03360054524238119  0.03542920786968357  0.03681073347357845
  0.03832029323290353  0.04008918978154378  0.04243918794533129  0.04509241214533117
  0.04749299616625315  0.04964108698586112  0.05153724008940647  0.05363234980367816
  0.05624680702613704  0.05948119182791437  0.06330218608111429  0.06752293692681523
  0.07208971720229727  0.07695462958428316  0.08196745445208695  0.08807370868489077
  0.09392954791837946  0.09971653745533551  0.10529659623697073  0.11015436266652689
  0.11478966956876369  0.11951579812365899  0.12463226036863095  0.13031710590340950
  0.13561581411497750  0.14047591684282668  0.14604161983892552  0.15467408548680450
  0.16455448497299088  0.17268942482057459  0.17955472838217060  0.18612580855564248
  0.19283707365152636  0.19925029901639751  0.20555940015698207  0.21224288832979632
  0.21824774306829581  0.22469458981471696  0.23205427564711828  0.24079610189215550
  0.25100242561379421  0.25898936959152863  0.26729800637616724  0.27782414531518407
  0.29143255439176663  0.31102615654498916  0.32414374143295127  0.33929347021386325
  0.35406212262758541  0.36729876692271429  0.38445831545838888  0.41157145889241720
  0.44053798191098609  0.46441606428187099  0.48621697449807455  0.50809563903402510
  0.53069347528770305  0.55648655878853470  0.58533613613981983  0.61823747028858189
  0.66984731495369088  0.74555846272118143  0.82091790253255381  1.00000000000000000
  0.00001145735694467  0.00070847333985799  0.00152407296913044  0.00224653352460160
  0.00290772152095067  0.00359546235703378  0.00428432800774011  0.00500424188479703
  0.00570394107548808  0.00643483372982671  0.00715259978218295  0.00803107637703417
  0.00932066699145643  0.01082326626568557  0.01202380698485090  0.01312967076778187
  0.01440939664335599  0.01573286863795563  0.01711878238437415  0.01861191235284678
  0.02019380001757396  0.02156840860957191  0.02300463692561754  0.02452541294159226
  0.02597092021338695  0.02785475693687227  0.02981414962329778  0.03182538715650220
  0.03374225372321955  0.03615933967074771  0.03856664993437720  0.04110411470162446
  0.04255695482858162  0.04354334137991626  0.04473113421395106  0.04603357348002415
  0.04734350368748695  0.04880202544880893  0.05098511290596674  0.05355277050139898
  0.05571709342227584  0.05798275027696322  0.06061742914394808  0.06349115345580557
  0.06613298402703660  0.06849332580701993  0.07131873814334319  0.07494181733890241
  0.07895290185985923  0.08299467048297396  0.08706759882871898  0.09142771745165310
  0.09598457738873238  0.10026929022169551  0.10465265922294775  0.10961948404842717
  0.11464236403597625  0.11926166373837990  0.12513950725614129  0.13169384611937862
  0.13690806162317179  0.14217588289808658  0.14740877496659163  0.15324805196961397
  0.16070542117514316  0.16818778364571685  0.17961656784374491  0.19250987404443032
  0.20522089233437596  0.21786620591139871  0.23089736566787622  0.24463147235066510
  0.25903790750597139  0.27456037167347924  0.29186208477583830  0.31356426903805706
  0.34190011873108261  0.36944374260497764  0.39369561501725547  0.41766888374016287
  0.43877723077752406  0.45653242113172027  0.48009238382496472  0.50606614383953918
  0.53338213515728505  0.56232350142200282  0.59738320093883768  0.64787613254595477
  0.69697862017752721  0.73291992243174353  0.76796876043558959  0.79885619387685736
  0.82707616023733832  0.87491336058570868  0.92462899986201752  1.00000000000000000
 -0.00002410556572564  0.00009914256344941  0.00018143761142272  0.00024881798618041
  0.00032029745096345  0.00040013947081471  0.00048954510216732  0.00056907341003671
  0.00065882302502605  0.00075503041329986  0.00082946811507865  0.00089314914694939
  0.00095765759373413  0.00101915843522530  0.00108885936722843  0.00118760214717453
  0.00130188807527710  0.00142494244974463  0.00155789538692805  0.00171625652755239
  0.00188620313381313  0.00205388666846825  0.00221294741289440  0.00236499364040313
  0.00251718166691227  0.00268115650690305  0.00284130641323741  0.00299094380298052
  0.00314343164056098  0.00330271952670743  0.00346214949016150  0.00371900917829557
  0.00400115869526788  0.00426238669545958  0.00449343185041402  0.00470954703691856
  0.00493449704594554  0.00513514719361560  0.00532913078053282  0.00556976158655737
  0.00586267402732599  0.00618454803628887  0.00649984813677951  0.00678398414030557
  0.00705285613564147  0.00733981694482010  0.00761634455209207  0.00784242031204121
  0.00804611803495773  0.00829080972536185  0.00857701758536213  0.00889639579296456
  0.00922547824931061  0.00955394162291470  0.00987931464224864  0.01026883951598456
  0.01064011545246559  0.01100306389154745  0.01136195906151896  0.01177138754391565
  0.01226648789263378  0.01283454005160140  0.01345382507372650  0.01396047129300239
  0.01429268345804420  0.01460116727463003  0.01502889327675154  0.01551529849206750
  0.01596779147448042  0.01659795942022793  0.01736767844665589  0.01811150269063956
  0.01884907911213295  0.01953637113766026  0.02036544573269695  0.02112885376853649
  0.02186322003047514  0.02284731252686679  0.02404258033283449  0.02510170161916143
  0.02613288567014656  0.02748851005042585  0.03025251889875867  0.03338559138750133
  0.03612262178345595  0.03889826310967837  0.04281708564325051  0.04730393730057225
  0.05319711519617238  0.06131491770667688  0.07037482906952790  0.07733197055096791
  0.08631162887219038  0.10351429180205791  0.15975503064809699  1.00000000000000000
 -0.00003511325343303  0.00003662309690647  0.00016405839731627  0.00036009121483337
  0.00060411874710025  0.00085044046544009  0.00106668529901474  0.00127504839110473
  0.00147594997160636  0.00167514471407346  0.00187319154314134  0.00209839789833926
  0.00232406086938039  0.00254690749715587  0.00274788204420418  0.00294469187525302
  0.00315100523949575  0.00338632639183107  0.00373698802189761  0.00403855090986825
  0.00427241086304771  0.00445947950169568  0.00464366911328833  0.00481632052287499
  0.00498081213122819  0.00514336992326401  0.00533502807619719  0.00552977354597292
  0.00572637901619772  0.00591986380754036  0.00611564298616026  0.00629582732966443
  0.00657353886470426  0.00696945845615020  0.00741726113291402  0.00788720534012826
  0.00837548668737062  0.00884176033075388  0.00925438188201760  0.00967694058884739
  0.01010893529918590  0.01050765715708029  0.01082348072541115  0.01118865193005978
  0.01162100306855100  0.01202854872146964  0.01242338541801363  0.01293228986470948
  0.01353721104830295  0.01416520258395520  0.01475873606370330  0.01540021464168296
  0.01617119302987486  0.01705360686901558  0.01803247975288835  0.01914911671132984
  0.02026525659415531  0.02129594023794066  0.02228226683318349  0.02317317907813980
  0.02425580374040227  0.02544450047255428  0.02671415146876701  0.02790715543748376
  0.02925044284149728  0.03082932006828910  0.03286925208871334  0.03481728841897409
  0.03656015076223654  0.03844112241259382  0.04045572715106138  0.04337900007250306
  0.04726807524409903  0.05066726378349932  0.05408315344224168  0.05808735387594850
  0.06341542629989977  0.06981874584069672  0.07638383508141262  0.08100502542524514
  0.08582751371223618  0.09227429252952671  0.10214078826814196  0.11475804128991603
  0.13051978165451522  0.15250092245528005  0.17538501715858287  0.19736881669757189
  0.21468921067834704  0.23217596051776479  0.25832391959402640  0.28212446139846692
  0.33631951000953786  0.45720724543152680  0.69789895056098039  1.00000000000000000
 -0.00471137901890165  0.01488293305891386  0.03200259939665272  0.04681380014334272
  0.06111002845676489  0.07515170201148945  0.08851237416023332  0.10192030701452445
  0.11495508178896754  0.12749161668582215  0.13942999608464746  0.15027063695126289
  0.16077630697929135  0.17028138712348337  0.17918113825359619  0.19305670767796906
  0.20358752614743689  0.21358903221121786  0.22309686121424027  0.23292212446358168
  0.24410850193710670  0.25442142954165670  0.26183541035746893  0.27078474893557186
  0.28362631611208722  0.29756618904851018  0.31178180576552472  0.32462608907261448
  0.33488249443979951  0.34382359801492746  0.35490557743479401  0.36737960404368325
  0.37747768777650392  0.38613532987414767  0.39631108824053934  0.40510909837132053
  0.41343213598669976  0.42336667627384045  0.43478389483046442  0.44241464739902275
  0.44864760776688573  0.45377660770515910  0.45860401855804600  0.46349834275446861
  0.46867231639323603  0.47461348638760059  0.48208359015397118  0.49031002447038080
  0.49770898746282743  0.50612640446565293  0.51573325270529935  0.52566764089517715
  0.53583149679022657  0.54612943409637604  0.55713032853018474  0.56805975827091715
  0.58096372029323684  0.59724814299887208  0.61416832921207609  0.63030327372543626
  0.64493787591285656  0.65440429083150675  0.66164589859094969  0.66877711988077115
  0.67492738436426114  0.68048191625142340  0.68631311068330747  0.69289990137813628
  0.70096795861585881  0.70991872983845050  0.71838267640401798  0.72784722035122873
  0.73561310958166870  0.74184372310317048  0.75148239714624110  0.76177977754947268
  0.77046432070925686  0.77873018912509528  0.78839859559781444  0.79547036895740675
  0.80975354437335778  0.82521857262225773  0.83897257843731032  0.85195809577980630
  0.86669156549562520  0.88280398569766405  0.89681443644545955  0.90730140240032686
  0.91397493771101390  0.91861835037097994  0.92336018555429988  0.93306719780443093
  0.94421969851128529  0.95587934054192203  0.97190433786247254  1.00000000000000000
 -0.07571923925031719  0.41114822461318651  0.56977043868768285  0.66052036840988848
  0.69390194733293387  0.71684437950274327  0.73988863563256846  0.76798986334339125
  0.80074005212999322  0.83098474684834300  0.84679508795941727  0.86584959506368286
  0.88266889382485481  0.89637187622492431  0.90776949554651831  0.91593580760299176
  0.92037465837863575  0.92485295868489503  0.93135360100109299  0.93749686495398143
  0.94229837861729326  0.94576315412916778  0.94847598275761258  0.95083033967502151
  0.95275716672431188  0.95437269106611766  0.95579453313075935  0.95790525831828621
  0.96006723333298949  0.96173898145488701  0.96382682890989391  0.96613080032341070
  0.96835167676977163  0.97041128185191883  0.97242541463127030  0.97417820621211626
  0.97578170218713789  0.97712345565295000  0.97828260128335687  0.97946362402912035
  0.98058043495632374  0.98169004486854117  0.98284501731194585  0.98400679935047664
  0.98514713486647720  0.98622433427109679  0.98700587992591693  0.98771567733142041
  0.98837582898920062  0.98900493566027758  0.98964722027343532  0.99017028509321026
  0.99062878551694755  0.99104100178487597  0.99145300400033187  0.99186764482761181
  0.99226708970193378  0.99267952326287801  0.99308058672670962  0.99350579637598901
  0.99390940665637406  0.99431228158969565  0.99460185918522748  0.99487559557962790
  0.99513550232126169  0.99540288414135958  0.99568242511584781  0.99596454147119240
  0.99624148241840993  0.99650644697625679  0.99677312986149935  0.99702860481615152
  0.99727656904395345  0.99747560221958831  0.99759411105696327  0.99770033036505812
  0.99781270394723287  0.99791274087660142  0.99801121475344556  0.99810732515286016
  0.99820190906087036  0.99829034406621175  0.99837929216115207  0.99847409330518089
  0.99857383394865173  0.99867423676613054  0.99878091196639407  0.99894148926506443
  0.99911151630521822  0.99924975270918714  0.99938231719999682  0.99951493154287840
  0.99964673198756360  0.99976941141855513  0.99988608413871927  1.00000000000000000
 -0.00406163194432543  0.01660405546814908  0.02837231032861915  0.03903260426741990
  0.05328448897054940  0.07075399421460331  0.08816111418196679  0.10139056541884542
  0.11002536275085324  0.11734183853052337  0.12496366080184163  0.13360649051091208
  0.14145897892049858  0.14762366670802790  0.15385901782130909  0.16282731750047402
  0.17268548030243039  0.18263300387457404  0.19300445616147521  0.20333965523893741
  0.21249818028048231  0.22099496973962160  0.23165489328348410  0.23862672812200450
  0.24672218698443948  0.25921488457328817  0.27008534192422390  0.27932199266410979
  0.29023628834516313  0.30398707100412353  0.32063574887589313  0.33975837361796252
  0.36349788971344621  0.38618252187912799  0.40800049983760989  0.42895913503687755
  0.44680230704436980  0.46067193637941167  0.47236062453915906  0.48271191458344348
  0.49293764965855502  0.50381367395719967  0.51492227133949953  0.52787169114455412
  0.55007960458014638  0.57083850220502663  0.58190467329224194  0.58946653945066385
  0.59676138503579279  0.60392187996181879  0.60950631079413042  0.61487708642759142
  0.62159675690079341  0.62949990537472922  0.63749160856567733  0.64600726227896144
  0.65631621636279347  0.66813578926123574  0.67592330833954706  0.68172265507669649
  0.68880149689635584  0.69777197739112173  0.70432714595409440  0.70855179495587850
  0.71499366236987294  0.72334476510364265  0.73300140742424758  0.74177094606024641
  0.75041913122416404  0.76010553107780532  0.77188755620079708  0.78377496328383145
  0.79384110425574506  0.80223566252430167  0.81054646989284818  0.81837709769551825
  0.82540809525400938  0.83855687709803040  0.85185640791728812  0.86151920886462041
  0.86923763636598450  0.87664679614709962  0.88173193195126276  0.88550115342244640
  0.88929241351652566  0.89361490167471369  0.89818519525360785  0.90256250362174728
  0.90686314042750571  0.91365606257748300  0.92530841064316627  0.93860215059999286
  0.95368853244158458  0.96912608098960229  0.98449869259543299  1.00000000000000000
 -0.00300877916615403  0.01192231756327797  0.02121337965468243  0.02961922578550897
  0.03777421191459210  0.04713383236340277  0.05813319100119686  0.07078368115028910
  0.08478058945893630  0.09879201199763718  0.11327757157071346  0.12831106927001334
  0.14352276019083435  0.16031498079468767  0.17534568192751041  0.18760119529448427
  0.19629585777844044  0.20449153564784370  0.21308711463735094  0.22187879301223196
  0.23546116047918320  0.25111613771038166  0.26535832073377091  0.27948810639272686
  0.29053454401656120  0.29992924138530269  0.30991977893175282  0.32086048939340328
  0.32998749162302521  0.33729657488682019  0.34528586953729995  0.35758131485107086
  0.37135348454122297  0.38480711331687101  0.39989999748019733  0.42013510235570378
  0.44310999992420430  0.46615407893983990  0.48684113700986420  0.50267629797631275
  0.51536226020231857  0.52785773376583489  0.54034438839048327  0.55025348538363283
  0.55896585132572074  0.56923192163104264  0.58239213888181440  0.59120639787399465
  0.60046260613356561  0.61063417495497208  0.61911762755454047  0.62607373538219901
  0.63340900609606710  0.64106906183843770  0.64946578205187067  0.65767494569916263
  0.66601490276863939  0.67245670523085610  0.68294708955571004  0.69369677560166976
  0.70438196314174717  0.71415788617577824  0.72212749535199139  0.72974504320372757
  0.73742694697258304  0.74664539087421256  0.75692497115562374  0.76606247270465921
  0.77458884345012646  0.78392460146128939  0.79227764280026292  0.79968338107207493
  0.80646683822443599  0.81377948370747022  0.82168360489775849  0.82956568589508317
  0.83757275175218515  0.84645492629094010  0.85507544258796186  0.86354864926234054
  0.87065220177639235  0.88537073285003887  0.90131154054362339  0.91535746123711081
  0.92473835507183855  0.92868421598268902  0.93176291497394803  0.93597272532231901
  0.94068158252934975  0.94455382288060930  0.94829165947445571  0.95456915707849765
  0.96089153406889627  0.96880470504250293  0.98032309101509296  1.00000000000000000
   3.4211250726309872E-009  -1.0000000000000000     
 T T T F F F T T T F F F T T T F F F T T T F F F T T T F F F T T F F F F T T T F F F T T T F F F T T F F F F F F F F F F F F F F F F F F F F F F T T T F F F T T T F F F T T T F F F T T T F F F T T T F F F T T T F F F T T T F F F T T T F F F T T T F F F T T T F F F T T T F F F T T T F F F
