1.0125241847722242  0.15256456767107265
1.266784388776455  0.12418776513014533
1.6657952586602138  0.09107466144613927
2.302301318234963  0.07048752057608454
3.78772445893301  0.05477216830303413
6.07832312829723  0.052524643233625365
9.052254527335528  0.050283275578490494
13.149793077803471  0.050715089735768284
18.17437393950425  0.05245731595643995
27.066520700332386  0.06711517297768883
40.30931383166563  0.07139744824782668
64.68607661546321  0.09394862919719989
133.14483516026402  0.15352426140993966
219.04862961367883  0.21307530229841143
388.3194905206398  0.3470037973070864
592.8884267818091  0.5068137160491792
999.999999999998  0.8690706546329836
1604.7426876477357  1.3395691370481497
2774.8738437748443  2.2983673031480594
3931.828755705762  3.532576723940763
5300.591359946441  6.026569183012272
8296.958520834889  12.08471561863268
9633.492947617204  16.63897119802101
