0.13345598729739075 47.24453567136064
0.13995354102994903 39.49496986063903
0.14676244599653743 33.68042178630989
0.15390261222670532 28.7219059973067
0.16330716758725114 24.493395283233674
0.17329820284315944 20.072139190724442
0.18607854346195418 16.779687240248887
0.1974425604727688 14.597051144363492
0.2095077194952732 12.44803682882326
0.22496608328833648 10.201065429684997
0.2387050042288246 8.874150731900121
0.25934458771432817 7.5676761040792195
0.2784706496944961 6.326343044723154
0.302548562267801 5.3949630260007995
0.32869718155347344 4.69320733366157
0.36135981127329525 4.002261631951698
0.3879696505400142 3.5516672990439973
0.42150103013185164 3.0896803062903535
0.45794603776266213 2.6348098572527987
0.4975083953858207 2.3381699823157622
0.559997277857622 2.0340299748979342
0.6155813452551988 1.8413217493584935
0.6766825618794268 1.6668711014599265
0.752684069723313 1.508948270366235
0.8273656386464313 1.3934526602541604
0.9202597790776806 1.2867971384453958
1.0604935157876365 1.1883050804246476
1.1934516999360216 1.1648833042151587
1.3273585479404593 1.1194155989542391
1.4937746359416426 1.0973516508351688
1.661378111757752 1.0545198399171019
1.8917509562410584 1.0757225883895292
2.154141455325936 1.0757225883895292
2.4240495397895203 1.0973516508351688
2.6955724017408085 1.1648833042151576
2.9977131202484686 1.1883050804246462
3.373088872628052  1.2614340603098468
3.840813873206138 1.2867971384453971
4.220607916854091 1.4214701760421307
4.748630617755596 1.601809817059262
5.218725716922886 1.6668711014599231
5.941362575764114 1.878344364230803
6.529088908757052 2.0340299748979382
7.260425821365708 2.1592053524760986
8.168191563417338 2.531968003845999
8.766399367477653 2.7969575752306737
9.863462768523691 3.0896803062903504
10.710836617680926 3.551667299044001
11.769964209949773 3.9233761017796764
13.086115794050944 4.600703099113926
14.380609228962934 4.982030019312097
15.615521461160386 5.842121773472269
16.95763391161313 6.583302391372999
18.85452738283058 7.5676761040792275
20.962895398207664 8.874150731900121
22.23404086150969 9.802897617831283
24.43013185580543 11.495258236954385
26.844047658361784 13.21409619342679
29.497483717538156 14.890547380410993
31.65453741553498 17.46123382091366
34.783472816182865 19.676512545753038
37.32453312948239 24.010624627461112
41.01532259038509 26.523517807408403
43.497963830301515 31.10250646645754
47.23328315888299 36.47200629721269
51.89858841861247 42.768490210860605
55.043735490732345 48.194459957863565