  0.00472902047496389  0.00526381462413329  0.00588357057150520  0.00667651661517327
  0.00756823524095988  0.00850538960950036  0.00970972567178692  0.01100254248596031
  0.01236329008506444  0.01373388571080098  0.01517152510173720  0.01664475806913481
  0.01815217810693142  0.01982929219083914  0.02188441988680201  0.02437934280722823
  0.02716055058239671  0.03014987916692671  0.03308128305776441  0.03613766530415876
  0.03911546449640770  0.04301678663636034  0.04893001096168958  0.05526734362635999
  0.06236701072523260  0.07055752204965782  0.08009286053812444  0.09068439625931429
  0.10205160537969556  0.11329420461203370  0.12342687784002199  0.13385047205097836
  0.14491078643391439  0.15603453319711832  0.16819907441734172  0.17850168935172156
  0.18835520237044340  0.19810866018919884  0.20880519756961724  0.22295124134795746
  0.23705894232094310  0.24854237776442351  0.25942875578687136  0.27049918890964131
  0.28193872591539387  0.29414471403285725  0.30551091366263011  0.31802732095934971
  0.32831924161067622  0.33776829999690305  0.34902762390677444  0.36228932637232319
  0.37382633604585319  0.38400224266433497  0.39269603442743650  0.40174802187104397
  0.41130552970465056  0.42062389101239323  0.43190266672233296  0.44452988164242319
  0.45795353904967512  0.47510840058020215  0.49258329012438029  0.50902149218770054
  0.52411779777057899  0.53947058661960845  0.55510823221943983  0.57349522280223497
  0.59102877487547867  0.60236036677393390  0.61279730144697342  0.62298060402328548
  0.63247189857925712  0.64235394638194099  0.65227850082724681  0.66349147400479858
  0.67753595069424366  0.69157372393789873  0.70424185983395515  0.71671540951879742
  0.73000957323101223  0.74781834634024302  0.76181999840779158  0.77459465289968243
  0.78629705924532334  0.79998645634700749  0.81611019316984801  0.83887867191526599
  0.85842909838045922  0.87963425054563493  0.90104262366144561  0.92365017258697080
  0.94699439744907621  0.97037985274251670  0.98468511832952543  1.00000000000000000
  0.00001553780384394  0.00001919509062443  0.00002037043946426  0.00002138389772754
  0.00002251603468784  0.00002350850559124  0.00002428186297226  0.00002475856189442
  0.00002529322566586  0.00002604827378123  0.00002667479373477  0.00002716528404562
  0.00002760020844823  0.00002800614271007  0.00002842283005628  0.00002888247527717
  0.00002931653529034  0.00002972050717520  0.00003010047726353  0.00003046176205046
  0.00003081345131913  0.00003119786456478  0.00003159737425890  0.00003208330351684
  0.00003263841930147  0.00003311885076899  0.00003355586479176  0.00003393294251467
  0.00003427152047273  0.00003458903122467  0.00003491979116975  0.00003532588966792
  0.00003587879569665  0.00003654248218932  0.00003729973375772  0.00003826282939835
  0.00003939280009222  0.00004053318956407  0.00004223230147269  0.00004374887951096
  0.00004528739763472  0.00004681170869546  0.00004829928541689  0.00004970743490503
  0.00005097660751070  0.00005209453237404  0.00005304675362316  0.00005391009888854
  0.00005469800167633  0.00005542474941202  0.00005616677799615  0.00005690402708728
  0.00005760714466552  0.00005830581010777  0.00005904321902671  0.00005981888673250
  0.00006067202366794  0.00006158744327878  0.00006253306757863  0.00006349216752414
  0.00006438928659565  0.00006526695231574  0.00006609824294552  0.00006685409171742
  0.00006745416084291  0.00006800128829346  0.00006848820218966  0.00006892194488270
  0.00006932710554913  0.00006974776130090  0.00007025163158836  0.00007077944070863
  0.00007130253206709  0.00007184926022915  0.00007236608896158  0.00007283718565135
  0.00007336131061426  0.00007381910463803  0.00007419286058221  0.00007467310516341
  0.00007515235828423  0.00007551278241648  0.00007585790158629  0.00007624760889297
  0.00007733377978260  0.00007820453584200  0.00007884481407788  0.00007928281186068
  0.00007975129002963  0.00008028693346717  0.00008099055075142  0.00008195208188618
  0.00008291563466248  0.00008357006332844  0.00008368911180257  1.00000000000000000
 -0.00174600845501961  0.00652617790271448  0.01256616631080520  0.01818210786257606
  0.02393350712783900  0.02962592054354244  0.03418231619046271  0.03887298382114145
  0.04379286845869036  0.04947880652081916  0.05591147796351545  0.06194358472696337
  0.06824346038552684  0.07460540829434259  0.08048158405935416  0.08634959354247736
  0.09221178281155289  0.09872228309545443  0.10468237180085671  0.11071572002536136
  0.11671074616935156  0.12285411777804800  0.12894870022376168  0.13524393476142013
  0.14206317759014714  0.14947174383485615  0.15713345030667084  0.16506277747733564
  0.17370335908973358  0.18283818982564817  0.19154344038296245  0.19889239182223453
  0.20583196482217547  0.21289300530425231  0.22001592312644341  0.22740832911158351
  0.23458634542295678  0.24212337207543846  0.24853975945534415  0.25526584624614407
  0.26234618868698023  0.26979873987424602  0.27772995577241766  0.28574466926011455
  0.29408392983752785  0.30270627150859075  0.31170740251943940  0.32123088555035806
  0.33098093525946692  0.34246047968597526  0.35259036138456407  0.36307301660944385
  0.37354286898505695  0.38371686133306931  0.39412754948671780  0.40446656680356552
  0.41531433995694328  0.42834306803739547  0.44160390290305052  0.45414070739400070
  0.46346292467892414  0.47216271625420914  0.48215263207611281  0.48930217459682862
  0.49587129964145144  0.50304996986144801  0.51010616209504200  0.51687540180920200
  0.52357063893596567  0.53015889524643489  0.53596575776306532  0.54261806365848508
  0.55326689469576051  0.56831582063982578  0.58306645374787014  0.59595355857690380
  0.60878439621480274  0.62135891536486154  0.63392968014957418  0.64735277830453175
  0.66231865517991606  0.67948254373242611  0.69585206629115859  0.71378918734793062
  0.72995407472230889  0.74376564413297608  0.75617035951598188  0.76924946208469624
  0.78382994109476722  0.79947545001880116  0.81918643405705827  0.84631212182827964
  0.88282560573623881  0.91675395591432796  0.94793960856664261  1.00000000000000000
 -0.00431638024623524  0.01609222662355691  0.03054181988192995  0.04295617290541105
  0.05283054213858969  0.06252919425393905  0.07222973931211266  0.08108504697816052
  0.08976674512508558  0.09729907668708346  0.10493283121023539  0.11299166145705128
  0.12191522183750401  0.13067312193579492  0.13893848263804379  0.14819590502334937
  0.16027715943752605  0.17396450283539086  0.18737925825106752  0.20124504341698626
  0.21483102722214087  0.22601052920162390  0.23493285971280814  0.24295419789263609
  0.25196608325633174  0.26169994235092353  0.27148704364251602  0.28029508891738725
  0.28875251222342169  0.29665537260582497  0.30424343612511962  0.31248296131515618
  0.32105024139539673  0.32941412968335754  0.33943920360334201  0.35021178508903772
  0.36072521753992920  0.37159491887407581  0.38302844032788486  0.39409646454190966
  0.40705803981278504  0.42154332833759561  0.43742469982153875  0.45556852416149746
  0.47262124299260111  0.48351561247868208  0.48987890190449612  0.49566141787011725
  0.50144814879538679  0.50693553027106053  0.51205579988948813  0.51713886542657017
  0.52453990242285142  0.53289330249403744  0.53935373728465041  0.54783430348437201
  0.55685672205839964  0.56623009280467251  0.57584049608242205  0.58525062837739139
  0.59491201261339666  0.60550731491441401  0.61638406424680281  0.62793144859134242
  0.63926105725932625  0.65002837174884553  0.66107012892239692  0.67138899864926549
  0.68228576507224437  0.69385293032474504  0.70485656355802018  0.71507406989364419
  0.72489775499597320  0.73575632863348084  0.74975721073284429  0.76706623973554644
  0.78516422914304540  0.80095788522415712  0.81558520333950302  0.83034973794723810
  0.84086340944612481  0.85263263253102983  0.86282058788111782  0.87238787397468354
  0.87989959142181695  0.88635264683123838  0.89339624109119942  0.90271550236119291
  0.91606100822448089  0.92915557802951443  0.94129701073576144  0.95290434235738697
  0.96437607872427866  0.97543968862425134  0.98641051636479549  1.00000000000000000
 -0.00131333946105582  0.00441244133863893  0.01167799613482132  0.01804119290058528
  0.02457141901118172  0.03046599325608178  0.03910457440360712  0.04561844180370442
  0.05253403952793510  0.05939248266929990  0.06544379312648145  0.07188840658609649
  0.07871818451302062  0.08645363064126976  0.09454665154545523  0.10297565860324429
  0.11154623740846253  0.12092727124849162  0.12962405282794218  0.13684913254665382
  0.14431547181117221  0.15248012330647293  0.16123935265867384  0.17154737250309254
  0.18326611877563107  0.19525753738577631  0.20688100837782392  0.21655192764949602
  0.22520794309932682  0.23265075697866319  0.24008718512669833  0.24749874758174811
  0.25522317182545751  0.26293000522740539  0.27105668079466139  0.28160028668342613
  0.29344104572937224  0.30578279509501105  0.31996765529067162  0.33316181636067194
  0.34383258971519937  0.35418412473352934  0.36428535558247133  0.37345026707257434
  0.38176463995071641  0.38988046674096433  0.39966676542685592  0.41155735083069855
  0.42461142915780486  0.43783572851652242  0.45076550954157607  0.46386664567177660
  0.47754357463588187  0.48811205395338980  0.49631461041613240  0.50392399177274416
  0.51093524819894331  0.51884600595590624  0.52870061882693009  0.54058222858025562
  0.55607854168116655  0.57426104716197435  0.59043748199272628  0.60510578864193765
  0.61832083049995212  0.62941065585655942  0.64108408401858774  0.65167439759098911
  0.66333535913791575  0.67686852703646250  0.69052686045773037  0.70345351732592243
  0.71530762925346547  0.72812052177855613  0.73546725758356590  0.74366818924260625
  0.75317480159285388  0.76269334075386219  0.77118942539084068  0.77868913794785277
  0.78641152376190882  0.79542436610560951  0.80851319080101569  0.82434344979054819
  0.84071402288479768  0.85800551457438567  0.87499327354458811  0.88743830689522296
  0.90014453928673033  0.91352837013613708  0.92755223572007206  0.94294362228367767
  0.95825796416069386  0.97267843077569516  0.98604998738117666  1.00000000000000000
 -0.00237474254327600  0.01029947398100268  0.01944038370182211  0.02867096706621531
  0.03744532550993667  0.04615516585246333  0.05502030910702677  0.06627312785195794
  0.08327790576381069  0.10127524844517441  0.11700610215901604  0.13147122806322301
  0.14573984758856331  0.15986047423615676  0.17092222998238352  0.17966383134575289
  0.18926675533975226  0.19883797210669132  0.20698591949360812  0.21541501106860247
  0.22444068566971365  0.23625654373014615  0.25011046829514427  0.26284751295407943
  0.27610320580313752  0.28794123628537160  0.29983474419244532  0.31069441959710487
  0.32113136287572530  0.33359949249515741  0.34921198073052140  0.36533976471211849
  0.37767011101242670  0.38820513964139786  0.39783807258046838  0.40798241793342616
  0.41688793486941988  0.42398732950478485  0.43161702560924464  0.43990601429196585
  0.44793266482748390  0.45584530007281310  0.46402244896604056  0.47104635906627829
  0.47777630229797013  0.48726792068395619  0.49918314018786847  0.51095174392273401
  0.52143456061993754  0.53236279408022158  0.54280046303876295  0.55221852484091849
  0.56263475016053399  0.57387181193087955  0.58524501374021776  0.59685605823075072
  0.60850085907957552  0.62054588275130029  0.63394477920304793  0.64698539094970664
  0.65857899483022186  0.66922744965341330  0.67882168219423333  0.68854658287805925
  0.69975141202715685  0.71084306698598332  0.72186252084597924  0.73650804045909080
  0.74975955041739695  0.75586516694558492  0.76115084877702932  0.76682550944174699
  0.77444588047631502  0.78322074617627835  0.79294209565127405  0.80030975340261867
  0.80567951638100910  0.81123147015417796  0.81743580057288445  0.82532943829682381
  0.83365556722996126  0.84184391928676316  0.84955423717900957  0.85759420889069771
  0.86656322481813841  0.87670016490503611  0.88817366022010724  0.89917683065180243
  0.90923024584322454  0.91843047663105559  0.93078070608543328  0.94207404444704390
  0.95496441239969510  0.96998700889001910  0.98558747820556458  1.00000000000000000
 -0.00730545467863480  0.04032605671520141  0.07096115294887789  0.10738355618266637
  0.14745391508471728  0.17044670236583181  0.18577165174373181  0.20142819897268696
  0.21876988454338653  0.23539838796930382  0.25354679961865023  0.27453076224901524
  0.29720368282317450  0.32249095596846650  0.34539524146060074  0.36431172321790012
  0.38381962622050525  0.40087317537771433  0.41836459551548461  0.43200517965368140
  0.44704998200774931  0.46087610112916583  0.47416896496795752  0.48725396378738334
  0.50026681137697593  0.51036973159602239  0.51955090495724154  0.52821320492359158
  0.53632253069336000  0.54457192127383769  0.55354768430936829  0.56437965210464835
  0.57780420081920703  0.58842460702731825  0.59609390666766426  0.60351564117507084
  0.61102957830287763  0.61872877811378557  0.62584792136346101  0.63321178580997162
  0.63930301718810478  0.64535682037385123  0.65397757031406101  0.66054903188896341
  0.66719347483060709  0.67297056886662454  0.67817162071435622  0.68356490732093778
  0.69019405382933641  0.69797214678105568  0.70720513692047771  0.71762329543433379
  0.72793516677600878  0.73580386254390406  0.74308727208257508  0.75047957339794202
  0.75753160421431243  0.76454434405648408  0.77048063544909651  0.77588094358531057
  0.78166366133271137  0.78721276326432077  0.79418191532767524  0.80191093129018576
  0.80949309595873964  0.81623355071160664  0.82254904718105548  0.82980934670837125
  0.83815089682393817  0.84579779647552222  0.85276392947671187  0.85795943578682810
  0.86233025146195497  0.86691212075747948  0.87125341861106176  0.87565142606909296
  0.88042354724843075  0.88583458341385080  0.89226552055504227  0.89861644839691857
  0.90432510596279858  0.90954289401721755  0.91529281872504753  0.92310678476765307
  0.93218846131626920  0.94115817037465999  0.94951009626526117  0.95756322275574579
  0.96397296607955696  0.97047014902303785  0.97617158683478611  0.98127601375612905
  0.98617277882444954  0.99051091471381125  0.99492717377728224  1.00000000000000000
 -0.00344993815098096  0.01670913937542805  0.03235583318343556  0.04669609906191392
  0.05907857027486224  0.07074533428502428  0.08346114978447293  0.09779811963274303
  0.11186468967253156  0.12237168504972779  0.13143366245657723  0.13986703173094792
  0.14797402332542933  0.15637064669118192  0.16414154503152778  0.17339711717944492
  0.18423796030953341  0.19420031547244915  0.20375215877264188  0.21445224560775880
  0.22672504693163287  0.24082322853953553  0.25621847375178475  0.26846108799634477
  0.28121291090070599  0.29176878373386977  0.29961831351878204  0.30785754461603015
  0.31511260199251728  0.32284501536688270  0.33229584831165010  0.34228745939350275
  0.34976480637322732  0.35625093414567971  0.36494491983626481  0.37412048121159003
  0.38370071453318327  0.39512553437565517  0.40887543840688972  0.42569958741252173
  0.44100857922426173  0.45010908444010284  0.45899838003148968  0.46776897890718555
  0.47647479864784043  0.48484976690618398  0.49250593122392139  0.50082235047959778
  0.51227978521447293  0.52606912379794535  0.54077062532803655  0.55438000702241852
  0.56437520134319874  0.57175886201016357  0.57878621236616312  0.58763719227394673
  0.59635260363268094  0.60458811369617105  0.61230341321721693  0.61923996408939930
  0.62569393954180752  0.63572849887062899  0.64594380105102234  0.65673281436432229
  0.67069600306588484  0.68426067700022830  0.69792387324720728  0.71115867010377909
  0.72124899418750787  0.73230559208174661  0.74386068935624627  0.75536227857026084
  0.76713272548595002  0.78211368382258240  0.79539455816374127  0.80613234224304708
  0.81602921784681137  0.82485660492720625  0.83386425088099281  0.84249272643370476
  0.85133105102970685  0.86344138614019572  0.87787848128315316  0.89134274324781215
  0.90059969062319822  0.90686634492972718  0.91361043880920956  0.92118086394621357
  0.92954372114442485  0.93760106183112479  0.94536770102588574  0.95323034023284658
  0.96275587372226978  0.97563511969789729  0.98767579646445380  1.00000000000000000
  0.00209990308337035  0.03202978044066076  0.05323888971257532  0.08439731759057303
  0.11342498995698760  0.13536202514868270  0.15660228272103957  0.18029771704755412
  0.20507128111492873  0.22916845646339656  0.24879939910575827  0.26561741641268005
  0.28114014980898760  0.29826970159385163  0.31798355701069503  0.33974789771321945
  0.36073498023406231  0.38004741059059033  0.39846581852954355  0.41480210994117467
  0.42974291403993892  0.44456949874361401  0.46011827727838311  0.47835131960874872
  0.49647216911186048  0.51184123690621708  0.52397859896327159  0.53515116801538321
  0.54738724354762647  0.56072498045324781  0.57313502303881991  0.58594742491941343
  0.59847682653803502  0.61097659509503499  0.62453385086769631  0.63985484577206964
  0.65377153763397822  0.66730018732115626  0.68245017944050324  0.69763708328702112
  0.71004012451335474  0.72185621289536694  0.73349024206062063  0.74596620175627937
  0.75944026672356091  0.77426800108767779  0.78975422354499702  0.80494510956186305
  0.81948253020197592  0.83386172257176971  0.84753798011838777  0.86049517506896389
  0.87297017223568929  0.88387624926643060  0.89389579367712890  0.90093847692979256
  0.90755204390379796  0.91351044649260660  0.91969035889986994  0.92560711173695609
  0.93118182960432960  0.93627458655467954  0.94082811888053897  0.94449146095567327
  0.94752663746764498  0.95054204866472147  0.95345690561744822  0.95669075578472296
  0.96006474967171429  0.96296131237066973  0.96584646106263261  0.96841967531577677
  0.97069673167275128  0.97275516465644252  0.97438950580309258  0.97593317772944588
  0.97738002512675526  0.97872155571852038  0.98000989599340982  0.98106141313735695
  0.98205987325206312  0.98303982319097594  0.98389999108788151  0.98474678149590633
  0.98555718503540024  0.98631694571186079  0.98698555639952024  0.98765264918903029
  0.98830498210090811  0.98892279922270554  0.98948264300782729  0.99002386868940273
  0.99054780440431422  0.99093601272055709  0.99124897714741556  1.00000000000000000
 -0.01837130523908031  0.11114970760410889  0.15388578579766440  0.18172814087776040
  0.20074484254803898  0.21541496380634170  0.22855704632152526  0.24185485620998071
  0.25516713908158850  0.26725707851392172  0.27800737029519784  0.28769547925769556
  0.29647321203276972  0.30537329142515163  0.31353422091859917  0.32000665708762499
  0.32598683580748028  0.33171142782869367  0.33770405901701955  0.34365261196536856
  0.34996335096117936  0.35634195899705784  0.36380350910265513  0.37048153956551688
  0.37678433090241720  0.38391114460460035  0.39140465346619052  0.39853622845577202
  0.40479302747244467  0.41108821527692413  0.41701148154427836  0.42086505496355520
  0.42524237361635170  0.43064868692332159  0.43664385685838109  0.44319534512662534
  0.44981918408548693  0.45639973149888091  0.46208219956542324  0.46728880737646911
  0.47140400656702969  0.47555999181750291  0.48043006325208520  0.48595495230532426
  0.49197033663517603  0.49815851606500672  0.50519066260534828  0.51233674624131931
  0.51936609937986011  0.52492021167581859  0.52988323484576128  0.53382135356816751
  0.53788354299049590  0.54171686588986212  0.54560770665843572  0.54982128743023029
  0.55377442052136561  0.55776649886029783  0.56195181897405233  0.56608552828067671
  0.57010539085802969  0.57416486856635385  0.57792599164494063  0.58125584056478952
  0.58523426016055269  0.58987839077086313  0.59565593853869159  0.60099882847026942
  0.60598396361234741  0.61144672263557376  0.61762528342509848  0.62399214986114826
  0.63075484841684948  0.63880257088400172  0.64620393702950019  0.65331091936316732
  0.66094932361217662  0.66934880952189035  0.67895313036216476  0.68946664184173190
  0.69813077278427360  0.70734546520519359  0.71687133595532360  0.72504087515039684
  0.73271800293877154  0.74005876585492192  0.74868312695027006  0.76034057159406798
  0.77401736972212298  0.78776614767487774  0.80191628268917237  0.81639104452802158
  0.83268650826850166  0.86373372437696927  0.91773739863027537  1.00000000000000000
   2.5326792909466153E-011  -1.0000000000000000     
 T F F F F F F F T F F F F F F F F F F F F F F F F F F F F F F F F F F F F F F F F F F F F F F F T F F F F F F F T F F F F F F F
