  0.00028683749681831  0.00033143887531661  0.00035438710716037  0.00037282215677706
  0.00039074583220494  0.00040851059255138  0.00042548380040938  0.00044419011427313
  0.00046412032351758  0.00048543687428813  0.00050827349800162  0.00053209801048629
  0.00055646886141561  0.00058030809397272  0.00060267056456866  0.00062493313893618
  0.00064682048048724  0.00066464964657236  0.00068325039820724  0.00069927922046320
  0.00071599157668839  0.00073286209424435  0.00075291645864037  0.00077624789262718
  0.00080047747467758  0.00082611714145899  0.00085676459131783  0.00088360317219010
  0.00091024096626053  0.00093973875117566  0.00097260695719737  0.00100893814597119
  0.00104975837712367  0.00109622513244734  0.00114660541164596  0.00120397061910985
  0.00127043099933221  0.00134476322522860  0.00142210147453722  0.00149418536787753
  0.00155577335586624  0.00161201398025360  0.00167167234563279  0.00173222351541855
  0.00179398334325338  0.00185544992973188  0.00191683549121845  0.00198389442624436
  0.00205889345898994  0.00213224227771393  0.00219810796044694  0.00227003714807677
  0.00236382887832012  0.00248143880241383  0.00262428508532361  0.00272185721284675
  0.00279559525453959  0.00288240826401047  0.00299025637554657  0.00310125369549391
  0.00320419930525501  0.00331068063528578  0.00344711619384295  0.00361877675624598
  0.00380075328047775  0.00400514200749754  0.00424610639884438  0.00449455820853464
  0.00476379901667030  0.00493804818667576  0.00512156097109560  0.00531310580518331
  0.00550214024556949  0.00576982427266918  0.00609468522354894  0.00642053070864057
  0.00675209781502559  0.00710860560091162  0.00754747770713122  0.00810128618885316
  0.00876594678986989  0.00947222825454109  0.01026236656383072  0.01114476694323487
  0.01231578580504643  0.01335849239025313  0.01427683586196939  0.01529005615630851
  0.01648758883938447  0.01775421590678383  0.01956726509185425  0.02328633033229421
  0.02987957140681638  0.04681810552542498  0.08002308373686870  1.00000000000000000
  0.00027942997161960  0.00074939682273539  0.00108797094688105  0.00142332371872876
  0.00178529714366671  0.00217471753232098  0.00256922631328405  0.00296682535622333
  0.00343267220155526  0.00389246760668896  0.00435018078447561  0.00487947219846892
  0.00553965411370041  0.00622652568436935  0.00692117651064403  0.00771003390857076
  0.00871854745292166  0.00981854604258599  0.01090510976980822  0.01202043299073161
  0.01356913501027402  0.01529431433484037  0.01702654381009548  0.01883848424044993
  0.02068208950175216  0.02265888389557513  0.02468356734401287  0.02694365400654705
  0.02902023292214890  0.03094348417221149  0.03302229134319224  0.03525876684462945
  0.03816623388565595  0.04144112579526589  0.04501986070845694  0.04870987273912192
  0.05255537266540184  0.05651207727608377  0.06061061962518519  0.06461139411555263
  0.06789746597476490  0.07100211095713485  0.07372310149270218  0.07634976769858362
  0.07931009102941146  0.08188269258698973  0.08492044058558537  0.08867520543857894
  0.09302201147135841  0.09819352182755609  0.10480572753713041  0.11383700632532166
  0.12589935808028577  0.13312689539566233  0.14098183391370842  0.14860412222599867
  0.15571160820282096  0.16345217828962511  0.17299536123840881  0.18333360608996926
  0.19545852903362387  0.20839851384426347  0.22107515147581719  0.23225218442050652
  0.24231002151416098  0.25590512543044625  0.26522302924777275  0.27258534372196269
  0.27851480352487662  0.28311558455966557  0.28743450521099623  0.29103361454726989
  0.29627452748973321  0.30183927551412093  0.30812889768727808  0.31669245595015183
  0.32679827256766358  0.33808755296470328  0.34657422017227768  0.35260665134568953
  0.35951143048907680  0.36792905677790816  0.37711868029949375  0.38659282751521051
  0.39610419637333821  0.40605864853399770  0.41774214979572188  0.43772014745706705
  0.46939215344305035  0.50682952166363082  0.54969251202162961  0.59798084233034310
  0.66296448942445507  0.73902996678519606  0.83755245698432101  1.00000000000000000
 -0.00000073960520207  0.00000321000728498  0.00000965991709947  0.00001650225821684
  0.00002305509790003  0.00002825760614941  0.00003185185594340  0.00003566906757206
  0.00003960620707796  0.00004361907812790  0.00004724676168875  0.00005132553830114
  0.00005601739953090  0.00006009720285679  0.00006410084151626  0.00006815592032021
  0.00007278954836941  0.00007784148027384  0.00008235246277140  0.00008666520337039
  0.00009063866691860  0.00009426418321350  0.00009841906580510  0.00010335904319922
  0.00010903824201210  0.00011519603902446  0.00012124486559337  0.00012597588308772
  0.00013063016087168  0.00013598778884283  0.00014111935392490  0.00014559500413037
  0.00015003860736854  0.00015528626631379  0.00016065920798726  0.00016707369289966
  0.00017517591783925  0.00018393160675955  0.00019299931416664  0.00020411853581860
  0.00021361401639781  0.00022180740290958  0.00022952861484586  0.00023741193208956
  0.00024478013729852  0.00025076769535297  0.00025650748758356  0.00026290595813151
  0.00027009821231455  0.00027784883268617  0.00028896581833977  0.00030366839856296
  0.00032201427327942  0.00034226968989677  0.00036109677909136  0.00037983813082950
  0.00039931134979457  0.00042091244108820  0.00044382514027601  0.00046417686748462
  0.00048126420200632  0.00049812520819158  0.00051758422853713  0.00054291274512842
  0.00056923269497947  0.00059301808091659  0.00061611088895188  0.00064387627469876
  0.00067261420995125  0.00070070548464740  0.00073121121773416  0.00076465625945360
  0.00080313131990820  0.00084702189425460  0.00092297750266729  0.00101059439050814
  0.00110220018765813  0.00118596860967893  0.00126878673476786  0.00135545627932015
  0.00145441845361733  0.00157112502161694  0.00170954695485910  0.00192238350450134
  0.00218231207305715  0.00238820660227728  0.00258967776437878  0.00281143390013982
  0.00315345164519425  0.00366927670417689  0.00438919528995773  0.00563632480981277
  0.00705448830710531  0.01206512653735783  0.96655842201285092  1.00000000000000000
 -0.00036105677401646  0.00022238098118066  0.00125582576925557  0.00270703777300111
  0.00422914320026498  0.00587442366836296  0.00744881931258850  0.00893522617319693
  0.01051986201690280  0.01238269983926292  0.01434490710984318  0.01652835219853313
  0.01916513935171436  0.02172562718433504  0.02431831395065773  0.02705974183408728
  0.03003211451910524  0.03296382974612216  0.03605723540884987  0.03980268662345097
  0.04281763952093914  0.04588937525961711  0.04899131461783991  0.05209339131429945
  0.05536156245613573  0.05880167583054588  0.06242244924100984  0.06601478215408549
  0.06986527700360426  0.07396904069083576  0.07735095745303103  0.08074848039331305
  0.08422704672408221  0.08749340705741680  0.09064854622358444  0.09400098764970001
  0.09739891652038514  0.10083127818942822  0.10440822987641790  0.10801159586740490
  0.11185148343356485  0.11591784945845128  0.12005929385944172  0.12451028150443311
  0.12917857692121212  0.13367846186705284  0.13820086490361730  0.14308766133629763
  0.14864812939801630  0.15461221220977561  0.16059157616928715  0.16700794907514788
  0.17429775052221941  0.18208597834922549  0.18988256807464998  0.19850948437996421
  0.20610852309983579  0.21405796506901262  0.22189399350794234  0.23011074071561430
  0.23896236168149476  0.24855592065950882  0.25952230924196851  0.27125612227266199
  0.28326805819772882  0.29628878362064032  0.31106471955241344  0.32738541910816399
  0.34418724808530077  0.36026534436078528  0.37624552424507235  0.39423828473014694
  0.41125373593258624  0.42984165918350409  0.44872735231831318  0.46561337270039971
  0.48071892855266424  0.49549387855125493  0.51372550965619435  0.53643715352602050
  0.55964718297950489  0.58334882196881566  0.60894169204128612  0.62898422560440814
  0.64924257757798387  0.67484923852096479  0.70402077306543764  0.72977093847758545
  0.75401519404067718  0.78253123365664012  0.81747191430616040  0.85256454066863085
  0.88332747458084393  0.91706857534397501  0.95924372243956024  1.00000000000000000
 -0.00215052872304145  0.01014717292014688  0.01960448625496947  0.02945899086084432
  0.04150687028242164  0.05239402810583625  0.06185931453621717  0.07112656317708096
  0.08226044458853403  0.09448645429021935  0.10842311252601218  0.12138080141381971
  0.13238602170440791  0.14245205610315845  0.15278718661800825  0.16328340738946817
  0.17361505963866727  0.18227480517381675  0.19175180878382489  0.20305209977224334
  0.21522096784195804  0.22761477036336444  0.24054554625755528  0.25290009654236023
  0.26503579591051274  0.27631499577897617  0.28740512273860780  0.29874022441737252
  0.31034074812392876  0.32215018503816356  0.33496448784573030  0.34851941217531818
  0.36436272053752927  0.37948128698561401  0.39249933492931810  0.40418064167642992
  0.41489426702237520  0.42713223846851089  0.43884241922544942  0.44804078570666894
  0.45723563253063593  0.46592491027901339  0.47502179442744485  0.48464701036863372
  0.49610533533470069  0.50618003908766673  0.51499877781349579  0.52371377692888099
  0.53303425641379965  0.54390243373651836  0.55409229072790556  0.56524704499380973
  0.57596781564365362  0.58515805677683153  0.59407796937888335  0.60357557905649406
  0.61132924587883031  0.61797755594953552  0.62639664640537185  0.63413972864529666
  0.64247544281860169  0.65242785230082478  0.66205587074558048  0.67063596878600795
  0.67890022989280241  0.68650555182807893  0.69490641583818180  0.70417206913358432
  0.71381204939843312  0.72334099597876000  0.73255994410025516  0.74077947506384489
  0.75033391093355617  0.76105380281645774  0.77185532560718650  0.78340861313061871
  0.79370814125457700  0.80387899755020054  0.81357225212675199  0.82462637778822334
  0.83714490352731430  0.85095778404730171  0.86376341238634469  0.87612220748919045
  0.88871413045686531  0.90235097372872186  0.91640171568542050  0.92932508251161638
  0.93956405158309331  0.94617878890926777  0.95347847930060281  0.96161140320092409
  0.96905490839256292  0.97702533049236384  0.98883476127152203  1.00000000000000000
 -0.03607212367361312  0.17997021568021099  0.22989418413686261  0.26564584085943121
  0.29508115419866515  0.32323576894765466  0.35611457357958703  0.38502665721123241
  0.40905901616865759  0.43098201454261809  0.45220192275423421  0.47402521324189739
  0.49955860020536397  0.52349475068267459  0.54502013232992863  0.56478724961404492
  0.58498107173676273  0.60349052085504129  0.62024534241873586  0.63703411823351119
  0.65260996772700142  0.66668132240132183  0.68002324962450289  0.69409109248049550
  0.70933113375459211  0.72250722428065417  0.73425085911943611  0.74614961619950160
  0.75872836982071679  0.77035209685184158  0.77929827061693291  0.78812104989274212
  0.79661053200032916  0.80613498829423547  0.81438901601908387  0.82223225395206778
  0.83005022167309028  0.83737798835792487  0.84428979195595288  0.85055073244799073
  0.85621966489187240  0.86175117485952202  0.86750729738201449  0.87402442163261373
  0.87997769946383508  0.88533971123948607  0.89031358747339773  0.89550256104589376
  0.90021594178713260  0.90487972513840553  0.90914118673987909  0.91313628910389366
  0.91748341384138365  0.92120480763799861  0.92453098256287913  0.92767369275975842
  0.93096401697435049  0.93452235192501354  0.93822347230761649  0.94185529213342123
  0.94538735094454529  0.94870602902209211  0.95171523837209548  0.95449610267914908
  0.95711204166474040  0.95973090749055479  0.96220956676145053  0.96487614483580508
  0.96737432756821085  0.96982183264475075  0.97214627236602402  0.97427669669772565
  0.97625829849697987  0.97816534049701764  0.97994230317983733  0.98160765473356748
  0.98320629036353957  0.98474870262477454  0.98623452028028469  0.98764472994343400
  0.98893410048973296  0.99014132822748058  0.99127316964407164  0.99226301977217890
  0.99315957397990828  0.99385776444949647  0.99453673793870978  0.99520841259396542
  0.99587985819935299  0.99651483250505313  0.99712537817527935  0.99771742788161555
  0.99830366396978587  0.99888051943254785  0.99944303457922801  1.00000000000000000
 -0.00176536817555686  0.00673737952249694  0.01671551903632661  0.02668090101309720
  0.03950137326673842  0.05329326452340373  0.06572597880274653  0.07633093166131102
  0.08612241351568235  0.09579056975073237  0.10468460497394151  0.11218351707286113
  0.12021157600514251  0.12911201451072060  0.13725828314137126  0.14438770600255904
  0.15101708674202804  0.15813462793780528  0.16704563603213932  0.17940526784861141
  0.19336547805825896  0.20562968641794566  0.21740341539606980  0.22832684731466851
  0.24066774611917696  0.24902734867557114  0.25704847528777303  0.26526358333174227
  0.27519242186699405  0.29206051655652659  0.30281249692744844  0.31030581330867230
  0.31650934428454425  0.32281651552119428  0.32950873160874627  0.33738534477801418
  0.34648253406828539  0.35692926600025099  0.36713935307540591  0.37692112967425556
  0.38841307094554639  0.40283220445481471  0.41659253850055361  0.42877611129583765
  0.44002660007157346  0.45133445187270838  0.46352554675959118  0.47732381562877341
  0.49192442300012568  0.50425879897772352  0.51422251639724215  0.52401410290074035
  0.53517677252821061  0.54634826771012412  0.55626435918818784  0.56568474006576897
  0.57846000503294537  0.59088265948205532  0.60346670306583006  0.61575798244293800
  0.62859025477263319  0.63996768544591842  0.65078970208617759  0.66221482380839525
  0.67715453221834976  0.69374755022397339  0.70817542643621589  0.71987373117164488
  0.72999842055948660  0.73926666048325063  0.74862812754214469  0.76055822285072483
  0.77145092937390036  0.78148398805252339  0.79164827242539737  0.80270856190435946
  0.81517020978363097  0.82863873450654579  0.84188856600769035  0.85373110592512935
  0.86399661864501065  0.87342705569119117  0.88273759331712043  0.89241222016444921
  0.90248647488535139  0.91193893327600506  0.92107783952919520  0.92815110687603275
  0.93482877031267675  0.94194327018371604  0.95044851222556892  0.96110927647406341
  0.97101660360124575  0.98074911541992249  0.99040960864112904  1.00000000000000000
 -0.00402599738919992  0.01263061732746190  0.02723960589054710  0.04127046538277888
  0.05487439053481890  0.06703286662006230  0.08121806323211421  0.09334292719676243
  0.10535377443483494  0.11653162822098860  0.12683742095643838  0.13688295235855819
  0.14781839245333458  0.15917315000757121  0.16970607756151845  0.17916454348612015
  0.18812480875515367  0.20034107521040545  0.21331561553175821  0.22401895508589412
  0.23324020016710764  0.24102938189250353  0.24890105605769575  0.25737296539834320
  0.26644614054161975  0.27665042639016640  0.28983015583232297  0.30376677640655292
  0.31751853499740362  0.32930417098062087  0.33880389736414457  0.34675401940779810
  0.35426614736964523  0.36121715882485489  0.36817960529268223  0.37598326366710871
  0.38911266965722363  0.39844523367384166  0.40735927006515787  0.41620417456973463
  0.42499737240591845  0.43223236014408001  0.43874401940213498  0.44547414537720453
  0.45263655016933624  0.46110332290188949  0.47074541432501676  0.48201085205035421
  0.49541663061981089  0.50830120349287922  0.52094055266999584  0.53341804689317940
  0.54503079751465278  0.55775425951954061  0.56973594849835707  0.58112411762826277
  0.59269319659257946  0.60429308206936605  0.61481205951040296  0.62589943171365237
  0.63824060782352299  0.65102228388811523  0.66227816845366105  0.67251697749705697
  0.68238025353279319  0.69253609142703854  0.70438305610200658  0.71516357473815395
  0.72706502559397956  0.73816870922904132  0.74888224762197153  0.76011729505071135
  0.77157228856505100  0.78378449153374719  0.79552065389271975  0.80639235643471641
  0.81751244264077771  0.82796213370599026  0.83951254367555606  0.85206679636723270
  0.86428368171537984  0.87610377827466068  0.88851264491516702  0.90092315042036131
  0.91004455418119112  0.91740102647676047  0.92501345338939989  0.93173780508539772
  0.93796758263484015  0.94476154314858596  0.95229253581639073  0.96068245360010485
  0.96967668045988298  0.97966099821445241  0.99017207797605256  1.00000000000000000
   3.6321418491015986E-008  -1.0000000000000000     
 T T T F F F T T T F F F T T T F F F F F F F F F T T T F F F F T F F F F T T T F F F T T T F F F T T F F F F F F F F F F F F F F F F F F F F F F F T T F F F T T T F F F T T T F F F T T T F F F T T T F F F T T T F F F T T T F F F T T T F F F T T T F F F T T T F F F T T T F F F T T F F F F
