  0.00507191622884174  0.00511224846772030  0.00519619000913560  0.00532288065354089
  0.00552741702275053  0.00579540441363137  0.00609696257112612  0.00642995710697675
  0.00676118679521011  0.00708622583708405  0.00742283255771635  0.00776434288915358
  0.00810435470915421  0.00845650329933582  0.00886745574557292  0.00929065109964431
  0.00972640954422801  0.01020597846223078  0.01069933926582965  0.01120656737238918
  0.01175220850449748  0.01235391144117510  0.01299229101934185  0.01369840121224290
  0.01465867819443558  0.01566158456402350  0.01667118383784819  0.01769872604573240
  0.01876356524428767  0.01990751757091370  0.02124067822577903  0.02273384634840971
  0.02427048095367345  0.02584555298646504  0.02745863230877196  0.02917061654695286
  0.03098356403909297  0.03296329515888403  0.03518456582632110  0.03746776362984577
  0.04005937174169721  0.04380311172577890  0.04886473509568820  0.05432150455180889
  0.05957021131120558  0.06589988153805947  0.07443826416467549  0.08323734889291079
  0.09252266696920582  0.10223562137061395  0.11267512750950889  0.12340205402646662
  0.13433572913710357  0.14466352182401634  0.15495758804260340  0.16561880443501201
  0.17598927977169856  0.18590108593483443  0.19773051637375752  0.21117515567737968
  0.22595268626311446  0.24178230944613813  0.25686643923792757  0.27166835422619146
  0.28708963070219995  0.30165757256448672  0.31589415114004848  0.33110204850404085
  0.34735400574777620  0.36709219186343489  0.38443347164345854  0.40030842733168920
  0.41591486273429545  0.43169622898108839  0.44810112545023179  0.46463463102731783
  0.48205741474226577  0.49764448908121472  0.51422848339337379  0.53198156949042374
  0.55064599364397282  0.57180156367762547  0.59498864194409462  0.61879187816456072
  0.64242346088532820  0.66881306537576468  0.69360530042539792  0.71626612824668268
  0.74081514055548736  0.76497136670248833  0.78957705334145922  0.81609736002734379
  0.84499886122858237  0.87896771533796669  0.91967437654470041  1.00000000000000000
  0.38201857695418656  0.39300118606704892  0.40398379517991134  0.41496640429277371
  0.42594901340563607  0.43387063639549006  0.43653042154393756  0.43919020669238507
  0.44184999184083257  0.44314908330177494  0.44398176311460968  0.44501434162434195
  0.44604904697655606  0.44711021825863395  0.44805347246586336  0.45022858403250177
  0.45177486376519954  0.45437303219751068  0.46025588941762818  0.46689675647834861
  0.47084340481492731  0.47379424676451032  0.47641012099414326  0.47944308513249556
  0.48230473789920192  0.48597838942063937  0.49699632596810978  0.50778511687187244
  0.51842825679354609  0.53602338157262075  0.55403000235293309  0.56806888786365906
  0.58101566342018751  0.58880921308882483  0.59352051238302572  0.59805328983478878
  0.60270366238222306  0.60808581194510825  0.61390239018325699  0.62918823463980422
  0.64511852018798677  0.65069991466222021  0.65252920202417919  0.65445876706145623
  0.65655166161400236  0.65838300909598135  0.65997475372643200  0.66167914960382235
  0.66356274431629547  0.66520824537657719  0.66644809961061924  0.66767528272231103
  0.66910736953892158  0.67054489033787612  0.67228459273673302  0.67419058631857953
  0.67622382071398734  0.67809338524195062  0.68151564833137679  0.68457009170602801
  0.68741104260311148  0.69021745564507586  0.69327534070659058  0.69688467122370745
  0.70041261277089217  0.70423246923288718  0.70857884584297304  0.71417125967637318
  0.71976108746150291  0.72496484474511491  0.73173230085770080  0.74148339859640267
  0.75132575448437311  0.75967426113018210  0.76838257017900469  0.77820479863176661
  0.78850789924790166  0.79788615664688545  0.80705562324742053  0.81851119527375393
  0.82678629417535265  0.83453862049634875  0.84277482247047986  0.85179510001317360
  0.86133961301908046  0.87109204767413595  0.88078679510398261  0.89050692471367932
  0.89921187969441474  0.90820429010977388  0.91768556933568368  0.92739336779556025
  0.93850405354125599  0.95216471932243818  0.97083878946816682  1.00000000000000000
 -0.00353936932328193  0.01471745625827942  0.02959731010942186  0.04389258523923329
  0.05756515448041319  0.07055946360009435  0.08308423066485547  0.09543680667937136
  0.11089376329486755  0.12493936922867523  0.13734193161792604  0.14756122237893432
  0.15593153072031507  0.16300986745100782  0.16979796633074495  0.17693723362928110
  0.18573597688490803  0.19584850635045495  0.20514808458733000  0.21761361715817137
  0.23152542380940638  0.24532077786796838  0.25745795036976532  0.26859924097241866
  0.27942500798604436  0.29062229804552525  0.30190447989651714  0.31383606582014184
  0.32623835717193600  0.33721721493536289  0.34724293814474694  0.35813217928953039
  0.37081052761688671  0.38537621292953361  0.39973656223934284  0.41381119989481518
  0.42556470624632897  0.43534193413474448  0.44431182612162662  0.45322960785214184
  0.46244070849338370  0.47269309877565174  0.48590201311762199  0.50059515537896149
  0.51484019478629484  0.52881969769263681  0.54154009786958801  0.55267944117950940
  0.56343672065452666  0.57345480553494332  0.58450429110854929  0.59439467736487028
  0.60390108243627239  0.61361761858200981  0.62349698629022254  0.63390424958032243
  0.64458823510776364  0.65504867116119547  0.66537034671134565  0.67552506260323886
  0.68499591179428865  0.69500462618398351  0.70498817046100648  0.71430791534561988
  0.72088435613481860  0.72810685863354485  0.73576445746202501  0.74602995073877720
  0.75546018829237449  0.76368780763431654  0.77165878173367408  0.78141551599748649
  0.79297727805262774  0.80496824557618507  0.81416144163646964  0.82029768613058407
  0.82685105269876724  0.83454956121075041  0.84194509998283185  0.84845832106222563
  0.85416330696972120  0.86007020460599681  0.86577322538858503  0.87152535256738017
  0.87962180012510571  0.89000676392133937  0.89977016599176340  0.90885629893512632
  0.91757298414410038  0.92673077223153522  0.93898312767652536  0.95302427027770731
  0.96426379180143373  0.97448739682029140  0.98560169202393044  1.00000000000000000
 -0.00176559160135736  0.00721914337847056  0.01537107289058029  0.02610301487912736
  0.03791263660766471  0.05025416347680424  0.06144502214514255  0.07260190391399984
  0.08261289104896609  0.09225215098592304  0.10243362361419324  0.11255784237196614
  0.12367247428040348  0.13655764081848554  0.15055886996801474  0.16492154556417019
  0.17948430061793205  0.19412891137230548  0.20822000976095648  0.22063761856233866
  0.22949263220899294  0.23868859022292277  0.24799862345592549  0.25692724771808456
  0.26795125627177280  0.27838219978015066  0.28924498393932901  0.30007535932462109
  0.31065829612310297  0.32048923952663078  0.32983025864076104  0.33978332763026692
  0.35117602939484183  0.36314023283165281  0.37465243854759012  0.38572430433099608
  0.39677994466265315  0.40930491421324500  0.42305176311658343  0.43574756158861572
  0.44797864257582981  0.45892633645642905  0.46995550653310042  0.48168080859009832
  0.49475628125608356  0.50988202100212487  0.52536501656712253  0.54074111320988827
  0.55563568091871141  0.56945059909514284  0.58300346730028441  0.59702682568971621
  0.61193878508776722  0.62687123959884572  0.64070961086199762  0.65282994385554105
  0.66450165887183910  0.67620005409004835  0.68818300740439009  0.69927800216411684
  0.70956344585345088  0.71972563400053602  0.72929140330390296  0.73681196677288341
  0.74389579644696424  0.75185198493180461  0.76157623877817238  0.77185668378344674
  0.78136795628457156  0.79108860497843503  0.80379799132109420  0.81728541386497400
  0.82774256743646724  0.83635366253012067  0.84467961533082347  0.85421499844225868
  0.86603793275066343  0.87599411812183670  0.88285764499451269  0.88894328084437335
  0.89457745685173995  0.89981046522743535  0.90570652181013478  0.91066127443115330
  0.91580580058729633  0.92079796814721004  0.92739229232085418  0.93404228577079373
  0.94127550758201561  0.95073054716101002  0.96165211216923074  0.97030444170917785
  0.98010071324691495  0.98785867313952680  0.99372910691750416  1.00000000000000000
 -0.00380883656388967  0.01458600524904957  0.03074331965579704  0.04529949329145513
  0.05836655700868378  0.06681607038394365  0.07391610363426261  0.08201358098887146
  0.09028429498055093  0.09758712451297538  0.10428181848611891  0.11086845505395146
  0.11805043901781520  0.12649664870673077  0.13930045243133504  0.15441418781898728
  0.16789972983786411  0.18040889860222442  0.19313970627864321  0.20666987408320878
  0.22034453043757296  0.23294076656211238  0.24398298200058793  0.25385044319174344
  0.26361544097650352  0.27450092926295372  0.28663245132423720  0.29959411766381516
  0.31243054707661122  0.32216102566041727  0.32946194729566236  0.33618783288747062
  0.34226188121782675  0.34886729574810327  0.35480272273691754  0.36023303011076091
  0.36543820602717159  0.37245536355731163  0.38107328578512517  0.39029895809904658
  0.40037908053042270  0.40948197569387257  0.42188516426727757  0.43730329407659962
  0.45108979927393428  0.46417189573900092  0.47686556512564438  0.48847585687156919
  0.49939164901620026  0.50726383673826325  0.51661442605819097  0.52502224235896056
  0.53177980423971871  0.53853993756897156  0.54537843457416169  0.55295802070096800
  0.56053233643794798  0.56922818838011957  0.57944497227544856  0.59257940392456465
  0.60757038354339432  0.62179720951916784  0.63507168496389865  0.64649359871571432
  0.65890398739355127  0.67212645815583461  0.68476858944544050  0.70025355649822330
  0.71351798651812137  0.72385519522115793  0.73375484522855161  0.74290899061435078
  0.75282260696890169  0.76234953160492569  0.77201010159816141  0.78327524615393329
  0.79399660681258521  0.80593702081918051  0.81761866895553226  0.83137334320459089
  0.84301380415992300  0.85211826818588920  0.86079341545920163  0.86946486499553999
  0.87767713007444381  0.88639455702718972  0.89625250793318978  0.90732816031319141
  0.91968248074705750  0.92963242340527086  0.94260664892873491  0.95543581830016755
  0.96712808506229009  0.97833902478873980  0.98880729788127275  1.00000000000000000
 -0.00330721273982713  0.00824779728259819  0.01839618294837269  0.02784893614689687
  0.04031833750941553  0.04957733891778252  0.05773422114183327  0.06593839829845606
  0.07570590307396083  0.08512060574437313  0.09376441544456801  0.10346821426615993
  0.11590051870091943  0.12726586686781269  0.13596718201814337  0.14511171685129973
  0.15366807428218979  0.16494468900285505  0.17689658747209563  0.18962686036895496
  0.20194452487030437  0.21473327467833608  0.22716993916294953  0.23998277705180127
  0.25076668583258732  0.25992336788714565  0.27044807441154317  0.28099082205372616
  0.29090223947067534  0.29963330037325914  0.30760564986907601  0.31794365365079669
  0.32838789670978430  0.33715358920811467  0.34613717631459490  0.35593455166496724
  0.36773857481727473  0.38100908731399502  0.39387521784270463  0.40707044898522143
  0.41986700706018304  0.43233575750077385  0.44421412506001834  0.45658327009878086
  0.46937322552758032  0.48281890365456853  0.49704700900230997  0.51148930033055040
  0.52522826546846124  0.53757231025466656  0.54899709550735942  0.55952274253849044
  0.56794443900988578  0.57611717694874376  0.58430052351137685  0.59286005030977051
  0.60436565503119344  0.61546924103667033  0.62693439010673968  0.63751030295948719
  0.64903480762137888  0.66068471420120956  0.67153212440578025  0.68306728897961733
  0.69545875325477624  0.70815843043458671  0.72084103021640289  0.73253566860591734
  0.74312693448773581  0.75356742324867199  0.76348265135473503  0.77350317580353167
  0.78283941244428523  0.79116839016254914  0.80587486906210581  0.81643005349795905
  0.82262548039205297  0.82933337464841406  0.83560603664785305  0.84151096644897672
  0.84753772534949323  0.85385949639248793  0.86042193969422354  0.86753153412414474
  0.87326101682324297  0.88423287165286923  0.89714807104139149  0.90969921872125148
  0.92104064562974530  0.93121927881961053  0.94229478575554881  0.95458910514811457
  0.96593313457995833  0.97580957167016713  0.98742738065098323  1.00000000000000000
 -0.00151359390659917  0.00909386947719530  0.01773393968606967  0.02788981138754444
  0.03855664711604481  0.05081941982799081  0.06489424738788055  0.07989474908307212
  0.09422306071018244  0.10648869715151552  0.11893835916651975  0.13157553882087938
  0.14419938444080399  0.15517900934768605  0.16613943305799903  0.17824931856049134
  0.19030549862270507  0.20032918496963431  0.20998532578602738  0.21919721511334500
  0.22782787261414769  0.23626599859972106  0.24443755679367923  0.25270417724399435
  0.26492447987923490  0.27817699182699451  0.29067234416013088  0.30326236037213333
  0.31450710072371107  0.32555517623596397  0.33722790492429300  0.35084663790972542
  0.36445158063274447  0.37668024210721146  0.38669891105996812  0.39516759407722524
  0.40340285021321565  0.41164497744394496  0.42125421062411189  0.43358059165577584
  0.44752425764904341  0.46088286934774958  0.47315915851114337  0.48489008969886094
  0.49658245356062253  0.50728696616279945  0.51577807919851726  0.52427839072261351
  0.53335717416208994  0.54312974539078740  0.55327967384380605  0.56378143607496944
  0.57833466175185988  0.59402198700705766  0.60957691221275900  0.62352249017632877
  0.63611651487656640  0.64650238847555141  0.65799135714922508  0.66630137709587700
  0.67344943682454350  0.68040814380330183  0.68843406425510900  0.69769434573697675
  0.70745925553832356  0.71747762615357247  0.72839391595950420  0.73982604279765474
  0.75095185461410696  0.76260387681286435  0.77526548790716898  0.78839933744831714
  0.79765009896494776  0.80578497921558356  0.81454096582191626  0.82520093314092469
  0.83530987209218721  0.84195854102336976  0.84720600400858237  0.85222479955124375
  0.85675124490690791  0.86167643310451292  0.86716352686189624  0.87241175818763173
  0.87789936820795944  0.88439289235593255  0.88960097040040897  0.89489306868695240
  0.90314956562599691  0.91492931117376997  0.92661567673981726  0.93865212162596223
  0.95209231645813386  0.96691563035886940  0.98258027806483805  1.00000000000000000
 -0.00260467968822468  0.01150469296004024  0.02049642835948264  0.02920532704914573
  0.03809792476497737  0.04688758230269539  0.05491134241552871  0.06266388303001928
  0.07042695472107782  0.07898704112263494  0.08946460617704483  0.10248050199593660
  0.11526355105448277  0.12864546702106947  0.14028487292343933  0.15070744872194505
  0.15913033830266030  0.16802396207256151  0.17600704551986807  0.18286901805765629
  0.19050449364814839  0.19851219194820610  0.20678352222894891  0.21535706596193652
  0.22353543884663810  0.23265452278075641  0.24525336356981212  0.25896110153551860
  0.27006505435817957  0.27639125966025435  0.28281198845039718  0.28885332852336471
  0.29536117522188043  0.30221761961886479  0.30849572520581858  0.31515183707040978
  0.32150453209361440  0.32596795636044357  0.32986763757739879  0.33824331734018065
  0.35247943279168914  0.36742357588558361  0.37875378754024364  0.38787447220573196
  0.39666127851883998  0.40475443024823354  0.41427692404242283  0.42495910310821322
  0.43517140699612056  0.44435707603276392  0.45360787070744757  0.46380023941463988
  0.47483522687096624  0.48690401420311585  0.49631231622411598  0.50589999081424808
  0.51798766347366065  0.53073408950973300  0.54457557406320090  0.56045483437670196
  0.57568890380114357  0.58963788639032766  0.60253480949632710  0.61465951501318061
  0.62654402422999655  0.63940856106207677  0.65263119515668999  0.66504926133306186
  0.67583137506269375  0.68649891605285185  0.69627087339004379  0.70499406592977909
  0.71401185426495195  0.72320848869115706  0.73415985188851318  0.74607733878813332
  0.75778291039388501  0.76863031011065364  0.77783795563904612  0.78892827350669426
  0.80147728474367552  0.81524340259757333  0.82909203569736756  0.84363137528507481
  0.85896026413186044  0.87308736723852265  0.88469999836170321  0.89476821071993207
  0.90500235463347756  0.91603563084342321  0.93001763578764618  0.94464654252103519
  0.95839207861367581  0.97231509369529634  0.98650151712176781  1.00000000000000000
   6.7692531284279094E-028  -1.0000000000000000     
  <DiscreteSampler_grid>
  Helicity
  1 # 1 for a reference and 2 for a running grid.
  20 # Attribute 'min_bin_probing_points' of the grid.
  1 # Attribute 'grid_mode' of the grid. 1=='default',2=='initialization'
  0.0000000000000000 # Attribute 'small_contrib_threshold' of the grid.
  0.5000000000000000 # Attribute 'damping_power' of the grid.
 # binID   n_entries weight   weight_sqr   abs_weight
    2   3748   5.803564069524827E-028   1.429729925161887E-053   5.803564069524827E-028
    9   20   1.023319377058938E-039   2.069583866520211E-076   1.023319377058938E-039
    10   20   1.949438759062527E-042   1.090191083698824E-081   1.949438759062527E-042
    18   2459   4.533951710927467E-028   3.662950650333819E-054   4.533951710927467E-028
    25   20   1.412512522145110E-039   2.685737303246383E-076   1.412512522145110E-039
    26   20   1.476919578727673E-042   4.476816901925023E-082   1.476919578727673E-042
    34   6329   8.139457102606328E-028   1.710522571218138E-052   8.139457102606328E-028
    41   20   1.094800077991324E-039   1.927877322728063E-076   1.094800077991324E-039
    42   20   1.553201457081298E-042   7.365552259907676E-082   1.553201457081298E-042
  </DiscreteSampler_grid>
