  0.00507012900348956  0.00515743597227161  0.00523786201695568  0.00531136836714816
  0.00539331927770447  0.00548757670729551  0.00558732276162939  0.00568169072317879
  0.00579718547801043  0.00592739902919731  0.00608153869746521  0.00623954920238892
  0.00639960378935349  0.00655926839318672  0.00672370736810996  0.00689097243017575
  0.00705935927566496  0.00722135492858263  0.00737866971787340  0.00752805455664130
  0.00768260649666880  0.00784640193989290  0.00802570669790864  0.00821177209395686
  0.00840394950838470  0.00860381020611108  0.00884728198615510  0.00911657970011370
  0.00939077246210319  0.00967552724159602  0.00997116130804625  0.01028080774328740
  0.01060833267446566  0.01098843420919238  0.01138975736379684  0.01176449482292754
  0.01210120343212845  0.01242140596233203  0.01274773240132783  0.01308981565382481
  0.01344154457347514  0.01377666020767948  0.01419737272634984  0.01478423364257495
  0.01548067156894606  0.01621866411585153  0.01696117228536420  0.01769546913946677
  0.01847718870995633  0.01937322867892443  0.02033505647691417  0.02139088582058066
  0.02264259975834102  0.02395641186547031  0.02556719238926456  0.02755727933443658
  0.02976370744651588  0.03192887045424903  0.03413148260796735  0.03665169305773427
  0.03947527027110760  0.04374304161047167  0.04949397064091847  0.05599490638976511
  0.06310077975026518  0.07165872921868302  0.08160816334146057  0.09345762102175202
  0.10664462156612764  0.12035182851354401  0.13480691699626077  0.15196187314913404
  0.17207427570367731  0.19236811190888239  0.21119147782775616  0.23080759437218371
  0.25256349436455378  0.27655633043326666  0.30038745284657664  0.32852553460007827
  0.35787667077500002  0.38419098293023873  0.40961686283989618  0.43907318707710219
  0.47099767847885565  0.50262652609370173  0.53093519480499318  0.56107886125555362
  0.59615425763494811  0.63533369722164301  0.67172560783488544  0.71351762563465504
  0.76447382932158192  0.81473312644414975  0.87781320119292772  1.00000000000000000
  0.32658450700373093  0.34327717283457293  0.35996983866541499  0.37666250449625704
  0.39335517032709905  0.40580401045808595  0.40816070441476487  0.41051739837144380
  0.41287409232812272  0.41566774986700777  0.41801977238070365  0.41925006094236111
  0.42040445350005873  0.42181693479529264  0.42316894640656944  0.42416025023988879
  0.42509173984883530  0.42594611819373240  0.42765109716350891  0.43033248956240400
  0.43253072945931798  0.43482082986198406  0.43700013410330746  0.44074163151318335
  0.44530830176489916  0.44977507163704783  0.45407189068662712  0.45872561653376631
  0.46325188179322646  0.46743139095488789  0.47143771268186341  0.47548390888818870
  0.47925636441945435  0.48117092396796174  0.48222122200848011  0.48436991846172822
  0.48633858758301624  0.48761346881714485  0.48900311586027612  0.49045734032001387
  0.49189941482959987  0.49320925241594060  0.49537952264196006  0.49749132998010753
  0.50142218011213757  0.50784909731164984  0.51871250349820863  0.52922358540405923
  0.53938780184499702  0.54972654362681062  0.55954056896243998  0.56763601953560727
  0.57014647271603069  0.57403953668006269  0.57772632409377267  0.58159074748474215
  0.58754470429162942  0.59405723384143627  0.59875002502128272  0.60322284203463550
  0.60909597874793175  0.61515859000553841  0.62271314087600826  0.63201138887990904
  0.64069528169304391  0.64699940864598915  0.65076220365272930  0.65338549012367630
  0.65650802503090600  0.66020816335088828  0.66329666066459547  0.66625949310191801
  0.66951331632904032  0.67268975870919590  0.67575715336846343  0.67899487833916394
  0.68276179076781540  0.68636193221782493  0.69147064918813983  0.69862409246418777
  0.70672564172163799  0.71647843470067929  0.72656210468256988  0.73645796614066916
  0.74887343376635207  0.76511985665910642  0.78326355433874029  0.80337816929856520
  0.82271624945258526  0.83980662353512003  0.85743007112283542  0.87740055694189145
  0.89741490819090908  0.91889409680110667  0.94716737284142549  1.00000000000000000
 -0.00070766362999116  0.00337198171465879  0.00861565046465098  0.01400973206533578
  0.02062457340846743  0.03074683745021498  0.04273162777283400  0.05441989242625784
  0.06570465923594948  0.07634699266704124  0.08518771237367698  0.09272414149007306
  0.10065692934082561  0.10831295471688708  0.11832953401456725  0.12931542674776778
  0.13819872503408387  0.14778204211934581  0.15954111596755505  0.17133560574289056
  0.18130166983211682  0.19212403113909909  0.20514161046070215  0.21604200538366747
  0.22517493680041895  0.23445199020660773  0.24390672052384774  0.25519524061089888
  0.26902750567590727  0.28114649915809053  0.29249477791883499  0.30465776742369594
  0.31756283742045738  0.32700514226771421  0.33692732888734589  0.34709374422682904
  0.35757431470110995  0.36880930987975991  0.38050073675202839  0.39229822379686596
  0.40422783974003279  0.41611965603003659  0.42675351606675022  0.43516820208794049
  0.44236267090173459  0.44892344082838753  0.45679936830892148  0.46658576707754817
  0.47614619337555308  0.48805708302970657  0.50208064498405569  0.51488156484410441
  0.52635752966885296  0.53677969981823070  0.54650186002922352  0.55671359581158808
  0.56826114417227025  0.58089373347246154  0.59289864314079199  0.60476904169414669
  0.61621709423063253  0.62627732717707607  0.63413536028261075  0.64070554091918586
  0.64743670084375737  0.65515443369566595  0.66464401470915746  0.67410744297182346
  0.68300176382365574  0.69306258768803664  0.70566583175091846  0.71973512432544973
  0.73377117227581101  0.74663033741685947  0.75869891251737465  0.77090199695623507
  0.78398604020955331  0.79874793665503463  0.81278217581974022  0.82482001760725787
  0.83702024863418367  0.85021665696075810  0.86412374761915145  0.87787131317127520
  0.89190140978341870  0.90351780139184146  0.91415765723837250  0.92395502886170100
  0.93270114001182569  0.94055280615344550  0.94738312167689664  0.95356231160026739
  0.96358576776092530  0.97643175304900265  0.98900669165772581  1.00000000000000000
 -0.00274078460857624  0.01044286286244759  0.02209800203722574  0.03172122929449834
  0.03997043498133868  0.04874173933324703  0.05720750257019230  0.06783675031804726
  0.07783366564711405  0.08747486121690602  0.09702486113966581  0.10573977393454177
  0.11527842029106096  0.12371595411140961  0.13147083567375495  0.13919914934985908
  0.14878113116208577  0.15766790539524966  0.16536612076698745  0.17436174419478628
  0.18358941393182995  0.19040519477947782  0.19775686994417555  0.20514139221734989
  0.21268988926402169  0.22146263630960294  0.23075823396771972  0.23958923088185693
  0.24830735516911151  0.25772932153137440  0.26775031405970889  0.27841794512709295
  0.28889817611849017  0.29971594309055366  0.31000270831624471  0.32186824024569149
  0.33553534309220640  0.34972122297819369  0.36426460212157169  0.37923767835164257
  0.39471276714292863  0.41088745485878991  0.42714072815277038  0.44205572899125178
  0.45497263711287311  0.46658092850501648  0.47781597376693724  0.48770900546461654
  0.49573742950988670  0.50302750173150934  0.51013312499527030  0.51852559734789050
  0.52711045788922539  0.53607212101529622  0.54500000175028118  0.55443126975177059
  0.56387144340851048  0.57344086447079912  0.58467318083392672  0.59809268722085795
  0.61305645337014525  0.62730734258984211  0.63926611701201075  0.65004135384266093
  0.66100708690265642  0.67197375125002456  0.68180187829111760  0.69028512960194177
  0.69821651164021148  0.70596614838854832  0.71472310829285612  0.72519263738697159
  0.73741643559450376  0.75166439005992058  0.76737563965166777  0.78305413944507185
  0.79727255726143298  0.81025080114471482  0.82026186740984075  0.82923478453569321
  0.83798262244591148  0.84637063464027129  0.85388546582725011  0.86710928815947641
  0.87900303424955406  0.88926207420255710  0.89888219563204630  0.90810156591316815
  0.91942329553621138  0.92888382025816363  0.93798626716188582  0.94759408940823431
  0.95795091433907542  0.97001076926669638  0.98449377314471931  1.00000000000000000
 -0.00258234509207509  0.00867341800229736  0.02035815840516487  0.03371378181370085
  0.04844246554360797  0.06170822837043689  0.07201375004477537  0.08018779247213233
  0.08608899154837237  0.09160443881751715  0.09776769354702250  0.10371367626078783
  0.11268468354131875  0.12250725352349112  0.13489458679632757  0.14822165358450790
  0.16085591679430306  0.17316797828266675  0.18500383642393536  0.19445762403267838
  0.20459464437040786  0.21640767520898643  0.22601943503067301  0.23765885133065492
  0.24979049864398284  0.26028749232620152  0.26976859671256387  0.27957370539607163
  0.28999236167315817  0.29675866254457267  0.30352231411710012  0.31228920406068333
  0.32189348139829554  0.33018100363454395  0.33728245125049905  0.34449024797536548
  0.35305222513993934  0.36144895729605486  0.36971769196894405  0.37780082943121951
  0.38661232217716057  0.39613390610700316  0.40592532907157025  0.41579825396648101
  0.42722838166401494  0.43860694399739175  0.45002719486146664  0.46137070008422543
  0.47253059096787031  0.48249713807462052  0.49240772087651180  0.50189343750599846
  0.51192462896897084  0.52122731101288877  0.53141754232575333  0.54518659707388961
  0.55884412387546867  0.57027357886219154  0.57965758970196446  0.59019112523747397
  0.60189538705020840  0.61408440961107724  0.62609655640235684  0.63810288019572547
  0.65079302796981642  0.66292433664831718  0.67454938194734126  0.68596238017052391
  0.69779952292436931  0.71078915455424430  0.72346747727999083  0.73492702341992455
  0.74453276136393931  0.75326200314727865  0.76160406376013590  0.77026230905083970
  0.78120994426889301  0.79462381501770152  0.80768556179279472  0.81791058698890640
  0.82798386363576215  0.83814456621252909  0.84981425122372201  0.86383253305484198
  0.87805858709551488  0.88961625047124859  0.90106171476373553  0.91176777207960147
  0.92333592812403376  0.93608113093153045  0.94504942842124107  0.95416110386435393
  0.96413386045328364  0.97445832724933124  0.98586526221412263  1.00000000000000000
 -0.00215740221367976  0.00853302104187426  0.01966454217825071  0.03064286632196236
  0.04036835092980034  0.05072009343164308  0.06176437395982527  0.07375563106344002
  0.08490455961264121  0.09401691363757782  0.10268004125210993  0.11146760220730834
  0.12077447224015650  0.13088545355110418  0.14096809400331584  0.15113460505191958
  0.16028737626513420  0.16768259577127032  0.17434087209957030  0.18221362129119359
  0.19032203798388081  0.19710703556428716  0.20409293900935888  0.21489963375065710
  0.22908985817187816  0.24362120674014623  0.25840917037447581  0.27036583530392844
  0.27953129084946604  0.28706899202280106  0.29471487035457655  0.30280548686980374
  0.31117397816942849  0.31993185729383472  0.32982462197901030  0.34135942972326477
  0.35152455717284364  0.36073877198733117  0.37073568878911944  0.38093857050369190
  0.39177648293527934  0.40379901577492278  0.41789036038379151  0.43396996569054325
  0.45079061019897448  0.46737732808153987  0.48070037224344375  0.48917369578484388
  0.49679828872180765  0.50508426139396978  0.51406828259991022  0.52267798363978391
  0.53060359609058139  0.53773210169120389  0.54972280336312640  0.56415041992042514
  0.57647620855826065  0.58797077540470810  0.59843786496715201  0.60821993154778975
  0.61804194460370432  0.62777425009607546  0.63930274794558217  0.65032281382291834
  0.65857500249498435  0.66692326954955761  0.67556217922836204  0.68534241670739060
  0.69723596062985338  0.71197076263775305  0.72781600426002124  0.74170659413919593
  0.75377132127606650  0.76472365322521607  0.77533444614798919  0.78623734910707810
  0.79780349171022857  0.80808548417683068  0.81816485417263052  0.82934330028042380
  0.84024752729700380  0.84969955905598471  0.85735797874207720  0.86422100706506533
  0.87080126886593867  0.87973617784815583  0.88909781413195754  0.90048455891943502
  0.91383549297351074  0.92655315257530235  0.93877558955235740  0.94974594789157030
  0.96107011708864853  0.97335775673760827  0.98638481479169038  1.00000000000000000
 -0.00317277187294096  0.01196638300968105  0.02381327901487977  0.03574379629607955
  0.05008682292469444  0.06472476232650337  0.07853824703124691  0.09207238169777174
  0.10605734939425132  0.12174637575625370  0.13174577672993054  0.14273222293559112
  0.15452581671500523  0.16545124411627193  0.17326362226445677  0.18043733448005170
  0.18851205316068648  0.19673442634962748  0.20463624075557052  0.21650760608866021
  0.22962853128194025  0.24075773520480787  0.25157755885500760  0.26216317263380584
  0.27222106673361485  0.28354404222474738  0.29353817889305805  0.30313780754198821
  0.31251021287041802  0.32170534730472955  0.33128710886458562  0.33993079614706456
  0.34981179242967370  0.36092447756802581  0.37179129311652581  0.38220241123184434
  0.39244423509346393  0.40320954404561982  0.41448840821202376  0.42675267736025835
  0.43967443896557828  0.44786235333897856  0.45632193676054639  0.46553960749549578
  0.47544226713127818  0.48473258266531377  0.49319821924094748  0.50155510287870708
  0.51160754938826869  0.52208136575998998  0.53225480244034951  0.54258227718322494
  0.55269686286511122  0.56066719257104991  0.57050512586845303  0.58097883327148869
  0.59045033753438803  0.60044340485270165  0.61138955314888865  0.62134673315422739
  0.63137559131360432  0.64145604308155668  0.65359112112359929  0.66651290069694280
  0.67859796098118519  0.69014355285554074  0.70178522073519134  0.71250426324245320
  0.72125930856468567  0.73080625795498233  0.74017139911685914  0.75008909786242595
  0.75999156842298243  0.76924390845594892  0.77917246263685103  0.79149698886334818
  0.80406646956271144  0.81489671140363917  0.82307547952933613  0.83069626118562334
  0.83842324689330594  0.84769259821959020  0.85591377506399069  0.86277746532125166
  0.86981971519857793  0.87825041911281776  0.88916497119479865  0.90198989676017416
  0.91506157917780973  0.92628845439419738  0.93775307027610255  0.94913953097866488
  0.96060631284568576  0.97228477326845963  0.98490422503760278  1.00000000000000000
 -0.00295628722691068  0.01121861163372466  0.02264351475433047  0.03463747869315318
  0.04759824802780500  0.06273018673120398  0.08003091904650846  0.09646924237027696
  0.10739825105008692  0.11457647644887313  0.12122325433369045  0.12778659477919171
  0.13583442426084419  0.14346666814513284  0.15120576154753076  0.15954839264650400
  0.16680404809174187  0.17601742128197947  0.18564281061840207  0.19576141591946430
  0.20802136095381560  0.22026046850149600  0.23176813468701279  0.24174338078702143
  0.25097406832684876  0.25828138316765303  0.26658119006039033  0.27539368824930083
  0.28402186591586343  0.29325031119298628  0.30451214492889966  0.31791680049427878
  0.33021503308160821  0.33965215886925537  0.34789598368134445  0.35642976904947932
  0.36651467340160876  0.37760440477205537  0.38977176039790395  0.40263568290543339
  0.41569940605143646  0.42693362251175376  0.43643418653477301  0.44584710700439345
  0.45618691265388933  0.46615452785788369  0.47608840190671181  0.48790031686850560
  0.50196890747822309  0.51628288894448171  0.52709930279789408  0.53680763975331025
  0.54719822186166223  0.55789337695810670  0.56730422253711621  0.57599587750023151
  0.58438416768402568  0.59166815482624258  0.59836095131928613  0.60468749452905313
  0.61238302915856224  0.61811363229122585  0.62270477439023997  0.62772748409543677
  0.63836946599631506  0.64906079540315031  0.65801435278956510  0.66575348194409234
  0.67130475298144132  0.67729329273528316  0.68528345369758137  0.69499003138356874
  0.70406722585928938  0.71237140783151365  0.72143984870017919  0.73236969723924750
  0.74306837652994073  0.75342731736110347  0.76555133708968026  0.77768842910678471
  0.78944917348472932  0.80177799565867824  0.81507879725032373  0.82771652322416212
  0.84311104650425150  0.85815826061833922  0.87335585289686946  0.88821776620534043
  0.90239321394842964  0.91728524215898954  0.93224225433709795  0.94703336121742476
  0.96123050784907471  0.97478553611232743  0.98780331769340390  1.00000000000000000
   2.5679833915431403E-040  -1.0000000000000000     
  <DiscreteSampler_grid>
  Helicity
  1 # 1 for a reference and 2 for a running grid.
  20 # Attribute 'min_bin_probing_points' of the grid.
  1 # Attribute 'grid_mode' of the grid. 1=='default',2=='initialization'
  0.0000000000000000 # Attribute 'small_contrib_threshold' of the grid.
  0.5000000000000000 # Attribute 'damping_power' of the grid.
 # binID   n_entries weight   weight_sqr   abs_weight
    2   7924   2.895211226726453E-040   2.411825295634196E-077   2.895211226726453E-040
    9   20   5.432907200265249E-052   2.135060170435158E-101   5.432907200265249E-052
    10   20   5.861009791292453E-055   2.206256454868877E-107   5.861009791292453E-055
    18   9841   3.182056012810411E-040   1.122217679680951E-077   3.182056012810411E-040
    25   20   6.890612579492314E-052   2.073845944837220E-101   6.890612579492314E-052
    26   20   6.985310814205397E-055   2.778165558893047E-107   6.985310814205397E-055
    34   10660   3.371210936160053E-040   1.439562404053690E-077   3.371210936160053E-040
    41   20   5.293034996380282E-052   1.850642785022357E-101   5.293034996380282E-052
    42   20   7.688546103254012E-055   6.875494815707573E-107   7.688546103254012E-055
  </DiscreteSampler_grid>
