  0.00456105721449531  0.00598280136044540  0.00725331446569740  0.00844142898266207
  0.00968866029323814  0.01099534717018542  0.01238984771717886  0.01385642046587403
  0.01537821393163999  0.01690928879863860  0.01849457785748170  0.02026084609960375
  0.02223142570310220  0.02478615395031014  0.02780614150454334  0.03106481671624390
  0.03435464109031637  0.03755827368570080  0.04088910547038281  0.04628319111493912
  0.05325539441323560  0.06119204746058142  0.06921457073046651  0.07654038638093646
  0.08276099453787168  0.08906800594535796  0.09571483219052004  0.10369989922354075
  0.11389663146774343  0.12492757454000770  0.13554055081237268  0.14553169751359504
  0.15379311682859756  0.16214400814470042  0.17143835843143354  0.18138665603617166
  0.19176622971735999  0.20195147674987829  0.21108092817867255  0.21974071340085743
  0.22849011585137469  0.23675270896289666  0.24531133434493954  0.25396232929400586
  0.26203463596730542  0.26928995707468051  0.27847526353274232  0.28887685709102889
  0.30100685014556433  0.31369581330402307  0.32650669228232132  0.33798499912227375
  0.34896069372645161  0.35946382927059395  0.37058323479777605  0.38258473163743273
  0.39524174671002965  0.40725173997487452  0.41804360152181480  0.42990970402443529
  0.44315628923848205  0.45705674373932148  0.47093550084281161  0.48435074157930641
  0.49765906329286652  0.51110174339631653  0.52449599608036523  0.54029159511786806
  0.55594162564566341  0.57236496518877555  0.58836860657916101  0.60329114401461836
  0.61568791545197221  0.62844163691227750  0.64507287588878326  0.66014354118050378
  0.67572177319996307  0.69231282899166346  0.70887269804791686  0.72456672285884050
  0.74001766965177240  0.75443172650564383  0.76802637231209170  0.78135533408670421
  0.79381553674209160  0.80739028743070929  0.82419446605130831  0.84316083653409835
  0.86695693898929904  0.88467383203615879  0.89939689775623721  0.91226377706588024
  0.92731553291622615  0.94377147674633621  0.96960258279688416  1.00000000000000000
  0.00002106783903470  0.00002143514203731  0.00002173851882215  0.00002204654452881
  0.00002234039512589  0.00002262523154337  0.00002291657172359  0.00002322543495585
  0.00002352409323587  0.00002382168436275  0.00002407071621581  0.00002432139521157
  0.00002462915648651  0.00002506157864453  0.00002557947727598  0.00002606256554602
  0.00002648595432957  0.00002679781157487  0.00002707401977138  0.00002746096652810
  0.00002812493570877  0.00002888450811046  0.00002953978712928  0.00003025786984344
  0.00003095326736561  0.00003154656960896  0.00003217706872703  0.00003272058149792
  0.00003316838393590  0.00003369776213197  0.00003424900662683  0.00003496178959592
  0.00003572682848422  0.00003669178227225  0.00003780207293564  0.00003923178829153
  0.00004069869194855  0.00004203844589945  0.00004328400450845  0.00004451798456310
  0.00004566364237467  0.00004681101412832  0.00004808595129943  0.00004942649255362
  0.00005048574687813  0.00005142514072753  0.00005216634248435  0.00005286044084658
  0.00005343913111358  0.00005399586786422  0.00005455427666586  0.00005514456991873
  0.00005578412598522  0.00005644202861421  0.00005703782793273  0.00005762536149492
  0.00005823569320431  0.00005870081108237  0.00005917452172785  0.00005969889660805
  0.00006011075179636  0.00006049594250350  0.00006098297751223  0.00006152378460606
  0.00006202157392702  0.00006249538316581  0.00006298048999550  0.00006350519967137
  0.00006404489453735  0.00006457977500484  0.00006530769122883  0.00006588122384035
  0.00006626878613351  0.00006655592902745  0.00006689782644600  0.00006726607339314
  0.00006758074598523  0.00006786872184331  0.00006815298703997  0.00006845978226461
  0.00006879179514744  0.00006914040866295  0.00006965454152314  0.00007022062109629
  0.00007072284114171  0.00007121438247093  0.00007176229258572  0.00007238208186236
  0.00007305839585489  0.00007368901036800  0.00007428333803518  0.00007487325702615
  0.00007541010796628  0.00007555362207489  0.00007563099555035  1.00000000000000000
 -0.00184458000883415  0.00634412563698685  0.01349905392401959  0.01972794732062436
  0.02576126656035315  0.03211619055386142  0.03866051325446777  0.04592286820166526
  0.05526598748098293  0.06339178628452458  0.07171551659112949  0.08009560678131344
  0.08854544601495848  0.09747829921235258  0.10617798937148674  0.11463292378020484
  0.12259287727008160  0.13028686693467928  0.13768582270420898  0.14493858759867931
  0.15230830140833612  0.15989289098312148  0.16815155481658900  0.17723063398002012
  0.18668586803275111  0.19616454886008500  0.20446370780380901  0.21160872231796585
  0.21878203400787977  0.22560428135268895  0.23442875151130185  0.24357212598745145
  0.25231920124512841  0.26022533787415986  0.26839771338975027  0.27649124397775449
  0.28435960976484098  0.29189839461400968  0.29906757864167088  0.30644615613739085
  0.31194827545817094  0.31804745189973449  0.32383784916312519  0.33266046153974449
  0.34037637983547081  0.34835472556908120  0.35631066086756080  0.36521244683816068
  0.37247878426169012  0.37989283323029110  0.38740692493328271  0.39611952501821718
  0.40570939226410646  0.41473347918316295  0.42325762115328402  0.43142305513029011
  0.43963766516002928  0.44766247725591157  0.45559935462749868  0.46331970058644029
  0.47089417192811972  0.47841141116841557  0.48585287073576849  0.49220376723580178
  0.49849996603309576  0.50739392537374950  0.51742842186954963  0.52611716632990968
  0.53449741664851524  0.54392710693056789  0.55462598372171323  0.56770262472986954
  0.58131308495533796  0.59472996790574251  0.60783062951202282  0.62013614762831881
  0.63295839989080671  0.64541776264578254  0.65771364617481731  0.67100306581706948
  0.68448952185448064  0.69967077878906070  0.71511583907669474  0.73026734289963058
  0.74565071915999992  0.76362417952929962  0.78054959673244317  0.79860666676606962
  0.81996977121471648  0.84056276763865112  0.85955130178420414  0.87914160111748385
  0.90187669002057858  0.92762390251316096  0.96234196852307874  1.00000000000000000
 -0.00182098292536711  0.00863543808552962  0.01722254601248857  0.02705077577752308
  0.03613277902145067  0.04511685741233724  0.05448880797546279  0.06485664248158267
  0.07610802167537013  0.08444797322710342  0.09158623692271907  0.09901174042138128
  0.10709312708721777  0.11718250371187748  0.12713078088121926  0.13629397096348214
  0.14569867444692663  0.15617026707841455  0.16811651792072999  0.18057467317015480
  0.19205070051181691  0.20351512927129375  0.21524094802099639  0.22753247999669565
  0.23995804156267164  0.25171205792036055  0.26338646815586930  0.27584112016709755
  0.28874527058676230  0.30168135925703710  0.31602398128565262  0.32841094152385153
  0.33832162471515648  0.34760998461373627  0.35639247761152132  0.36581478116646471
  0.37756986476857313  0.39064227761769776  0.40272404756985175  0.41355432042961665
  0.42382795703615689  0.43447078491962704  0.44547798519619336  0.45706884060602970
  0.46905161224150987  0.48057196705554051  0.49152236666147192  0.50154776449112748
  0.51322365290025862  0.52424385807650753  0.53608384852110291  0.54710763348658442
  0.55851030468914842  0.56948597263555800  0.58121622987224042  0.59322398086372419
  0.60456522361364218  0.61543657380062466  0.62637912732236034  0.63900160519155791
  0.65152010730153431  0.66435392954934380  0.67478990590864152  0.68462589555496978
  0.69181682176844905  0.69786520081098680  0.70532861532924240  0.71354569453059402
  0.72235664779501152  0.73200045052047313  0.73977414985026801  0.74632341929597945
  0.75512794365571301  0.76328862841578304  0.76979643793341967  0.77827500707378150
  0.78788948810390147  0.80015372987525824  0.81324433464283186  0.82407991187657814
  0.83272261903224076  0.84074487296273970  0.84971371035522225  0.85843639486404977
  0.86806195530231223  0.87820944465252204  0.89153898496831629  0.90614165191391216
  0.92078320195753061  0.93480917985665601  0.94755970718232518  0.95913154149441293
  0.96970220447163791  0.97967380890507794  0.99064071300716139  1.00000000000000000
 -0.00085162504597240  0.00373851114202539  0.00819680524977718  0.01209861477072330
  0.01580929498791237  0.01970444839943484  0.02470547801097762  0.03080255625814177
  0.03549587420119525  0.04005953748191747  0.04555315384879582  0.05256013156476708
  0.06026585598308237  0.06778496079489049  0.07514190435235783  0.08243919571817350
  0.08963497153368584  0.09800456981361814  0.10688093354764912  0.11622891247828196
  0.12640875504128157  0.13643568752833340  0.14442551815421772  0.15213109150188789
  0.16058790114268398  0.16889577829265856  0.17649672525542856  0.18519998727823847
  0.19392978328153015  0.20216606289406525  0.21035925308859085  0.21879932745362241
  0.22714157570455826  0.23517348674198024  0.24371856993316635  0.25177527694284074
  0.26074926508342883  0.26955170038547849  0.27808482163482690  0.28571224721159649
  0.29340229481552538  0.30123566991681289  0.30920124004114552  0.31770724860611799
  0.32721961957963708  0.33758623088983486  0.34801306109752911  0.35842735985532892
  0.36963985938086041  0.38281913774574572  0.39671544973055056  0.41100947636534624
  0.42271117132952363  0.43290357495151499  0.44307477388128502  0.45388426355984185
  0.46484753081868374  0.47605771065150876  0.48741071862335261  0.49979748358924414
  0.51156268348004308  0.52073903398368993  0.52835943124125262  0.53513430659577377
  0.54307060230672721  0.55236881716585917  0.56245859585741298  0.57192566024387392
  0.58394928996835160  0.60251231181297393  0.61865637268041385  0.63070217795547001
  0.64188080763408673  0.65422739184443690  0.66763805228370854  0.68270131623600994
  0.69841748076036247  0.71559938665519174  0.73008693100496602  0.74266755524536265
  0.75660146734396738  0.77009163608071218  0.78129997019453656  0.79389727644583041
  0.81133325024748337  0.82899111420775751  0.84809548791880940  0.86527383301234284
  0.88173441790353269  0.89604640365664290  0.90966652723742170  0.92505676438322681
  0.94391012783239514  0.96589060357482359  0.98497629029201705  1.00000000000000000
 -0.00355237085323127  0.01403382421663464  0.02559724771514510  0.03753343781136755
  0.04858504120940747  0.05820168592774332  0.06774757874125176  0.07788622016575321
  0.08895641980460411  0.10166027659761410  0.11661740176643887  0.13109169573235874
  0.14226002488302103  0.15155120951635881  0.16035714828772907  0.16833744470044365
  0.17693999936267887  0.18738914631235803  0.19790084333728108  0.20759600977816800
  0.21776607362365891  0.22857567490230785  0.24392924176426692  0.25741937633672990
  0.27049772982591908  0.28183334566795865  0.29434461591339828  0.30505323049477728
  0.31445532619238181  0.32359647495026950  0.33245805720347182  0.34197965901720512
  0.35286751598882649  0.36459809057013143  0.37717825238125918  0.38843314506198601
  0.40022182435148951  0.41173614240612777  0.42197468417714507  0.43230351351066998
  0.44311472913507988  0.45531890346193543  0.46810195638333091  0.48007004880401433
  0.49108087902938985  0.50163539448556693  0.51287371713595709  0.52519829173456301
  0.53783582839160726  0.55177126019771738  0.56404791124905418  0.57208966951295082
  0.57857355603142868  0.58496898377714890  0.59335618905651200  0.60198148218685743
  0.60957447291949696  0.61696770905567766  0.62511759536311295  0.63546197943466776
  0.64559463209505485  0.65537296864667638  0.66528719515840340  0.67540794688218120
  0.68670951956549120  0.69847698566041838  0.71218451831149443  0.72690861563413389
  0.74035506316842714  0.75271201747462502  0.76554435133301524  0.77804072713815209
  0.79171970109986078  0.80616511629419729  0.81918304464985847  0.82966552978449704
  0.83900431806148923  0.84831488412127953  0.85860718354263277  0.87014379683305687
  0.87935890493842894  0.88696636832310627  0.89372562498823738  0.90098312086143417
  0.90748983414662621  0.91352143903339278  0.91967550002541432  0.92653048758978540
  0.93352409705693873  0.94325411562496664  0.95371851404897179  0.96263370157255945
  0.97042329166492747  0.97873974010817721  0.98869577876617942  1.00000000000000000
 -0.00259315957212976  0.00832084614326715  0.01853331267740879  0.02799499104659293
  0.03698414892775072  0.04554189142756923  0.05275303368380357  0.05979884283454486
  0.06647891619941572  0.07403901602456461  0.08184962698416062  0.09017805377581224
  0.09887034845209206  0.10707800951456810  0.11277728962128092  0.11829709342417759
  0.12393729728322117  0.12906356072860137  0.13555029254791476  0.14230259115806404
  0.14810587715097329  0.15389415772635232  0.15920882688909191  0.16475021402520262
  0.17061890793255194  0.17852382145239287  0.18700091226238807  0.19538880155285321
  0.20290925171042601  0.21078996376030362  0.21907430192784777  0.22765444250444250
  0.23599233280887241  0.24406582675477403  0.25208597326191023  0.26020828014770248
  0.26794821456189433  0.27537687633295416  0.28287843217658248  0.28944376058819449
  0.29560183460033118  0.30255248408282825  0.31086060929921744  0.31679936781454027
  0.32313809446528197  0.32933944187777564  0.33605994482533813  0.34283677563108461
  0.34971176339997662  0.35585712994423097  0.36240580960461977  0.36978441449079325
  0.37750298404897176  0.38865659563489696  0.39841086358457700  0.40900700182073824
  0.41917565378790583  0.42886620630793509  0.43876592224002509  0.44908083212728667
  0.45962026944926837  0.47010021897855936  0.47976436975914866  0.48895780566321340
  0.49834303593581786  0.50758251385117992  0.51693903537515329  0.52745999632783147
  0.53956394299508226  0.55418263669919066  0.56930525983890690  0.58264911057342350
  0.59500212320876456  0.60678158484770306  0.62076852695223761  0.63468278193827254
  0.64771538301041554  0.66080906438752551  0.67434514189649097  0.68897252207447268
  0.70479191669270802  0.71927275386473521  0.73286449724929847  0.74730865288838377
  0.75936680015726876  0.77057251910686542  0.78276012320600397  0.79707877105776825
  0.81231475588536828  0.83041152621688730  0.85136574213093263  0.87197141849563631
  0.89606855842478939  0.92145220225187796  0.95357940394820984  1.00000000000000000
 -0.00287155048889048  0.01026068548992351  0.02085358950894029  0.03180188046391804
  0.04201226856378423  0.05071436663355623  0.05873600491812307  0.06699497285246887
  0.07623630264075046  0.08606701574253234  0.09620272278363287  0.10800747471666346
  0.12276779116477149  0.13536140707415700  0.14629502246312021  0.15613855028408380
  0.16625418544142440  0.17853881702903834  0.19375409255799408  0.20835238597037470
  0.22129805282753018  0.23296010267284376  0.24248059445921324  0.25156546744536928
  0.25987954375844863  0.26835702909387993  0.27803312924985363  0.28837247684633227
  0.29961009621239826  0.31046725231609040  0.32132158909159303  0.33243380209936985
  0.34476456501108910  0.35888228182341975  0.37358265803545709  0.38626054762656370
  0.39591972736697933  0.40431898413590517  0.41223809684555196  0.41994757959574575
  0.42859618575619363  0.43838081566989823  0.44995762336848533  0.45958034066374881
  0.46783391839116589  0.47557375796548484  0.48312578583709476  0.49373780872202777
  0.50354940459444308  0.51351284027780530  0.52149255729351474  0.52953550200757438
  0.53751655525962905  0.54760990527886300  0.55927934232790988  0.57106079446059022
  0.58268702687237717  0.59540709222740074  0.60842714410895560  0.62217624691571294
  0.63339935445635531  0.64385636638177279  0.65191547575975184  0.66121239264517240
  0.66767848951824238  0.67442217435699492  0.68138968848187820  0.68972245105916541
  0.69707937741438164  0.70412345497317608  0.71131637815765680  0.71918413872590614
  0.72717547391381310  0.73544538997782638  0.74439170376517927  0.75421015583275730
  0.76487520247049390  0.77666342392889509  0.79126022184608147  0.80064666567627063
  0.80994381575268126  0.81887378013845624  0.82851506409695486  0.83929888782420436
  0.84865559973575855  0.85823354386099282  0.86898685312947088  0.88270879436623217
  0.89708971082582556  0.91038136666526237  0.92375611189883533  0.93779143330160553
  0.95032310221185323  0.96361705953789600  0.97909202159438458  1.00000000000000000
 -0.00581207511743788  0.07551652228324160  0.10793049302445698  0.13930845746736253
  0.16430037288362614  0.18267576542075920  0.19720406830820777  0.20993535045936323
  0.22718144660882345  0.24478857826736514  0.26416480800839598  0.28366248603246585
  0.30041895097686427  0.31749594058356245  0.33482657392507448  0.35395726736866862
  0.37635976626686513  0.39370496009346750  0.40965791628351322  0.42432839573435577
  0.43923793849858683  0.45427906217840958  0.47115872580919071  0.49041058512689051
  0.50881375870973777  0.52514677477457017  0.54183265538816372  0.55849006249168243
  0.57600854260673118  0.59145685353381250  0.60756590117368414  0.62531344967051250
  0.64316300224341227  0.65765854893862341  0.67275724440732676  0.68987877591808866
  0.70695732238189013  0.72222923072851242  0.73675180708901367  0.75222066388347986
  0.76763354296713671  0.78282390821207348  0.79615177603395793  0.80915475389454383
  0.82186536739383542  0.83374947245120301  0.84441372820572480  0.85391716840630028
  0.86274373772453172  0.87134711268850529  0.87966955467564967  0.88763293582234981
  0.89524585909828891  0.90291691349113645  0.90969205189288715  0.91559691471103410
  0.92158168944542052  0.92836516832397631  0.93576902466637046  0.94172021247446758
  0.94671374596374525  0.95093048445001371  0.95479416566237330  0.95800868914044957
  0.96101081732943006  0.96369906525977911  0.96605096558980630  0.96833171823657527
  0.97053192413929090  0.97236469215903898  0.97401181543849669  0.97555965550886603
  0.97697378236350441  0.97830094499568210  0.97947597915363083  0.98059334319863323
  0.98172133266839257  0.98269227675493565  0.98365079512963549  0.98458324076654291
  0.98542260297446815  0.98622421667760474  0.98700034600091402  0.98770441997576286
  0.98839716054559157  0.98906056185617286  0.98962164809301878  0.99008422703981736
  0.99042431236322703  0.99070338072606234  0.99098244908889777  0.99112112214666770
  0.99117163384003748  0.99122214553340737  0.99126963622594910  1.00000000000000000
 -0.01022746795824342  0.05655926396929476  0.08149729353035440  0.09810139698396078
  0.10920545006570985  0.11761318318332652  0.12514176020542131  0.13281734527186001
  0.14018508546299541  0.14771203535252264  0.15547463861697947  0.16357324111869159
  0.17161276641588563  0.17832796046545943  0.18439078628430605  0.19016827180173246
  0.19579608904501206  0.20219994271512148  0.20945447576712689  0.21647391476913289
  0.22233695668369555  0.22771676725304082  0.23406089564662180  0.24113976828415373
  0.24770349532126745  0.25336030699774281  0.25855685472242657  0.26318796925175286
  0.26747281201312945  0.27188596254745384  0.27730717480440509  0.28464120014010796
  0.29259574256166271  0.30050886188745479  0.30845051811117519  0.31690634687413216
  0.32608486828750122  0.33547113152196428  0.34348476480300205  0.35147697370048298
  0.35875859145965666  0.36561449798613227  0.37216289141526776  0.37876645081700311
  0.38542343594728296  0.39334262570830680  0.40291485892243190  0.41251527948982702
  0.42064741246185788  0.42761673313697479  0.43462849577273904  0.44160608261041040
  0.44839368504476773  0.45536066438160766  0.46209397236592925  0.46852555614493407
  0.47571975458513038  0.48442992505182308  0.49349439595003813  0.50385066504304599
  0.51371096621438928  0.52352884415608658  0.53371647710335846  0.54236333804303583
  0.55155019934186345  0.55946302395724545  0.56771799810913881  0.57674254774113010
  0.58529530489367065  0.59058584684940629  0.59658792942372996  0.60262199192928356
  0.60921671249734388  0.61556251693510744  0.62142472247092351  0.62691471819079780
  0.63334000209891694  0.63979480639573094  0.64608516296112739  0.65300335353218586
  0.66086057588309433  0.66921375643016201  0.67806116111375225  0.68844970288241925
  0.70113271028443969  0.71401588462598176  0.72726110185135218  0.73852022516381144
  0.74942622957486582  0.76053298150925908  0.77268709622667708  0.78657666142168003
  0.80593085800054631  0.83677145395719421  0.87639933059973063  1.00000000000000000
   1.3238461980688135E-012  -1.0000000000000000     
 T F F F F F F F T F F F F F F F F F F F F F F F F F F F F F F F F F F F F F F F F F F F F F F F T F F F F F F F T F F F F F F F
