  0.00006975505625921  0.00016397170171904  0.00023960521126291  0.00031140698409686
  0.00039337053469660  0.00048871943993317  0.00059319352919582  0.00070660754988691
  0.00082699677055516  0.00095905797957422  0.00111080814704414  0.00129132813821521
  0.00148367259907156  0.00169055108233599  0.00188570346944193  0.00209518585953767
  0.00233962840017365  0.00262312192038426  0.00291120870325390  0.00320588805144329
  0.00351833309547575  0.00387247635740435  0.00426895469031293  0.00471589780521321
  0.00522074854812994  0.00569012715149166  0.00606446443847159  0.00641717892881254
  0.00676120439597133  0.00704303167105907  0.00747382931891403  0.00801065085188008
  0.00848545293738038  0.00899114977494070  0.00962654629033969  0.01038958467480963
  0.01122594094248122  0.01212469625970349  0.01306806511166819  0.01408564916998666
  0.01509446665786130  0.01611990002292208  0.01728011889399432  0.01862526363388559
  0.02025825787705485  0.02182055879606947  0.02334237768005924  0.02483702742567118
  0.02630098766857428  0.02794470750525672  0.02967143733177819  0.03139172481531847
  0.03337105193156743  0.03547456653999117  0.03755798241522892  0.03955854911114425
  0.04174281960796225  0.04479994673364732  0.04915234250682088  0.05420693408113028
  0.05872708718613624  0.06285583047075358  0.06587409308278097  0.06811025528001856
  0.07064686808804192  0.07350265541682877  0.07593269458329989  0.07821306235053944
  0.08045350883648962  0.08361371574713840  0.08720021212101012  0.09092500106200443
  0.09728155337046965  0.10575396895422833  0.11353152409510210  0.11606464298092398
  0.11921601819387197  0.12289134382535420  0.13031630624499380  0.13839380061603385
  0.14592110925087562  0.15152063401219953  0.15374141986069725  0.16154549970511489
  0.17194032812600143  0.18626563508065075  0.20698572183504874  0.22598607126060696
  0.24738200964106680  0.28408933055096924  0.32912091913074870  0.36758075104986543
  0.40794261203016480  0.46421684621180637  0.58885585973602195  1.00000000000000000
  0.00029109513252602  0.00048322795655196  0.00061699670837194  0.00071749279907308
  0.00081766574423489  0.00094291975787521  0.00107524249245645  0.00119787571277187
  0.00130809283162938  0.00141044712053564  0.00151880162379861  0.00165075493785214
  0.00176590631674433  0.00190241666994798  0.00203010732832188  0.00216290689270169
  0.00233592177573970  0.00251534263308112  0.00269461978223289  0.00291264617293717
  0.00311559146240257  0.00330646390390310  0.00352064965228137  0.00375270545185875
  0.00402452189593604  0.00432569959995029  0.00464027680163856  0.00496536773467018
  0.00530694953651810  0.00567142343002548  0.00610259674779795  0.00655887833570696
  0.00701992126843112  0.00759116750552901  0.00823339978502261  0.00899588335309700
  0.00981225140306644  0.01064242538380689  0.01149464091390360  0.01235823943293386
  0.01320178367571096  0.01397564044814830  0.01502796440488789  0.01601206275131060
  0.01706976454560598  0.01806638515858319  0.01913957326538104  0.02038209529487333
  0.02174429038486172  0.02353670253801093  0.02562181421971586  0.02773159038371586
  0.02955822038385723  0.03161842923406841  0.03378564205104590  0.03599855135691370
  0.03863412038791373  0.04194731649150160  0.04569076589745393  0.04951536886497390
  0.05318565267337489  0.05694937792889040  0.06134897835259918  0.06561136288703023
  0.07012597020271992  0.07583568187137396  0.08244372688749904  0.09011545845758344
  0.09791450820283813  0.10593694143240398  0.11649818180382908  0.12792260922391330
  0.13951858988387364  0.15192220168866918  0.16518458951531859  0.18013981619827676
  0.19154546035845474  0.19986549604251910  0.20382370391362736  0.20821022105581166
  0.21216591803627724  0.21551006553439853  0.22301829284645222  0.23205871788789029
  0.23836378588721840  0.24576383462004481  0.25450079291656158  0.26610575846651219
  0.28072978009435134  0.30187968782138713  0.34525831864783718  0.40701730459845092
  0.48898311036130127  0.63314240196985716  0.80379745035441286  1.00000000000000000
 -0.00000049685890882  0.00000175652603565  0.00000463786006762  0.00000747397701704
  0.00001076152216371  0.00001413503377522  0.00001736149731847  0.00002050772746296
  0.00002378873258926  0.00002728774302240  0.00003108335959678  0.00003481339750398
  0.00003844119307937  0.00004213699673597  0.00004592002725922  0.00004968326667175
  0.00005377028562456  0.00005791416056867  0.00006202336647236  0.00006566950076935
  0.00006979228600956  0.00007401619835642  0.00007822381510805  0.00008255275713921
  0.00008706311260554  0.00009167182810863  0.00009612663836154  0.00010002138560329
  0.00010393501989449  0.00010825817567202  0.00011304034510812  0.00011790077292342
  0.00012293423387994  0.00012829379684993  0.00013352584037649  0.00013869692002432
  0.00014429192196691  0.00015052188817646  0.00015698451631824  0.00016399579939538
  0.00017322841454634  0.00018609181129826  0.00019400034264081  0.00019888960116424
  0.00020447524924679  0.00020982392859430  0.00021514241013732  0.00022071374236635
  0.00022583813150341  0.00022981397132727  0.00023336044928654  0.00023680189290407
  0.00024172260263809  0.00024773860952928  0.00025459555799746  0.00026207989517246
  0.00026976040773670  0.00027803940459970  0.00028636207166554  0.00029578753525552
  0.00030513804128040  0.00031400835636443  0.00032129764791223  0.00033357813267527
  0.00035048013438476  0.00036915865284586  0.00038862987572942  0.00041097548542088
  0.00043497382096246  0.00046397201533564  0.00049744278085431  0.00052764775400307
  0.00055601902659942  0.00058588002630317  0.00061850852995792  0.00065013479339268
  0.00068270467836001  0.00072643423745851  0.00078061418116430  0.00084506637313522
  0.00091719777605709  0.00098970937510257  0.00106183484314669  0.00112921011188245
  0.00121370868994379  0.00131667236908572  0.00142281545199007  0.00155532762618830
  0.00180848894632561  0.00213999293008053  0.00261638096518845  0.00340612082810043
  0.00463841674066506  0.00757776920478152  0.98605986954232605  1.00000000000000000
 -0.00277057032847827  0.01262150284259371  0.02774147725733001  0.04012820444384622
  0.04994808679242356  0.06330205362222630  0.09933608314184189  0.14406677639989529
  0.17132344440973846  0.19125910674651414  0.20957895884010599  0.23248983798146902
  0.26339181903460940  0.29191797950372944  0.32155410002461499  0.34417810338367938
  0.37351532274002802  0.40070294759260416  0.42587774662758304  0.44954735789971340
  0.47558744824012772  0.50410764789537743  0.52930991366688052  0.54719347007893138
  0.56410023623980898  0.58942615860280789  0.61391031901151460  0.63605772595487498
  0.65943251784998036  0.68258593050664540  0.70267293725523228  0.72237286717610893
  0.74227317667245618  0.76040568338338699  0.77742104675629109  0.79242159192147110
  0.80487090157870123  0.81595051768987747  0.82690494734914277  0.83845904646106195
  0.85042977925794982  0.86306200828950952  0.87536621294401307  0.88572368014567537
  0.89430201500366691  0.90150173427930402  0.90844578110603136  0.91477677160116233
  0.92171815268635626  0.92883531359768567  0.93542400515518320  0.94142913738925371
  0.94639050813695325  0.95087399526880612  0.95501949633954408  0.95821545946948161
  0.96077867673459727  0.96350798259919390  0.96618777019133484  0.96879377420632351
  0.97126267101815666  0.97357372965834543  0.97575592588403748  0.97773638755769465
  0.97953088945356714  0.98110413853185785  0.98260236683218261  0.98408762351408730
  0.98536996595580384  0.98654306717478180  0.98774102408465647  0.98893239963082191
  0.99000973566212502  0.99097873333206077  0.99187340038412553  0.99270148353298859
  0.99348995545133956  0.99418452061109597  0.99484202029541968  0.99545677960498891
  0.99604448785515121  0.99662427633091522  0.99691249675913474  0.99724290762213252
  0.99756381322653420  0.99785493656942903  0.99812636023140955  0.99838254235777157
  0.99861625968136947  0.99885075598258521  0.99908469156315038  0.99931305049383212
  0.99952778195710501  0.99969730192687523  0.99985367742907005  1.00000000000000000
 -0.00405309140826659  0.01412920359693639  0.02122082903611048  0.02762160160922406
  0.03325612537454251  0.03950879019139907  0.04576608618445582  0.05108608915549898
  0.05595492151707138  0.06341462326532975  0.07577484239006811  0.08914892082776231
  0.10232475414294494  0.11536716587211593  0.12725943583514704  0.13810115204719295
  0.14820721711444682  0.15805978903489595  0.16903030508400468  0.18130102194255712
  0.19299906382784954  0.20375200715743977  0.21375444345727096  0.22350242066104009
  0.23425938434839616  0.24892063401342618  0.26565539710171426  0.27811014050833960
  0.28777447715466453  0.29708225013573419  0.30663246799927235  0.31677895580112603
  0.32703704022813329  0.33809779250273103  0.35071581514019301  0.36334518874412697
  0.37519609904700135  0.38560635651101399  0.39488292504470651  0.40458362839594980
  0.41489078632551030  0.42617367105764781  0.43842302466181732  0.45026889742714532
  0.46221170766820568  0.47497541164109319  0.48870661681307243  0.50275527233139272
  0.51661943148820411  0.53184219607469230  0.54579441035701926  0.55996140421040130
  0.57431780549711953  0.58817586324177951  0.60149942340942320  0.61463155550346626
  0.62743809742735368  0.64046679279034047  0.65409383170368751  0.66454476354707259
  0.67491416860131748  0.68501946982239970  0.69509642711141839  0.70638640212406645
  0.71694268966832664  0.72526226435758179  0.73556175097035381  0.74608366405751647
  0.75706743851652669  0.76812730247552341  0.77819195542314490  0.78841410857952332
  0.79917698647685553  0.80935546229357380  0.81714174459028366  0.82374428168850256
  0.83093517776874570  0.84004512044352020  0.84987029755696752  0.85907755413137932
  0.86827610549559908  0.87842342655181826  0.89004550591138931  0.90148897913626702
  0.91368131731954461  0.91929214672620152  0.92556525931808242  0.93254727199273890
  0.94002663476730064  0.94659030544452305  0.95278971295492421  0.95898418667821450
  0.96627306056901563  0.97422848815078456  0.98193891747962625  1.00000000000000000
 -0.01009876575140039  0.05779263766647710  0.09552460630379225  0.12933074500980432
  0.16797321834737211  0.20380510745766162  0.23812797335428881  0.26505066730051674
  0.28628411551938082  0.30805202426987738  0.32956361182803096  0.35155908520959794
  0.37416484492652546  0.40242635867670473  0.42444737313528624  0.44014873530433590
  0.45486545970055603  0.47112871995450389  0.48934009882385165  0.50947093587102610
  0.52526887957324431  0.53929997759722448  0.55252820050145268  0.56765413519666785
  0.58345989075143756  0.59726623139190738  0.60952574604829013  0.62064415803220230
  0.63177436558192068  0.64486055876992543  0.65931551731844507  0.67226798962173639
  0.68379507570216869  0.69500436804090127  0.70690886031678202  0.71844986289093726
  0.73017864438678570  0.74289211395757393  0.75390668941371564  0.76440972785160000
  0.77403292304422278  0.78506379986344177  0.79498218190391212  0.80505617351309078
  0.81469781679237518  0.82486451064468302  0.83364835232346723  0.84106854463442215
  0.84725128301383379  0.85273512962519848  0.85819475396764988  0.86370224383507277
  0.87007659588252295  0.87807927981060185  0.88615708538599580  0.89354709851202951
  0.89978337669406883  0.90524927216214668  0.91031796471837645  0.91513899186372938
  0.91983182372846783  0.92472399277946771  0.92878670752809889  0.93275796540775990
  0.93641222040414840  0.93988088117722346  0.94361643496780845  0.94732032674824485
  0.95077338090440788  0.95408863725786053  0.95732831286261211  0.96050087280543228
  0.96333303430711215  0.96579067292681864  0.96820915307926025  0.97073246446936445
  0.97354004722927445  0.97640894372949416  0.97909954426139656  0.98162520375144380
  0.98403717232552934  0.98620242621796372  0.98801289100637613  0.98953274203870256
  0.99090569746521140  0.99235710721144421  0.99381301757786444  0.99507356717929707
  0.99596288829095747  0.99654114869386623  0.99727191439842433  0.99790840923689039
  0.99843618843074378  0.99891905923927327  0.99945681854048118  1.00000000000000000
 -0.00220385913782824  0.00824114324985105  0.01890428006974893  0.02859752137359524
  0.03996237601957421  0.05062322009786130  0.05997399554795525  0.06923356536859664
  0.07926507096086853  0.08959591344347326  0.10059873956005991  0.11210001373202295
  0.12344571172687842  0.13545670218305281  0.14632087436164387  0.15260455992481292
  0.15818202328065487  0.16419938622857252  0.17059541663094721  0.17663795058541251
  0.18267885551546564  0.18890824876106363  0.19726451719750449  0.20861327897275322
  0.22021442967251270  0.23179681630835544  0.24145489706809667  0.25163618051495246
  0.26275527216514533  0.27461809317317681  0.28727510288482494  0.30061319746615883
  0.31329093037591738  0.32392756476467399  0.33407960177362656  0.34512046794855883
  0.35810438354282037  0.37081214078273439  0.38416053839342429  0.39991525512636367
  0.41443419256466174  0.42786292912210849  0.44191805287009944  0.45552935215549767
  0.46558536808592943  0.47447311903853329  0.48186178055586842  0.48912633037029385
  0.49504523672209361  0.50168930331630368  0.50960329360600232  0.51732864268232603
  0.52649983674101763  0.53904548081761294  0.54733532368885540  0.55604318777835404
  0.56503849080142088  0.57501891472282030  0.58746775709441579  0.60080760540193312
  0.61388879452093037  0.62666152675358655  0.63932710813306604  0.65305493264137171
  0.66605064501985689  0.67615739499497240  0.68596132030366486  0.69487354344668817
  0.70380175102075915  0.71316093183351226  0.72296616960546478  0.73043948447223483
  0.74085364743852500  0.75132744277256946  0.76280412608473269  0.77547746168356368
  0.78728164970811698  0.79808275723104016  0.80825054698683774  0.81802611106250911
  0.82801387243475166  0.83856751505547356  0.84839185053769095  0.85921467917464156
  0.87064408657343229  0.88183872932135088  0.89336746734502948  0.90511585217556079
  0.91690860253674134  0.92899225518213646  0.94150487975250541  0.95250996021721801
  0.96449570245790117  0.97713974186781472  0.98913753345061217  1.00000000000000000
 -0.00288893653607185  0.01139782011313181  0.02589669916668488  0.04041362734101041
  0.05531064243857645  0.07200345081093000  0.09042929487147688  0.10779995260130104
  0.12161997054782504  0.13417019683678882  0.14534877405649327  0.15598671432957670
  0.16534563988976519  0.17361170082831001  0.18114783461578857  0.18912664451547803
  0.19891259930180014  0.20986309567551253  0.22438330706604667  0.24078455233526952
  0.25751201973455673  0.27423412572435818  0.27923789002086635  0.28396875198334037
  0.28932883773333345  0.29464991019283715  0.29988898089463090  0.30531094651158491
  0.31108242819017562  0.31736339408822251  0.32297931442602318  0.33078262774352596
  0.34098633812949319  0.35221625492737646  0.36383736169623132  0.37547125063725190
  0.38710463868871220  0.39895734476897954  0.41092401645919047  0.42211905100513347
  0.43172907437368219  0.43990379317377004  0.44865118769321521  0.45748132137456560
  0.46808674562988850  0.48049770204262260  0.49056068044583889  0.50244470337793601
  0.51333997080028726  0.52382076437967484  0.53675937370364668  0.55208167905164529
  0.56566109036140644  0.58059410412360168  0.59422100082694396  0.60761932646688177
  0.62106112488250398  0.63412379916385853  0.64677375031688678  0.65996174715205869
  0.67250609262423422  0.68478797155284632  0.69592320322482870  0.70506633078037073
  0.71341753966233390  0.72121992396400381  0.72837622165261928  0.73673468356338201
  0.74603870625570234  0.75722667219091500  0.76980139121392599  0.77812716300183704
  0.78526691933150938  0.79325289333822990  0.80150275170027607  0.81017728258192656
  0.81971033308839181  0.83104456267469118  0.84435983009233695  0.85866512237456949
  0.87124885748998959  0.87972953160929812  0.88597600413639610  0.89153123106298315
  0.89669346799874605  0.90201870956524965  0.90890900671781905  0.91640325834957470
  0.92358871685182964  0.93011320352899307  0.93675229756321343  0.94782669420329180
  0.96108039126182376  0.97414231190053102  0.98678721948532955  1.00000000000000000
   1.4581087753157045E-009  -1.0000000000000000     
 T T T F F F T T T F F F T F T F F F F T T F F F T T T F F F T T F F F F T T T F F F T T T F F F T T F F F F F F F F F F F F F F F F F F F F F F F T T F F F T T T F F F T T T F F F T T T F F F T T T F F F T T T F F F T T T F F F T T T F F F T T T F F F T T T F F F T T T F F F T T T F F F
