  0.00028188911044730  0.00037348946236824  0.00044317703094297  0.00050888643748494
  0.00057209799758915  0.00063788375537820  0.00071412995387928  0.00079684305226703
  0.00088205535986058  0.00096410020211436  0.00104449491353110  0.00113377868870204
  0.00122708360458069  0.00131580655888048  0.00141573953074943  0.00153122790704324
  0.00167655910241523  0.00184573937604514  0.00204020430659080  0.00225336246159152
  0.00245583850249142  0.00268355372236772  0.00291610800268989  0.00317260526454060
  0.00345741538531016  0.00374775495804907  0.00409291350865809  0.00448618638608629
  0.00485911932303660  0.00520309933916344  0.00556375261382403  0.00594632930141181
  0.00642155954098225  0.00690579353804159  0.00734128350603967  0.00785425936609927
  0.00827783385969574  0.00868958021783595  0.00920117271299861  0.00984822280059206
  0.01057857922778245  0.01141018514829280  0.01235543336248552  0.01336710039638933
  0.01440922334020624  0.01546448593184512  0.01639981463122541  0.01762830731087542
  0.01910572765315659  0.02085812805215532  0.02219759486882910  0.02341362613203793
  0.02459571642184626  0.02587204690158284  0.02746094744359472  0.02889789967152630
  0.03033825059816188  0.03216693891018807  0.03437170851388463  0.03702984008073534
  0.04018270082195056  0.04330197284427869  0.04662217144755659  0.05063942153075966
  0.05478054409575411  0.05951833905858710  0.06461980117342928  0.07005063097124412
  0.07534075825396376  0.08075995710272910  0.08679526367614143  0.09398103940418662
  0.10151809790321656  0.10907260904690629  0.11636443821612896  0.12298113527161299
  0.12955437572849759  0.13787313595850823  0.14913781608986021  0.16532243066054772
  0.18298509682446898  0.20161974826343071  0.21835090394928075  0.23593478750961133
  0.25228892511870743  0.27571936583380358  0.30281039582108715  0.33176255184616527
  0.36279891309287554  0.39840340454140277  0.43859630795376570  0.50277036553343868
  0.58400043486809294  0.66389220746350985  0.76036809996013988  1.00000000000000000
 -0.00243138147083008  0.01299764688187439  0.02768659729280175  0.04241046734479662
  0.05724536938330921  0.07074699295105939  0.08256998172522600  0.09306547509125179
  0.10311413192876298  0.11314929276124880  0.12288872390932522  0.13261196154466318
  0.14222754857404604  0.15142412201799832  0.16102581311240577  0.17115244347297345
  0.18215708384282261  0.19334669159146309  0.20652260927080907  0.21888755491356571
  0.23116036644508559  0.24277960282379746  0.25367152558259032  0.26339032725708572
  0.27216469321920800  0.28098765187188490  0.29065831190097241  0.30205804006487957
  0.31360409934978356  0.32721047649847468  0.34082414732781263  0.35235181147462108
  0.36255204243800931  0.37155031246037357  0.37821100907343169  0.38418816309703452
  0.39129302062627525  0.39912729420520310  0.40682786384515757  0.41452720555169797
  0.42291856982904374  0.43160728520233649  0.43973463870631618  0.44582530091187395
  0.45250014310887099  0.46058091505023113  0.46987864686180170  0.47810866473506147
  0.48573676781122699  0.49310112486105151  0.50117690757875077  0.51111509481621065
  0.52186389733274152  0.53219712305595090  0.54129582749561789  0.55027423962942601
  0.56053497974998856  0.57305348264654554  0.58520946100324722  0.59816174605928796
  0.61056032728677423  0.62356423137497197  0.63536490788790068  0.64702498114899765
  0.65910289656535792  0.67099995297945469  0.68240685448289973  0.69407359901522825
  0.70609267670643827  0.71825706678018419  0.73055525633543938  0.74180731422303514
  0.75293079786800410  0.76373093994790731  0.77574514767965941  0.78849751063970663
  0.80053093829406907  0.81172730384866187  0.82190647831646502  0.83202806420721764
  0.84247135776044924  0.85371529858367101  0.86659040162934742  0.87865470048367078
  0.89066547696122689  0.90296471719305049  0.91505806787213495  0.92726220754512001
  0.93858329287506814  0.94604389705131076  0.95298003071009973  0.96106702490114559
  0.97059677966640190  0.98036887139743834  0.99003359754638187  1.00000000000000000
 -0.00067263431997268  0.00110314289980799  0.00299011849024146  0.00509951704656684
  0.00739698679790198  0.00998978276389747  0.01294689487212376  0.01619809964320796
  0.01964212058314153  0.02352258584875607  0.02814936507625799  0.03289453905696482
  0.03849708159044644  0.04559417169648182  0.05379010181725953  0.06230760217419366
  0.07258585451188870  0.08427886604606982  0.09633766879568727  0.10990604582523593
  0.12593848568332019  0.14575938906929309  0.16767131246906233  0.19109088710339001
  0.21438805025052260  0.23835759915358423  0.26307466443769584  0.28966617066403622
  0.31828517344887636  0.34631012178413006  0.37579415634904739  0.40514210704946407
  0.43164443043666095  0.45451811612543230  0.47556911698469967  0.49697925532818793
  0.52366913245991742  0.55064118768801495  0.57432719467707971  0.59778311737589662
  0.62377331908480349  0.64846332227115489  0.66949901046727012  0.68967093129527468
  0.70911320242124598  0.72642404972716468  0.74242103549447847  0.75619329676810365
  0.77063845526071451  0.78629334782837690  0.80194241306244762  0.81481785210557978
  0.82653278307234268  0.83821953699902751  0.84987614531589339  0.86123668752656701
  0.87301621967399179  0.88280463938017595  0.89173994648711519  0.89973083634166373
  0.90701589179167397  0.91461594653451006  0.92045681876335084  0.92539337039851166
  0.93057373654342257  0.93587557770766816  0.94073696842141330  0.94516260883676384
  0.94943416848771389  0.95337973053750547  0.95736228742722440  0.96054915427382437
  0.96368874413771233  0.96676515877654245  0.96964833542795759  0.97221725509690449
  0.97447169188742433  0.97656916006046990  0.97861467800269264  0.98064218477799836
  0.98248885446432133  0.98418427575718648  0.98574334884631809  0.98718630231151405
  0.98865466233113342  0.99021252819626049  0.99166880459796303  0.99292720461424067
  0.99405638124267304  0.99507420009144054  0.99603653561604744  0.99696508609052292
  0.99774474878011399  0.99852013153490393  0.99926006576745197  1.00000000000000000
 -0.00301191958642382  0.00896522309152297  0.01927573183629009  0.02837833316220673
  0.03711756112507592  0.04665421399463069  0.05567349320264935  0.06468155278740249
  0.07366297988528071  0.08277978228127141  0.09310787114692315  0.10500985232398309
  0.11672863788832269  0.12847730221765227  0.14036479327221876  0.15179788619749673
  0.16262296438892901  0.17451436150659863  0.18735100947788777  0.20071066663523437
  0.21540911340252042  0.22976206463804189  0.24000537131455424  0.24930166267934861
  0.25849646090234951  0.26789773810600281  0.27726209119365641  0.28748345450731416
  0.29976035219911423  0.31321125071625910  0.32756053386744710  0.34170112756760429
  0.35675370344906271  0.37132080030163722  0.38475794335815350  0.39810970531564949
  0.41024614760371686  0.42165611081874682  0.43337988744439693  0.44506322401591680
  0.45781271998005374  0.47081578064912621  0.48369321126270370  0.49702788206046200
  0.51052229173302610  0.52478094354820348  0.53825664147323604  0.54827532941940516
  0.55593801973817969  0.56415242207080629  0.57293587966026960  0.58208870654739542
  0.59147168994097499  0.60050950392804348  0.61052019632816790  0.62192818016722462
  0.63392724800302647  0.64614794016694810  0.65886298474972493  0.67060765454214288
  0.68042090443921510  0.69010513953430785  0.69972135503881427  0.70954035037670682
  0.72051263219848050  0.73172493967974339  0.74598256122446394  0.75770305305417041
  0.76828634347458513  0.77947532153805288  0.79202777507857047  0.80131502302405244
  0.80945758228181719  0.81599141749633908  0.82181854356967932  0.82965561613317862
  0.83750291043651703  0.84446530462459979  0.85123736505231140  0.85811143966524439
  0.86549001998584940  0.87287056374433547  0.88250719386978072  0.89199191213331652
  0.90053774616560733  0.90854999386808022  0.91653028799460068  0.92535493618293840
  0.93410503972571235  0.94045410541178376  0.94804070553174513  0.95603872661410783
  0.96387150435485314  0.97642924340959503  0.98860856034867750  1.00000000000000000
 -0.01109057759623058  0.07412829553967350  0.12479836830259386  0.16297299938996682
  0.19163324803530415  0.22063182503179057  0.24003514313371546  0.25595115411511477
  0.26875927187349619  0.28052495655814685  0.29391180576992515  0.30870340500718013
  0.32344011732890299  0.33802425515957218  0.35369007838512839  0.36811036447619794
  0.38266276242719399  0.39621295729883654  0.40928897039864348  0.42141838283544275
  0.43696391656404371  0.45100280321082697  0.46271150299240632  0.47337876911345583
  0.48453967894470651  0.49621121601393825  0.50773586213913269  0.51883494080634651
  0.52877985272284289  0.53814902338142656  0.54749004666585810  0.55536869451824988
  0.56248301607834106  0.57063139386139905  0.57908449510657201  0.58777121958135448
  0.59845095089594702  0.60879221206631629  0.61800142591230089  0.62694178011563162
  0.63616268391942854  0.64595067622688962  0.65621143546670879  0.66610822062141761
  0.67563621750452985  0.68466622540706257  0.69339341353157136  0.70168511752216167
  0.70998313022749271  0.71871378391858076  0.72670004821658274  0.73396529947081024
  0.74108222641083055  0.74875522111491910  0.75547041768885770  0.76187984163711975
  0.76811924362874251  0.77420022261552157  0.77971847352451118  0.78434913431239894
  0.78861514182807679  0.79297710017075584  0.79756325604364409  0.80313257860073572
  0.80950158658885396  0.81554445789944574  0.82173934142724148  0.82763964817664859
  0.83331121216195714  0.83800121947275019  0.84239460436300917  0.84685031356185037
  0.85162584925914575  0.85723457132304992  0.86312507654175596  0.86877351202522746
  0.87410105949774553  0.87971696515081543  0.88529518954424724  0.89027683203644847
  0.89515163421497790  0.90016393768454983  0.90571038194016007  0.91169614666166066
  0.91823841362063119  0.92584822644519804  0.93379955825168837  0.94072202808231831
  0.94725751057062790  0.95303154566427351  0.95828009543917947  0.96397353972445854
  0.97122633842563799  0.97970996014216261  0.98912264188956811  1.00000000000000000
 -0.00286916777094972  0.01174483981724002  0.02155172258104185  0.03167344125542946
  0.04206182538562531  0.05317970758293501  0.06509008695991994  0.07862632195980096
  0.09186978814381772  0.10450729243919760  0.11608378124191718  0.12768126013947353
  0.13902940995302254  0.14979661694756857  0.15703227176318904  0.16441634978176101
  0.17205911835025975  0.18056383231371304  0.19072740750082706  0.20027890681249363
  0.21085626867004933  0.22355815813910082  0.23493127347846660  0.24429900349615374
  0.25338507257871956  0.26220377540170503  0.27051903255912180  0.27753225905976492
  0.28483885365329409  0.29189982509559986  0.30117261426196590  0.31421763073497599
  0.32532232695955526  0.33525227090811294  0.34483611898128619  0.35424493910090443
  0.36422648669152624  0.37554610317585951  0.38599184145492427  0.39537797831296606
  0.40491202137116139  0.41462637488698328  0.42998793521320461  0.44367481782703611
  0.45304201017825502  0.46063786074256929  0.46712778322817039  0.47467968086442064
  0.48285720385416492  0.49074440478083831  0.49861093790237121  0.50640228012399602
  0.51340880941717093  0.51994877191715949  0.52714422176001074  0.53525771352517304
  0.54432832604881443  0.55349537068188348  0.56289784207461901  0.57280504238635077
  0.58497878803332370  0.59952196602671293  0.61485298060811866  0.62813931577932036
  0.64105212471319106  0.65280855973453089  0.66313274301577374  0.67436909882076379
  0.68619043731051144  0.69811686559163244  0.70993477981443365  0.72301079601476514
  0.73736987128091513  0.74813635704838199  0.75727030889204561  0.76611327858873113
  0.77542861270292296  0.78590992525728909  0.79753317706985627  0.80957643845390359
  0.82309204264068547  0.83670220334051726  0.84980548172718329  0.86311012177809088
  0.87592776215687307  0.88679627154184981  0.89750314845454637  0.90819559114888682
  0.92051336309234988  0.93317295126971900  0.94422474718145810  0.95502345249938103
  0.96659585637815315  0.97806721457908230  0.98853526952404336  1.00000000000000000
 -0.00112734597742315  0.00697869590192540  0.01434483073398615  0.02267333806079033
  0.04818006392132566  0.97614769058516582  0.97931197911151879  0.98003914888398158
  0.98108890296610185  0.98401627830300464  0.98534526590232552  0.98609108455868388
  0.98668088416305311  0.98765282419789457  0.98899792222007832  0.98970993407104024
  0.99031658023384284  0.99081269231962898  0.99124423575579979  0.99163174233312812
  0.99196386993216124  0.99229279712653262  0.99256898467455612  0.99287618232098096
  0.99314697720968026  0.99339215865254404  0.99362736968882193  0.99384505565415415
  0.99404345771515723  0.99424317734030088  0.99442606447385240  0.99460618950665991
  0.99478233295217777  0.99495670459020735  0.99513005353192652  0.99528763828328459
  0.99544021425871720  0.99559012819590553  0.99573815206710514  0.99588657502019118
  0.99603677645679589  0.99618704535536362  0.99633530730836883  0.99647692157815060
  0.99661148351544093  0.99674269149904715  0.99687668132416063  0.99698873366214069
  0.99709876549971699  0.99720671045768827  0.99730867308845139  0.99741379364732796
  0.99753577110003289  0.99765338699063666  0.99777167388146548  0.99788716686320522
  0.99798090817538487  0.99807396217150557  0.99816515451470011  0.99825195753885987
  0.99833660553511072  0.99842019627695888  0.99850228938694252  0.99857721282256218
  0.99864645820659170  0.99870789838728224  0.99876807459407668  0.99882719974142220
  0.99888568270239042  0.99894396806219021  0.99900200162697872  0.99905841165715459
  0.99911411803379924  0.99916894002477896  0.99922191802400429  0.99927198324981636
  0.99931893039071018  0.99936331762243336  0.99940621501006310  0.99944864665774857
  0.99948905472277905  0.99952928052099888  0.99956897762993357  0.99960865937294463
  0.99964756435284829  0.99968646891846780  0.99972477185932329  0.99976306735597231
  0.99979830501963007  0.99983336160790603  0.99986365736537253  0.99989202355919160
  0.99992038975301067  0.99994698532019000  0.99997349266009494  1.00000000000000000
 -0.00231226850502618  0.01156294904117081  0.02255877746223337  0.03365947276077209
  0.04566315419300046  0.05941450172892333  0.07272475913031111  0.08334475095869032
  0.09137166300694491  0.10005649442555536  0.10901643783541404  0.11781509036182322
  0.12705573581547672  0.13623108596436437  0.14619350083959082  0.15822274297720337
  0.17005784894402379  0.17931405980591453  0.18793106182593255  0.19774707355553947
  0.21017490939882932  0.22378440261829541  0.23757998036025721  0.24909017660531355
  0.25945040470411468  0.26834818696567192  0.27591173075720543  0.28411427606445633
  0.29304537299769229  0.30250928623521328  0.31194940883759814  0.32172701525673975
  0.33256780787102158  0.34284887818280890  0.35282391095676618  0.36248747583938817
  0.37246296916230154  0.38110963113239371  0.38828649010128558  0.39531986080285364
  0.40449272022178995  0.41458862648019423  0.42358153824820999  0.43257875966711984
  0.44249805673853665  0.45379243879177550  0.46625264316747572  0.47870598919803037
  0.49214570574466859  0.50504181477713317  0.51485375982878578  0.52269502908988708
  0.53007828587966566  0.53740871487735886  0.54615233982214750  0.55584440267488011
  0.56606545838474387  0.57722429398532937  0.58944198788269264  0.60253550070871043
  0.61573924542824932  0.62872775394553138  0.63972059396820347  0.64811528439993160
  0.65709427752415805  0.66574725556264847  0.67969531112207138  0.69234850058404251
  0.70357397883229356  0.71491505833852909  0.72661864748035854  0.73836418426162831
  0.74871823847252039  0.75930673870461041  0.77082557362026105  0.78349198791998409
  0.79612410141096002  0.80800244679868805  0.82035080424985418  0.83332084234315595
  0.84567483587992320  0.85665526711785467  0.86736581254470679  0.87884469406511312
  0.89192496866655846  0.90427979976984230  0.91570810855046747  0.92770170879927560
  0.93960240239708825  0.94992357732738808  0.95937968446875521  0.96807217076008278
  0.97608535801055485  0.98370825272340112  0.99164497948549513  1.00000000000000000
   4.6156894428612643E-010  -1.0000000000000000     
 T T T F F F T T T F F F T T T F F F T T T F F F T T T F F F T T T F F F T T T F F F T T T F F F T T T F F F F T F F F F T T T F F F F T F F F F T T T F F F T T T F F F T T T F F F F T T F F F T T T F F F T T T F F F T T T F F F T T T F F F T T T F F F T T T F F F T T T F F F T T T F F F
