  0.00014251003870009  0.00545418763668469  0.01182559919312329  0.01845519578595065
  0.02514704016264241  0.03171957389593917  0.03817717109557916  0.04460265743520750
  0.05091846463563745  0.05713925035474154  0.06324189089422400  0.06926455447777442
  0.07526693844630264  0.08121576307399550  0.08711119502285519  0.09294863773522036
  0.09872379111646788  0.10448911766354119  0.11020083291329877  0.11588992202773025
  0.12153861703982631  0.12716816565915709  0.13279527427132429  0.13838099907194579
  0.14397433154074329  0.14954319823734555  0.15512007902498379  0.16067699393823073
  0.16622504630087939  0.17179078356492078  0.17733428326462464  0.18289138810886166
  0.18843633024621928  0.19394419378167810  0.19951922597328112  0.20513617983885524
  0.21074962638946559  0.21643832339716110  0.22214356872654339  0.22781442178275452
  0.23346722165089426  0.23921649233199102  0.24499060850566309  0.25075011899683602
  0.25655251906736154  0.26241870897484615  0.26835614061962931  0.27428764195265731
  0.28030348890989509  0.28642302648836609  0.29257241536558493  0.29867446080189125
  0.30475947237734136  0.31095891255241126  0.31735047184016707  0.32378901312461256
  0.33025571144124671  0.33676182662471366  0.34344281973391061  0.35022915256815468
  0.35700301658419181  0.36384017062292906  0.37070990459529179  0.37797590597082376
  0.38526225654081558  0.39256332539565147  0.39997217382363881  0.40760603211573643
  0.41553829761039340  0.42363151016677969  0.43175443888072285  0.44012974222291096
  0.44873693732449671  0.45754964888427602  0.46649438415287697  0.47544109455202360
  0.48490354465336427  0.49471265326891389  0.50496544130116761  0.51542323211724050
  0.52636665914349678  0.53800742335587115  0.55013565510501683  0.56267490425940281
  0.57556020999285484  0.58994738194095309  0.60535970270527661  0.62124418632154177
  0.63916508517511994  0.65918792576173935  0.68147123730996373  0.70735057129999424
  0.73893253123696045  0.78133644807360658  0.85025381792185384  1.00000000000000000
 -0.00228500845703979  0.00941360278196365  0.01960317188332055  0.03045428120878628
  0.04119263355709671  0.05140455248699639  0.06160127208420346  0.07211824724099550
  0.08298289923350032  0.09380409879898133  0.10467623762909034  0.11510412465999351
  0.12530743794044302  0.13551113950651392  0.14593187402183730  0.15673533802621453
  0.16785767116721306  0.17920448291287269  0.19031089172067606  0.20117552770980179
  0.21202496199346885  0.22241850391981394  0.23281009011547285  0.24282326837459736
  0.25303368936984327  0.26341457786563433  0.27423824731286883  0.28549980444493850
  0.29575104359562254  0.30572546186726735  0.31587012016656030  0.32674017467422695
  0.33739356373554075  0.34750819313783726  0.35793384736396872  0.36843081715204951
  0.37848645370846079  0.38794144027442468  0.39781552268314813  0.40806881516057025
  0.41867677117957480  0.42910070628803759  0.43949781089381856  0.45002570334482395
  0.46059461554207942  0.47181337344159374  0.48294306627876565  0.49440148881870377
  0.50599359428696911  0.51730097399739194  0.52843218061160979  0.53925173888151479
  0.54992485367247612  0.56046507698100467  0.57101123222516892  0.58165067677211280
  0.59235846463102082  0.60319676544834788  0.61354889557923853  0.62395507253263227
  0.63432434111122848  0.64467566563940493  0.65494677196039575  0.66527954153747426
  0.67588695281099276  0.68652360369002396  0.69737515750374046  0.70800427744197736
  0.71810086883269342  0.72801268135596620  0.73806069456927004  0.74833669150258975
  0.75816519088314460  0.76805304894045667  0.77835443597699006  0.78894220215340738
  0.79970035869455092  0.81044578703307024  0.82127112257595747  0.83232188723891509
  0.84358569761057967  0.85509519639048037  0.86583313900996439  0.87649680343984449
  0.88689429764963967  0.89732831798785773  0.90722410016874699  0.91713611165036002
  0.92677854276287841  0.93660636966356070  0.94708654381365931  0.95769613403421716
  0.96801596221565911  0.97855448773349041  0.98917303781659704  1.00000000000000000
 -0.00221885870819037  0.00962064030440575  0.01927324615550581  0.02963032763126101
  0.03964116930391882  0.04980804827893887  0.06027362187128913  0.07110900848531496
  0.08193134744144624  0.09232687747756438  0.10288194044713259  0.11297568131690448
  0.12291974356191139  0.13313009790512551  0.14371399460529349  0.15415164616664129
  0.16439254461097685  0.17495239513190644  0.18553466001246324  0.19628009124349685
  0.20714872735877504  0.21866588483482766  0.23032733879367318  0.24132480174617901
  0.25235642945326298  0.26319338288428945  0.27411253489322146  0.28488052920483903
  0.29541640935117519  0.30588336110489411  0.31611762574867946  0.32618731358094849
  0.33609071661132756  0.34615144612770726  0.35609204698796332  0.36614788197386072
  0.37625915240036378  0.38659297172233337  0.39698441197611084  0.40746094515859088
  0.41829658627165012  0.42966236023774201  0.44072065928352805  0.45091471310991510
  0.46106238200877231  0.47171054090306347  0.48244841040094033  0.49268825974388375
  0.50313174354731027  0.51434581533549473  0.52524533821115948  0.53572659387523214
  0.54686909400632289  0.55900648007597631  0.57018843001571817  0.58146050842808961
  0.59281568392370299  0.60434631155229912  0.61571822451901725  0.62656082075532160
  0.63719619427405161  0.64774446534451624  0.65839677692367504  0.66914942957689449
  0.67982453780657059  0.69018409256412383  0.70046281213453154  0.71085769220955808
  0.72144857041253119  0.73192671216027805  0.74233178284510482  0.75297113374549896
  0.76371429840169147  0.77434948095693856  0.78478959630111145  0.79504090050634235
  0.80515781698265398  0.81530082618111543  0.82556287814505547  0.83572462550332749
  0.84574732846386591  0.85583958664900417  0.86626722524530209  0.87669379563197958
  0.88679006489971746  0.89641519629876365  0.90614522888526594  0.91597109818061828
  0.92653159070915969  0.93679934614102145  0.94702675580540341  0.95707809343332240
  0.96813117246772273  0.97919795341031723  0.98978854656973669  1.00000000000000000
 -0.00219349061777090  0.00974919409391381  0.01970946997333704  0.03032875125926039
  0.04077241371012287  0.05157964033349498  0.06220709742116311  0.07275120422356424
  0.08345808230457268  0.09435543363269122  0.10532793316917664  0.11617689891527880
  0.12703378549101987  0.13788046297476231  0.14866431412341954  0.15946422971615362
  0.17047955873348214  0.18134663671502749  0.19282405087208529  0.20440682572518307
  0.21574358617948849  0.22695258810111635  0.23785030213048683  0.24866551662388636
  0.25918634455762996  0.26957517524094110  0.28006148490197924  0.29068814098795781
  0.30149859457873734  0.31223851670414998  0.32291256953888442  0.33351072752183147
  0.34408508150473410  0.35455048702294817  0.36496346389966394  0.37541573067991907
  0.38566965423950528  0.39596095283619726  0.40622646478265667  0.41666638825007962
  0.42766158055222803  0.43865976179522720  0.44949879365079431  0.45992457295032591
  0.47032928658925754  0.48095641546304618  0.49169509404213219  0.50251497265905121
  0.51324246200877466  0.52435175191702255  0.53582436308364201  0.54682086415565678
  0.55762428598188241  0.56828500168752771  0.57891282328229987  0.58948147251424454
  0.59988853266053288  0.61046366943475405  0.62089935755235193  0.63123607458798325
  0.64145256059276801  0.65172354245615538  0.66208178283513675  0.67238356609363881
  0.68263111350083516  0.69285887745497776  0.70323406140813771  0.71398308952726597
  0.72478680296231557  0.73553271227890660  0.74617028343764835  0.75680619721978937
  0.76735707613038973  0.77774846565903200  0.78812026801655144  0.79843356210881511
  0.80868379363828857  0.81888426442420315  0.82919134435524133  0.83964300420857441
  0.85016309860673933  0.86117346386235338  0.87196494025333005  0.88245775151789130
  0.89262578956234451  0.90286370326954246  0.91307926027438735  0.92282215671718204
  0.93249650612151902  0.94221333731766099  0.95216432830204567  0.96188022265019912
  0.97132954497268720  0.98061227253957683  0.99018717368197728  1.00000000000000000
 -0.00236249832138559  0.00902792011120303  0.01878664525736382  0.02899266757088560
  0.03907083998367307  0.04960954693593792  0.06013636887796765  0.07049654993637229
  0.08073215483146096  0.09112804159368049  0.10136002880999827  0.11132658001886600
  0.12116386487313652  0.13147411480845420  0.14207871322316934  0.15280051309987217
  0.16359689722980847  0.17426456619722655  0.18468123593781940  0.19514017193910047
  0.20540339850523520  0.21546104518333847  0.22524774987983295  0.23545500666923885
  0.24609026148667967  0.25684801551074798  0.26746388881165289  0.27804503368929023
  0.28845924129524875  0.29850124711372389  0.30847154756912826  0.31880080371318387
  0.32958160537186981  0.34083695439051831  0.35210305096030536  0.36351754726489355
  0.37465789573980557  0.38564962136411701  0.39670837574853007  0.40782744006937377
  0.41888999822495593  0.43019733789657127  0.44152397641045538  0.45251440591597442
  0.46354764055359599  0.47447488103986762  0.48503643858199302  0.49507117618057961
  0.50511824481169487  0.51548988619015590  0.52622866961737846  0.53704168119339668
  0.54791582991630117  0.55895227846576656  0.56993201108708746  0.58080493863178362
  0.59142174059599051  0.60237498148987700  0.61393487863158946  0.62554799921753279
  0.63671142784806134  0.64739353305949432  0.65770623189850941  0.66778356226975200
  0.67765814147206616  0.68766986916692852  0.69766893394032248  0.70757816042548116
  0.71744295846314221  0.72726153802528914  0.73693930390893758  0.74674159699244347
  0.75699604911555762  0.76761981597315998  0.77776942920344971  0.78751869854633416
  0.79767687832414258  0.80820318802473812  0.81875916547365857  0.82938659997336739
  0.84064986163052646  0.85258139273672928  0.86397293417595666  0.87498816880504215
  0.88535741601835671  0.89560323936642572  0.90572254368806593  0.91603929555508501
  0.92648949265044200  0.93656251568515037  0.94724156580363061  0.95785232396140130
  0.96844418452622227  0.97923486663107961  0.98979678637300716  1.00000000000000000
   4.2668402328789585E-037  -1.0000000000000000     
 T T T T T T T T T T T T T T T T T T T T T T T T
