  0.00505548543140224  0.00518313765207727  0.00531875468428521  0.00546317635508216
  0.00560208118627047  0.00574377743682976  0.00589981060803121  0.00610074485654891
  0.00633156978501557  0.00656256780920894  0.00679586637684446  0.00703413748883243
  0.00729692095947882  0.00758708451622698  0.00791381094978841  0.00823770572004021
  0.00855843455629276  0.00887925695297218  0.00933629275878054  0.00985390568137165
  0.01042444625224120  0.01104027497324845  0.01168673437273510  0.01232212801804382
  0.01295375711271778  0.01359093733041303  0.01431769134909473  0.01508657466968602
  0.01589847347249849  0.01673289179737182  0.01762771811039954  0.01863588187019814
  0.01961434666356839  0.02064650632378594  0.02178884419272574  0.02310624233735254
  0.02448718043079705  0.02588604301517359  0.02739080110302968  0.02904024292038795
  0.03100521501110737  0.03334546516596745  0.03583481737940306  0.03826781988366942
  0.04056435881386857  0.04433645372113904  0.04901060302326545  0.05449368824449784
  0.06054325307617024  0.06843185512261178  0.07734793530758467  0.08752149331110001
  0.09902664287745373  0.11048690784702887  0.12205342133241831  0.13318988209265073
  0.14402096533606457  0.15594051246738166  0.16946789778412691  0.18363428630943734
  0.19716391662456856  0.20915640713173758  0.22194364996449548  0.23507627266111894
  0.25094368132693567  0.26598204440818346  0.28016522543379996  0.29501270327836532
  0.31102368979452921  0.32761783789159221  0.34398265720542487  0.36088301271083872
  0.37876304853383780  0.39737733772914069  0.41496359509389807  0.43308137823952514
  0.45397853782643066  0.47666699212853730  0.49860679768315597  0.52114626419677745
  0.54057755924034345  0.56156867495728635  0.58722601348310499  0.61486159456436151
  0.63901801460783092  0.66288586113222947  0.69047344490594065  0.71631273452765787
  0.74094584273976083  0.76719508686925719  0.79369843176535904  0.82051461782408730
  0.84603916090064168  0.87393767336608519  0.91847683164272476  1.00000000000000000
  0.32517746926998625  0.34049639696724426  0.34189294129601150  0.34922498264527746
  0.36828933185537410  0.38292018316772125  0.38564503143491446  0.38800133534437736
  0.38892475559604628  0.39005168840282395  0.39115716832469577  0.39330678472677005
  0.39510231824043340  0.39677294942327357  0.39825953879309134  0.39995300624768104
  0.40169448241032230  0.40300334414488542  0.41222466534683344  0.42961742591548785
  0.44717121870518783  0.46429566630587077  0.48039182803942981  0.49056319654868008
  0.49569489269963302  0.49691103798462172  0.49881914545392031  0.50053791306344875
  0.50219517909323430  0.50377756885863700  0.50531286720230373  0.50660352516617624
  0.50767835856450327  0.50874886178574907  0.50990759352626125  0.51150706004190882
  0.51310133290455306  0.51470776300476306  0.51634920867481393  0.51993807913433965
  0.52369477602210124  0.52852163790750439  0.53522065744240677  0.54437496808244146
  0.55363864523109485  0.56018328300839459  0.56435583866763261  0.56773392518368371
  0.57222743819178712  0.57762100881511502  0.58353512455273426  0.59045465329315938
  0.59552967309968396  0.60049847907780884  0.60600338780709717  0.61352903397164593
  0.62602740717530425  0.63566406063953274  0.64378653539834985  0.64995445844363864
  0.65428487091890897  0.65952775388846319  0.66545180988722963  0.67037679705355158
  0.67437963287401836  0.67920580689863441  0.68605095741968880  0.69449925783441346
  0.70031793709170476  0.70482800194747630  0.70926908111340703  0.71327179332662105
  0.71722942168334280  0.72148475454135574  0.72710725422937217  0.73626425234362358
  0.74567038593246870  0.75283291532544527  0.75948789179092435  0.76708287249130935
  0.77503429018496184  0.78412073012610806  0.79456722011076109  0.80579291994599589
  0.82178364220558664  0.83707196874780365  0.85000760429840450  0.86191144648791440
  0.87402497391566947  0.88624180082891446  0.89861104777406453  0.91229866706873441
  0.92808825721678767  0.94466062975106790  0.96520583575912400  1.00000000000000000
 -0.00239451026697206  0.01058779399139046  0.02064961320547314  0.02727351251732657
  0.03239867257860279  0.03702743526703272  0.04250359074673713  0.04867973937795508
  0.05365804687327450  0.05856634420560052  0.06602429046168902  0.07316043865486514
  0.07928602997003281  0.08648479710171526  0.09839253055392684  0.11195692192644789
  0.12696410099809549  0.13998926276234058  0.14694450909173018  0.15388236848866688
  0.15983034513204786  0.16543670400862198  0.17120349231183143  0.17720192819125438
  0.18641398238058299  0.19971282617194799  0.21197341400843733  0.22564519663974963
  0.23795307161415313  0.25059788211393114  0.26392244716389135  0.27786229995876027
  0.29329989349516589  0.30613403316857518  0.31751671026470629  0.32861399215794940
  0.34167713365453922  0.35580005401871234  0.36953753847180060  0.38269601670677428
  0.39597239595199168  0.40806634015257881  0.41938655417362847  0.42833827357441323
  0.43748703411096956  0.44752337852143764  0.45697057520859230  0.46660594859640808
  0.47527632443545537  0.48433076965923288  0.49337534213995632  0.50230648238097908
  0.51207597684397610  0.52648551916191599  0.54373842086884139  0.56015452893837758
  0.57506235447260767  0.58710372100785135  0.59570430409656594  0.60236929198909572
  0.60843980756219163  0.61483709532928987  0.62188549544849170  0.62885269501532837
  0.63571200387158322  0.64300634943879820  0.65219895339127343  0.66333230682483857
  0.67491225023286050  0.68513764808193434  0.69428351789791543  0.70292045285879146
  0.71062620980630353  0.72176976739192467  0.73477262416096445  0.74865442575978658
  0.76377038934417874  0.77945712768694497  0.79341587797901503  0.80684848515638807
  0.81992998945780660  0.83331329445902258  0.84613736449859467  0.85911291048906435
  0.87288636818157705  0.88518553623750085  0.89795561284082126  0.91027728308884159
  0.92158321392320663  0.93056382639856772  0.93896250248883639  0.94798202539148169
  0.95781553175873912  0.97025330911362273  0.98388953804272827  1.00000000000000000
 -0.00359084820031171  0.01375068526290662  0.02791093843521518  0.03988157617589461
  0.05333488624802101  0.06514538125995960  0.07570478495187720  0.08693046167964051
  0.09866390975538654  0.11029288424486636  0.12209849466346710  0.13248049748212765
  0.14326986464623553  0.15416448294541510  0.16425318641667538  0.17329033453157491
  0.18149204150226092  0.19037986549687283  0.20016074011415333  0.20957472289823359
  0.21511893376545521  0.22088004199986638  0.22613606239913864  0.23114129960680938
  0.23763760661212280  0.24529671455229171  0.25179025349665529  0.25637149340914289
  0.26109021481269995  0.26705276295082891  0.27811293021944450  0.29245924085197456
  0.30915996618599384  0.32365399700850384  0.33635577198583394  0.34860239022836192
  0.36197914095472483  0.37467250922006884  0.39043931628525969  0.40559471480664194
  0.41929208994847839  0.43251098105076702  0.44488035444682755  0.45660556809552133
  0.46922396463472682  0.48148567833605566  0.49489633772592567  0.50773329066647699
  0.51882304210936248  0.52749955413243499  0.53508796271799375  0.54338033218101134
  0.55173430291580305  0.56018378993420748  0.56876092954727964  0.57740060264321336
  0.58658142814191994  0.59819933020573313  0.60991175995406599  0.62107588959027560
  0.63236129154109721  0.64524453719366504  0.65865099120713644  0.67318014946739546
  0.68700665062596944  0.69928765454759634  0.71072079132977961  0.72187359545931595
  0.73404174037841674  0.74767590437057330  0.76293711076441006  0.77837234902309937
  0.79346878061716120  0.80527436170923361  0.81282807153193926  0.81961085060431316
  0.82634269946820238  0.83378055615705893  0.84072492770133067  0.84636704042384725
  0.85211295587156666  0.86049054272421288  0.87533639135585528  0.88550546681639042
  0.89362353302880870  0.90227856356785174  0.91256482524774551  0.92447798097231182
  0.93550894429264553  0.94744439698987359  0.95835270226530811  0.96773685513638597
  0.97652307651039683  0.98543418712502040  0.99292503698446855  1.00000000000000000
 -0.00308268778478783  0.01013959519260487  0.01983158813554021  0.02857971231403274
  0.03745843999210254  0.04684612382091616  0.05753755902031523  0.06942371828724750
  0.08046536432480843  0.08971333483614193  0.09899104103377948  0.10872196610615605
  0.12022773486470573  0.13402487350365008  0.14945366341628874  0.16461121600351097
  0.18056217910914601  0.19525674020335598  0.21002455946337970  0.22311475380112319
  0.23740347764227368  0.25248431628729495  0.26808519022681887  0.28335906555198231
  0.29444096981557999  0.29995531466877590  0.30634025406716275  0.31293449956058306
  0.31917717884009195  0.32501737836914152  0.33048584147092380  0.33586962617695443
  0.34129866404445586  0.34674470413024339  0.35104737955650445  0.35682468673103857
  0.36449803594701025  0.37377621784190618  0.38366961414087608  0.38965105303780867
  0.39443170782157544  0.39881271730632772  0.40312559098481215  0.40757867619880345
  0.41483644718097096  0.42919062774127026  0.44373803069674167  0.45741748341176447
  0.47048757569992322  0.48470309163389358  0.50137368603206500  0.51581855699437840
  0.52881353999821634  0.54096458506374989  0.55240992438629233  0.56315753725388817
  0.57516290971250450  0.58729585601659873  0.59782125438556222  0.60654904047468605
  0.61435406816639759  0.62124448042584424  0.62907647302600778  0.63835095468133563
  0.64836406869161534  0.66036477484501277  0.67312534141320790  0.68603405847087318
  0.69754951150329592  0.70774064979976836  0.71791523770539201  0.72813181145079908
  0.74088033954009902  0.75603057158766562  0.77151979295205930  0.78581548590126649
  0.79798677056429423  0.80866505886237672  0.81909303507845888  0.82890911744376150
  0.83794023985425692  0.84614690727550690  0.85515599268082088  0.86438399307741176
  0.87347139667813611  0.88421569362955632  0.89278850148187106  0.90340229181988829
  0.91668529866143733  0.93221331997017598  0.94504090195106805  0.95690520275929125
  0.96823661111066073  0.97928626589715584  0.98984600960382507  1.00000000000000000
 -0.00230569038819611  0.01060084786495347  0.02253924840321927  0.03486025024429713
  0.05023795590935477  0.06435701262742836  0.07727491048131721  0.08983619612845285
  0.10291075354825602  0.11625952228914900  0.12995923805006718  0.14401865854503590
  0.15671842835481017  0.16811212953838453  0.17790312570807193  0.18755727127281557
  0.19785791797766239  0.20871358992187503  0.21919599031993992  0.22707468146846524
  0.23813640096308450  0.24895928594189801  0.26124706269558545  0.27405963738868094
  0.28595168858920073  0.29466815236234933  0.29945149374591862  0.30570034476760793
  0.31255407450409262  0.32007057956170909  0.32749833616942736  0.33514431594260691
  0.34277157619790721  0.34922236756139280  0.35485080666927377  0.36289795937408648
  0.37386906518935342  0.38434375097387879  0.39407698339266845  0.40381695750122920
  0.41542508339433087  0.43004434703188277  0.44263636622797786  0.45282976041263701
  0.46181341598290898  0.47005566748863503  0.47799948402468900  0.48616913850192456
  0.49498938469704545  0.50768125033294720  0.52176655305766428  0.53501097709572798
  0.54610243991396112  0.55607058416213051  0.56529859350696932  0.57433404578031966
  0.58288823248064592  0.59179431104365121  0.59962088796032531  0.60943343117836324
  0.62303313429605967  0.63715173911097278  0.65176761993665822  0.66714859452931952
  0.68118685932311729  0.69459729826468053  0.70772204083658530  0.71977570074877140
  0.72975502035752005  0.73928382246521340  0.74989443620933416  0.76158886215879318
  0.77160790507235233  0.77994203441913801  0.78783093583551911  0.79554346447411040
  0.80329269369451817  0.81007258739158439  0.81678373494516465  0.82557245834914572
  0.84050891550489004  0.85473354534433288  0.86703261399386500  0.87833780024427155
  0.88906056104697062  0.89907053497730116  0.90728551060102469  0.91535291153842002
  0.92392146400168429  0.93139591423241708  0.94257186564918438  0.95419151317673478
  0.96549298270354111  0.97512822000487576  0.98621563896675402  1.00000000000000000
 -0.00420355520820559  0.01290543198735630  0.02715000924459714  0.03984602215161460
  0.05165805908461600  0.06264300416342145  0.07310122616120907  0.08507225840669688
  0.09975283836818788  0.11289881792847242  0.12304283536773865  0.13300573930184301
  0.14265857154767836  0.15224240958749863  0.16232714650818214  0.17251858275660883
  0.18279327403122975  0.19356317579678980  0.20643505106810667  0.22233570141116285
  0.23831341524641200  0.25265215374507888  0.26491611736677728  0.27456567215364908
  0.28300681662171140  0.29096971433762642  0.29827993566326844  0.30572236208052367
  0.31376485530453668  0.32207768954058091  0.33071187558902798  0.33997237350718368
  0.35044292312469871  0.35970722090552637  0.36826136334163512  0.37712755246693458
  0.38662103094030797  0.39795766497061064  0.41277138549359998  0.42930709975669673
  0.44303240992899895  0.45573243821231285  0.46810382690149210  0.48116150359220955
  0.49094547567566676  0.49925818855330267  0.50807869574882336  0.51707594267171675
  0.52750983024715326  0.53752090525051366  0.54768938634874531  0.55853428718235043
  0.57082851618901809  0.58429876944435144  0.59651814796339919  0.60276967216936161
  0.60986862387594232  0.61643162596215939  0.62243425265624375  0.62851629489413197
  0.63441704975581581  0.64291170082051985  0.65723352280139902  0.67285830098653199
  0.68904832510925640  0.70552793833999128  0.72051704632709934  0.73397299827374385
  0.74366666307546647  0.75218756725371516  0.76121751516048364  0.77143544084860094
  0.78199617291981594  0.79126641101635509  0.80204061636663460  0.81186185451571191
  0.81850550075762696  0.82471068071049436  0.83049680433229234  0.83618775268447931
  0.84164183339562815  0.84720661586661772  0.85242132945534954  0.85741832325501244
  0.86344033626671601  0.86926136672342480  0.87646637072524836  0.89019255053983959
  0.90443952678390871  0.91690763902167993  0.92870198422546246  0.94123912728931902
  0.95247410519514109  0.96422186357942341  0.97861996033878584  1.00000000000000000
 -0.00416706154945572  0.01388187426348087  0.02489278032195951  0.03529471326091629
  0.04592463361912236  0.05483263464124816  0.06315257602294615  0.06822488605207161
  0.07476686595096119  0.08092668578413832  0.08726936977232713  0.09317460990704247
  0.09895107438553787  0.10561174305116518  0.11312433645004970  0.11933607111562959
  0.12576795203478336  0.13978077857967530  0.15495124720144629  0.16622373544925145
  0.17670681460672844  0.18623076766134522  0.19357291050803274  0.20138500307572452
  0.20986515302488282  0.21796249700262296  0.22596113694095279  0.23344697028036213
  0.24049122219554386  0.24831609015860015  0.25940162087870805  0.27634290383301202
  0.29214449831787032  0.30433869032838223  0.31501435030454833  0.32655842782629596
  0.33880574048421513  0.35089943886261765  0.36349439735374905  0.37565756832546066
  0.38964670290838627  0.39564035257839586  0.40209273309275351  0.40871247993421478
  0.41566888471269225  0.42256661555743996  0.42785678758015022  0.43452347164596311
  0.44525659142835772  0.45940121631980624  0.47247370970894359  0.48684583690154026
  0.50053865921289975  0.51412212545283331  0.52765860865889713  0.54229712987552980
  0.55170755806878846  0.56142800040447682  0.57191335803794652  0.58175335490567226
  0.59123364937019696  0.60059594499703617  0.61415926198346671  0.62859935929580424
  0.63988470457809021  0.65146179636333290  0.66103949752994684  0.67008084459613559
  0.67919389797920304  0.69067867967185592  0.70431969647800263  0.71569530239444457
  0.72750839227469677  0.73860675967050571  0.75079418682665267  0.76462810273748238
  0.77862656998440305  0.79231797909396151  0.80416426344808023  0.81606651389082840
  0.82869331705738147  0.84060028804609932  0.85318291658510537  0.86555510029317373
  0.87688706680628681  0.88712540565208142  0.89681761607430321  0.90617248193999422
  0.91683731112255151  0.92670835810327190  0.93604679761642395  0.94565028934361550
  0.95557569425246391  0.96761884917482055  0.98234803665850046  1.00000000000000000
   1.4752796707389338E-017  -1.0000000000000000     
  <DiscreteSampler_grid>
  Helicity
  1 # 1 for a reference and 2 for a running grid.
  20 # Attribute 'min_bin_probing_points' of the grid.
  1 # Attribute 'grid_mode' of the grid. 1=='default',2=='initialization'
  0.0000000000000000 # Attribute 'small_contrib_threshold' of the grid.
  0.5000000000000000 # Attribute 'damping_power' of the grid.
 # binID   n_entries weight   weight_sqr   abs_weight
    2   4207   1.617678904787180E-017   4.798176861675450E-032   1.617678904787180E-017
    9   20   2.715080906167443E-029   8.808380559234242E-056   2.715080906167443E-029
    10   20   2.768762418511491E-032   9.917177688620466E-062   2.768762418511491E-032
    18   6233   1.922188567330287E-017   1.128124834307946E-031   1.922188567330287E-017
    25   20   3.799595671557164E-029   2.192162862503984E-055   3.799595671557164E-029
    26   20   4.622808416753953E-032   3.947587908880812E-061   4.622808416753953E-032
    34   2124   1.122400325915502E-017   2.885602538535113E-033   1.122400325915502E-017
    41   20   3.028137666070098E-029   1.124057650030549E-055   3.028137666070098E-029
    42   20   2.317734710883516E-032   8.407083195403320E-062   2.317734710883516E-032
  </DiscreteSampler_grid>
