  0.00006197015083716  0.00020105372718988  0.00029583268273569  0.00038079995476447
  0.00044701908830657  0.00052643559541085  0.00062919461813063  0.00075139568749222
  0.00086645186810194  0.00097635605670904  0.00108200150753635  0.00117185637903889
  0.00129362677496757  0.00144025507918099  0.00158959283013508  0.00174069007094792
  0.00189576954199109  0.00207299580412952  0.00228553264329492  0.00250677223128010
  0.00274480180431804  0.00300098833283273  0.00327192378825845  0.00355364290518673
  0.00385417952338732  0.00416615203626916  0.00449697687750844  0.00487411884725287
  0.00527661347150011  0.00575858369278025  0.00629644742237886  0.00681307163144508
  0.00731388820517521  0.00770592976359655  0.00814784359887622  0.00856212775360292
  0.00900561266714073  0.00950768366264525  0.01008342842857186  0.01067004182485836
  0.01138935894170779  0.01215449563707358  0.01296061008039108  0.01367686559490885
  0.01435148871234008  0.01507440290654718  0.01592215342130156  0.01683770796637581
  0.01759319754732728  0.01840252641328321  0.01918477896434241  0.02025199279074659
  0.02141369236251106  0.02266474798734096  0.02388527634778013  0.02522419446295626
  0.02666980066231464  0.02774576371788239  0.02872188101537165  0.02986691574048453
  0.03096567125780222  0.03192888259237312  0.03299583751381172  0.03430918955556516
  0.03550421116253965  0.03682127180511394  0.03958182703087339  0.04365242664933851
  0.04759403871019338  0.05092766214647886  0.05393539548517320  0.05763197605096803
  0.06157016995266437  0.06597320142115141  0.07165625234160335  0.07908758793894444
  0.08759137835692000  0.09595349591128316  0.10421447341031302  0.11140450463913178
  0.12044711605595504  0.13169114895981765  0.14553404504816264  0.16107079270528080
  0.17657014649828021  0.19329782047320529  0.21306959817798030  0.23121717042670464
  0.25250672300190291  0.27565205714222790  0.30093535738416693  0.34371633026460491
  0.40254805571048746  0.46943889512039955  0.57532889077039295  1.00000000000000000
  0.00008272043723482  0.00032168157166870  0.00043776376956653  0.00053162918773042
  0.00061120458730947  0.00068876195986118  0.00076238222153832  0.00083557181251425
  0.00090600328106679  0.00097131787847665  0.00103339646410665  0.00109789830426852
  0.00116042500724663  0.00127616487829709  0.00142052315401499  0.00157216189478100
  0.00171891402095039  0.00187302396414142  0.00204758316446423  0.00224357525474035
  0.00247423643333273  0.00270313283045807  0.00292717926527037  0.00311011964975167
  0.00330189328790180  0.00349411693662522  0.00372004396132048  0.00394591319518433
  0.00417670218567801  0.00444809015213984  0.00476514020867949  0.00515155497904205
  0.00555972149911078  0.00595819444772983  0.00629563791392956  0.00664852377588236
  0.00697454831017395  0.00728109902044534  0.00760345847991472  0.00801918952241973
  0.00859635552689014  0.00945327138626795  0.01048351804718792  0.01142846413380134
  0.01221325926531417  0.01288930945368032  0.01347783386108818  0.01403288351117893
  0.01455581353412524  0.01517983229435601  0.01594201476127645  0.01705559677622182
  0.01844227879977124  0.01994810181330910  0.02159523255397110  0.02336845066020573
  0.02526354236348967  0.02748861267507067  0.02997989477333593  0.03278130853413056
  0.03588344755795963  0.03819811049585395  0.03952556751769135  0.04073355145718437
  0.04188809142895456  0.04278230964569918  0.04459542033037403  0.04690542635686043
  0.04886394159490732  0.05037939820637408  0.05329995502906233  0.05867125150443057
  0.06407781774703772  0.06812690676755004  0.07307924174438050  0.07836707839934788
  0.08317561225396640  0.08842079464760395  0.09402843744765416  0.10098424617039527
  0.11283463418824781  0.13022021008217560  0.15280434105244514  0.17704265504929687
  0.19993771765798393  0.22451215140878586  0.24943627437895829  0.27761025068302053
  0.30972294101916975  0.34419825367891937  0.39319187852936832  0.45794025673456568
  0.52717266122573203  0.62325277992478767  0.75385077381544574  1.00000000000000000
 -0.02691843035411471  0.09211097157730859  0.18607679463752261  0.25045859063213755
  0.29262248458282947  0.32302876125530888  0.35379394535647285  0.38484259514985814
  0.41292100583347557  0.43446858977311276  0.44820706053748161  0.46344933359419466
  0.48256808456867395  0.49287724294724750  0.50558753341332252  0.52094329656034810
  0.54904634723145607  0.58287644864055288  0.60489141389212087  0.62809025673786290
  0.65066188581227091  0.67373695476109052  0.69473367170845701  0.71083821617841936
  0.72771463058451924  0.74743532860383144  0.77037638982070789  0.79118312169814142
  0.81015189748431515  0.82750444482448571  0.84281626608243065  0.85548689775693110
  0.86658459274171007  0.87630690836877378  0.88653724507321185  0.89668441893330320
  0.90714908061518085  0.91721212848631906  0.92533602318447838  0.93096441642411387
  0.93575197078397643  0.94030680899249675  0.94483061028279236  0.94955863827925346
  0.95400483013348636  0.95729909480594599  0.95975765507882183  0.96272549358233483
  0.96531677260361803  0.96726174379715102  0.96896233966320500  0.97068483788786997
  0.97219807603873487  0.97403023801446775  0.97561295613327503  0.97730754147163046
  0.97884767299346109  0.98035835338597155  0.98172883906692165  0.98291608645481410
  0.98401492998516815  0.98507070042066081  0.98629126016088553  0.98758742095939800
  0.98854982723661056  0.98925772405077783  0.98989273789584942  0.99044485909823909
  0.99092929372945493  0.99152513441428591  0.99228042362338675  0.99305299942821113
  0.99362860982895107  0.99408045794750133  0.99453708403964847  0.99499094428232226
  0.99539512254792295  0.99572582237905238  0.99603150499832094  0.99646011867000561
  0.99679974223411005  0.99713460886497585  0.99745185661592295  0.99774201777536786
  0.99802343971171958  0.99826790884527572  0.99847274403959929  0.99866508830343814
  0.99885183817557732  0.99903944813822398  0.99921849389896888  0.99938046971923156
  0.99952554104117941  0.99966766885788050  0.99982655351019556  1.00000000000000000
 -0.00248846297729522  0.00850085059889431  0.01756296648752018  0.02208954837276713
  0.02584823213537589  0.03131085277570137  0.03736493919329811  0.04124629543801856
  0.04418856736818084  0.04832517712508926  0.05407111344861834  0.05974477574680841
  0.06448564709009008  0.06887343375289502  0.07342857623038437  0.07738865925697545
  0.08117417945502781  0.08342959355206284  0.08951812540327182  0.09740634575185733
  0.10535626418630872  0.11290043874378057  0.12046327696624810  0.13177334964775336
  0.14258750714091947  0.15405665720360329  0.16589464593976494  0.17768954860692107
  0.18973934980337551  0.20201972862392228  0.21352633971122401  0.22437486557653047
  0.23535485223736127  0.24756619500834842  0.26200008905704947  0.27769471250012456
  0.29336843184923644  0.30700379020381252  0.31843559949669314  0.32791686037015305
  0.33795393520275130  0.34879947721075782  0.36166723917368204  0.37335826268218897
  0.38752105850874846  0.40427797143273592  0.42080940584833654  0.43578761590275056
  0.44994770362796860  0.46345511621569097  0.47429009833524666  0.48426731843030174
  0.49339354928814766  0.50296437053113696  0.51342739444289553  0.52556503879083516
  0.53795539885581889  0.54958574182730380  0.56151655608527440  0.57432012880064764
  0.58809392370579117  0.60264656924746041  0.61798594769472748  0.63369595048760541
  0.64993724960263666  0.66573976092905573  0.68001496271830331  0.69518922821099460
  0.70751686567233207  0.72155418698887508  0.73776154542831285  0.75470707073516052
  0.77199522485543093  0.79000017468044081  0.80764137774224165  0.82334423142603852
  0.83461970353124326  0.84452000873489752  0.85366581410745368  0.86202283962379289
  0.86936707534151514  0.87602652436261208  0.88265560449090408  0.89032045521819425
  0.89697084256206194  0.90288324786455398  0.90901571080296906  0.91600268774625748
  0.92409465937020241  0.93488083352988127  0.94843299214682864  0.95925875210895106
  0.96878750303431782  0.97872295666666420  0.98906654370307789  1.00000000000000000
 -0.00061477594520172  0.00096546096533609  0.00266143544628672  0.00460915371275139
  0.00668780196993524  0.00884410890193363  0.01107146410088003  0.01340513647330830
  0.01587992864619760  0.01842165050774685  0.02114499010134383  0.02415623299549669
  0.02731252643358814  0.03119750303844254  0.03577514205734337  0.04071335757595562
  0.04530482951998632  0.05010426116673214  0.05536275442970125  0.06175002203253899
  0.06704800940570911  0.07230844701702209  0.07759552934592659  0.08256271231756082
  0.08681182168270028  0.09154289204376245  0.09635905587844328  0.10088832706105194
  0.10684648418472459  0.11499541772782072  0.12284724908664438  0.12773958693870754
  0.13199687948026667  0.13687631373296208  0.14221673566713020  0.14634876416848441
  0.14934182387600511  0.15202553632155635  0.15555800101465356  0.15943919751509308
  0.16338347668616685  0.16652579482181334  0.17002550126086144  0.17344036628950324
  0.17756756283533789  0.18178395865362348  0.18601562581252393  0.19174284876174869
  0.20093878190931255  0.21005619647244173  0.21820682951815409  0.22646687693042905
  0.23478258949631614  0.24263659928711678  0.25044849326342389  0.25827518560692847
  0.26587632625847957  0.27251941720503309  0.27865061398891899  0.28729623327049719
  0.30032488130629420  0.31369138635438615  0.32860050799904683  0.34396295228052765
  0.35879043230920449  0.36973538559043118  0.38010519139169358  0.38983686803516193
  0.40160575960901695  0.41636317613838297  0.43293821158781848  0.45021412890567142
  0.46694853193597147  0.48369707533563167  0.49814789026162426  0.50950587472002562
  0.52229768670080834  0.53905145634489460  0.55973921603002530  0.57948401734189203
  0.60158478062354959  0.62342168169443513  0.64734440310597452  0.67322080772252457
  0.69870659640645982  0.72935592762844259  0.76103974424912124  0.79050509007207326
  0.81874246567084974  0.84031952660519404  0.86045412970088031  0.88590023767615467
  0.92706101654476236  0.96350477449392968  0.98489478353973636  1.00000000000000000
 -0.00118712707015672  0.00586663101632959  0.01377775893709251  0.02178742208364639
  0.03161498456859087  0.04396689928072386  0.05688587375850680  0.06910598235693123
  0.07911524150189637  0.08855424904732991  0.09853961570498825  0.10901909600633933
  0.11873013072142317  0.12743596118627137  0.13553438543385773  0.14396968065610874
  0.15144928663375135  0.15778056892825629  0.16549496432190053  0.17319988171802078
  0.18194159639319624  0.19351706857679740  0.20657146803742474  0.21912278426088547
  0.23040591535501026  0.24078327467925345  0.25012257488157846  0.25943920852914587
  0.26846202770968880  0.27721784515010101  0.28605966830706603  0.29714063930614448
  0.30963688980278797  0.32172277090631435  0.33312361531097490  0.34422668998460881
  0.35613789340592633  0.36819300147952916  0.38036598294896135  0.39254337889859126
  0.40454246065217930  0.41647540706618519  0.42877410876139088  0.44164051208848515
  0.45392563998297936  0.46583137156804744  0.47819718782954923  0.49146893505605710
  0.50669599459624792  0.52379584074557262  0.54042694712980555  0.55530677665232198
  0.56637479292553228  0.57807438783201526  0.59088591512226651  0.60593531060633932
  0.62381150873555569  0.64003823553563455  0.65468049391844407  0.66812227048879158
  0.68314693119262637  0.69851895763517979  0.71335109642181260  0.72845352795398266
  0.74223929906770192  0.75581741232988886  0.76705997554972905  0.77462943614008728
  0.78150096378497147  0.78652805397858483  0.79067490148474839  0.79452174657885677
  0.79952573011305605  0.80538258602636514  0.80954681960059449  0.81466781110364594
  0.82052154618838680  0.82599193907882451  0.83115361706439150  0.84072391616334652
  0.85401813835306184  0.86740697849539850  0.87899658526596802  0.89038728891383390
  0.90232483104096295  0.91150613890628851  0.92007911448316393  0.92907784942418348
  0.93727469099664418  0.94544526234531190  0.95387070861335521  0.96242902387746343
  0.97095542463175344  0.97941521271040866  0.98903938227455102  1.00000000000000000
 -0.00128638285569538  0.00097780147270409  0.00329672342866173  0.00629272603765543
  0.00928872864664912  0.01314340191428859  0.01710028604609576  0.02123450976974672
  0.02560767312376787  0.03041112651106385  0.03530984898648209  0.04069404301635516
  0.04574774595262143  0.05036228425343400  0.05453400258510529  0.05861113670761869
  0.06443410887355026  0.07342056377237921  0.08278070993681275  0.09138629381283211
  0.10012158288426430  0.11123175405781789  0.13389103096049043  0.15938100330537369
  0.18358545187541600  0.20728691377720071  0.23620259555533654  0.26057291003533911
  0.28298353609744581  0.32867741328774941  0.41939259278648688  0.46710157868375995
  0.51100586309800144  0.54521685396167641  0.59144957467397830  0.63662953249656706
  0.67599583531078900  0.73174076897673290  0.80693596234185094  0.84086046256235991
  0.86117036947008330  0.89054637843785189  0.92425184317885634  0.95074269632941710
  0.96111143846647162  0.96644610535979847  0.97233829448019327  0.97633666824357979
  0.98013505645131904  0.98262808113454103  0.98446402818699319  0.98643701739634893
  0.98854903401467631  0.99058626600457622  0.99204739403315645  0.99308188936660169
  0.99398779568675477  0.99480173740630640  0.99553969837232248  0.99616894316165094
  0.99667861682558112  0.99706761326074322  0.99740429168479061  0.99773608242923839
  0.99803629655882020  0.99828993391504750  0.99847711557296426  0.99863409359800059
  0.99877642565818969  0.99889936812118918  0.99901445206488326  0.99911690350730642
  0.99920554156718089  0.99928633374294507  0.99935637023814106  0.99942253446239737
  0.99948656240626066  0.99954581407413767  0.99959833895607186  0.99964573479529173
  0.99968932335027616  0.99972515757539748  0.99975950227853749  0.99979105541243973
  0.99982228474660029  0.99985089527177751  0.99987329450788121  0.99989364811363013
  0.99991225370440395  0.99992942999334511  0.99994377742762153  0.99995667365187235
  0.99996814628462416  0.99997922395270555  0.99998961197635272  1.00000000000000000
 -0.00423415750256577  0.00975983339389573  0.02285905423357966  0.03507634193907625
  0.04712733036589514  0.05926581042409828  0.07008381857831852  0.08024997982430224
  0.08982326378383973  0.09994560710575078  0.11000385288264895  0.12166856200512347
  0.13597514874734853  0.15158690578674577  0.16616254903650923  0.17860211107450180
  0.19115165408362672  0.20342341121392229  0.21660346560276353  0.22873363000392402
  0.23431422341885547  0.23917550962564854  0.24347787099841534  0.24873167538062019
  0.25441755034223312  0.25971815859068154  0.26425781650051056  0.26799155094100674
  0.27415986062775410  0.28086571211620281  0.28671801629485599  0.29230637580261221
  0.30173258861590097  0.31626791321971448  0.33140127389917928  0.34570814183054815
  0.35967387105478188  0.37289648962938876  0.38376016752558506  0.39632723097163636
  0.41076959947150360  0.42526797329955934  0.43744323416102698  0.45036991709505436
  0.46433332712458597  0.47864658344303151  0.49394921046190987  0.50956403099500402
  0.52373003646061744  0.53622121839710279  0.55009112104148383  0.56362183270038013
  0.57418932499188968  0.58387952941541155  0.59462056346277703  0.60494345501845515
  0.61378063839669139  0.62365820340612688  0.63680257466564416  0.64965617073739823
  0.66084497647416107  0.67031569706946081  0.68061845613121963  0.69309669565923493
  0.70513894015463441  0.71531309596380310  0.72257735262757516  0.72883864504509299
  0.73802802459538930  0.74967460122085683  0.76007351651078969  0.76845542732614192
  0.77600987525719545  0.78448007397764152  0.79501911685035787  0.80433528198750570
  0.81435869487248924  0.82579444363949406  0.83722379835271399  0.84780715521719641
  0.85740025993451374  0.86695180584797615  0.87531307955098059  0.88319975449023391
  0.89138367252244899  0.89953094969551894  0.90808954424131771  0.91912235054530456
  0.93016393498947259  0.94145978935541663  0.95248443401036997  0.96264209243161092
  0.97140986681766150  0.97951303370767306  0.98956796471144859  1.00000000000000000
   4.4203932650980027E-020  -1.0000000000000000     
 T T T F F F T T T F F F T T T F F F T T T F F F T T T F F F T T T F F F T T T F F F T T T F F F T T F F F F F F F F F F F T F F F F F F F F F F T T T F F F T T T F F F T T T F F F T T T F F F T T T F F F T T T F F F T T T F F F T T T F F F T T T F F F T T T F F F T T T F F F T T T F F F
