  0.00006404493765142  0.00006885122808688  0.00007125535467166  0.00007341201526980
  0.00007530266450292  0.00007692748135362  0.00007823851156635  0.00007940612697280
  0.00008050708535400  0.00008131790619073  0.00008207517068179  0.00008281082101644
  0.00008356732195132  0.00008439916626841  0.00008531615481764  0.00008623824072136
  0.00008707509620521  0.00008793897149647  0.00008879116042379  0.00008961643734277
  0.00009052484987114  0.00009146091028633  0.00009221591303680  0.00009283552482597
  0.00009339349982961  0.00009396172891309  0.00009454178713086  0.00009520669733930
  0.00009592076618421  0.00009666684164455  0.00009740748891488  0.00009806137418824
  0.00009871547640764  0.00009935534041638  0.00009988819606212  0.00010056481718514
  0.00010112061297182  0.00010157345788550  0.00010200431276319  0.00010246916217483
  0.00010297003276193  0.00010349805436974  0.00010408971589558  0.00010469747645545
  0.00010537063306345  0.00010601094971952  0.00010666158058102  0.00010726467198315
  0.00010783918548610  0.00010836191905861  0.00010885809287818  0.00010940798456265
  0.00011001816804544  0.00011060171865038  0.00011115788537274  0.00011170220289473
  0.00011230079820814  0.00011287396796384  0.00011346456389438  0.00011417289057816
  0.00011499222546208  0.00011579147731383  0.00011641479376203  0.00011713564455359
  0.00011784143363386  0.00011850079804287  0.00011913118662251  0.00011980293959445
  0.00012068830063665  0.00012151700489592  0.00012218217935999  0.00012273977173751
  0.00012331401370593  0.00012389657517403  0.00012460733084484  0.00012532835404716
  0.00012617971848134  0.00012750540148266  0.00012888384739099  0.00013018565991583
  0.00013153169153198  0.00013288420024873  0.00013414311438286  0.00013552488856599
  0.00013682749467926  0.00013825093561914  0.00013980585296678  0.00014273121288059
  0.00015203535408561  0.00026743034825887  0.00069450302066603  0.00184793755794684
  0.00324758848042328  0.01081693602386086  0.93665882483012586  1.00000000000000000
 -0.00551180139666887  0.03580173808392367  0.06310505224139996  0.08674171837156897
  0.10767878726344052  0.12817102031426758  0.14618939117592808  0.16226545454140476
  0.17691874529012627  0.18958074042988646  0.20153493903043077  0.21384770990738886
  0.22508925757179615  0.23716928278141958  0.24998885056962794  0.26099996817937104
  0.27018901466971923  0.27965532188793896  0.28848444039407661  0.29649301324456678
  0.30424037864139369  0.31204764106513416  0.32083383285506956  0.32977976019184824
  0.33782556817200077  0.34393751147814466  0.34942831880123049  0.35570380524573708
  0.36183906866511056  0.36827763396857810  0.37468710515782172  0.38023806192885679
  0.38535806283011997  0.39092686598515880  0.39741753263146523  0.40539520553171998
  0.41478184154867448  0.42414463842277816  0.43314761293303300  0.44107944889126688
  0.44879813987704231  0.45662480617679291  0.46452131329455265  0.47214703306373912
  0.47922274291493089  0.48602814066476868  0.49295287153130213  0.49943179391232079
  0.50534055476729400  0.51171285993237847  0.51894587648267099  0.52665746563849136
  0.53441057711093221  0.54318368937496897  0.55359915356487066  0.56446572507566783
  0.57434658909050584  0.58230162879503955  0.59032662555630744  0.59831546165926741
  0.60609589876299674  0.61324155507865319  0.62192484171862583  0.63164602438635320
  0.64155368686416547  0.65131427095207295  0.66251259041658628  0.67095831867718758
  0.67885948490005155  0.68793527202314075  0.69716833578960313  0.70652849012406949
  0.71647173097346739  0.72908963983082065  0.74199032282550204  0.75485129717721444
  0.76761772133179063  0.78021178699185201  0.79353709820475415  0.80788067781561912
  0.82015871097859772  0.82997201987837543  0.84050741216212643  0.85408744848173368
  0.86955599698714814  0.87846441214202331  0.88442297986783280  0.89098430868173228
  0.89760426339792354  0.90454761003909756  0.91030708297533003  0.91680904828748389
  0.92502086492644553  0.93256747784537541  0.94220708235072725  1.00000000000000000
 -0.00000016102323662 -0.00000003819978325  0.00000008462367013  0.00000020744712351
  0.00000033027057688  0.00000048196688247  0.00000064156614281  0.00000080116540315
  0.00000100455117408  0.00000133634666321  0.00000169257966283  0.00000207165352056
  0.00000250643656775  0.00000335276751895  0.00000453299333374  0.00000594831158595
  0.00000745658181384  0.00000921160063612  0.00001164794404117  0.00001528605043818
  0.00001961044001698  0.00002569572874578  0.00003392128817777  0.00004450108713173
  0.00005643744627525  0.00006932779830289  0.00008368928615657  0.00010085605819295
  0.00012372974119942  0.00015311057048724  0.00018653751805494  0.00023311827170487
  0.00028869498250340  0.00035447218824685  0.00043851087070585  0.00054305348010242
  0.00066116662124568  0.00079101368641810  0.00093435386686232  0.00109413044699773
  0.00127106469958365  0.00145344596684833  0.00163730858051867  0.00183601085091133
  0.00205293109679330  0.00227736119629296  0.00250579616895758  0.00276539007914527
  0.00302589675129159  0.00329084143451680  0.00354024257065492  0.00379765010638386
  0.00405303260200568  0.00429737495803559  0.00454182502759681  0.00479147327195811
  0.00505153712734883  0.00532233021971825  0.00559475915708890  0.00587541020345846
  0.00618965989318204  0.00656314013339871  0.00696552467721381  0.00738487633914359
  0.00785190775536747  0.00829975357234045  0.00882414870285917  0.00937854311719371
  0.00998688361579462  0.01055187661530130  0.01095481766964061  0.01143305798603713
  0.01186356144164237  0.01222308426148857  0.01255755283737404  0.01289584342378485
  0.01327612714001002  0.02081617144610325  0.96566334383200236  0.98342748299599336
  0.98501360961923812  0.98659973624248298  0.98759111890514584  0.98843594466272455
  0.98926089274826146  0.99004473034001184  0.99082856793176233  0.99181042484614701
  0.99289571843180535  0.99389301076360348  0.99486574011700801  0.99590776420109839
  0.99695049764991295  0.99799446421194260  0.99900388166149334  1.00000000000000000
 -0.00364776705782462  0.01377717999981565  0.02925795247432159  0.04550840596666285
  0.06328409436978759  0.08338787814830270  0.10247707787687529  0.12301155837560848
  0.14798844341019710  0.17539554037601518  0.19552706375824105  0.21073908665097882
  0.22197389672042514  0.23165907023845247  0.24120545224323933  0.25159313261386024
  0.26381691744299501  0.27416173405466399  0.28307291088162612  0.29168961235262564
  0.30029622438284637  0.30803768728671488  0.31860735687601721  0.33035495956183386
  0.34289890481692042  0.35658307884516427  0.37216010510733732  0.38685958241873719
  0.40233970077359660  0.41660422610671466  0.42879511124576447  0.43835963458398913
  0.44789447925502379  0.45686687234622486  0.46451303380507220  0.47398302666956393
  0.48249302978475395  0.48906893474607543  0.49684672535260910  0.50447554100804315
  0.51114821458992543  0.51738670039683099  0.52187927061767914  0.52584524642816255
  0.53075392073062355  0.53789934889732172  0.54689475023441225  0.55666287574755169
  0.56606420227863141  0.57375439362427205  0.58174612181956220  0.58856480293395375
  0.59404102179200058  0.60045948916675640  0.60696271937283774  0.61425583915187465
  0.62428854351961560  0.63737688218298616  0.65162407014920365  0.66704798488263295
  0.68321422452380398  0.70018310848303522  0.71844260053850895  0.73427967559248764
  0.74718027440937185  0.76070626413674092  0.77457476753910615  0.78841040976049781
  0.80056366496880549  0.80929982994731553  0.81761934232578426  0.82631715208884715
  0.83425965173571537  0.84376870624469735  0.85400578940065164  0.86416503792775101
  0.87451894859031809  0.88501449865613202  0.89538454596898820  0.90524100465989321
  0.91458270873138414  0.92701653613519619  0.93821827872149122  0.94314685637439022
  0.94864396499105896  0.95414177951861034  0.96003115834525288  0.96554783995148585
  0.96962317409288479  0.97373903851944954  0.97813007683100317  0.98239641608301886
  0.98603805340099182  0.99004848008916380  0.99487828668349765  1.00000000000000000
 -0.00292511029008058  0.01418557470343595  0.03092930457296860  0.04697095276987415
  0.06305377699263512  0.07606025107853806  0.08839190840876766  0.10017464950317195
  0.11138263083416809  0.12454322183615621  0.13814004837220820  0.15174492302832751
  0.16539690709504384  0.17907100905400522  0.19138249003597763  0.20103354036041179
  0.20873962582662253  0.21596784645309938  0.22325831914121827  0.23253478454506127
  0.24243417757145966  0.25438893327932310  0.26914442204178202  0.28616670178322523
  0.30551229841331223  0.32220674800516513  0.33350291267682641  0.34352714461639927
  0.35359530837502473  0.36301135816526098  0.37529664122304840  0.38724214258020068
  0.39811236951922108  0.40846304428601726  0.41727774837541021  0.42626691181438109
  0.43478674922515487  0.44278418767724587  0.45139939317428363  0.46072110447692771
  0.47456298413023479  0.48837222979471590  0.50173040185527484  0.51319668559401421
  0.52182262814838010  0.52928901206467438  0.53686639469010844  0.54517319993358848
  0.55717621238340087  0.56640413427284342  0.57104269316583323  0.57593991638709019
  0.58099888929635768  0.58490618688870766  0.58925570686285322  0.59482433991592720
  0.60161441856020115  0.60838766921076026  0.61450248271173802  0.62026851643063341
  0.62905946013177849  0.64458776756655645  0.65802348895050056  0.66679215056138141
  0.67495267670389081  0.68296223408669177  0.69201981369744781  0.70403462132930583
  0.71517566938753652  0.72260094360311811  0.73040140400113396  0.73844346155799190
  0.74675567439626400  0.75773238857677838  0.77336560483707550  0.79028649836781206
  0.80765602199993802  0.82519090390774108  0.84077558533233820  0.85593888780543048
  0.87038514205618378  0.88482920186419400  0.89934715314080882  0.90745269772916226
  0.91572090505106840  0.92462185748209103  0.93477764523330598  0.94416121155882571
  0.95073689315105814  0.95610687724918664  0.96134727679570298  0.96760188121643198
  0.97456176329671751  0.98165978894507211  0.99023876162622515  1.00000000000000000
 -0.00530225929177470  0.00951899240529560  0.02298895973231689  0.02642434854869559
  0.03072402811555931  0.03700305114244120  0.04458382043797211  0.05172344699055333
  0.05747031186911542  0.06242786750896165  0.06783186418364656  0.07521284193522609
  0.08182209425073381  0.08842169532982747  0.09524412197509753  0.10190388677898526
  0.10908968708978992  0.11790293095438802  0.12601055153442342  0.13219200486629248
  0.13969472143519759  0.14984230486457487  0.16085710262251629  0.17050078911463296
  0.17850597909019200  0.18549953936232069  0.19285000352720888  0.20054406982297918
  0.20794642053656556  0.21268592826304761  0.21715887805096978  0.22158573214747829
  0.22574160489621198  0.23014661158440297  0.23558815844893302  0.24235381308207096
  0.24611332263984967  0.24875745735114516  0.25108761528899121  0.25353454388101487
  0.25624558738623249  0.26105331260629616  0.26546479784878330  0.26913231718902364
  0.27276245071333871  0.28307990729093763  0.29366258145100599  0.30377055278017906
  0.31278054515732456  0.32113193788452243  0.32989888920885924  0.34113125952309914
  0.35312844316584519  0.36408912350047379  0.37448753153224557  0.38495726962705296
  0.39694518356176528  0.41018459662793016  0.42279796579075934  0.43383836874278958
  0.44301476111232108  0.45119461838389580  0.45963450824116975  0.46807988865885319
  0.48028271803203371  0.49222899040838336  0.50663735317668079  0.52130599702292957
  0.53804202721530370  0.55382724184922782  0.56681758459411891  0.58285075880009130
  0.59797654577223969  0.61156830248195360  0.62779872389004399  0.64400077824379343
  0.65839221119558478  0.67209522559324752  0.68587187005263150  0.70029335266413806
  0.71519401534045168  0.73243811581114393  0.75053655155950461  0.76610443134072181
  0.78150093102349427  0.79437065433201948  0.81035623648393484  0.82760662375890914
  0.84573445066144826  0.86432905484054223  0.88212179818846137  0.89911847333605532
  0.91895120860993906  0.94439722626426470  0.97235706153501622  1.00000000000000000
 -0.00178244899282989  0.00848614348594512  0.01549057839688059  0.02334570101058457
  0.03239199010376359  0.04256721002620636  0.05343056226425345  0.06446258053901088
  0.07569958733318916  0.08482298781438689  0.09181561021913397  0.09792399850338493
  0.10438503745710348  0.11218539429550262  0.12405019839944632  0.13637935998192594
  0.14401345271309712  0.14988727773888041  0.15576846432329797  0.16297341024733339
  0.17260058565443934  0.18311906504587019  0.19523414010494961  0.20744945338292942
  0.21892611841848469  0.22915147195092897  0.24055978499945524  0.25364400367827589
  0.26785298377836053  0.28502096968136131  0.29881518012398278  0.31075440079221289
  0.32463547019562428  0.33601783562360743  0.34770979767282767  0.36076423037023336
  0.37591184267439859  0.39094217679814497  0.40457976402619900  0.41725452835935545
  0.43041550778739035  0.44138800777091569  0.45204236360026073  0.46332099827322476
  0.47366453096809974  0.48286209100907101  0.48976344688284101  0.49968643919360700
  0.50848666215190530  0.51508976927615902  0.52059049607110763  0.52589532114013449
  0.53107401084751071  0.53723130269507902  0.54993230984574648  0.56558650423193269
  0.58043991047144905  0.59644209724584796  0.60812970256787924  0.61505622988108088
  0.62263392413740426  0.62821380124863790  0.63248534445900551  0.63603459304188270
  0.64017357903947936  0.64517747470575759  0.65243614299974373  0.65784146796561072
  0.66166618338186445  0.66526854848937467  0.67679760964263902  0.69242089740535784
  0.70784388109086072  0.72124809578041660  0.73163990762070641  0.74177518114588481
  0.75198321231718290  0.76357693313451824  0.77729179891865718  0.78899818495385265
  0.79985877253728510  0.81059394270198981  0.82298609929832089  0.83813971904571338
  0.85406703370442982  0.86851522797501535  0.88071994305222367  0.89201131802266265
  0.90347098740887799  0.91547271693647558  0.92855720587658230  0.94390325001891384
  0.95829021303233031  0.97267136550776401  0.98692263842334926  1.00000000000000000
 -0.00290937793623828  0.00776093418033807  0.01787998810613740  0.02899514005917167
  0.04187606745035986  0.05413934076911004  0.06621933887691572  0.07876167624181114
  0.09276560061759326  0.10792097384461566  0.12233961140007424  0.13579855907890309
  0.14920114278329785  0.16126283355884602  0.17237841220216465  0.18333364534226970
  0.19468849396197183  0.20553109424971730  0.21607276328327440  0.22624260435783056
  0.23642547864537836  0.24702264216150374  0.25942020101497171  0.27337841203533819
  0.29044323004901240  0.30601002764837798  0.32016577186240752  0.33304215747006771
  0.34223144947622713  0.35175354959022853  0.36273298653163871  0.37603620308024727
  0.38636594313126355  0.39352646089384452  0.40059413862563154  0.40935364040197325
  0.41931410392434443  0.42950032215162814  0.43792067584573274  0.44422465302860470
  0.45129889461638883  0.45821520977322605  0.46497975763515481  0.47188490848847958
  0.47798459575238389  0.48436128461048433  0.49180664569664301  0.49907437949184563
  0.51332155408381597  0.52726425914287878  0.54240216278665176  0.55756781751208140
  0.57275731346681069  0.58665940151785700  0.59637047621613493  0.60548387038707663
  0.61477386195961725  0.62420045909733124  0.63619320519268263  0.64803761497923573
  0.65470403833214719  0.66064976680984022  0.66663864822360674  0.67342921227587793
  0.68049578474398009  0.68911349633973318  0.70037256826733485  0.71373045856995720
  0.72954146127180697  0.74434200738181089  0.75551765336327104  0.76495883620377270
  0.77403127915465397  0.78334874671757571  0.79708315322183521  0.81476225248944079
  0.82824303074882799  0.83913040222426660  0.84593264073626029  0.85254827129411392
  0.85953293142392073  0.86673031733273531  0.87807593203265322  0.89000926698426686
  0.90170825475637417  0.91562074197159926  0.92781122350519485  0.94021665747202710
  0.94865102966456982  0.95779970100127698  0.96580417806531715  0.97385493883798102
  0.98007866687483913  0.98561645031646750  0.99198113744416450  1.00000000000000000
   5.2609213224005266E-023  -1.0000000000000000     
 T T T F F F T T T F F F T T T F F F T T T F F F T T T F F F T T F F F F T T T F F F T T T F F F T T T F F F T T T F F F T F F F F F F F F F F F T T T F F F T T T F F F T T T F F F T T T F F F T T T F F F T T T F F F T T T F F F T T T F F F T T T F F F T T T F F F T T T F F F T T T F F F
