  0.00492883217437217  0.00505045658476111  0.00523245814178768  0.00554269163748474
  0.00609677763502046  0.00666862117697420  0.00723727911597589  0.00781803395949106
  0.00845579290034079  0.00920467630174553  0.01007253505030979  0.01108003348791345
  0.01221935284557126  0.01348911780822294  0.01488622779761442  0.01641926222570263
  0.01805925769515634  0.01996085441636754  0.02216439092404194  0.02461354474317607
  0.02734251775623130  0.03027126823308285  0.03347788808547842  0.03720346903635614
  0.04127456945956039  0.04629296950598394  0.05153239006110581  0.05688197254760057
  0.06271761993189784  0.06931411597197312  0.07614727346031322  0.08299676270107319
  0.09004737902636710  0.09733905759489621  0.10503304017563675  0.11285093856563674
  0.12121815926941466  0.13115473989848175  0.14150950566364745  0.15049385702843640
  0.15859590694384657  0.16727169557183741  0.17629638364111777  0.18728981438076531
  0.19823537120925705  0.21040631458184811  0.22387575074932117  0.23745394612265708
  0.24966947427153643  0.26181150772916212  0.27438719450322879  0.28768596008770320
  0.30123353255617563  0.31443951395816550  0.32697764216860092  0.33963261289834412
  0.35229477512722379  0.36447074707332267  0.37637541544856468  0.38726309178246604
  0.39860605476324329  0.41031765021867267  0.42282978354616879  0.43660221051686637
  0.45117623039092908  0.46568867266024044  0.47767161896917065  0.49016901383739542
  0.50214581998031949  0.51442698364550032  0.52748734758808025  0.54142014848115172
  0.55617648500621952  0.57182914730798773  0.58828703179150943  0.60373154064516188
  0.61927097419049093  0.63317724025634137  0.64750271536808413  0.66318360627971895
  0.67776190194103869  0.68878682023063209  0.70111598980103751  0.71508784998232866
  0.73159097238103765  0.74915087610471143  0.76619652136080008  0.78433453361096273
  0.80095967973148696  0.81842517478277166  0.83640551318614953  0.85763380847535153
  0.88274181471649060  0.91606887195631637  0.95252670858310129  1.00000000000000000
  0.00001730368939930  0.00001825741788864  0.00001902719165347  0.00002050052034258
  0.00002152058685932  0.00002255308633866  0.00002319727811807  0.00002362204351046
  0.00002401348389091  0.00002451933005729  0.00002504512693648  0.00002567190718681
  0.00002625533002728  0.00002666578306437  0.00002705013833392  0.00002743139743739
  0.00002782116856901  0.00002829925557526  0.00002886695210611  0.00002940447008958
  0.00002987090473239  0.00003029923547947  0.00003072574573600  0.00003115337624916
  0.00003156709041940  0.00003199111554057  0.00003244864759938  0.00003291392358439
  0.00003342523466475  0.00003398615061477  0.00003461094652703  0.00003515794114654
  0.00003573524437948  0.00003637920901987  0.00003729966202174  0.00003872581071757
  0.00004037126662608  0.00004206745258802  0.00004373465524393  0.00004543915014372
  0.00004726096931556  0.00004894827233195  0.00005030919776743  0.00005138987859516
  0.00005227065369506  0.00005301769373726  0.00005371170919208  0.00005437530636510
  0.00005499520770396  0.00005558830098357  0.00005614147224918  0.00005664370958645
  0.00005714473600272  0.00005762520913446  0.00005809749341965  0.00005858756336350
  0.00005908439595516  0.00005954071210118  0.00005994460389493  0.00006033741703472
  0.00006074328332546  0.00006115995941106  0.00006158714078877  0.00006197177266940
  0.00006231380253424  0.00006269557578096  0.00006308188299370  0.00006354133863990
  0.00006407708504231  0.00006459449893257  0.00006503585848742  0.00006545706699614
  0.00006590547534693  0.00006636490000334  0.00006683068319691  0.00006728330899289
  0.00006774919038464  0.00006822594816896  0.00006867731717524  0.00006910620853073
  0.00006953185141834  0.00007002162705376  0.00007055037373511  0.00007093913401383
  0.00007131268125835  0.00007171068130481  0.00007207151057111  0.00007256508651179
  0.00007313929232023  0.00007361739309862  0.00007408865270381  0.00007456188499074
  0.00007513524545787  0.00007552529122375  0.00007572247680293  1.00000000000000000
 -0.00365725081001555  0.01934980307486359  0.04128608991706000  0.06433621945220803
  0.08618780471294445  0.10852566856066960  0.13167594079610509  0.15504489854605794
  0.17743547126079939  0.19886705559705284  0.21731023315454204  0.23303905380685655
  0.24635879377557945  0.25879064030606708  0.27011394109424014  0.28083176995070225
  0.29384788359993208  0.30913535364400507  0.32354040897209330  0.33575879274452725
  0.34714719221751694  0.35811280741355200  0.37001345568191424  0.38273910305404435
  0.39622821845861472  0.40858188988274613  0.41931065273801610  0.42968475610008655
  0.44120536238820657  0.45149622887697016  0.46161963032241682  0.47113294693537261
  0.48169234847419251  0.49310072090759438  0.50407215565604446  0.51456503501934536
  0.52514021790537901  0.53726569200824159  0.54982613801864899  0.55923100649686563
  0.56955816350075694  0.57992589669513317  0.59058305282742563  0.60197198305342547
  0.61343763310549504  0.62458652233464806  0.63604786154134507  0.64590427099897885
  0.65472482027122358  0.66276682036586620  0.66955179522964503  0.67618904558799298
  0.68310668237650551  0.69101251945506870  0.70043251192239020  0.70966337223670029
  0.71841548245949227  0.72652502659375751  0.73426034241657745  0.74405219483937024
  0.75327715637097847  0.76178052242345939  0.77142790580852671  0.77994517934288576
  0.78805891570894615  0.79484758273584177  0.80182307364172201  0.80911599704759907
  0.81698282245722631  0.82413267325934403  0.83083256112661286  0.83739113603606385
  0.84268102640665743  0.84783405042860227  0.85280287089650242  0.85796888531490845
  0.86380624199199685  0.86999143528231559  0.87668654636312093  0.88387233028292600
  0.89048633676914346  0.89735079270091900  0.90459094368953019  0.91185512480315201
  0.91918607919427719  0.92569794209997447  0.93193423882495674  0.93855261964240089
  0.94581048285094427  0.95305407775111572  0.96042801346098650  0.96787668149806527
  0.97596724135371316  0.98408913761673222  0.99194156834072400  1.00000000000000000
 -0.00248554762328222  0.01045369373692646  0.01929909314637556  0.02892639469555242
  0.03773650051941910  0.04698623454512312  0.05631428384848369  0.06690781436568333
  0.07803980641869990  0.08863212073280106  0.09868246369270865  0.10863856563822576
  0.11825379619940812  0.12794701264833705  0.13843214240106588  0.15077553764228507
  0.16415782737465609  0.17596971994906471  0.18557186720472055  0.19416827630237110
  0.20327933162849585  0.21247144331495146  0.22313991629292049  0.23485417602348238
  0.24658548340405440  0.25824332777232745  0.27081755860834444  0.28451695072498978
  0.29657382222023720  0.30763982498089704  0.31721901424233434  0.32658858810111840
  0.33613072006621397  0.34574141633170508  0.35520306877816460  0.36418309816525474
  0.37248947040359182  0.38085907465613977  0.39016037015853389  0.40183174103224328
  0.41457902966412497  0.42680426638561031  0.43713881746921240  0.44714866516851215
  0.45696923255209548  0.46706856593296425  0.47689904172766995  0.48624398305064315
  0.49599835907478507  0.50590586183969177  0.51543037300286698  0.52369693383702642
  0.53258471027117360  0.54173996536987468  0.55180798332348058  0.56171507475387328
  0.57147001622496929  0.58266486056658096  0.59411177488365008  0.60551252762981778
  0.61635715196414875  0.62714577700065466  0.63906955316579672  0.65206821382480551
  0.66474740756298334  0.67654239505493874  0.68742875446600860  0.69744197047821932
  0.70639403093054332  0.71477254162071924  0.72318421369079489  0.73211117932790803
  0.74257762627040202  0.75305617348833509  0.76408606108235777  0.77594362462502275
  0.78808980457613664  0.79930141539190358  0.80968514382584866  0.81948370268291970
  0.82923306321239976  0.83886519202002463  0.84863500246164769  0.86066965568676956
  0.87190140559916218  0.88301504839604672  0.89343356760975390  0.90487860524248520
  0.91730110665962139  0.93133042379296715  0.94475476546574577  0.95555425850596576
  0.96590408339417277  0.97650431221249190  0.98809168014836735  1.00000000000000000
 -0.00181213829273227  0.01026179055981898  0.02329834260788735  0.03983724800088156
  0.05764220559043855  0.07249063426406373  0.08385174460100887  0.09442748699580583
  0.10565084026802396  0.11856613816302171  0.13320085059733372  0.14863118623929600
  0.16367919959171584  0.17855629015393210  0.19286834124713484  0.20701012008271252
  0.22088802130320775  0.23419315748829464  0.24344612828430298  0.25201126244036670
  0.26020761197532327  0.27006905304776296  0.28208818207526976  0.29500796127403983
  0.30643607661746042  0.31587494452590292  0.32483966717388274  0.33506386706312874
  0.34707690746243908  0.35702239225293342  0.36609178633139655  0.37677153760532028
  0.38753882456285121  0.39726595595239628  0.40674282529718503  0.41780642366232590
  0.43067176408362601  0.44452033814015091  0.45749753723469300  0.46703536648273331
  0.47567001033376227  0.48399399229706280  0.49330596145570188  0.50321763257664043
  0.51405348230254244  0.52490366837252589  0.53587437476287292  0.54726782185223466
  0.55762319573341101  0.56748739164332096  0.57768773869915324  0.58744568129659747
  0.59764976308661755  0.60896081549742265  0.61988219204353723  0.62995934124137709
  0.63901999242617114  0.64835335469302990  0.65799145069723297  0.66877594425074582
  0.67857772111882808  0.68569105808963360  0.69267135231531307  0.69948399366814851
  0.70847998443871352  0.71870793604305627  0.72932804322840061  0.74029493437955463
  0.75067643527654515  0.76215822479090456  0.77299515334053615  0.78408696892114749
  0.79429854479512485  0.80384175128935986  0.81345639757650712  0.82241735084663714
  0.83152703879781698  0.84028205033524594  0.84922581490466387  0.85824066370041097
  0.86743242562043887  0.87687588612100631  0.88751895611834486  0.89876679322444242
  0.90937904011438409  0.91946932711595175  0.92896087002471139  0.93814069821335178
  0.94617317655688682  0.95476685243048376  0.96289132867808724  0.97042195852871993
  0.97775837392623655  0.98479502880848913  0.99195358320197857  1.00000000000000000
 -0.00213015703213976  0.00690735483864009  0.01687011594692312  0.02796022555730936
  0.04037986177489063  0.05312807573657568  0.06544698394343286  0.07727525524222077
  0.08837928912411178  0.09887195584450176  0.10943858892411890  0.11963689768456962
  0.12971031179906453  0.13912192499354775  0.14872220913452058  0.15952236955259710
  0.17014168449911651  0.17982078631641196  0.18952347104010822  0.19876816007563292
  0.20754338540788925  0.21628345105665750  0.22655148349996465  0.23801249315241133
  0.24942668815445246  0.25944702257002961  0.26906338464868668  0.27821270269949600
  0.28725712023149735  0.29598459883260225  0.30511025965299982  0.31501162606966088
  0.32491395459612377  0.33485523566138631  0.34505281699967166  0.35507263183014220
  0.36497443252665135  0.37470820253779691  0.38520685104543217  0.39686999598177197
  0.40774994845750212  0.41930318340531214  0.43280697796731266  0.44520148408378440
  0.45835484825725570  0.47085868545112608  0.48189983963637778  0.49207428119938684
  0.50253995613710956  0.51350734143734333  0.52411165321937903  0.53418615361964417
  0.54426932287388785  0.55497185796454740  0.56573742666749016  0.57503577101835435
  0.58347299245916928  0.59181244100566832  0.60141018641292843  0.61081424052921240
  0.61970450228742546  0.62913344869983545  0.63919792318109658  0.65029481276412249
  0.66256464915224000  0.67571032785236318  0.68893047401977991  0.70110588283446162
  0.71230951476955551  0.72316265798493806  0.73359083084109655  0.74463358634966736
  0.75528999565978450  0.76558863892655404  0.77502067522665452  0.78381429100607691
  0.79249704144565758  0.80137908700072802  0.81227921741348696  0.82360141896200079
  0.83424536786517089  0.84432527693769255  0.85402247493388073  0.86381970077657211
  0.87372918441094138  0.88386535668863764  0.89462713845915764  0.90590286303895651
  0.91739268047613542  0.93009270007046063  0.94266386933957746  0.95819367074536232
  0.96996573556211385  0.98128850859261685  0.99122828052436096  1.00000000000000000
 -0.00092966708326205  0.00327779513831713  0.00817931146820304  0.01333671650117034
  0.01948160871266607  0.02611958964570655  0.03255740942091402  0.03922332135618756
  0.04628799866679972  0.05351620174488990  0.06053105455985700  0.06747640553124731
  0.07427766660961305  0.08130120208791694  0.08862830702886891  0.09602900254433050
  0.10252794769075375  0.10891134382314997  0.11590175218861329  0.12353328417075977
  0.13091728233952293  0.13737771822884626  0.14365431285689287  0.14938591964180686
  0.15590516979488267  0.16294307627609300  0.17006540579112830  0.17761912908342614
  0.18581321006100229  0.19387937512902856  0.20233098845582409  0.21092717869683908
  0.21932872124354369  0.22772617790794664  0.23500139089752048  0.24294974642083628
  0.25107743353710865  0.25930233601639502  0.26805136392927781  0.27659650523604257
  0.28452551434127898  0.29212226889529469  0.29938019756827272  0.30618725141367220
  0.31306497056706106  0.32058179011775051  0.32872355772411743  0.33794210247445999
  0.34798627016606620  0.35832400466319336  0.36841626663744770  0.37794019633885889
  0.38759822597264487  0.39778317223723386  0.40903157585129141  0.42145064443637714
  0.43393413130525205  0.44477653299653724  0.45459698843794194  0.46467085759486831
  0.47426211602318585  0.48239880986686701  0.49032753670464868  0.49963828080974820
  0.51104056828549038  0.52156781782372075  0.53114613009380585  0.54103247192020609
  0.55128079855055090  0.56159835647144640  0.57147250538190797  0.58143149708809494
  0.59282102371158152  0.60561540889518461  0.61934849821268712  0.63363888821514336
  0.64742688580962926  0.66083084445965290  0.67421100796828326  0.68780728845292372
  0.70241165189697641  0.71701665936464909  0.73044648056183192  0.74339125305326892
  0.75690531428508812  0.77344653749786985  0.79275640532920144  0.81217368517422517
  0.82970879238197437  0.84911219075913724  0.87138240171449644  0.89531759992058890
  0.91714556680874959  0.93945178613830882  0.96732384932376814  1.00000000000000000
 -0.00259659358879594  0.01009649786353136  0.02099432935578488  0.03094238130649851
  0.04026730532010080  0.05010388514068423  0.06011257272397728  0.07161064810263787
  0.08265202444103845  0.09321679293603603  0.10406825529148639  0.11496504611991222
  0.12558967639690266  0.13616276448012934  0.14633536533445340  0.15648799369204885
  0.16708681276051374  0.17757165388779594  0.18805969018335777  0.19916837451220795
  0.21039052612667203  0.22113179909934558  0.23118889773517706  0.24141863278045422
  0.25188535686181418  0.26269510533784124  0.27423420274261212  0.28588970961471832
  0.29818886814412948  0.31078271503346500  0.32256637448508191  0.33474527689055145
  0.34704517891904230  0.35853789882422887  0.36819374872944538  0.37831878387121148
  0.39014991845445546  0.40162437255621597  0.41004290132915028  0.41841669642302542
  0.42720107526598766  0.43611447288738941  0.44491824007413217  0.45391885802040938
  0.46325820720760841  0.47527204900250514  0.48888670237290410  0.50288717714103914
  0.51554991568518327  0.52831883517776190  0.54088352637855330  0.55219514952169257
  0.56233428507470085  0.57265099333955527  0.58418526113546454  0.59671194993363175
  0.60918789083613933  0.62031812659569285  0.63052531251665911  0.64066660319702495
  0.65227222076519931  0.66562382192861047  0.67834483452226046  0.68829899393393135
  0.69847474738691684  0.70844856764052533  0.71783611722624863  0.72720905816536063
  0.73631476683790043  0.74531353726350769  0.75471327780209141  0.76356202158600117
  0.77286114930750072  0.78246870102902810  0.79231337520522449  0.80131615843263659
  0.81145147636654880  0.82276075270106075  0.83359090915423839  0.84243373533591681
  0.85035534159424830  0.85863313511099004  0.86807386588256363  0.87800415669167564
  0.88809834432736467  0.89788696828943115  0.90807009241517589  0.91766880675485896
  0.92716110798893814  0.93722143385440604  0.94688154536956826  0.95599822440005244
  0.96505899962776331  0.97519640488525638  0.98719728303304755  1.00000000000000000
 -0.00521215924506611  0.06298603473204728  0.10321719228184825  0.13389748615095784
  0.15842506750066640  0.17745069027390858  0.19454862790055558  0.21089723879187358
  0.22834619956278249  0.25012505486665326  0.26972586566637397  0.28608883358830034
  0.30322718748564076  0.32418741253024974  0.34595904657268600  0.36690334971105876
  0.38725376977579867  0.40627226677202055  0.42452734077454796  0.44061615566303719
  0.45526210213582791  0.46986362276932198  0.48611421379362058  0.50244428304160360
  0.52070651443938132  0.53822649901658082  0.55379552401991283  0.56936996366719483
  0.58527779214261322  0.60057669462395080  0.61638834516269103  0.63081868905546146
  0.64390788676935728  0.65687089862817349  0.66824358122792071  0.67992032356591414
  0.69386334062764787  0.71058528151209988  0.72672300367514797  0.73912128134052713
  0.74945298243889091  0.75892378017219730  0.76939248512881198  0.78031800963555964
  0.79173164676062513  0.80345275901087143  0.81491854708670730  0.82612641282482091
  0.83843471971258565  0.84989990313891517  0.86051085289202545  0.87041087944463247
  0.88059676460498593  0.89079357674102388  0.90055534953186755  0.90998819668023034
  0.91871389914763457  0.92591194363292340  0.93217947249912669  0.93817919580588904
  0.94378708724635385  0.94877116055271882  0.95276268317223733  0.95647227758231135
  0.95988938516515443  0.96316688961240715  0.96645263425723149  0.96923237312047850
  0.97148516950980335  0.97343783408842499  0.97518034614964844  0.97667489891181336
  0.97804139441346127  0.97933027955929830  0.98046972656250431  0.98148263431780602
  0.98241958148747854  0.98327819993652565  0.98407313834956855  0.98479993981601921
  0.98545098262226183  0.98603589082616250  0.98659733658358484  0.98713506289203534
  0.98763039546617182  0.98811286823582722  0.98857447850313707  0.98899337133888665
  0.98941215367422641  0.98982719151043530  0.99023576196699148  0.99062678277887295
  0.99092029138139548  0.99109783728929912  0.99117171765153789  1.00000000000000000
 -0.02916009674674472  0.13735602455233950  0.18623488296624979  0.21970964884192645
  0.24358540715246130  0.26377743281920635  0.28171804886350743  0.29601045510899177
  0.30804168456896269  0.32037041171620578  0.33466564354283224  0.34725912689351646
  0.35748363171788289  0.36712740989471893  0.37723718916141691  0.38910578124979356
  0.40022927413265857  0.40932217029285783  0.41776915460465247  0.42502367079875714
  0.43243780027822687  0.43981945705490638  0.44643035061404618  0.45345241130221658
  0.46123159476736547  0.47001006556414865  0.47820948598129825  0.48663279493004324
  0.49485815161345725  0.50232428113585659  0.50964955120732347  0.51629164867266397
  0.52327388194585200  0.53070418551566045  0.53882504877284154  0.54652652436398819
  0.55378851410710139  0.56089821229716519  0.56768192612280111  0.57408392041754819
  0.58066058482380667  0.58745702453161064  0.59465878997279953  0.60174690785389873
  0.60800482472484285  0.61382314373922464  0.61995487610206779  0.62680402787641787
  0.63390584014711060  0.64074847345970620  0.64758274133279470  0.65491761963058504
  0.66309163650190051  0.67081041262091545  0.67884111202548614  0.68547315801840425
  0.69139533154251898  0.69692334841137915  0.70190666791542100  0.70694723413439464
  0.71230147599984939  0.71805243780566641  0.72413323774508775  0.73009497807412094
  0.73614681820963379  0.74227231707475161  0.74789983864639742  0.75334410351463910
  0.75863310169268494  0.76378729820027558  0.76914492704580950  0.77504143077523502
  0.78125572435810020  0.78781280265237774  0.79426916750735588  0.80017644262116794
  0.80613660105943785  0.81223575766682810  0.81867215781786962  0.82583575002277332
  0.83311231723164114  0.83956898123629375  0.84646835399467124  0.85325530137183203
  0.85970033179790517  0.86576103920201453  0.87143226929390183  0.87670366860222737
  0.88210493609066876  0.88789504870270874  0.89494181803116679  0.90341950589968134
  0.91326333403298188  0.92591984645795011  0.94622863653379508  1.00000000000000000
   5.2207874569609618E-011  -1.0000000000000000     
 T F F F F F F F T F F F F F F F F F F F F F F F F F F F F F F F F F F F F F F F F F F F F F F F T F F F F F F F T F F F F F F F
