  0.00005214372975087  0.00015175485325091  0.00021624668429568  0.00029447632972648
  0.00038838238226509  0.00049024710561783  0.00057426120871384  0.00066024074778822
  0.00075629430968660  0.00093081095327179  0.00114701955248993  0.00136699327226064
  0.00160497452099990  0.00187330210783273  0.00209458094627862  0.00231219172605830
  0.00255211939336728  0.00283720604712054  0.00323048181060350  0.00368285119518776
  0.00412137033956292  0.00447971119545482  0.00470799102507616  0.00501575993145413
  0.00536945215321463  0.00577171190760043  0.00617104287531829  0.00656774797315313
  0.00713459976138987  0.00795328594660866  0.00884727601228525  0.00978745594323289
  0.01106647828871519  0.01295390569960719  0.01517538451047704  0.01648128747832652
  0.01739719404423827  0.01848961595738719  0.01961782064977481  0.02084670781869500
  0.02251527773748635  0.02462906893881239  0.02708452132891859  0.02993151146501190
  0.03413586489042141  0.03634983852262249  0.03801680340110374  0.04000527827193318
  0.04180902634328466  0.04353776415157942  0.04501667459577947  0.04677374127581843
  0.05052323945445567  0.05483347111140117  0.05994502713631228  0.06600763407388248
  0.07256702207977592  0.07949916864553393  0.08575591590569503  0.08854918050650643
  0.09105219234408558  0.09330025388565455  0.09596225166544541  0.09854917704668990
  0.10072075824475780  0.10200564256551534  0.10345722082142199  0.10554863538569928
  0.10985167521011290  0.11564448683387843  0.12726217812385168  0.14246151777814248
  0.15771333136438098  0.16671751032382501  0.18079538731119299  0.20070667524786853
  0.22301678173196177  0.24570304995709988  0.26934703614440564  0.29490251034565929
  0.32030917972630274  0.34667463747647892  0.38388312548974513  0.42268434799179522
  0.45868765262606043  0.49658100939280841  0.53408828568052769  0.55958023876728746
  0.58329439429870100  0.61472282188135818  0.64973247932210088  0.68004383306578353
  0.70778246257547583  0.75104854689467471  0.85533136986523750  1.00000000000000000
 -0.04225137483383652  0.65094614231640124  0.89407789240408686  0.95467479596536287
  0.96715404075027434  0.97666782647408834  0.98423304043911075  0.98737988732458792
  0.98961238750089109  0.99127892927240013  0.99296171277369605  0.99447319779014098
  0.99546213281323970  0.99623210773910731  0.99681402279707065  0.99726250731460597
  0.99757053694012399  0.99771169933743720  0.99781471231755969  0.99791467821442459
  0.99800422545024903  0.99812328984499143  0.99817558850917654  0.99821834979453783
  0.99827052997605858  0.99833829271128516  0.99839846996618742  0.99847073823017429
  0.99853649857288440  0.99859705735891668  0.99865170410681892  0.99870333355025909
  0.99876190308975676  0.99883115312887483  0.99890624924961657  0.99898070536444938
  0.99904018597511213  0.99908771515550576  0.99911925453564299  0.99914564503710490
  0.99916881228488030  0.99918842539131913  0.99920811368094054  0.99922797873386293
  0.99924955716410047  0.99927216971789579  0.99929507420265995  0.99932222555350625
  0.99934892897810290  0.99937563106763194  0.99940210716384903  0.99942815418738851
  0.99945604116316999  0.99948255532203090  0.99950785784329521  0.99953201164101846
  0.99955400964776964  0.99957437233472246  0.99959336296199020  0.99961188887347519
  0.99962759522717948  0.99964256345689018  0.99965769533690485  0.99967307837806241
  0.99968864623614773  0.99970381175625966  0.99971756926967026  0.99973177813006964
  0.99974532389113913  0.99975822306405115  0.99977047417241238  0.99978162077851129
  0.99979243725320888  0.99980309370377995  0.99981321985103599  0.99982288472357139
  0.99983202895639200  0.99984085428246161  0.99984946604558766  0.99985787345572474
  0.99986642291327033  0.99987530851167106  0.99988430016319463  0.99989344890428966
  0.99990349606394202  0.99991367100439577  0.99992350141561714  0.99993348375631896
  0.99994308798159282  0.99995164797306757  0.99996000480134672  0.99996819760591193
  0.99997613470159996  0.99998398270626399  0.99999197835985576  1.00000000000000000
 -0.00000512218494222  0.00005905656266288  0.00031754262585999  0.00099722030234038
  0.00207088562971998  0.00350061339376516  0.00520893663546560  0.00688371097584187
  0.00948923457941250  0.01203805711523372  0.01342872112760938  0.01476353696051331
  0.01628427220023061  0.01696306620790663  0.01738490867853719  0.01966844188461007
  0.02286510806622236  0.02504140561988056  0.02605728305447448  0.02716195497002944
  0.02867124277329383  0.03058931951820543  0.03389702488281103  0.03795764366345672
  0.04436657486744287  0.05123884097544995  0.05609262744041655  0.06138645726326522
  0.06687751975247531  0.07207392731022319  0.07610142504398623  0.08135511791945733
  0.08724303743877389  0.09299415401117307  0.09891885112242367  0.10480640149365449
  0.11149112029944491  0.11991049375563609  0.13126094579646796  0.14074552112912633
  0.14905958502209779  0.19928595161457044  0.27109840936001789  0.34798385207980514
  0.41057581923531555  0.45479289537315548  0.48631561535411522  0.50692664973421520
  0.52321262625743525  0.53754125478730408  0.55116994583395928  0.56237789117743675
  0.57331791475805205  0.58908814113700880  0.59774461297684411  0.60644720235375760
  0.61547220044460615  0.62459017256451344  0.63441018595869358  0.64561054119543149
  0.66328919745934234  0.67980833643077720  0.69424763843172066  0.70853027640021282
  0.72369590726714383  0.74267085443859993  0.76753984708974576  0.79311646957675919
  0.81485295537232871  0.82551569701102923  0.83440778113758352  0.84565977360867794
  0.85982156511779217  0.87235493694203214  0.88361882434542671  0.89241996845843152
  0.89948788768425503  0.90595000244303858  0.91106111780188748  0.91621327747190173
  0.92239227343202179  0.92858318175730781  0.93477758460719951  0.94126139720654955
  0.94744969950645586  0.95383359733707473  0.96035647324642825  0.96574806834762295
  0.97058775216060744  0.97516456399067442  0.97947374119511554  0.98376437189802046
  0.98803718499017923  0.99202938079111791  0.99607147285979569  1.00000000000000000
 -0.01454127357144284  0.07710743155409557  0.14953795045967860  0.22375150989684550
  0.30204432629708378  0.34820781339417495  0.39069056578253164  0.41951538474249045
  0.45793764102034407  0.49325507783954831  0.52597224425013034  0.55216674483832828
  0.57813335710580682  0.60446664812273143  0.62619314179648022  0.64371662930083484
  0.65637293215672610  0.67107126280103224  0.69074137185635975  0.70947396761689352
  0.72459577116023011  0.73790658399220921  0.74947786853646359  0.75701581667806617
  0.76421833746535173  0.77132612038925352  0.77736550776392976  0.78338098586950367
  0.78948940613475060  0.79517003374433437  0.80124552201155208  0.80755938695184415
  0.80967338047392368  0.81394286550717410  0.81913991476321746  0.82362777757999850
  0.82823888892179909  0.83263108339246583  0.83738149945559448  0.84537192921777427
  0.85300957872322780  0.85952418543139997  0.86633141215428966  0.87333450629688136
  0.88088078277270954  0.88699407541016562  0.89238001547592449  0.89705109790161430
  0.90180442927459292  0.90664655186321896  0.91317453698401851  0.92025717429438936
  0.92739335734957784  0.93431326601509868  0.93936588854154768  0.94209902024904102
  0.94475902064014583  0.94654539419453965  0.94822485991233663  0.94993969150303015
  0.95149117352619461  0.95284598600042769  0.95412097321421752  0.95577819445969414
  0.95807497070446890  0.95989912730237315  0.96158658170620459  0.96324629954350083
  0.96471584310096925  0.96615967871149966  0.96780383792941371  0.96952417837034766
  0.97115106299451226  0.97277733464661187  0.97443373685296131  0.97618649068745955
  0.97850388607659111  0.98077151053082978  0.98256165458630018  0.98426793479174612
  0.98564375745273181  0.98692325218141230  0.98821030187792958  0.98930943644044456
  0.99069211140171454  0.99181009425464517  0.99286249287363304  0.99416483292456403
  0.99529108543177702  0.99638692270690177  0.99732862689219715  0.99792815460222517
  0.99852511698372270  0.99904910486435927  0.99954204916460310  1.00000000000000000
 -0.00610104107294208  0.01840131427311880  0.03836160354202564  0.05547662745184122
  0.07411307783280834  0.08745277420759777  0.09446040323722442  0.09996539074396332
  0.10362922532491507  0.10699163536363669  0.11127517606735987  0.11552118503171631
  0.12121090312916798  0.12930311211039991  0.13476435649608351  0.14008322431719331
  0.14764401258550972  0.16034071750056977  0.18082416101004067  0.19728991531514314
  0.21031324189103848  0.22147657295081585  0.22909310049461745  0.23531614753657404
  0.24188808883302770  0.24873773011715627  0.25317933718141261  0.25635654691152659
  0.25912876867982787  0.26198781104216745  0.26602295136584780  0.27091992539258936
  0.27608841781979859  0.28461771421913906  0.29177459744103196  0.29760488400234825
  0.30243031484987803  0.30856315718769273  0.31617474170215326  0.32633444288106234
  0.34051022934087755  0.35650138607637377  0.37127610818782580  0.38941279064666107
  0.40403263866245798  0.41718769052323490  0.42812438700774696  0.43586359775494415
  0.44403810842864772  0.45262583644810422  0.46305427144061545  0.47617040350539164
  0.49014730587621497  0.50184522983922741  0.51232500313986895  0.52694687552884589
  0.54675852813377168  0.56784723563314732  0.58671743128659248  0.60260339017509590
  0.61736493886880295  0.63268345024029893  0.65011718125134843  0.66988757784374076
  0.69033293383051308  0.70456482702515988  0.71704477960149671  0.73133911086444803
  0.74764577867756010  0.76565620504349130  0.78163073331798016  0.79023558892192636
  0.79598928321860030  0.80093738571464101  0.80582653762192924  0.81040344294285682
  0.81574767792318736  0.82108957800896476  0.82621658190130187  0.83114554262257656
  0.83834363515693122  0.84552979154606966  0.85439243901893869  0.86422594211881065
  0.87296729020406161  0.88089172433210849  0.88760957399145068  0.89435586460616623
  0.90204279214957617  0.90840691610530855  0.91471521655597232  0.92393387125575999
  0.94783822930503336  0.97118128020050343  0.98679847212435723  1.00000000000000000
 -0.00064258974866732  0.00023162542292687  0.00199845009862126  0.00414512183224526
  0.00597426633816174  0.00781101689360631  0.00967375354534116  0.01175836409830701
  0.01420501760424791  0.01775301649594558  0.02193378460664678  0.03164302559807482
  0.04483265257599795  0.05902325934795546  0.07467375686083919  0.09296355640568618
  0.11880166310327119  0.14855687415842023  0.18870216670560375  0.22203514797885585
  0.24408237702303706  0.26781568983956949  0.29628203162728517  0.32344384184638009
  0.34797680506812650  0.36691801938797075  0.38064303421058665  0.39135078190646366
  0.40270441239726334  0.41495521750856668  0.43284265217923928  0.45268877760730769
  0.47623253601648347  0.49796939072562491  0.51653800321305254  0.53450160486738607
  0.55218379483858149  0.57256072128078805  0.59224263769912655  0.61703976109145031
  0.64186492368620041  0.66330088290956468  0.68957215432635288  0.71666249809942895
  0.74083609882797363  0.75978823572308329  0.77360387060288271  0.78267762780304651
  0.78989395790187245  0.80100822609812583  0.81216209093419756  0.82132747290397246
  0.83055085601932466  0.84043185231917805  0.85510007301880686  0.86548153125856275
  0.87579185619081579  0.88578619908128486  0.89497137251562819  0.90154420061107099
  0.90833186039525382  0.91434000645468183  0.91907121747942810  0.92332774499585180
  0.92794094139044103  0.93388697526425657  0.93797004032849662  0.93984704173135858
  0.94451309103419867  0.94887519854961588  0.95225676323628217  0.95634842725847269
  0.95996824770806688  0.96235162914909611  0.96459386745576481  0.96742986595313396
  0.97067005208005586  0.97441508304529723  0.97793986570883862  0.97993386146313799
  0.98141328899241076  0.98250824151558636  0.98357696104542969  0.98480550756707386
  0.98580421196087598  0.98689559887082012  0.98832982719636964  0.98975375798800980
  0.99126193694304787  0.99294262838707092  0.99439464782808040  0.99562231032964732
  0.99677788400185163  0.99791435443642618  0.99898234522377949  1.00000000000000000
 -0.00181906034314442  0.00657589441539924  0.01598861976341639  0.02478555545280213
  0.03276766016745857  0.04134236642338689  0.05044821172924654  0.06025361415137635
  0.07133769035663658  0.08476864977113593  0.09528713117484183  0.10630138940092164
  0.12065237031885377  0.13813706603896408  0.15646801537251087  0.17229421520636171
  0.18602201113485414  0.19928343807658624  0.21166329673866330  0.22334034622199300
  0.23644400382937777  0.25149952059065611  0.26609286389067910  0.27952403998727038
  0.29063645695063428  0.29991788267082942  0.31134448869782749  0.32289383355554779
  0.33429112054027887  0.34409617625085503  0.35246947728876921  0.35847527003380625
  0.36441954712548053  0.37405334589502770  0.38588025685330518  0.40085523812929880
  0.42735366736391422  0.45199981314764248  0.47464600019119046  0.49858443639873706
  0.51874540110318390  0.53480159906402813  0.54417783907358153  0.55438449673815859
  0.56142446500139020  0.56807161874789847  0.57494227507249218  0.58278323491710815
  0.59094600996700386  0.59492459792356778  0.59886895684054831  0.60219655280840512
  0.60788063861872565  0.61391360771813708  0.62197153744835521  0.62789686739819883
  0.63231884943147298  0.63831203660672864  0.64814556366359610  0.65551515279958772
  0.65942747805617097  0.66430613477808365  0.67146109437687773  0.67715349931024549
  0.68261216880996323  0.68945753873721416  0.69883552367837531  0.70730109657440321
  0.71375301002778513  0.71967984795655404  0.72612033193644276  0.73491244530667443
  0.74740415629665069  0.76163547392982978  0.77572627088325818  0.78496256817801291
  0.79244241919295821  0.80205117467182752  0.81440342410747402  0.82582770611830003
  0.83552082283596796  0.84544795688898122  0.85278035677060815  0.86049041675863081
  0.86900373684906396  0.87816919181636222  0.88885140416349917  0.89704403047096593
  0.90442058646119527  0.91211414872494490  0.92171564848077603  0.93225761779153338
  0.94557352737817779  0.96210734497951589  0.98204658968176972  1.00000000000000000
 -0.00196128309647378  0.00748953867413289  0.01866224117084671  0.02977974987013506
  0.04561253008172684  0.06038221135598073  0.07071074814028463  0.07844598968226878
  0.08626948146364508  0.09648309449520573  0.10999158374345055  0.12637421304992649
  0.14059391092302434  0.15294676982062042  0.16344192469340016  0.17432859743108997
  0.18312043993348640  0.19099393961999353  0.19657051064678929  0.20158043724198338
  0.20654432291745461  0.21172065678371399  0.21680560965815396  0.22703933508396967
  0.24127244573943307  0.25807315600161790  0.27412939686834603  0.29179342956022569
  0.30891095494487042  0.32378719037395076  0.33848575535247472  0.35122104748579436
  0.36296732355364719  0.37404899713586143  0.38277070335268659  0.38864233054930747
  0.39339369594336621  0.39760073696273568  0.40206435174993388  0.40860248108706509
  0.41213291108606898  0.41615898969123849  0.42546355590830093  0.43926591757033773
  0.45379325930771008  0.46935732034356292  0.48343962039070021  0.49741720532416778
  0.51258110849730776  0.53029557159900176  0.55005611918531594  0.56962209301441458
  0.58850817099003672  0.60483528253897190  0.62083834196483734  0.63914747775805147
  0.65736158627463348  0.66959500213155643  0.67679258708226431  0.68385511888036599
  0.68859680850400895  0.69325823141688636  0.69791484010585336  0.70575914280619012
  0.71092820942967172  0.71464180622331663  0.72086778909346994  0.72699326521354968
  0.73327546531616716  0.73943874700814693  0.74643417255304734  0.75318047164397983
  0.75880569022296118  0.76401679821866819  0.76750447670591349  0.77186693008815765
  0.77733205326729149  0.78315856269904360  0.78892431626583881  0.79538554096921132
  0.80332760422618466  0.81001465461580091  0.81710137835368180  0.83181031045110720
  0.84547647924119795  0.85772021806746324  0.87179726264678292  0.88278491804673498
  0.89339920363374004  0.90479768099799351  0.91941902084854255  0.93659842661514359
  0.95355532059297576  0.96853190951913803  0.98373832609018175  1.00000000000000000
   3.0366426075704899E-013  -1.0000000000000000     
 T T T F F F T T T F F F T T T F F F F F F F F F T T T F F F T T F F F F T T T F F F T T T F F F T T F F F F T T F F F F T F F F F F F F F F F F F F F F F F T T T F F F T T T F F F T T T F F F T T T F F F T T T F F F T T T F F F T T T F F F T T T F F F T T T F F F T T T F F F T T F F F F
