  0.00565074101699843  0.01109090051668763  0.01863570547400943  0.02689983695355256
  0.03549238506723269  0.04417577243088192  0.05266182935765031  0.06110643422931480
  0.06985257011613238  0.07883944858389337  0.08804527992314211  0.09725475599486166
  0.10655218385848231  0.11583226161727002  0.12506210693375508  0.13413188360945799
  0.14324263527485759  0.15259510074883859  0.16234293665524771  0.17257839350872667
  0.18294629278894564  0.19330573283248279  0.20355051136904573  0.21381837425958386
  0.22429109266318906  0.23484372359526429  0.24547283045595084  0.25628749314259291
  0.26740937339793569  0.27872987480005679  0.28998246555751600  0.30117122786543105
  0.31230541794874461  0.32361665715370047  0.33512387511801722  0.34709019999138679
  0.35935277709530694  0.37183531083522675  0.38434792272298379  0.39690775794231015
  0.40959119971345048  0.42231723884101585  0.43498973841227256  0.44765671878685309
  0.46032807086143868  0.47299047152580936  0.48567828355027393  0.49839538281286050
  0.51106304344045184  0.52369926132252020  0.53625175243016443  0.54878957905511450
  0.56122064905852276  0.57362092081564031  0.58596073484222944  0.59825228611757708
  0.61043708501775462  0.62240897519995231  0.63430080664101229  0.64620204686254501
  0.65816148193341961  0.67000856843860701  0.68152339592632238  0.69271573493608163
  0.70379619578287134  0.71488164045773539  0.72597052854756206  0.73697118041826948
  0.74799349439835727  0.75874238309969089  0.76929190053125318  0.78003081340080105
  0.79107909978371005  0.80225241861732743  0.81316430454339206  0.82350888486108231
  0.83348676616573514  0.84316752310521481  0.85286176750109211  0.86245363871849934
  0.87194217007289165  0.88124683855949915  0.89030962853542184  0.89926386834193062
  0.90800477874891294  0.91653544057509895  0.92491574636420693  0.93331141703263965
  0.94193260270712154  0.95076143510207589  0.95953303967820525  0.96793021391818501
  0.97614289962489453  0.98407969615744262  0.99201980358747377  1.00000000000000000
 -0.00231289438979351  0.00920471452818474  0.01905947862485229  0.02961416892028346
  0.04023210191510925  0.05049363116737431  0.06079682458708681  0.07110800912843683
  0.08171686923207325  0.09224416044265280  0.10293388294065797  0.11381419613342564
  0.12462942103346143  0.13555118534383440  0.14610162761165357  0.15662645195467520
  0.16719068593443467  0.17773165932533069  0.18863390390580614  0.19944933089293954
  0.21043155656188847  0.22123109247633918  0.23217901668167476  0.24301525769786902
  0.25366618478630398  0.26433912196460474  0.27523645602877733  0.28651666141221671
  0.29743633159406169  0.30797622632554994  0.31845079111837876  0.32925566484050894
  0.34015144045222373  0.35081702017910288  0.36130308084774587  0.37183757489780689
  0.38249704815811691  0.39309679331584524  0.40346026617475811  0.41366183128320227
  0.42417282030369818  0.43481088086524511  0.44542693287660967  0.45571501394361841
  0.46622063461051788  0.47710428675703487  0.48787276075943842  0.49838433196774012
  0.50884979571799127  0.51937555676339586  0.52980831106394155  0.54016079901177139
  0.55054593533438834  0.56055497182619818  0.57061126726056688  0.58061840088856309
  0.59125446831480399  0.60187221896225240  0.61257919141116601  0.62306407480434489
  0.63340440369137674  0.64370359196163163  0.65398643477040874  0.66430416417552607
  0.67458494776039324  0.68488020373017455  0.69504131320065066  0.70533874769465532
  0.71572662377245766  0.72632595011158696  0.73678821019984064  0.74726202810733566
  0.75807129810363150  0.76876756279252123  0.77909059240224432  0.78927649098221508
  0.80000102571177445  0.81074996510203456  0.82114773066342728  0.83123270440764341
  0.84187295171398424  0.85233426947056123  0.86307650056092589  0.87367894310633409
  0.88411197445165879  0.89449561666031829  0.90445661634023744  0.91438616751205615
  0.92451594756446653  0.93510167038848946  0.94606717802749385  0.95671582248608689
  0.96759878744466399  0.97842183210596434  0.98931261326470432  1.00000000000000000
   6.0915364338560603E-009  -1.0000000000000000     
  <DiscreteSampler_grid>
  Helicity
  1 # 1 for a reference and 2 for a running grid.
  20 # Attribute 'min_bin_probing_points' of the grid.
  1 # Attribute 'grid_mode' of the grid. 1=='default',2=='initialization'
  0.0000000000000000 # Attribute 'small_contrib_threshold' of the grid.
  0.5000000000000000 # Attribute 'damping_power' of the grid.
 # binID   n_entries weight   weight_sqr   abs_weight
    1   3406   5.037540268879600E-009   6.018201906604568E-017   5.037540268879600E-009
    2   21   2.742239510745836E-013   7.450424429997143E-026   2.742239510745836E-013
    4   3409   4.990740348134792E-009   5.809667654483328E-017   4.990740348134792E-009
    5   279   4.099122259747438E-012   1.994103152312185E-023   4.099122259747438E-012
    6   33   4.095783225892757E-012   4.025731899881332E-023   4.095783225892757E-012
    7   33   4.095783225894793E-012   4.025731899884696E-023   4.095783225894793E-012
    8   239   4.433914703601402E-012   2.368295026689153E-023   4.433914703601402E-012
    9   3090   4.798546458261824E-009   5.350700643126132E-017   4.798546458261824E-009
    11   20   2.879351486283128E-013   7.822945651497000E-026   2.879351486283128E-013
    12   3557   5.251341337744963E-009   6.708279590715586E-017   5.251341337744963E-009
  </DiscreteSampler_grid>
