 -0.00275119540252090  0.00197062567323842  0.00736171161318709  0.01528894173949879
  0.02299654172792488  0.03045509512843628  0.03738094293007135  0.04439329029132304
  0.05184801327688731  0.06061302041856233  0.06922909277354393  0.07609206448134825
  0.07727501994203168  0.07932789216495544  0.08231571339949494  0.08567820241978634
  0.08900815361243707  0.09235752492203546  0.09572020793322258  0.09912413339151799
  0.10248912332563312  0.10569764555516553  0.10883527570829826  0.11208145011739157
  0.11555958944005085  0.11914848663749128  0.12270906565719640  0.12627038864943366
  0.12993089665845745  0.13371321825703250  0.13756016137084801  0.14139945666996639
  0.14532366570547725  0.14933590412574158  0.15339956310437280  0.15745278609956462
  0.16157645612470178  0.16575561755386792  0.16998789925305555  0.17432411477969548
  0.17880445200447997  0.18346064203142240  0.18812088217609788  0.19275995911552402
  0.19733216055493369  0.20196612037557371  0.20671296198665959  0.21161110439667716
  0.21664822468242687  0.22176200764102438  0.22693878677919530  0.23216217530839359
  0.23745865438544544  0.24287438171441708  0.24843181689775254  0.25414078385711192
  0.25998620799995042  0.26592335568029118  0.27197102855329047  0.27818509110171796
  0.28459790501657628  0.29119784042904828  0.29801381452846015  0.30500440014077240
  0.31209950139769344  0.31926520027959004  0.32655036222348877  0.33405506839016907
  0.34188674884173276  0.35009109188788096  0.35863793426484447  0.36743865962182748
  0.37640954112547487  0.38553201394384656  0.39500806987530257  0.40490524942770889
  0.41526459041211672  0.42598818327482602  0.43704766364039443  0.44850003386171694
  0.46038972511886750  0.47295051212382860  0.48622566996704469  0.50023230665469898
  0.51506096286685465  0.53105611073373815  0.54819701345926475  0.56656664280484925
  0.58639694740982728  0.60891391517927462  0.63455304948982283  0.66467139708394585
  0.70057008706766588  0.74550530137511806  0.81779335887193305  1.00000000000000000
 -0.00245987686774469  0.01018901863743289  0.02028000667068527  0.03044004920992281
  0.04042865969852639  0.05047534679180687  0.06050161365514770  0.07002228736210472
  0.07995228309520123  0.09029383351914956  0.10117233151145906  0.11209324634946301
  0.12304692960262102  0.13454294483312060  0.14605444204972146  0.15739086419710102
  0.16858685786185654  0.17996009191865231  0.19185178555930452  0.20306888655836658
  0.21422516788323342  0.22481347438414603  0.23585472852325853  0.24729039453817070
  0.25924786937703331  0.27131775387276325  0.28304501475773275  0.29402726281522479
  0.30426774711668181  0.31447884184130714  0.32489415525388521  0.33483730548643081
  0.34432638298582163  0.35386327844076931  0.36408367597873764  0.37477973342204157
  0.38543947648884691  0.39617444372345234  0.40704007388165669  0.41768241721613952
  0.42786069886731720  0.43778945457710705  0.44785082278732424  0.45871638174486956
  0.47014575289017768  0.48129137893401636  0.49220386801050203  0.50275110900911424
  0.51282883511461941  0.52290644744384884  0.53299286606978757  0.54326669807355121
  0.55338956496999214  0.56354372548654319  0.57425708353046478  0.58545056541296903
  0.59705684764230804  0.60874086288409313  0.62032280104012616  0.63158816283009955
  0.64266888276717271  0.65387519970361885  0.66542870060474657  0.67725656964539960
  0.68824136241500056  0.69758748069144194  0.70652125897007534  0.71555998539126631
  0.72500167340830168  0.73490296198170846  0.74461563679401233  0.75458577863382770
  0.76518174370566905  0.77535471612026130  0.78440238942712637  0.79289348775994106
  0.80111097020394983  0.80949089150121822  0.81855066910221774  0.82802502982863113
  0.83898372409417221  0.85089167550174738  0.86199835718457340  0.87265240207871209
  0.88320448105171501  0.89416896333280360  0.90440387044748138  0.91528491222588360
  0.92507188155386333  0.93540401417685026  0.94598957452323196  0.95656220453626117
  0.96713433234126434  0.97752967838496918  0.98871873412701339  1.00000000000000000
 -0.00273788759272362  0.01019120937290640  0.02108117764886836  0.03203299173157587
  0.04294508728361870  0.05398800488616179  0.06478086138806707  0.07554818733201130
  0.08675545285449723  0.09843022417806968  0.10979941383653075  0.12079064582157402
  0.13193547392205060  0.14305001006793244  0.15421007248745855  0.16551297484341412
  0.17637909659055293  0.18701676002479564  0.19767313153911176  0.20765871132122721
  0.21681373195025311  0.22549876083964435  0.23456675855872991  0.24415169987088470
  0.25421594012886212  0.26442112373409032  0.27510313968433930  0.28640987675225832
  0.29740528452936732  0.30821661482425394  0.31936098834558063  0.32986401166839102
  0.34053652974931636  0.35159295653259404  0.36327343986173699  0.37436255538149388
  0.38456937722709250  0.39455901917755237  0.40514047004923276  0.41563771911544722
  0.42575281920183283  0.43545701246390772  0.44515122468724033  0.45495465298249244
  0.46474271807765438  0.47438461113900088  0.48494534578708953  0.49642795342915397
  0.50752215975142889  0.51835354611103290  0.52915237989811081  0.53931740231749614
  0.54932323228983082  0.55926578281034589  0.57028916731979240  0.58089557784760937
  0.59132958453668105  0.60205261202093763  0.61361273135534322  0.62515086721379320
  0.63633674583004574  0.64652019888605905  0.65634436592322098  0.66628391917269203
  0.67692782264261497  0.68750394095891476  0.69727245879991295  0.70677473137040425
  0.71649130408096262  0.72661670606794748  0.73713804253501425  0.74784054902367447
  0.75875165920727639  0.77001774307084203  0.78120174114580665  0.79182874537554637
  0.80231998002516236  0.81258120963271585  0.82327957102705518  0.83392371425198986
  0.84462629976184189  0.85573760720444236  0.86632392700588512  0.87717826456481685
  0.88775214492105659  0.89847156765993141  0.90919083258266709  0.91979796174508521
  0.93049374325724310  0.94082821955296436  0.95084456815263130  0.96073608218558681
  0.97045869368333937  0.98027305913782281  0.99014899922041411  1.00000000000000000
 -0.00212289032415515  0.01069840934316050  0.02044360408888126  0.03101561860720827
  0.04140269015428442  0.05190664638898140  0.06277290220553818  0.07363797186954472
  0.08452083735099149  0.09563092509311320  0.10697882214530553  0.11833062057085265
  0.12897092654625394  0.13899354140705569  0.14902331879172465  0.15838365298755261
  0.16742504173808395  0.17651546334417134  0.18539995381116553  0.19461042876267448
  0.20416314597068203  0.21416227026099974  0.22528392798658833  0.23620501233968444
  0.24743076940251052  0.25856124341837489  0.26958928980949204  0.28048534635918304
  0.29136902313663499  0.30226291951803719  0.31317448310949919  0.32424896441207812
  0.33534653406057224  0.34655140145900809  0.35785227199045577  0.36904751040347439
  0.38023458779233810  0.39126468753162552  0.40224032330198295  0.41285608180059608
  0.42312280246176703  0.43338174015517111  0.44356889589042275  0.45432476278382067
  0.46550891491406354  0.47686312818681453  0.48794683898654068  0.49883991611358786
  0.50985181804548041  0.52099728534878254  0.53246725261714178  0.54372862833370261
  0.55451159117680349  0.56484776577647178  0.57486673667749066  0.58490645091680393
  0.59525038814350462  0.60572113562870189  0.61614392330618495  0.62656731928750831
  0.63694535827199183  0.64784905517984237  0.65901530927260510  0.67024260593495621
  0.68150925834388387  0.69256891641709573  0.70353541096015826  0.71353448012388754
  0.72343066406055612  0.73344598309291387  0.74462388000297841  0.75582791910942537
  0.76625054949878302  0.77606813754340764  0.78585114580844440  0.79565787707221247
  0.80520362152222524  0.81483442666508932  0.82439827737243720  0.83395228297632462
  0.84362799100494845  0.85332959758821414  0.86460568338207477  0.87601042123906026
  0.88660571136986210  0.89686713588787426  0.90677270857533898  0.91632278442225101
  0.92566621976501184  0.93497074929427293  0.94474169871050739  0.95498394218006200
  0.96532242102762833  0.97624817947792386  0.98788592248129448  1.00000000000000000
 -0.00249653700143168  0.01017424209690177  0.02069093392495269  0.03101872666636577
  0.04129128508033028  0.05192028297860427  0.06279333553371549  0.07380761627454670
  0.08462010540856731  0.09548958454077600  0.10653080982038418  0.11783228752058038
  0.12905676176854688  0.13994024137440178  0.15018381860068286  0.16059586289211614
  0.17107032863846872  0.18202609493228539  0.19333953807320167  0.20470835981925106
  0.21574611672807703  0.22664595758341463  0.23760215182926078  0.24830954626728186
  0.25928193132615940  0.27023486791579365  0.28181179403493783  0.29311408224756746
  0.30447137514893408  0.31565986845235999  0.32710067100740670  0.33843322862333203
  0.34968408322239264  0.36048647336092826  0.37076235965308418  0.38066410231553233
  0.39018509307695598  0.39991991441012831  0.40989295065610942  0.42030130973981500
  0.43100710056116692  0.44146299620176249  0.45156620345818271  0.46144918414196839
  0.47105056967205089  0.48088876948239018  0.49068451637448907  0.50055076720714642
  0.51079955599380378  0.52126310176241641  0.53232429098813649  0.54327752099057225
  0.55390674936571438  0.56437946961092067  0.57480272916632602  0.58467729138987878
  0.59400720579502275  0.60343815349583263  0.61374711605666410  0.62452600023883020
  0.63524586284418327  0.64599626621884676  0.65680725702149545  0.66755589481625510
  0.67821084481424987  0.68881090165657255  0.69939629469074560  0.71009112622342918
  0.72110948641451911  0.73230967995704566  0.74305917256548448  0.75339290975891682
  0.76337531414249182  0.77360886060461442  0.78336790537963996  0.79305937766924695
  0.80252119826252066  0.81198120502086435  0.82166041835014836  0.83163576859574795
  0.84196401190049741  0.85175849762787237  0.86121282258527421  0.87055530858006747
  0.88132800692505564  0.89316570415992103  0.90514657254169006  0.91679029367486431
  0.92707644325237004  0.93724661790360297  0.94731089663246970  0.95727415559351470
  0.96679262349877204  0.97680441288516762  0.98803474120888646  1.00000000000000000
   1.2836079100759801E-028  -1.0000000000000000     
 T F F F T F F F T F F F T F F F T F F F T F F F
