  0.00004955249142923  0.00019558654594161  0.00030941872770108  0.00040853949819364
  0.00051690297949087  0.00062054589550192  0.00070770928348261  0.00079473011235311
  0.00089001955906840  0.00097956880732504  0.00109841112613936  0.00120931821124342
  0.00130959798787034  0.00140223185937998  0.00150544261269933  0.00160699575711394
  0.00170876916389419  0.00183236878971396  0.00201020935613568  0.00228003949422133
  0.00255588016861910  0.00286063660720446  0.00317137609605704  0.00340057407852916
  0.00360828373017811  0.00386671328237216  0.00413276617978739  0.00439895695041805
  0.00467536458243363  0.00498312159462181  0.00530230642928833  0.00562276617521138
  0.00595981673286368  0.00627853159175825  0.00663291155697695  0.00710214237703176
  0.00756499670643755  0.00800382096314326  0.00846706257031929  0.00895039005141509
  0.00935007314850263  0.00977465906889689  0.01025420578395295  0.01079510005039669
  0.01113026112795561  0.01144567077490722  0.01179254241822466  0.01221086328380857
  0.01261391964831159  0.01304423153028646  0.01359701912303327  0.01401950334161761
  0.01442907170558176  0.01499881083692178  0.01564051119898708  0.01632715635727957
  0.01698959984093319  0.01756102135589916  0.01814555852437119  0.01882550917604209
  0.01955950104209316  0.02034310044056678  0.02131057612838252  0.02247719756811051
  0.02360066436074628  0.02456733189752170  0.02540743503685693  0.02614759097560249
  0.02697225982277845  0.02792058627307014  0.02897016404767997  0.03010818122980207
  0.03124036932333285  0.03236176391161968  0.03361181362454051  0.03537110266088658
  0.03769255998248872  0.04027528708037032  0.04299201411341003  0.04605873754504969
  0.04955199105236784  0.05360589399291775  0.05821649734920381  0.06328265566692956
  0.06790834976436022  0.07234174617625128  0.07570487589317990  0.08199691556176716
  0.09120147866807481  0.10485297007647899  0.12974643735192587  0.17214549755111805
  0.21411434618543729  0.26939490953002926  0.36361113391112937  1.00000000000000000
  0.00029756315754958  0.00067134484969792  0.00087638052275027  0.00101368877045341
  0.00114865116286474  0.00126132273506066  0.00136890451054734  0.00145810636365478
  0.00155659662995726  0.00165792349766847  0.00175385933214522  0.00185202510985413
  0.00196570978228594  0.00208584327311280  0.00223345278880444  0.00242367174639184
  0.00263637985967793  0.00283738832710409  0.00299017543937236  0.00310624333310818
  0.00322803263206741  0.00336299172977239  0.00352062396681802  0.00369030221882215
  0.00390999776925315  0.00419302954725345  0.00452726833088669  0.00487059270225649
  0.00514393239954557  0.00535603222146393  0.00555877066654270  0.00579678214031953
  0.00603186050740550  0.00623776223722649  0.00643969844376875  0.00665258455493938
  0.00689130521376793  0.00715502483984862  0.00742890296035849  0.00766084962817660
  0.00783554699876186  0.00804876823489810  0.00833480554495213  0.00884877216564174
  0.00945022785301752  0.01024725295949177  0.01101447340272112  0.01182727694208962
  0.01267030734903196  0.01354647367282972  0.01441074165760283  0.01526556411790269
  0.01590053614813728  0.01650226492615943  0.01718060929210751  0.01785329001190541
  0.01854179665700040  0.01927900399867173  0.01999867493837366  0.02051826407171523
  0.02108175531664254  0.02195908113254863  0.02324775227209768  0.02447397095761262
  0.02584489024271451  0.02727178616335574  0.02904522734518336  0.03070387515741562
  0.03223340712710709  0.03386254219726707  0.03564790191212979  0.03718711245056219
  0.03880823904260509  0.04073617106037360  0.04314011313323728  0.04606939678169186
  0.04948892300352520  0.05338757483865130  0.05725801897294117  0.06172749328037524
  0.06672699986510816  0.07183546272391385  0.07717097766558348  0.08258561420611976
  0.08829544437417114  0.09635816188585615  0.10587134955159484  0.11538469176328875
  0.12457710549729968  0.13513669599683989  0.14876767646108341  0.17839270986425787
  0.22969427925678926  0.30915805720977002  0.45533889055103882  1.00000000000000000
 -0.00002033499046854  0.00006897563994794  0.00024838822534628  0.00047259290317769
  0.00067933931173623  0.00088543339856390  0.00114212589852849  0.00150263111187406
  0.00184546347774815  0.00211332525094265  0.00235834888770507  0.00259614679748937
  0.00281672963966178  0.00306491020620507  0.00334841212716448  0.00363744795716768
  0.00389755974949079  0.00413034560181028  0.00434995219190195  0.00455839606557075
  0.00482436350708776  0.00507135079352651  0.00525578809534861  0.00543980988122827
  0.00570764662502849  0.00597640520553026  0.00624671726216183  0.00660186426601106
  0.00700483638053110  0.00741918574336061  0.00784635314584437  0.00827267091228658
  0.00873794408690842  0.00928127674859162  0.00994967664915920  0.01074627357566444
  0.01159295418315814  0.01245539214363643  0.01336757085139014  0.01421617307489800
  0.01499945616133857  0.01577576270545960  0.01652860372690960  0.01728454528698050
  0.01809389810070847  0.01892749343172998  0.01982884656288324  0.02080419030157645
  0.02167626474288118  0.02281623704169642  0.02395600418316980  0.02504133144248474
  0.02616239507413018  0.02731210504859833  0.02889895398159894  0.03072280452528849
  0.03261482524336305  0.03419672352664618  0.03568102800052929  0.03712009189492824
  0.03843637027877635  0.03988593248867447  0.04143564042188363  0.04324521727135673
  0.04650802158340902  0.05024846167381355  0.05460645412597696  0.05858647075416241
  0.06241159959429567  0.06704751318248232  0.07260573154514056  0.07893188667390427
  0.08602083353182206  0.09396346855611139  0.10288712221004408  0.11357331439327861
  0.12838592750298267  0.14613414787548995  0.16423024950801479  0.18761261867333537
  0.21411554242066730  0.24150544816832573  0.27276591562440466  0.30146130590148257
  0.33168154412530204  0.37709385712865051  0.42894696580797986  0.49609401973455380
  0.57385691537797490  0.64917989992933689  0.72600219950862288  0.80501837383300645
  0.89864367226173092  0.94696642749039350  0.97341192634974183  1.00000000000000000
 -0.00363928712469582  0.01407884270626140  0.03034011064544618  0.04635436704424222
  0.05928045012484346  0.06948834026811232  0.07951573161007373  0.08864847486826578
  0.09723309186218167  0.10580168961374349  0.11546765901002964  0.12609372244308403
  0.13676089760370294  0.14900608875239568  0.16144466297747107  0.17076160121552728
  0.18119743666001803  0.18823071162437691  0.19410395697678365  0.19989595929835016
  0.20760791034752421  0.21866502897614679  0.23162324438249149  0.24322979089100033
  0.25563541210975366  0.26662857651402555  0.27944702934816645  0.29353289969042340
  0.30416729215462313  0.31162825511083569  0.31896108118199484  0.32647705534675009
  0.33338413187748561  0.34212535573120301  0.34915871037520729  0.35810982570440736
  0.37103803623314530  0.38565705312918891  0.40402978871157302  0.42267618641587168
  0.44022243301412345  0.45660081643544137  0.47053707485312618  0.48247305849632460
  0.49253225571583237  0.50292679321472111  0.51179778626486028  0.51889895012798448
  0.52420603602042948  0.52925164239285194  0.53596496938527016  0.54618536062368528
  0.55785802186366340  0.56960365085465281  0.58154297905573626  0.59484045545450714
  0.61099937537533611  0.62483595751098397  0.63920342708981426  0.64816819688135241
  0.65110928623765485  0.65492591826270397  0.66007842041705500  0.66645950755944450
  0.67537896723244650  0.68316282780537330  0.69061926206384028  0.69801260900450790
  0.70325477603954867  0.70583140225544450  0.70952571536099485  0.71410132908152124
  0.72090840404192358  0.73164706279502956  0.74539216454575785  0.75855244597811688
  0.77221138673960354  0.78657601807471589  0.79998645832058424  0.81337220784536901
  0.82604281240759025  0.83544201881626556  0.84260085308770116  0.84925612237009129
  0.85469867786236120  0.86077673017726697  0.86887521686158353  0.87661995481264099
  0.88691544895736818  0.90101400657875819  0.91536522674595344  0.92882062762762752
  0.94085058878639050  0.96020728384869836  0.97823042391181159  1.00000000000000000
 -0.00689288171004038  0.03712767947776829  0.06654487971987547  0.09184310910310922
  0.11752502019435959  0.14351836822116582  0.17274364187234684  0.19712744740918087
  0.21640648938034607  0.23151331136560868  0.24569253461592425  0.26185973216818814
  0.28907799607964918  0.31050048269114428  0.32808094742248506  0.34428714178112374
  0.35842115801472452  0.37279492539893022  0.39975297364862900  0.41710596848627918
  0.43197005030792962  0.44703434400662923  0.46383664114168738  0.48608715298435368
  0.50598810880261613  0.52606152796660433  0.54725023065850364  0.56784482278565418
  0.58839337442949791  0.60669096101448428  0.62238020091769908  0.63515277206930754
  0.64678789352972699  0.65982778574275758  0.67321174427156705  0.68822871264651941
  0.70419237115034428  0.71690281109163390  0.72716874940855891  0.73482365422184226
  0.74158822944993219  0.74949367925883004  0.75748886955683203  0.76606817533144966
  0.77817069948292605  0.78963909556497014  0.80135036259924319  0.80925123911085706
  0.81697458054794581  0.82485838657183974  0.83260568173669547  0.83880544262171020
  0.84355401638666172  0.84923200120239473  0.85616711627467490  0.86249326942702387
  0.86819561422347769  0.87342029770731877  0.87823412487258679  0.88307618253745845
  0.88889905448635742  0.89433688809671463  0.89772101416888983  0.90064744153381782
  0.90340103468999666  0.90633024991306099  0.90965176580091733  0.91315652164703043
  0.91570740445939114  0.91791482470919761  0.92009509427307401  0.92276538945125075
  0.92590165469089614  0.92976315937995158  0.93349859682994329  0.93720764775134979
  0.94105524261361573  0.94533068921492247  0.94981136873469119  0.95392713975744803
  0.95787063689025098  0.96082546650146039  0.96288540806054312  0.96467231138872422
  0.96629193241660294  0.96784798375412096  0.96942987560408711  0.97111522916078363
  0.97306349095804578  0.97516419317625369  0.97728284020220368  0.98135750717376380
  0.98569927153440584  0.99035601950853602  0.99517800975426807  1.00000000000000000
 -0.00490920058571661  0.02106526405002541  0.03845220342410138  0.05112696981223597
  0.06006187362235747  0.06873182330980036  0.07687005337151441  0.08429571770718143
  0.09238807516989316  0.10237916365930927  0.11584256664224940  0.13466513322572646
  0.14934992174146008  0.16090878443439041  0.17166257666695994  0.18249863301431726
  0.19844950206651826  0.21447800152400501  0.22581148296981315  0.23743109503796661
  0.24686625992693204  0.25507480396437798  0.26354146288464747  0.27222962275951212
  0.28189198852834035  0.29169130325757558  0.30006436096065386  0.30700044869180620
  0.31834314593251661  0.33041386882538148  0.34467681193817851  0.36238476830473432
  0.37310790531734850  0.38495793703122244  0.39800678643091086  0.40785513183086469
  0.41783144338821987  0.42954146303362328  0.44041020115709628  0.44694797623617005
  0.45140667776723320  0.45419414870563635  0.45716621033842786  0.46127975528541781
  0.46559624478143030  0.47715496447884570  0.48938679264799151  0.49813004290460239
  0.50818736365836603  0.52092883430340964  0.53518473816118317  0.55200341013920440
  0.56619509945444801  0.57820871414525721  0.59092995528169712  0.60361988087284435
  0.61385833989983574  0.62298262001633431  0.63112585601121174  0.64148062263130390
  0.65267184812381640  0.66351292980501031  0.67365861093862034  0.68336905599093578
  0.69260636477409943  0.70137805355331739  0.71026840311736872  0.71969929756309337
  0.72698728169900539  0.73536405703821539  0.74372168963402041  0.75373680374658680
  0.76390099344870610  0.77247173053221929  0.78030356919913690  0.78737872434303768
  0.79725420967660998  0.81197030761008115  0.82662011940922719  0.84001311493609421
  0.85452984562599754  0.86902453074887842  0.88249394810378934  0.89298304644262483
  0.90261468385610955  0.91245581692076638  0.92094880390424727  0.92996590488261766
  0.93809483606071142  0.94717662400701297  0.95602901916270522  0.96301975643289195
  0.96864634380234960  0.97357501146088199  0.98246800586518768  1.00000000000000000
 -0.00026765699356029  0.00134329572606722  0.00386798600866494  0.00590771684666506
  0.99261433927641252  0.99333258070171182  0.99347174038684516  0.99356674221803087
  0.99365071534908456  0.99373806028536205  0.99383662898860170  0.99395267734237480
  0.99407434503103853  0.99417611300106890  0.99426403642392802  0.99435743098441143
  0.99445413404800087  0.99456266186467668  0.99467825161745593  0.99478265404075350
  0.99488897704339907  0.99499589894232210  0.99509863174887814  0.99519291659960574
  0.99528843174988024  0.99536969205468340  0.99543454252923358  0.99549045920405443
  0.99554716926058606  0.99560907202504301  0.99566891766784438  0.99572090030453719
  0.99577418151895669  0.99584267521146863  0.99591892683467176  0.99599171509157802
  0.99605347196130856  0.99611375595837603  0.99617290601262964  0.99624353221357964
  0.99632872406555706  0.99641734581023678  0.99650206837652444  0.99658918288977272
  0.99666965941511554  0.99675369293420868  0.99683603120771136  0.99691275053884376
  0.99699634907374401  0.99707615696146779  0.99715110897731096  0.99722307149867595
  0.99729412612870072  0.99736402996972828  0.99743462150604145  0.99750682154305070
  0.99758332810279216  0.99766672760104513  0.99776091662878830  0.99785656741688344
  0.99792815644753874  0.99800278825438582  0.99807157760681164  0.99813559659220397
  0.99819618917634412  0.99825732720521487  0.99831929625020122  0.99837787918133636
  0.99843678241107747  0.99849748224295254  0.99855978429700498  0.99861156174783239
  0.99866166640156973  0.99871040753641205  0.99876305221033257  0.99881817653822758
  0.99888011648840236  0.99894970082678680  0.99901483060873009  0.99907723581633967
  0.99912837306264757  0.99916936093029263  0.99920743841486692  0.99924370046292466
  0.99928394306205004  0.99933584231664185  0.99938866304989382  0.99944219543694379
  0.99949115302580094  0.99954490660420625  0.99960480311462596  0.99966228288718961
  0.99971652640649955  0.99978838696407413  0.99988812756831891  1.00000000000000000
 -0.00099366558644303  0.00665695294045817  0.01411933896720372  0.02159012929353287
  0.02916955773171165  0.03783441243179753  0.04707751335801006  0.05565326191057985
  0.06481250138852106  0.07559285249637998  0.08324565498627788  0.09221120381809199
  0.10193850172626368  0.11045439514889911  0.11868055003850068  0.12662418015220481
  0.13449228251613876  0.14474126409611435  0.15548248588171359  0.16596445069035881
  0.17554322734657238  0.18265207162865621  0.19744078188917610  0.21322681313069131
  0.22739432268878129  0.23575461023435795  0.23984187162513221  0.24405280266633630
  0.24699313688780264  0.24991853530319180  0.25252062639849704  0.25586373511226046
  0.26035368786291790  0.26933724840816287  0.28233008986944613  0.29187923600688276
  0.30380328361851777  0.31354232447639996  0.32278802995531763  0.33140938505208956
  0.33945818532398103  0.34830580321908738  0.35584785446698203  0.36178298983150881
  0.36956946521959538  0.37679484390523854  0.38317590343015429  0.38854778177043880
  0.39511240970896327  0.40340465110419893  0.41199351896165581  0.42263397913065615
  0.43969987497860719  0.45958621426552043  0.47824128428571810  0.49726162429418491
  0.51582934052656615  0.53391935426339576  0.55263749825975206  0.57187893262151690
  0.58727025734950289  0.60177882259235294  0.61488856322517005  0.62756835075273343
  0.63996481806472716  0.65313014717324402  0.66810229645620511  0.68165298149901299
  0.69483092445323713  0.71022388104559897  0.72553843449772659  0.74043971503621409
  0.75491767901237417  0.76927227258717068  0.78214327906559555  0.79437902317722575
  0.80695659165594791  0.81904827891157372  0.83045619520346614  0.84189965885105567
  0.85476524234589757  0.86748286580858491  0.88174920502759169  0.89592206301847299
  0.90806619205102701  0.91691133284995141  0.92360302595116062  0.92953178753941523
  0.93535166541275128  0.94173785489381656  0.95036020284952460  0.96098461562364679
  0.97227331048834220  0.98176207379533387  0.99077742427868054  1.00000000000000000
   3.3892145440329305E-028  -1.0000000000000000     
 T T T F F F T T T F F F T T T F F F T T T F F F T T T F F F T T F F F F T T T F F F T T T F F F T T T F F F F F F F F F F T F F F F F F F F F F T T T F F F T T T F F F T T T F F F T T T F F F T T T F F F T T T F F F T T T F F F T T T F F F T T T F F F T T T F F F T T T F F F T T T F F F
