 -0.00004127550673154  0.00006173243274231  0.00016412288069294  0.00026553790246032
  0.00036665907826399  0.00046853735478180  0.00057278785555386  0.00067013574283947
  0.00076393149426126  0.00086016378441060  0.00095762971037307  0.00106344190473759
  0.00117200536384408  0.00128491746114949  0.00141138448221010  0.00154077509824286
  0.00166692164794980  0.00180197782929953  0.00194418124987855  0.00209898981586156
  0.00226724701385979  0.00244583033313451  0.00259987448721730  0.00276066890910760
  0.00292766470249025  0.00309939890908998  0.00328621463894382  0.00351696193373798
  0.00374642534354244  0.00397716170532716  0.00420815181682581  0.00444467345276543
  0.00468779593515449  0.00492090530067070  0.00514350787459427  0.00562556151617589
  0.00618336750120520  0.00675520182381532  0.00739872413713222  0.00818836228287107
  0.00915325617439629  0.01033739028344013  0.01182325417985857  0.01340626346311479
  0.01531754265726779  0.01763403674040492  0.02068212062702234  0.02497772464050603
  0.03014747642289742  0.03571471235022215  0.04203099929831080  0.05104255326894903
  0.06164868684104968  0.07352431355867421  0.08635313645249298  0.09979270065298215
  0.11461636754864639  0.12938348249270018  0.14523451085273004  0.16155932913862597
  0.17911368928847385  0.19795212777667254  0.21595828230459155  0.23386885382660785
  0.25232165147902291  0.27034767024353440  0.28922433022919447  0.30916281587741856
  0.32844920501239933  0.34772070663945598  0.36777508845799628  0.38728029666107977
  0.40753342211571736  0.42860582608823561  0.44872893837652827  0.46857405693654802
  0.48860885183439046  0.50954852497753256  0.53135759727902376  0.55299324695029139
  0.57447904780340797  0.59797620292625198  0.62109624650510165  0.64283676644115650
  0.66538471588334192  0.68814907322552066  0.71126583703173840  0.73521863144182609
  0.75938328966132718  0.78427359358373994  0.81177178536951111  0.83968062518026620
  0.86751653967904108  0.89798262361204095  0.93661060939637175  1.00000000000000000
  0.05751661420477983  0.09783074560142219  0.13179609863933023  0.16576145167723827
  0.19972680471514628  0.21913225622208940  0.22075887660448978  0.22238549698689017
  0.22401211736929055  0.22482454257402978  0.22551878638154094  0.22626885648794656
  0.22701239090227332  0.22780601177624152  0.22847760901528352  0.22867267886939038
  0.22910626435002640  0.23125865699723400  0.23371877195108484  0.23617927464167512
  0.23867771221809744  0.24003187964310405  0.24116144983261126  0.24231510740686876
  0.24321681795540120  0.24385633391337505  0.24456810119214240  0.24539483589203254
  0.24621581368087314  0.24705064011383754  0.24792109484496044  0.24893555201091830
  0.25161158632071001  0.25477140283741317  0.25689081974851763  0.25969611401577036
  0.26194348285170366  0.26556084074043063  0.27351857333118912  0.28462277910675249
  0.30066134204992673  0.31139190671122763  0.31617207159733474  0.32133821293615533
  0.32682647085922523  0.33206550457196066  0.33655675202568908  0.34109131406648979
  0.34592678808008509  0.34992530158243595  0.35474593722926601  0.36341999120393115
  0.37282914662350225  0.38257741024765762  0.39440991423581045  0.40485143184321881
  0.41288651431824297  0.41673819995899430  0.42152008363167598  0.42680004170931912
  0.43236748997164776  0.43905117425748530  0.44644124105832650  0.45379388823932254
  0.45914336082413676  0.46371061020964499  0.46854828598501352  0.47333073916339663
  0.47782466872795382  0.48229591877424632  0.48698813055037432  0.49209945172722264
  0.49747238141879130  0.50295777906183015  0.50886940071751785  0.51540952647425065
  0.52200613028041543  0.52829984831946164  0.53421966942679788  0.54145883024436170
  0.54943761338012453  0.55700570883084277  0.56438616236977990  0.57116910116816433
  0.57688388357644660  0.58470727857939231  0.59450687588053253  0.60766261010906497
  0.62454653589744558  0.64318847286381564  0.66414536794125367  0.69229489537848465
  0.72998142780908304  0.79324324985528527  0.88029573738922406  1.00000000000000000
 -0.00245313393478783  0.00996080399161957  0.02069286003135352  0.03162072775265518
  0.04392629236238224  0.05854491730558754  0.07408933199783257  0.08643264883875933
  0.09758789521403789  0.10828221831241949  0.11961191433119772  0.13219066877958147
  0.14524367990859974  0.15842052769992648  0.17084328017387190  0.18395254495648947
  0.19722922791965616  0.20927411507347071  0.22065379758067305  0.23191086223361237
  0.24361817046022832  0.25644309393927961  0.26980745532122080  0.28307495492257317
  0.29633506381933311  0.30820280095797220  0.32002727413130161  0.33155770221541186
  0.34081797077389903  0.35041000233109887  0.36010858899648146  0.36944778801556388
  0.38055032595095206  0.39181926370590819  0.40032332790851533  0.40772035162344911
  0.41512377752304114  0.42156869198727931  0.42741707677957891  0.43342769590282698
  0.43948681488582397  0.44602679375931475  0.45421584966538919  0.46267021241516743
  0.46931747566256787  0.47596282055238792  0.48202927808879786  0.48819271651547264
  0.49809154045972548  0.50884483806011005  0.51943964293716283  0.52957593733935726
  0.53883727130162362  0.54738641818746969  0.55707377556785975  0.56552783859500677
  0.57473633196207075  0.58574702977660520  0.59615209306182870  0.60589850592973982
  0.61619330726868293  0.62747923101589498  0.63932010941742190  0.64912657105051796
  0.65809145658386203  0.66625408021425203  0.67654177582354658  0.68890121484178302
  0.70177922832174067  0.71293790644265553  0.72241578541960638  0.73109892911289498
  0.73969440545391507  0.74982171752517024  0.76243227267420632  0.77604652031521348
  0.79038337981312679  0.80478075179953990  0.81817704214977438  0.83110140897000828
  0.84140669103019150  0.84947983114538983  0.85828453472140132  0.86687283779451385
  0.87617956638264682  0.88842570630408546  0.90280467538595466  0.91836292180939982
  0.93362597509091316  0.94602280060509736  0.95679443617290327  0.96557627611035790
  0.97380448938656738  0.98126156904167228  0.99120508968620624  1.00000000000000000
 -0.00326969273129576  0.01102158978241844  0.02287538933248281  0.03396244850002945
  0.04591321956700022  0.05853629692318572  0.07089960636410431  0.08330089498689354
  0.09627958731928961  0.11014198173316200  0.12499756193312236  0.13974286165500197
  0.15079490323851399  0.15975559270907005  0.16725489532251256  0.17439150054133978
  0.18233242887188600  0.19000624352486167  0.19801560002147289  0.20699616826961642
  0.21780244677588934  0.22979418553342909  0.24142531272059206  0.25365578514758030
  0.26514573188526003  0.27628829837584717  0.28560093381203255  0.29449636789807004
  0.30396397422201926  0.31335218054175995  0.32344166146758607  0.33337899452989234
  0.34318187815565254  0.35399172542162549  0.36561983467156156  0.37824365389745246
  0.38930621251059161  0.40074577699668257  0.41280309591882924  0.42524136488562930
  0.43837695305174545  0.45008752326607182  0.46021075815317314  0.46901836775188477
  0.47790292262728667  0.48906396478261599  0.50477096066799232  0.51995933875906664
  0.53168090771441767  0.54215573629268665  0.55265403107857547  0.56447341018680186
  0.57572441132624763  0.58472510978174563  0.59323566340459133  0.60204230191774188
  0.61185963344725636  0.62338341007040377  0.63679795346988477  0.65076720307830571
  0.66252522724243523  0.67132031390425562  0.67968630984952005  0.68786757611676519
  0.69605464929873484  0.70623207241994201  0.71768640495558078  0.72715404023012709
  0.73559628460406201  0.74451338986192805  0.75299621023672536  0.76292399775976316
  0.77601287019806020  0.78995070129948419  0.80286401118691753  0.81380579201808712
  0.82303259919766325  0.83206837282026891  0.84144388091210365  0.85083658279856555
  0.86369124855574075  0.87731780704586904  0.88996512544836492  0.89897638021686410
  0.90665683694971333  0.91455674652262220  0.92197506409761643  0.92987268353894126
  0.94168393689941976  0.95556262216556564  0.96635224727158986  0.97372494216415240
  0.98047404759252232  0.98691985104885305  0.99335369762223302  1.00000000000000000
 -0.00138165664657815  0.00719844562516874  0.01571355789200022  0.02367307342126451
  0.03302620731398517  0.04571401421035971  0.05791601677221854  0.06915785354882725
  0.07840548004025279  0.08852386064779835  0.09982744204111721  0.11184930668438738
  0.12478407810800958  0.13735217684967460  0.14904215861948475  0.16156978744634931
  0.17443964886402774  0.18530637440653680  0.19301455724653938  0.20003053632377463
  0.20700752185087007  0.21465640187813215  0.22420644352697536  0.23497586945734811
  0.24330725135820735  0.25183998149760517  0.26057945293499235  0.26906134942848670
  0.28162668469394908  0.29461325903908786  0.30646156491122367  0.31917564905697376
  0.33243940288251961  0.34447325487984032  0.35439313113927234  0.36303084352175657
  0.37213063668252350  0.38332351687500571  0.39636033701153961  0.40966159037428951
  0.42376475065525793  0.43790006950753646  0.45070266617013144  0.46209176244785533
  0.47160913765216028  0.47972165819691653  0.48754279067545997  0.49578936627946102
  0.50435016987545023  0.51538943465785925  0.52647057843974499  0.53662423510207702
  0.54660161817119146  0.55611754453467144  0.56477998174383981  0.57397431107968278
  0.58363987545954976  0.59676117188095190  0.61041935542568182  0.62321082397692307
  0.63532169651915726  0.64672145413683046  0.65864315325374423  0.67036327383486471
  0.68101001484207013  0.69190605146721396  0.70323026101913455  0.71666304666434266
  0.73194129241053529  0.74591899692699004  0.75984068761587520  0.77318776699192215
  0.78622327084980348  0.79725195856417275  0.80600281597497481  0.81312792887784979
  0.81982796246323086  0.82780894216807377  0.83750131928414140  0.84612178515267489
  0.85365813869571383  0.86165618275598865  0.87148413144119530  0.87945839825206618
  0.88837401328236443  0.89973836482870728  0.90745239117038212  0.91458394529102682
  0.92128797885318670  0.92755484226286600  0.93607649217793787  0.94988492621486631
  0.96212611263766989  0.97444353790007909  0.98571225764828740  1.00000000000000000
 -0.00381303730160046  0.01443838647454173  0.02875182599012734  0.04191063779688781
  0.05470696472819519  0.06782549804294058  0.08084442473155135  0.09164062888507037
  0.09987144849820470  0.10854060746184600  0.11711345669384482  0.12538530140197218
  0.13523626395652705  0.14880971657077630  0.16076200296299614  0.17242227772477980
  0.18348757688022824  0.19472730731259122  0.20462150627055539  0.21297888748194141
  0.22145658401982457  0.23011488986493378  0.24067499087603472  0.25441801474007236
  0.26786062698906760  0.28008396376476968  0.29110958380427965  0.30192297347304797
  0.31150238779686024  0.31961289668240694  0.32705156138595876  0.33463717740091581
  0.34437014332125049  0.35927792255326141  0.37537612045163515  0.38936435643418177
  0.40197042635671038  0.41287165219036892  0.42259784124904926  0.43249871694414105
  0.44322908969621694  0.45208636374841166  0.45977924112234142  0.46736592481148742
  0.47463113188323819  0.48276707910491307  0.49196249775451051  0.50403842342930749
  0.51579932311834342  0.52414071775348614  0.53234967519598808  0.54015705841848016
  0.54860152922420824  0.55926003479383357  0.57265188613920681  0.58657000301370221
  0.59924247006254039  0.61107076018357398  0.62104357318153713  0.63202132483960738
  0.64207110052855232  0.65197958880034546  0.66435020854246174  0.67770825378628896
  0.68997901939845419  0.70027094838337245  0.71033474994001855  0.72121951542174700
  0.73150100005777186  0.74129328169039077  0.74847040731201930  0.75793753306315215
  0.76726892894710219  0.77645058747024065  0.78577133621414208  0.79603895772956201
  0.80377853168458913  0.81106609358594317  0.81972242404083961  0.82837595153692312
  0.83698303960042331  0.84841520938416992  0.86120777161095774  0.87514958696562695
  0.88806769189743062  0.90029759626758910  0.91214727192085743  0.92399216111723026
  0.93686214281266167  0.94968011706031852  0.96154306928892763  0.97274559883392608
  0.98128747556165752  0.98781148784816519  0.99394791292101303  1.00000000000000000
 -0.00275383931909737  0.01033304903558427  0.02224932194520495  0.03338905338948135
  0.04446238598094146  0.05542096166542933  0.06680380781682382  0.07875191100451312
  0.09040755153200841  0.10276297308909019  0.11564513609466213  0.12912251546220668
  0.14319240682014006  0.15809600686017433  0.16929646202098150  0.17764158927882279
  0.18553620825291256  0.19330238983321135  0.20021860341586173  0.20928826777404419
  0.22017613922095178  0.23193441894594319  0.24396554535367465  0.25533712736907527
  0.26581593437178513  0.27545863256607883  0.28572847532253287  0.29633641384802906
  0.30900736745266744  0.31883512711695089  0.32729073494516059  0.33605999082244531
  0.34302213661424075  0.35017018593597632  0.35900277860803503  0.36962213010679179
  0.38060455854972425  0.39068469393878608  0.40066497534441392  0.41182045915179816
  0.42437480923666299  0.43615029404883066  0.44491922788944416  0.45400053417063546
  0.46431390683160029  0.47393095711722055  0.48215526292830202  0.48980862007821058
  0.49602087128863881  0.50494308502730356  0.51584816606007611  0.52843643484440117
  0.54196768902840686  0.55379087520690817  0.56468748601991359  0.57572348672510198
  0.58736557173819781  0.60031451216825837  0.61376801221048716  0.62737234197662839
  0.63841568620180822  0.64438866539955508  0.64875020397276806  0.65334880203248069
  0.65837205336168114  0.66495830282210322  0.67061492745531393  0.68127336942844374
  0.69433961649515830  0.70837808439611438  0.72160610662148461  0.73508915999345359
  0.74853517892014976  0.76049200443041676  0.77028272620512361  0.77901506036101864
  0.78681352678307148  0.79568172085063693  0.80401408968033339  0.81307107566078651
  0.82267971942395635  0.83219595891516551  0.84370881791498253  0.85326120827724072
  0.86283597303717596  0.87305709945227306  0.88477938103420306  0.89888601163844151
  0.91230638214443105  0.92453899567854358  0.93752455402436830  0.94932953867202541
  0.96152455906666867  0.97332458028561253  0.98669526570725374  1.00000000000000000
 -0.00314600550441955  0.01059600641834100  0.02344290465648352  0.03626275451346416
  0.04919053870584641  0.06235253163862182  0.07528510201397232  0.08739688768020439
  0.09978419030731620  0.10918388194510534  0.11845939905791537  0.12788539593160739
  0.13585854639615982  0.14339085249776617  0.15065702388985794  0.15864034571522057
  0.16901367149596122  0.18086228460003864  0.19266401913960979  0.20436518798138983
  0.21653777856124087  0.22932850855140638  0.24253464038324266  0.25500755852145285
  0.26582237610394310  0.27677692104116280  0.28664879046997421  0.29558270229122413
  0.30476502902891250  0.31505688434013018  0.32667118138341861  0.33845670312594295
  0.35020679856187065  0.36066635198174990  0.37167198533151186  0.38293084992154741
  0.39234208991552805  0.40234139515399586  0.41316722226110381  0.42402096510035597
  0.43729557025193061  0.44988542669811932  0.46185353485981495  0.47310768232035993
  0.48414785208351291  0.49445436055906111  0.50526530940476400  0.51602326330920689
  0.52757744089405023  0.53842954397695664  0.54854833576141260  0.55834331710654350
  0.56693838180274370  0.57619303584229320  0.58538145604292990  0.59381468444607510
  0.60313578601002926  0.61309570017084369  0.62213288967793268  0.63654970366799490
  0.65147499540967280  0.66423606044236283  0.67271948530679349  0.68055684924953930
  0.68862502379815549  0.69710931951009814  0.70679367086172462  0.71745385978221310
  0.72852824056073895  0.74091837927054538  0.75370991988657943  0.76839200785047157
  0.78158062350817670  0.78966905990664871  0.79829151653633168  0.80745225742563487
  0.81857240900018646  0.83192748455901755  0.84225372702992174  0.85221375918834363
  0.86244328026118189  0.87414596257193367  0.88525415160273679  0.89674653546114702
  0.90731780816991481  0.91610459939070010  0.92407972130883398  0.93138274518945285
  0.93869806811947243  0.94822782834833153  0.96012272924244124  0.97127430154920846
  0.98083479835766185  0.98926124383605651  0.99509174195307082  1.00000000000000000
   1.6312273293430335E-014  -1.0000000000000000     
 T F F F T F F F F F F F F F F F T F F F T F F F F F F F F F F F T F F F T F F F F F F F F F F F
