  0.00458799906708731  0.00523090416339614  0.00587380925970496  0.00706541693328586
  0.00830248649852168  0.01016413240816074  0.01214927021083863  0.01464914890161638
  0.01742792683867927  0.02043727926723599  0.02370670653705540  0.02639265530743988
  0.02932211294303119  0.03257179208797526  0.03608957851057602  0.04007746846111394
  0.04428831999880745  0.04834309129013305  0.05235428773851225  0.05656701308579587
  0.06098555361036057  0.06577636065426491  0.06975922829042797  0.07334875124148597
  0.07732294641072555  0.08192531304473558  0.09005934106048882  0.10037540476163394
  0.11238086531533054  0.12368614391827032  0.13326044198141718  0.14250029244332532
  0.15197223924990122  0.16285823678490643  0.17346253175184836  0.18353795636306180
  0.19429760781811364  0.20514806199548735  0.21523811605862170  0.22633585163540540
  0.23835347588446232  0.24930824742728400  0.25865335867785116  0.26725154711667537
  0.27764167254610678  0.29018308382382574  0.30486328080126363  0.31751419710560774
  0.33005236869015775  0.34194816762056007  0.35532218394841975  0.36962580745929041
  0.38193640877145318  0.39226756482855102  0.40241358938842919  0.41187716733666296
  0.41935761706273772  0.42523075004980698  0.43166390931678134  0.43912855733563655
  0.44752823511964263  0.45462226762913438  0.46117276065619500  0.46832450128053782
  0.47520300287689360  0.48312936604140427  0.49452928347229042  0.50591991843672690
  0.51920372294417549  0.53312497304214546  0.54971882279990381  0.56711502539209679
  0.58369719309054457  0.59758455935808918  0.60927916804453297  0.62144508821203970
  0.63194808914297629  0.64469258394761864  0.65907093823921059  0.67316282604406941
  0.68697615890456187  0.70454247714215101  0.72236115010798940  0.73865914292006063
  0.75541593913210725  0.76953162038648881  0.78725396738511488  0.80691193773514880
  0.82602136576264640  0.84213573980390244  0.85761178258556303  0.87435974408518635
  0.89755306355378039  0.92581830923893249  0.95984030385174990  1.00000000000000000
  0.00001559480871159  0.00001682688292306  0.00001797174110260  0.00001889319780819
  0.00001983087843888  0.00002090294617781  0.00002205749844324  0.00002333719188424
  0.00002469480748181  0.00002579893831729  0.00002653351969940  0.00002742929674088
  0.00002803894513710  0.00002864002885051  0.00002929813410634  0.00003000982662448
  0.00003110444709444  0.00003252671620956  0.00003369265379388  0.00003471349708566
  0.00003589191811289  0.00003743931634720  0.00003934100771468  0.00004166352720558
  0.00004421921116224  0.00004605131044393  0.00004690896741702  0.00004773737552735
  0.00004855403051481  0.00004937904088158  0.00005016362269677  0.00005083806886808
  0.00005141306386774  0.00005194220592316  0.00005247617233381  0.00005297264644024
  0.00005345736927801  0.00005391875006292  0.00005438228098908  0.00005484533163682
  0.00005531346615712  0.00005579980797757  0.00005626536348291  0.00005669365095835
  0.00005708072653191  0.00005740695452191  0.00005771996004372  0.00005803645106796
  0.00005844440818858  0.00005889279891213  0.00005943436494432  0.00006004221276853
  0.00006055651267075  0.00006107695183034  0.00006152348971918  0.00006193066227756
  0.00006234861701805  0.00006273148148955  0.00006314312788635  0.00006354834385012
  0.00006389656085936  0.00006423650342996  0.00006458500779983  0.00006493851797589
  0.00006534006568943  0.00006565689925854  0.00006594704355770  0.00006623798495319
  0.00006653372450705  0.00006682954836400  0.00006716259384397  0.00006757146029952
  0.00006817213376515  0.00006891227603699  0.00006965468449437  0.00007016417498274
  0.00007059352339418  0.00007103408272286  0.00007149694074729  0.00007193519114957
  0.00007234450367760  0.00007273370164100  0.00007319108065906  0.00007376204807230
  0.00007471168409034  0.00007607656704812  0.00007750587238133  0.00007887960086514
  0.00008029348847875  0.00008219715243320  0.00008419971084568  0.00008555268304983
  0.00008659097086536  0.00008748804898996  0.00008752513789018  1.00000000000000000
 -0.00668735144197026  0.04188644089634347  0.06919803994132483  0.09223897106429729
  0.11306575427435372  0.13097498598933677  0.14902752849027404  0.17569436530761937
  0.19824403313553596  0.21660372480147017  0.23170841433945860  0.24581666031568219
  0.25948406124201401  0.27440249459435218  0.29141802216906409  0.30817487604683402
  0.32196435029960185  0.33217676979462335  0.34223648311768357  0.35201694759454832
  0.36063516197118495  0.37004459902512749  0.38284777509111684  0.39848615809146604
  0.40989505034205476  0.42060652915830377  0.43086718359311738  0.44117282717483752
  0.45143149101813940  0.46271342592212067  0.47393968692281918  0.48513375512119955
  0.49605436300047751  0.50351186339647336  0.50968182077109447  0.51630331690997311
  0.52247100680752201  0.52943955297406631  0.53682849866272775  0.54361382059041852
  0.55049165800931343  0.55737534353086216  0.56615885563455992  0.57699847666382953
  0.58847073832862540  0.59827767836744450  0.60963977887251286  0.62068425226425039
  0.63234069336514431  0.64373879461829053  0.65372465759410803  0.66288666452684686
  0.67239590500628210  0.68191177419340310  0.69111152008702159  0.69929392969288351
  0.70701333423621882  0.71267770910552797  0.71752260052131556  0.72249805261802480
  0.72793734674495048  0.73398144763079820  0.74001267638064561  0.74574378545184317
  0.75206255764244789  0.75933782160514285  0.76586742091032700  0.77167175728690951
  0.77735771156889411  0.78340972693447175  0.79017961057523101  0.79775187911860790
  0.80474542759189227  0.81285372018254531  0.82121693059353462  0.83076802882340661
  0.84115099501203849  0.85072419472012484  0.85956036590639417  0.86792923533280997
  0.87718394954388723  0.88752260915954628  0.89796520013044079  0.90670710576139757
  0.91597746286211124  0.92347880077560118  0.93026049475427997  0.93675400265535513
  0.94320660797764877  0.94962629989982472  0.95685219367184149  0.96462629920735443
  0.97277257518403137  0.98155923225503117  0.99075961467756057  1.00000000000000000
 -0.00246894769885242  0.01044440639223347  0.02144083193524433  0.03173491697891244
  0.04551053653409985  0.05853809794600558  0.06864886304257442  0.07715022393738163
  0.08575550749652469  0.09643435256857488  0.10887637157471684  0.12176714565407017
  0.13301595666422825  0.14257006876128103  0.15039744825862883  0.15676487304395378
  0.16358301822298171  0.17042604883129936  0.17791646070188535  0.18573040033090896
  0.19450234367316979  0.20215554901565072  0.21248005487705363  0.22713098082069227
  0.24082628031607275  0.25219483095139067  0.26221880091566507  0.27161080312025876
  0.28107239707658882  0.29042367467082392  0.30025658877235900  0.31102289637179170
  0.32435039183306497  0.33753356121240896  0.34942785448233182  0.36006098776281559
  0.36974891903662815  0.37806059551079529  0.38552765246975412  0.39316722084048861
  0.40066521321715692  0.40796324092384428  0.41632958521228886  0.42347947833708477
  0.42987709229961935  0.43718877628386810  0.44850648271412968  0.46121151138736349
  0.47386400579727000  0.48606202896119327  0.49745537407866364  0.50786871095483566
  0.51811492731193376  0.52614120009766852  0.53551061628318253  0.54653853685853826
  0.55919574234739167  0.57305993157128654  0.58406798079866529  0.59450475545127102
  0.60423077487107657  0.61330092732846564  0.62244705582048709  0.63284811051142942
  0.64227249901024941  0.65180964395060370  0.66104095691615972  0.67086364244729013
  0.68091294185580342  0.69192568631440821  0.70462183888878216  0.71796654606713206
  0.73080655256194615  0.74119104667846525  0.75195168300046988  0.76407549488891047
  0.77547753892330673  0.78592895554894671  0.79720238310131875  0.80996835833124814
  0.82257696629346744  0.83514344174863797  0.84717617592096994  0.85774219965531828
  0.86703472142600213  0.87647367496691087  0.88620568388103027  0.89660732594279802
  0.91038588884567095  0.92300312899729664  0.93528982464995658  0.94789332491340439
  0.95947827350755843  0.97125017770275079  0.98394663405613525  1.00000000000000000
 -0.00289220414984177  0.01347931136846439  0.02728841019962365  0.04299187021311353
  0.05777102706557907  0.06702915814018780  0.07570206334248725  0.08393209990545858
  0.09342246230158414  0.10945768870387582  0.12153379031627930  0.13255857921220948
  0.14304833683670271  0.15263755004563564  0.16339053806206880  0.17536090345330788
  0.18699349163818516  0.20054596085175391  0.21649416358124654  0.23284549319567494
  0.24891996038743475  0.26457805074380286  0.28017374196339384  0.29759846755231389
  0.31725591390169267  0.33546912101999848  0.35119961737423627  0.36521155381677528
  0.37858744849985920  0.39052064674546139  0.40130739708258512  0.41179296678063998
  0.42283788141314393  0.43458180855113093  0.44791393287495690  0.46256540521761147
  0.47736106582655491  0.49167057323408236  0.50501590829247323  0.51572214709090047
  0.52415331007423749  0.53254891582323260  0.54258676557929830  0.55520143408234401
  0.56533167034570531  0.57511707117473154  0.58651281097520591  0.59994199217515132
  0.61116733195201600  0.61963979705609362  0.62713559012479658  0.63561025125806681
  0.64484488305365051  0.65453596811159298  0.66361419914917041  0.67330908042136928
  0.68357278528884791  0.69472346804528140  0.70646502783666698  0.72001380643796464
  0.73078699538261194  0.73907833907961318  0.74604515340556543  0.75287848206163932
  0.75942885476902788  0.76514987141270430  0.77023482692360457  0.77576621276193491
  0.78140096014207705  0.78709189853027062  0.79296966764949861  0.80061175562318032
  0.80971040566698482  0.81907316964321952  0.82843474846562815  0.83585509955776049
  0.84085769340348526  0.84634051537195676  0.85228306576908064  0.85883125719019771
  0.86495595117243096  0.87172144799593931  0.87842557775774344  0.88432183903065564
  0.88997897656657243  0.89689009271140929  0.90841503747841024  0.92121570632169969
  0.93263639921040042  0.94301222881545954  0.95333192595751015  0.96304897207510065
  0.97237729330008527  0.98149317823301785  0.99046721423397865  1.00000000000000000
 -0.00228236001137295  0.01349734199076124  0.02768636792706494  0.03939344635151552
  0.04658175568298609  0.05256894532068325  0.06006386624827068  0.06744632868420067
  0.07357060274959178  0.07945476848983112  0.08584219019044455  0.09325388021283812
  0.10135814454725743  0.11252883944214651  0.12539627961504754  0.13599648411088522
  0.14572558974397928  0.15556921181995018  0.16597129327041849  0.17632538083033544
  0.18708201999153423  0.19929440668740539  0.21220623595561702  0.22445211068588025
  0.23454917305159204  0.24446709472914355  0.25422180920550141  0.26450927904904153
  0.27504439042718770  0.28485801207310224  0.29385634567674102  0.30197438764390794
  0.31002537517284778  0.31935378228698541  0.32956093499340650  0.34018418228365754
  0.35053994168801011  0.36137707002232150  0.37334422432060999  0.38602114222599027
  0.39890939272775611  0.41233193827560743  0.42514509665487771  0.43666086372115109
  0.44807535606683219  0.45964964945907821  0.46965276509933990  0.47835502358323889
  0.48754835814407022  0.49754859823378894  0.50915683158101466  0.52456366742722549
  0.54181474710342381  0.55823985154815836  0.57233777114773499  0.58401781270688957
  0.59663362191317670  0.61137468641469106  0.62577060033176501  0.63834644830891263
  0.64989921961049768  0.66072743018533442  0.67107723131878105  0.68095576405056502
  0.69006652061909479  0.69924689606267310  0.70791343176106414  0.71536152179261026
  0.72086715354129138  0.72676532698965002  0.73273879322869961  0.74031091279264727
  0.75170143393123601  0.76696162948349367  0.77620551780879143  0.78203658754924177
  0.78662795549070619  0.79156273709810854  0.79736479402971117  0.80394932353732129
  0.81115232117330305  0.81856830986722884  0.82616537118834787  0.83597101778806482
  0.85025217177091672  0.86436121519465348  0.87710721487523202  0.89098713414249642
  0.90694866274157659  0.92077966663266020  0.93291330315325549  0.94428708121510430
  0.95705992302955945  0.97034677408409387  0.98502919864630256  1.00000000000000000
 -0.00746451060715956  0.03782963850264504  0.06677993792741223  0.09057904217571056
  0.11153578962400874  0.13039165209670511  0.14994874700940330  0.16695452603751998
  0.18163544231728274  0.19360956702769994  0.20416299986198030  0.21290780342391852
  0.22182348207964822  0.23455092846884298  0.25073422436063525  0.26215732220696636
  0.27198338302812880  0.28186309914351898  0.29234574582233014  0.30333080977772348
  0.31436143682783885  0.32618246102855303  0.33749269286804895  0.34812245070920639
  0.35808727695713272  0.36802600180041262  0.37813804652407368  0.39022174925052427
  0.40299714963722005  0.41447373561210066  0.42507446795232079  0.43511626367620898
  0.44530532048231636  0.45593106688529861  0.46838314374359130  0.47955085359296334
  0.48858312735785669  0.49747343629425106  0.50835209015513805  0.51769855677878140
  0.52388633613257729  0.53045304187658793  0.53697739449390014  0.54673503826686998
  0.55876967255564802  0.56960908607068417  0.57952790810567700  0.58882440845678663
  0.59789941093786403  0.60786079659085213  0.62008314550716148  0.62974605107698367
  0.63780540824152421  0.64573425549454921  0.65361194976227854  0.66141660009202274
  0.66875591832661352  0.67554235600421708  0.68222218582125893  0.68913857462089412
  0.69674286616114278  0.70546718768078065  0.71529544482228491  0.72668702745720148
  0.73690946183593187  0.74779572538739203  0.75831987746854146  0.76815541544786425
  0.77843715995829832  0.78899320082778190  0.79948997543386657  0.81048371031097899
  0.82071719352710559  0.83070283962902203  0.84050489639880488  0.85089208033819741
  0.86165159157565285  0.87285953062921739  0.88507359469858149  0.89720719704947971
  0.91047002834028989  0.91963332326196157  0.92473572013647398  0.92992158086130872
  0.93594013269946441  0.94301946970950201  0.94901968932915637  0.95409967562023656
  0.95918820496965751  0.96432329165924702  0.96948948423927539  0.97489055021201043
  0.98092448412988731  0.98785416091292610  0.99478494486726499  1.00000000000000000
 -0.00504444823510014  0.01567365311925975  0.03313859454286935  0.04995833853592883
  0.06621731340241145  0.08064511530428696  0.09377269556999819  0.10622331026871346
  0.11677778434534322  0.12522388796618431  0.13124767776652560  0.13708496645101498
  0.14396412283896592  0.15144620141955895  0.15757267951868031  0.16346731675107745
  0.17081730110171664  0.17800602722705491  0.18436896544501710  0.19278568711364316
  0.20310087326098036  0.21207439980879744  0.22051333744101431  0.22919810919076511
  0.23899144074161499  0.25008675471208858  0.26199772857078002  0.27396877735882702
  0.28640024536254599  0.30078664569321406  0.31560460084043906  0.32942811115284854
  0.34100341295960102  0.35138646388328088  0.36117095724501203  0.37140949001186652
  0.38345493279966070  0.39613275239744877  0.41109378704687827  0.42522356350441443
  0.43735767203587367  0.44823632004869424  0.45908608466019313  0.47096925985374616
  0.48250746382592236  0.49192600539268222  0.50082571644577800  0.51036035689264536
  0.51969151365363342  0.53150704177421793  0.54504854942893555  0.55933044066200177
  0.57398276402704140  0.58911680041866410  0.60470309671830569  0.62009000754573962
  0.63489334117893204  0.64926580682180224  0.66251065854818836  0.67192214861358590
  0.67835862591576246  0.68467196861944113  0.69042029984182374  0.69763691428644659
  0.70719346601506961  0.71783376247986952  0.72908469699835288  0.74067398893088199
  0.75214747343885324  0.76319677755917781  0.77516638164925133  0.78847464726345118
  0.80206099410482368  0.81339462779280325  0.82308878205930702  0.83226520738636445
  0.84118587470107165  0.85069887127890320  0.86030786257435599  0.87171193118042245
  0.88316216610321818  0.89360921578416308  0.90071706614355196  0.90594543185477150
  0.91299096772265398  0.91924126822546093  0.92507210062239376  0.93133238096692261
  0.93819870595750476  0.94498403921606022  0.95212886677114905  0.95983728074078867
  0.97087658184140058  0.98229942883087529  0.99132985252063388  1.00000000000000000
 -0.00255556232582181  0.05347608913064714  0.08404714830257413  0.11448157601260496
  0.14108722029658174  0.16991304189208473  0.19859138779206847  0.22926850211301916
  0.25501916705952743  0.27867277002844926  0.29776768780671115  0.31647893633242596
  0.33658573942025044  0.36110728975177903  0.38687803088518463  0.41310197695194550
  0.43302697255867029  0.45399816208767352  0.47667186838073322  0.49890258870795273
  0.51771153822227733  0.53800922630341963  0.55989963482969929  0.58057252889008337
  0.59984098281328591  0.61740404870437515  0.63288359171925701  0.64737953071649457
  0.66387612183569755  0.67821516719410113  0.69139840959066123  0.70809969658615302
  0.72424973772493118  0.73841060859272467  0.74803932856807420  0.75640951728015271
  0.76503802013054378  0.77484589452574448  0.78698898891682623  0.80106161461761682
  0.81409739968613026  0.82643600131063333  0.83929918158586825  0.85326834624159997
  0.86836287903407983  0.88185046805015166  0.89318245671637242  0.90342285102673048
  0.91301995422720950  0.92095660414361724  0.92783896365103136  0.93475349997543422
  0.94052910631174491  0.94647762039376304  0.95256460567078416  0.95718908512044776
  0.96012937748531446  0.96213484958890683  0.96427381866005568  0.96635487414820076
  0.96811082802076442  0.96978171501216281  0.97143940314682498  0.97321273799396324
  0.97489237116487959  0.97637704471799425  0.97767916250395259  0.97881233866315220
  0.97974476513548125  0.98050050880866291  0.98115379120320334  0.98179763356428129
  0.98246335329905865  0.98317178354030277  0.98382438689795582  0.98444223262755703
  0.98505294679628774  0.98564148316867939  0.98618692771053185  0.98669850749715715
  0.98719146088282816  0.98765494253286878  0.98807841758796522  0.98847777992103125
  0.98886227117610104  0.98923555098055260  0.98954276496416016  0.98983294560278323
  0.99009268952191676  0.99035641932785945  0.99062257612524784  0.99086238441428576
  0.99103814795051814  0.99111267107729473  0.99113346416646797  1.00000000000000000
 -0.02013143716179191  0.12368570572294914  0.16016845984987241  0.18164052202688577
  0.19929837589650962  0.21615861465150868  0.23201081257364317  0.24875854599704736
  0.26388167274440510  0.27648541261349907  0.28774027031989730  0.29925563081340883
  0.31027301129090773  0.32130315592356373  0.33090328758855925  0.33919628310386496
  0.34804383634466746  0.35754083692080041  0.36661089718029072  0.37600718341032524
  0.38549727618738366  0.39564224756508426  0.40759199058094375  0.41938345983842695
  0.42852957728229496  0.43584513660376173  0.44286042092151234  0.45072678270022687
  0.45913052577228752  0.46636816488128308  0.47342709039140679  0.48044916448943853
  0.48785704259508661  0.49478034631121515  0.50070241860029818  0.50557258476983213
  0.51026427113408623  0.51525275120458625  0.52093648538085180  0.52673558863835435
  0.53184448180267963  0.53599505863278329  0.53986858544604099  0.54397705453124179
  0.54858376870886827  0.55341649326695130  0.55855676939904053  0.56391746287516531
  0.56933921911320051  0.57429754051988013  0.57905656267408789  0.58515990580792765
  0.59424497626017747  0.60353442891612263  0.61183979092661456  0.61957678129850124
  0.62756265911433773  0.63670784855443674  0.64594892128765702  0.65408478996941510
  0.66074338394011856  0.66622751932017243  0.67158336185111067  0.67664154152417855
  0.68213779178248768  0.68821828852981770  0.69449548867867206  0.70180359271145298
  0.71040275754858229  0.71884983284504700  0.72613260992986550  0.73340707041240749
  0.74062594740701981  0.74778322115770868  0.75498545718122434  0.76211285682031227
  0.76916046914212022  0.77672136121116164  0.78517021916189533  0.79438095855034097
  0.80364627526263399  0.81326056097496002  0.82349529876549732  0.83383699724248517
  0.84192939601623640  0.84982062692927873  0.85717100010822933  0.86387945939813882
  0.87194879234819156  0.88133942640561391  0.89011900323784776  0.89947597057235806
  0.90868477964009942  0.91953582411726564  0.94330833919757062  1.00000000000000000
   5.9287389402691594E-012  -1.0000000000000000     
 T F F F F F F F T F F F F F F F F F F F F F F F F F F F F F F F F F F F F F F F F F F F F F F F T F F F F F F F T F F F F F F F
