  0.00507499574790027  0.00511944258525296  0.00519500696561296  0.00529902952566221
  0.00543986942213320  0.00558802597270783  0.00574397046685404  0.00591442556750702
  0.00609989732386625  0.00629454931831196  0.00649990644859361  0.00671403577766456
  0.00693052538413655  0.00715074106803300  0.00739010431520318  0.00763326228079244
  0.00788256744570152  0.00814193927832201  0.00840930422415537  0.00867855482448535
  0.00894754178572859  0.00921622662813385  0.00950591152115631  0.00981636127028754
  0.01015096791093828  0.01050936964604468  0.01088607200834189  0.01129809160431246
  0.01173255781068872  0.01219392855103415  0.01270788727099913  0.01327359496815749
  0.01385419984372869  0.01444821312426297  0.01507182313866203  0.01569958328795680
  0.01635059478161957  0.01702407267197933  0.01777023358091654  0.01856094596608955
  0.01940389743361660  0.02035500154447170  0.02147861405477421  0.02275029094307008
  0.02407756270089796  0.02553333702441305  0.02716551921351871  0.02898080276621318
  0.03099599658058802  0.03316066761052974  0.03545461987681389  0.03792326225583929
  0.04088413560011095  0.04499201250912085  0.05002625245487841  0.05551768038691003
  0.06145040712382610  0.06853628219116377  0.07625722653185288  0.08529091805572302
  0.09562352430306521  0.10721357056869028  0.11866303587864065  0.13107102633687789
  0.14485448086795052  0.15945075754540516  0.17421890169805171  0.18985598734000600
  0.20660107631284794  0.22365637106279776  0.24195936573239826  0.26176843738417915
  0.28179812642980101  0.30111018309988080  0.32000012502887876  0.33842713836596777
  0.35960939822340038  0.38419735738879912  0.40874596192735330  0.43337673586194964
  0.45665123332680535  0.47963491530321523  0.50468464222734388  0.53074142014964643
  0.55507800481983549  0.58174930870146291  0.61064048493778267  0.63776393828037292
  0.66387858976007363  0.69276770138184174  0.72492673359781146  0.76125463549625316
  0.80020044945314728  0.84553335109878547  0.90383485536007446  1.00000000000000000
  0.30779803348676166  0.32420460542363450  0.34061117736050733  0.35658087483262019
  0.36353366040029533  0.37048644596797048  0.37833260223422371  0.38741979276167671
  0.39305555687857213  0.39751262500528650  0.40026844472279566  0.40182618375026213
  0.40363588048639976  0.40569213378544405  0.40764188874052859  0.40896539657283898
  0.41247514849644934  0.41718149574681873  0.42285891911798801  0.43101123306148609
  0.43883808507234978  0.44663729046339262  0.45439345625829070  0.45995098913590626
  0.46465406993459135  0.47041129570679635  0.47578029716741110  0.48051838839475230
  0.48430754633444706  0.48659790505941114  0.48960923437734977  0.49324881196263831
  0.49706130665539044  0.50221884195844047  0.50943382915226498  0.52130071359940300
  0.52454293675450514  0.52675339954188394  0.52940904280601919  0.53201068891043291
  0.53405893464292253  0.53588800230009270  0.53772485601198572  0.53977964840991732
  0.54285395922355528  0.54496789935746925  0.54945653533993843  0.55684103877170621
  0.56439501320465524  0.57236744291192243  0.57917077889259905  0.58310251456256779
  0.58749007185343971  0.59012962149262660  0.59268898586490704  0.59614870128960207
  0.59917573149380088  0.60157873814876295  0.60403019586223428  0.60651967410078067
  0.60914521141150491  0.61116908052650298  0.61649980099245794  0.62579711676871030
  0.63506010522761447  0.64134371052876016  0.64668748793988673  0.65145037770209702
  0.65662159698047007  0.66189650925412813  0.66731029150866550  0.67334074384220577
  0.67933088381990503  0.68455593094241174  0.68965789577378500  0.69513402279111436
  0.70115459546976411  0.70688798117192431  0.71355591266630869  0.72049844601257784
  0.72904111852086650  0.73820562013194613  0.74771942519328227  0.75718116674607416
  0.76855271175812157  0.78152712501420563  0.79475873998959068  0.80774687370718867
  0.82144718067653932  0.83575950486980355  0.85052584790289854  0.86632220510895241
  0.88461035515964059  0.90624714964312136  0.93809850338343626  1.00000000000000000
 -0.00170128792250783  0.00778287568796492  0.01624819844800607  0.02509952140961741
  0.03491785901274570  0.04588274540993457  0.05651638695073428  0.06496239618599976
  0.07204677545818210  0.07968571274405294  0.08852684271358444  0.09742956394537038
  0.10619888521510000  0.11462623213447827  0.12303656362078838  0.13271935942428753
  0.14414445205072632  0.15462020637435395  0.16525569391630174  0.17543507237133366
  0.18596831904312214  0.19689704073504380  0.20870012141073557  0.21952831041288667
  0.23031756273190415  0.24074046539912577  0.25151653393473877  0.26326948907988434
  0.27568290867006340  0.28930417352901661  0.30333489776480499  0.31643545198759571
  0.32869445332276037  0.33786713200665497  0.34494338821933362  0.35283321807447671
  0.36144042091189404  0.36961630735321199  0.37762653727773188  0.38560612447640413
  0.39370829510139188  0.40486105115064142  0.41655019068251703  0.42738576976181319
  0.43746262213275211  0.44704316142493050  0.45673395874548023  0.46687041049974271
  0.47843257467156941  0.49054960240038670  0.50290437183325420  0.51444275204218304
  0.52644346697408106  0.53832151979804699  0.55053247782017878  0.56276843788847286
  0.57488932379687419  0.58702675704152052  0.59849933059742078  0.60727450553248030
  0.61411965786801725  0.62179777974603434  0.62936126312779828  0.63677154161117255
  0.64452395609365387  0.65242084895492825  0.65997385799638975  0.66749335587361502
  0.67663644556072478  0.68798144361083868  0.69939932372091429  0.71240460852757870
  0.72446056033204587  0.73591008812541236  0.74665742671939117  0.75809986258385242
  0.77015410380865512  0.78280658303730433  0.79625752151637019  0.80921780011540123
  0.82136114177329578  0.83328375402157850  0.84514995308832841  0.85764543568163210
  0.87173092653470419  0.88323469332734705  0.89429092696430257  0.90561030588514757
  0.91894930302554756  0.93328084850435178  0.94710643745901590  0.95975502716675287
  0.97053650529451319  0.98027925713521857  0.99046369575015503  1.00000000000000000
 -0.00196486014077815  0.00878439497408856  0.01685617230561559  0.02546153345095994
  0.03532649332347129  0.04517940203697161  0.05457428984673818  0.06470696327255958
  0.07560120311043124  0.08504705267560596  0.09340290722224996  0.10192538122624596
  0.11179128186268655  0.12292467148337795  0.13384083834787652  0.14516805989971843
  0.15643851325884311  0.16695146908312175  0.17730340561221267  0.18859156206755109
  0.20063527424506444  0.21356144857859252  0.22710621366052916  0.24020252624970570
  0.24999354063688514  0.25992041976759050  0.26961381960992731  0.27878398419261802
  0.29113116430554020  0.30402727658596684  0.31743196733654799  0.32974138975123313
  0.34217266120882173  0.35497415150285427  0.36740049124919766  0.37983730138768057
  0.39187808100702920  0.40348361187311599  0.41467917127912685  0.42531682658489561
  0.43623221999141787  0.44748667496603611  0.45873912193706301  0.46996049409001533
  0.48047614303149661  0.48977343497468079  0.49939808506864436  0.50792683653939874
  0.51694742463641274  0.52558860184422840  0.53492407838902578  0.54474450027650956
  0.55609789236409657  0.56658931567118076  0.57545374399006521  0.58428634683247616
  0.59353538693634922  0.60288902192322891  0.61205394364474597  0.62090557307837047
  0.63025100714612869  0.64029409209682497  0.64963060137474349  0.66076311568987389
  0.67157295372380255  0.68221932766208304  0.69185329103554316  0.70170011344186423
  0.71127081721322571  0.72134828905494985  0.73156829545899127  0.74124124439841488
  0.75190409749149401  0.76418046072912305  0.77787582608486516  0.79252441286733533
  0.80601494863121537  0.81808758532164805  0.82913688698692434  0.84014277196886999
  0.85163696161201741  0.86346513047581308  0.87539389109058618  0.88807400342044363
  0.90210364373298746  0.91665793035121335  0.93015323921745596  0.94041827268161449
  0.94818263128832903  0.95638959475117780  0.96470622734809508  0.97245425406466479
  0.97949377457373610  0.98587970981702111  0.99264953672124567  1.00000000000000000
 -0.00289827555106176  0.01180516986246212  0.02219756307792854  0.03244171923429634
  0.04324728564103877  0.05527976386489490  0.06895312130183413  0.08353876027288808
  0.09683922648558428  0.10692381688379005  0.11462827266790035  0.12280216387293540
  0.13124633728438154  0.14013949573710199  0.14828321360827368  0.15548916921534786
  0.16291405835089676  0.17265071750398733  0.18546507040388205  0.19904176285578615
  0.21005257261295449  0.21785885219811185  0.22522858994708225  0.23423811050655560
  0.24421286520495414  0.25264060849440978  0.26030900112273675  0.26718037545647094
  0.27474352562946275  0.28264309945872346  0.29040955511598371  0.29790586397841873
  0.30561255539536614  0.31464812377057810  0.32463306344736520  0.33438030972563704
  0.34484500444995653  0.35540300530866653  0.36636855259534423  0.37731750607457953
  0.38834163516111442  0.39905539500899923  0.40942566108656409  0.41976661126088199
  0.43002041978532374  0.43970987466430522  0.44958233055616009  0.45959741006140670
  0.47110856912394394  0.48246554761060190  0.49275918425701737  0.50376121211587266
  0.51517607778839214  0.52720028548944997  0.53938661786561304  0.55043802630645722
  0.56094996824368137  0.57105070865039120  0.58217537605250924  0.59442839004726544
  0.60662847548025500  0.61788635076411336  0.62861504964530568  0.63935325291164524
  0.65131926737727563  0.66264182729869359  0.67430024654118448  0.68621834596600617
  0.69831442855027281  0.71073620249196146  0.72286832383393940  0.73376332671420119
  0.74409334394555116  0.75447264852053131  0.76507704606922078  0.77473554745372408
  0.78471491625092704  0.79420344562232070  0.80372457198710523  0.81362629514186846
  0.82400522172991553  0.83451010034649720  0.84470366417307385  0.85594292428723240
  0.86788191763957645  0.87993532562719023  0.89226298446202557  0.90456052987433533
  0.91786284691196707  0.93045408836715460  0.94225731067796492  0.95355734134670456
  0.96478750829693871  0.97621139236393184  0.98774031679163210  1.00000000000000000
  0.00043097576589387  0.01120772421602487  0.01857704898343251  0.02754900436124152
  0.03726440997704405  0.04682873953167881  0.05573311315493682  0.06535683841452131
  0.07709952377601442  0.08970243860269142  0.10226199790692155  0.11386370450695378
  0.12510719998864617  0.13514072394761731  0.14538005526059442  0.15624818888416347
  0.16754233165745730  0.17922341913004633  0.18872523057459684  0.19590398293639841
  0.20301279309683895  0.21084541992753006  0.21890290870672618  0.22642227251357461
  0.23367438025281162  0.24100478094795044  0.24856265921854709  0.25821002800892140
  0.26922611324713536  0.28019126972624708  0.29124246353364164  0.30319729454525801
  0.31448035786643064  0.32522270808700915  0.33585747962376084  0.34691350398912080
  0.35812910395118780  0.36955988678292284  0.38097236921829158  0.39346605336404400
  0.40600784369375403  0.41878888705767869  0.43086032259094464  0.44152129427374492
  0.45201602924060641  0.46230462202821759  0.47218379773579650  0.48270949512766875
  0.49352152306777791  0.50415870142010089  0.51461119314473180  0.52453496311440440
  0.53528600692853234  0.54728254222884509  0.55891893586928731  0.56939161525624071
  0.57845883358382000  0.58738342899322826  0.59628468745634089  0.60587841862896830
  0.61424233054531552  0.62170002597420249  0.63153448977959115  0.64324619533001159
  0.65498217238135215  0.66793250169879825  0.68070394611044693  0.69194107149073425
  0.70103530261354319  0.71054139536105210  0.71989209512245167  0.72916049087126611
  0.73848879189405425  0.74743826851426387  0.75837442415745304  0.77057834278249748
  0.78212394902654969  0.79314925491873933  0.80416952962808097  0.81495425212655037
  0.82532172116456570  0.83557239582095799  0.84667691599688721  0.85911827573493693
  0.87227695602547350  0.88452442768582806  0.89517449545511274  0.90523065608290287
  0.91556788767398567  0.92636088060955524  0.93772919384067688  0.94989146848383510
  0.96197781894204948  0.97386884860015355  0.98673578627940706  1.00000000000000000
 -0.00273073286591955  0.01047547729112782  0.02310557322175396  0.03745740615905727
  0.05094757648150504  0.06240574910253117  0.07286032863211903  0.08245483792368706
  0.09144079471801941  0.10035950692877744  0.10931013688668549  0.11838994386296998
  0.12793067019415608  0.13937292074355179  0.15235602350132565  0.16452363264924116
  0.17547900366937977  0.18550694608250234  0.19494611560951111  0.20490365878984509
  0.21543198443474026  0.22553973663526145  0.23523129754540414  0.24490287159616531
  0.25484857425302038  0.26556932219019774  0.27692806198750425  0.28783536445120012
  0.29781875559277421  0.30718169042643012  0.31608433474856890  0.32477582648555392
  0.33392713957924791  0.34272776589938342  0.35215085945596919  0.36138827195349937
  0.37047767289649114  0.38056823725021016  0.39176128862948795  0.40265840074391057
  0.41307363297793587  0.42298147866242164  0.43312498095524932  0.44294599933169099
  0.45292424388839969  0.46377860601514453  0.47554398912161555  0.48671400131170461
  0.49783002821293643  0.50822825227244794  0.51866787015533866  0.53016643819606712
  0.54217610032287200  0.55498510648425048  0.56496007798386882  0.57303685801608217
  0.58154194510715429  0.59052525348931673  0.59867470797431588  0.60693598388285719
  0.61585685660182199  0.62487836607109304  0.63459462083741980  0.64405691569599710
  0.65322469411627437  0.66381885017336995  0.67638056175479577  0.68963454878586450
  0.70260266186757681  0.71521499271316913  0.72754911557543678  0.73967802503368951
  0.75196135017253185  0.76474547191894560  0.77641567025834202  0.78765631230556954
  0.79939315486175766  0.81139753492192157  0.82303339406559739  0.83435984382267914
  0.84591518264899834  0.85767559146481920  0.86925671937294624  0.88131078424893561
  0.89351838883330692  0.90540742509658034  0.91620065391342043  0.92453714632369810
  0.93259013899897625  0.94082930394709263  0.94839204168339952  0.95670606201061670
  0.96487915426113213  0.97241878978280638  0.97978181721744784  1.00000000000000000
 -0.00273896263570052  0.01110646479387591  0.02075098817499005  0.03046323826938266
  0.04047658617285069  0.05099318608258086  0.06192029763389015  0.07398401224219389
  0.08507411828459086  0.09585873389457748  0.10640161069624245  0.11688957920736250
  0.12727824743345562  0.13756158647123246  0.14768585674358531  0.15824184974766661
  0.17015864117291191  0.18055709244938312  0.19094066838596704  0.20119754717651298
  0.21052913787454902  0.22029400316468359  0.22980617677276563  0.24020310144025273
  0.25237076042591805  0.26381080524997474  0.27303378201615941  0.28092099398124709
  0.28956580572666046  0.29836809943250925  0.30658503738598342  0.31489592800154409
  0.32256861308118850  0.32950635280918933  0.33725637508550438  0.34706203595421031
  0.35691866349925405  0.36508822874247493  0.37380156496715788  0.38155954147968585
  0.38856845090689718  0.39594332870145477  0.40436258089762722  0.41190506811989241
  0.42001283570519216  0.42998438816007734  0.44177290571228112  0.45436680423578590
  0.46621455531864653  0.47722583871924368  0.48823952674732485  0.49937766182783955
  0.51005889002096549  0.52046982123589958  0.53248239772139305  0.54522865625150030
  0.55691440775123591  0.56884066262961452  0.58083920473332096  0.59202074575996966
  0.60328188091239432  0.61517863906063253  0.62739643219587182  0.64015664512196224
  0.65257213937386904  0.66379103739536138  0.67526035447829913  0.68587416552919411
  0.69670372531707248  0.70760472642832561  0.71837908231450942  0.73008295391770839
  0.74183598004025941  0.75249379033110397  0.76290415704016401  0.77320905913796356
  0.78378219350688128  0.79575733695464490  0.80953591281285342  0.82375942735541630
  0.83708776757701520  0.84904068590312598  0.86022023072454823  0.87121570078340338
  0.88201653902255284  0.89210332718865926  0.90127034408230700  0.91031081743962705
  0.91987590791436069  0.93055368654414483  0.94212351293180208  0.95392100194051954
  0.96539709934491569  0.97680783871762777  0.98781592974890742  1.00000000000000000
   6.1621312361377006E-029  -1.0000000000000000     
  <DiscreteSampler_grid>
  Helicity
  1 # 1 for a reference and 2 for a running grid.
  20 # Attribute 'min_bin_probing_points' of the grid.
  1 # Attribute 'grid_mode' of the grid. 1=='default',2=='initialization'
  0.0000000000000000 # Attribute 'small_contrib_threshold' of the grid.
  0.5000000000000000 # Attribute 'damping_power' of the grid.
 # binID   n_entries weight   weight_sqr   abs_weight
    2   8661   6.800190557140999E-029   1.790790726544610E-055   6.800190557140999E-029
    9   20   2.109300930792208E-040   2.544203960438029E-078   2.109300930792208E-040
    10   20   1.717729687981261E-043   3.738476175820474E-084   1.717729687981261E-043
    18   11664   8.455247723013978E-029   3.862232732312220E-055   8.455247723013978E-029
    25   20   1.587950900688209E-040   1.578177254287845E-078   1.587950900688209E-040
    26   20   1.154796611796404E-043   1.179085575034048E-084   1.154796611796404E-043
    34   7983   6.340417325528599E-029   8.724661174503302E-056   6.340417325528599E-029
    41   20   1.776622199382476E-040   1.703610719405467E-078   1.776622199382476E-040
    42   20   1.970028132562889E-043   2.712344986827899E-084   1.970028132562889E-043
  </DiscreteSampler_grid>
