  0.02430052171610119  0.03473827564663420  0.04307448075699317  0.05184179616877845
  0.05998825181723005  0.07131180293922294  0.08388452687849231  0.09406215928890660
  0.10305286356881281  0.11226902897673377  0.12285616691411934  0.13481334029714451
  0.14672797802259316  0.15794100730149480  0.16794655995592206  0.17715977121967474
  0.18518368893541950  0.19351355199219170  0.20117636527324734  0.20922394660943772
  0.21871908755997385  0.22986040202952898  0.24186135652847329  0.25366155998180390
  0.26527867116674259  0.27723928432436773  0.28945911049784001  0.30080858904511903
  0.31276307330964198  0.32510414839413415  0.33834691611850476  0.34982022243895322
  0.36077094590094549  0.37260359347554250  0.38082276096101692  0.38852347913722446
  0.39745138004150660  0.40682581298595166  0.41651167317649396  0.42954739422095006
  0.44126122665715001  0.45003524936816564  0.45987241349178382  0.47051864550314970
  0.48202828256971963  0.49497104078628329  0.50744532755962657  0.51994957873423908
  0.53149833523548318  0.54281853774809419  0.55473581199666200  0.56515651749563589
  0.57284619086269495  0.57882279624156985  0.58562911301879983  0.59303226643809015
  0.60114395407877241  0.60965286676006469  0.61774322063162190  0.62712569226238002
  0.63836921100583155  0.65031988320376433  0.66269782538895949  0.67489580523808290
  0.68787798570316194  0.69851513871103199  0.70868247544844987  0.71877000198569696
  0.72866383779221677  0.73819121802997856  0.74752852769729417  0.75665754132624574
  0.76581791348008110  0.77571445594993116  0.78497947871457907  0.79439243710499585
  0.80337209784103314  0.81312543835261930  0.82321447525933200  0.83358947425983165
  0.84385403502006551  0.85507216147321952  0.86589060069213764  0.87582029370616632
  0.88543255229173889  0.89503227640322525  0.90490310789214734  0.91503355842341905
  0.92455555629581165  0.93350151385061064  0.94339224377138453  0.95318497170256589
  0.96060738292694581  0.96673083816491334  0.97035818434781373  1.00000000000000000
  0.00023515492044767  0.00026926398508004  0.00028710232727693  0.00030369037546616
  0.00032111944483191  0.00034004502547036  0.00036163331008496  0.00038842998018112
  0.00042015373315822  0.00045660567376689  0.00049940435041898  0.00055074017691356
  0.00060993314300524  0.00067328801758593  0.00074057710682269  0.00081848290206455
  0.00091926163888932  0.00102205708868686  0.00111838462448920  0.00122547108143309
  0.00136217746136762  0.00156738494664920  0.00181990038237634  0.00209011245166898
  0.00237943441589466  0.00270752755622196  0.00308936758996112  0.00352475298021930
  0.00402978814749697  0.00460753472574165  0.00526990474168822  0.00602701566382965
  0.00686920907024995  0.00785402644809914  0.00900771501696049  0.01035230357256334
  0.01197125432828121  0.01307240498046549  0.01417016734387616  0.01530581506044226
  0.01664920231220820  0.01862310928832596  0.02124513506271721  0.02456692505041601
  0.02938557678907297  0.03433086908024274  0.04040420811045192  0.04818741360184498
  0.05685335852296257  0.06666305512344943  0.08085201596313936  0.09808388120396583
  0.11501400780494712  0.13556559719888214  0.16682181808061552  0.20403014489566840
  0.24649893960492267  0.30695116794899563  0.37443170651229540  0.42658827378910003
  0.46921983855685345  0.51734708813108010  0.56778014036113533  0.61891834781344912
  0.67186856550224094  0.71292184288129956  0.74421684067339422  0.77694352303088177
  0.79731191165181148  0.81029911812679367  0.82405610453645739  0.83855828307412894
  0.85295599270612388  0.86652268795760834  0.87936505239292384  0.89059950181261383
  0.90035500452639960  0.90844176721170045  0.91406733434478660  0.91823535586441929
  0.92265305176752621  0.92749374570222354  0.93333014763544120  0.93990007811540643
  0.94621660856001533  0.95121661985742556  0.95528159636205268  0.95899420680905656
  0.96249744983586938  0.96609369966789305  0.96925062654919281  0.97302150698500034
  0.97686211122590283  0.98024427060284336  0.98250579134227467  1.00000000000000000
  0.00000001151886217  0.00000006647753881  0.00000010912535856  0.00000014547469063
  0.00000018291877793  0.00000022244379140  0.00000026504326224  0.00000031064041086
  0.00000036123318983  0.00000042408241975  0.00000049594113654  0.00000057469373941
  0.00000066401120600  0.00000076825223433  0.00000087868803199  0.00000100526834850
  0.00000114680281815  0.00000130104345474  0.00000146924105358  0.00000165012157249
  0.00000185260741056  0.00000208597894912  0.00000233843059586  0.00000261410545103
  0.00000293112432836  0.00000328096870426  0.00000367872415197  0.00000412022370945
  0.00000460042297776  0.00000515545921109  0.00000580905298777  0.00000656454480083
  0.00000746873644107  0.00000852110741152  0.00000973226088341  0.00001114574137573
  0.00001280281872950  0.00001469049168048  0.00001684642685205  0.00001914203516415
  0.00002187455124828  0.00002595765120244  0.00003173173821676  0.00003877657022209
  0.00004749842731090  0.00005894071847106  0.00007376686421641  0.00009120184568444
  0.00011523046248075  0.00014456454470505  0.00018137096840314  0.00023235519897766
  0.00031083885216467  0.00042009564606532  0.00056243859883920  0.00075568173664915
  0.00105800672730887  0.00143695691689343  0.00190618885218640  0.00260282097236069
  0.00364725209873939  0.00528722762123581  0.00771109319573127  0.00929518217339454
  0.01075660422794815  0.01219247143805730  0.01466432701531795  0.01690107455810472
  0.01869815768227171  0.02081580200895140  0.02368564305878584  0.02660438773792699
  0.03093705264750796  0.03779812060002508  0.04503427539368660  0.05211536861474304
  0.05922836453165753  0.06494073157279694  0.07047118626768491  0.08143178311370020
  0.09752278368176787  0.12103780828175548  0.14544987279866223  0.17041475701819514
  0.19781979388565923  0.23650628566124948  0.29061024275437614  0.36833966053073330
  0.43999452183389959  0.49471805486389731  0.64158236450929396  0.84416379328995028
  0.91663601517015414  0.97702344680565256  0.99058812664909546  1.00000000000000000
  0.00269174458755670  0.06130398176583379  0.09324446967770503  0.12253139440663446
  0.14792771903064150  0.17127280886658203  0.19444360545709682  0.21524002693336391
  0.23384097359573586  0.25041636602916534  0.26512367223214023  0.27988556157310968
  0.29630952738836591  0.31410573653145829  0.33018117475919490  0.34402700599118663
  0.35653326124477608  0.36971182239929734  0.38356541851053666  0.39654909222680557
  0.40894297722762141  0.42103147563245791  0.43191804658083049  0.44112374748643018
  0.45011435708712511  0.45883393797298022  0.46691674116411702  0.47495615854801154
  0.48444364270139822  0.49382383845861977  0.50255693860249839  0.50998861872638912
  0.51803061307151166  0.52574685340526717  0.53290919982854734  0.54028255766296263
  0.54742513660955794  0.55512005092048222  0.56230461576465185  0.56865195381487910
  0.57432457019321859  0.57949771149236640  0.58520181550593553  0.59142868979860952
  0.59747312714349476  0.60367076702917555  0.60966070686898899  0.61531981623730836
  0.62064497838772292  0.62590490144316513  0.63291088817689012  0.64113326928589021
  0.64947016917081524  0.65756954675563606  0.66539749743856813  0.67314532012294948
  0.68026280408919826  0.68890881570267271  0.69723776289466921  0.70602444370550776
  0.71457191869610337  0.72288840284341949  0.73088370512282819  0.73825943428868179
  0.74538575150924236  0.75245821564883764  0.75936142711469945  0.76650150232567060
  0.77382252265464591  0.78121770234450427  0.78927159205482400  0.79562678077648896
  0.80089028712686405  0.80549929652177288  0.81002919742037660  0.81478765878053894
  0.82056535037900658  0.82642265333510967  0.83209127625864265  0.83742014515045504
  0.84432725001691733  0.85142402513352278  0.85937778221191852  0.86812094762445013
  0.87746764830576640  0.88633462760535464  0.89493669548701638  0.90303953643371571
  0.91108487573970320  0.91990826560368877  0.92946577791150942  0.93913527163024590
  0.94947077477663822  0.96030773166045369  0.97653871804580794  1.00000000000000000
 -0.00216324817240330  0.00800106208547689  0.01942247296101310  0.03105260395122944
  0.04241518387100414  0.05344847941518805  0.06428781108117336  0.07539661440290576
  0.08538878361892008  0.09418129616770533  0.10237915550798160  0.11050214119862792
  0.11849722224888719  0.12605983662058609  0.13287037743365807  0.14021561846549091
  0.14987107336645730  0.16267025874804808  0.17644547351477979  0.19012695059225407
  0.20371710682584326  0.21668802493429792  0.22894624361985749  0.24058472999664224
  0.25164514965980223  0.26231944345172975  0.27287331214144755  0.28277103161296635
  0.29236957842028000  0.30177458785266148  0.31132272822082918  0.32186045572634692
  0.33336833876651306  0.34656678457289491  0.35845614165890466  0.37021449458843220
  0.38140676502298942  0.39356262070944453  0.40602976135995272  0.41859055570068593
  0.43058877389307665  0.44062446033670843  0.44884527094786819  0.45708595833255233
  0.46518479045598321  0.47348593757710306  0.48269582561411944  0.49346430539395425
  0.50472661080837189  0.51536836790451424  0.52386784991407087  0.53233500871813189
  0.54150079421552844  0.54954285435101236  0.55724921238548719  0.56503230678551175
  0.57251525714219842  0.58004712191795416  0.58851422829097166  0.59941524128477364
  0.61021465080402348  0.62038956649035593  0.63043692666758622  0.64144838309743146
  0.65427629125889453  0.66880780093720016  0.68217435612394761  0.69354487376839036
  0.70363309050175937  0.71199098215874723  0.71958563868514525  0.72748787210794907
  0.73453166054703067  0.74962940266617273  0.76089057100442525  0.77119573968189892
  0.78065874137835589  0.79051517107275104  0.80091070438560408  0.81157082981954431
  0.82246816220457630  0.83342565240351385  0.84413897690799811  0.85495368041922193
  0.86629948014795766  0.87729084778102950  0.88814238115740174  0.89908082788780896
  0.91060658181570175  0.92237126021100069  0.93386180825880272  0.94590450106499069
  0.95841267958370213  0.97160439760649964  0.98592932823720025  1.00000000000000000
 -0.00580673962487579  0.02908078307374037  0.05760640432259875  0.08190712746698828
  0.10065911839337630  0.11979803915271965  0.14524162386035822  0.17488488331564964
  0.19787466766545020  0.21616777885992949  0.23351251037194204  0.25463278810327938
  0.28204443437880833  0.30584354335586744  0.32544239260987406  0.34573250066161898
  0.36977991111495112  0.39271584014487465  0.41218495385523357  0.43180127426562803
  0.45278257161651447  0.47035804531669101  0.48808319447544640  0.50659140095627997
  0.52687668716319636  0.54781699196617961  0.56806648300122531  0.58750324565909640
  0.60642442071541047  0.62346322134990650  0.63949257381728897  0.65594190400525521
  0.67290549008695821  0.68965348507137236  0.70635577687601325  0.72202340570792900
  0.73621588472572386  0.74919531781519111  0.76057065077073627  0.77140505813753524
  0.78266783382797300  0.79358948656217365  0.80461356770076642  0.81614681255948218
  0.82815278409495618  0.84010494201239516  0.85081506366428483  0.86007557990695871
  0.86833413135628790  0.87586672186414904  0.88260649798403301  0.88963669118924948
  0.89600330405714956  0.90229743151217678  0.90858126913184267  0.91475610697846121
  0.92067239197667927  0.92625873260313774  0.93120738420580251  0.93582295445562169
  0.94024333342432465  0.94448212972205059  0.94868764834974983  0.95290689612953761
  0.95678556889937871  0.96001793789657353  0.96269792925200282  0.96506891530425309
  0.96739439766472546  0.96972563684284407  0.97204404269418587  0.97434508875599835
  0.97662024892906352  0.97883434417208270  0.98085362740673077  0.98276934785921344
  0.98473451249313082  0.98652017179924223  0.98813452922021916  0.98966838909504984
  0.99110279054807615  0.99247916714198625  0.99371948113544062  0.99474888787693083
  0.99560419613656814  0.99630669425811391  0.99692072680218791  0.99747085201662999
  0.99791406350259815  0.99832679843578964  0.99873108007456768  0.99907306050339351
  0.99935311379285319  0.99957806631474144  0.99979268225408546  1.00000000000000000
 -0.00383385017907531  0.01242836329272460  0.02666195479498304  0.03997132099125196
  0.05179886783434897  0.06286246689896624  0.07257526277818381  0.08208014019435485
  0.09070531645935398  0.09906740834198753  0.10753700784015809  0.11659434380464447
  0.12634244270355602  0.13646983516497554  0.14779756274465794  0.16050325490956141
  0.17442043174052413  0.18794924114446243  0.20124754131607236  0.21467565561750920
  0.22842929961539227  0.24204073110652033  0.25468624222870606  0.26639817403022287
  0.27604871409626403  0.28651311264515000  0.29731367828136801  0.30837429827715340
  0.31939620341511921  0.33057829141396267  0.34205149520195777  0.35367817794278111
  0.36406647936401182  0.37432262333294913  0.38571957708726495  0.39747461104401849
  0.40882519638554660  0.41938907141298248  0.43038139168085449  0.44174324959687800
  0.45348614058705833  0.46518809828214092  0.47553717682515811  0.48394015420018865
  0.49083256469713860  0.49604158543767185  0.50071806484198178  0.50556912881756977
  0.51065260015076941  0.51510141053768110  0.52021761655402088  0.52747616493015614
  0.53439802303714334  0.54123971999075771  0.55018998017953680  0.55960596798746598
  0.56871567848079452  0.57793165356424392  0.58747152616275988  0.59836325234834298
  0.60919730825221019  0.62160608256152683  0.63416878909317109  0.64663159399415260
  0.65824726255969712  0.66999640472142596  0.68263580994454698  0.69559970070224453
  0.70849849691762878  0.72079955449769550  0.73238884620417821  0.74382988881933498
  0.75507773704722336  0.76617949568467936  0.77752457942357767  0.79004840439616264
  0.80301336260827128  0.81582569029207164  0.82763385674597145  0.83859302244763145
  0.84907652618511376  0.85921295379861884  0.86992807913900916  0.88166409070134844
  0.89361580314785649  0.90558097158797157  0.91554682286302391  0.92378952684036975
  0.93227554255372602  0.94078880466394932  0.95138414270663307  0.96259147120512478
  0.97389461536339150  0.98473965629501559  0.99292600175510914  1.00000000000000000
 -0.00263770886949263  0.01025646609265976  0.02044329660373970  0.03001144249044855
  0.03948141228332434  0.04890989044550365  0.05994666628618660  0.07084174637587075
  0.08187503175018800  0.09359243554646038  0.10469370303306572  0.11562722330252785
  0.12764247339911877  0.14008937665005486  0.15318979941936875  0.16582273400689451
  0.17667981357009785  0.18543295614343175  0.19370498967330618  0.20227373830186102
  0.21002301314572758  0.21967273338418353  0.23137515134596834  0.24235847869390556
  0.25413284933324254  0.26756214732383504  0.28201286701059824  0.29301523388555700
  0.29840996630789829  0.30554127965697520  0.31364099924867828  0.32175614973183508
  0.32832678300771750  0.33448396029788902  0.34140825097743860  0.34759174204775534
  0.35543196573889241  0.36673514098093019  0.37874248075136285  0.39048864366347869
  0.40257843726731984  0.41487400454850182  0.42655641951699402  0.43716512167587812
  0.44723372431606007  0.45791422370792062  0.46947361839887786  0.48149503629137863
  0.49326112683294776  0.50510582096566370  0.51736901688954273  0.52811624223487041
  0.53851755957959857  0.54935930619895501  0.56058721605422090  0.57199740468948268
  0.58274989626389073  0.59290583219062254  0.60291467880879468  0.61287939067567421
  0.62362162989592385  0.63533752091561158  0.64928135923043573  0.66120762679659817
  0.67336298771497094  0.68513220532044905  0.69626275383311553  0.70796170052613461
  0.72008084165975128  0.73227929451889362  0.74428238646603528  0.75611443359695285
  0.76786864996128679  0.77912689052920203  0.78994546409431321  0.79988944373133553
  0.81018225400913180  0.82063155726534798  0.83054084009223184  0.84116076908695214
  0.85166632781389962  0.86225939310844169  0.87332038289090441  0.88433280265169112
  0.89573718159149851  0.90842283874380236  0.92040810083029334  0.93171469945798002
  0.94221033393133824  0.95199347044533789  0.96012894621787781  0.96806063111283225
  0.97479322090739284  0.98229495356692620  0.99123263950803897  1.00000000000000000
   4.5673683094028892E-018  -1.0000000000000000     
 T T T F F F T T T F F F T T T F F F T T T F F F T T T F F F F F F F F F T T T F F F T T T F F F F T F F F F F F F F F F T F F F F F F F F F F F F F T F F F T T T F F F T T T F F F T T T F F F T T T F F F T T T F F F T T T F F F T T T F F F T T T F F F T T T F F F T T T F F F T T T F F F
