  0.00750597021501201  0.00823510040532273  0.00896423059563344  0.00969336078594416
  0.01042249097625487  0.01115162116656559  0.01188075135687630  0.01260988154718702
  0.01333901173749773  0.01406814192780845  0.01429409655776949  0.01431530256900218
  0.01433650858023486  0.01435771459146755  0.01437892060270023  0.01440012661393292
  0.01442133262516560  0.01453324763652581  0.01471846050599610  0.01490250805555454
  0.01508972972050989  0.01528130587668836  0.01548064731214893  0.01568170266646712
  0.01588457685559046  0.01608584372667587  0.01628957832694156  0.01645704643268347
  0.01652131513870815  0.01657500072859387  0.01663152371113919  0.01668687931043532
  0.01674265152007224  0.01682614735040000  0.01719756944314952  0.01769528839886211
  0.01815749569010590  0.01860920684579764  0.01910066985550060  0.01960872056404051
  0.02014137765335812  0.02069025251507492  0.02155316413973911  0.02299108293418930
  0.02450959576972797  0.02616146719788080  0.02806097481232318  0.03015531697882651
  0.03232468375523855  0.03443374814593628  0.03672399538121641  0.03919948444620729
  0.04251527611479428  0.04759680549789336  0.05379776908149433  0.06059247784193254
  0.06858688264165470  0.07791814716998877  0.08773758659447152  0.09793425896715337
  0.10883031481096571  0.12098850795390495  0.13376122709201915  0.14767823103258909
  0.16562656447059948  0.18084469608553691  0.19605050176619357  0.21048232683992518
  0.22382785085816473  0.23851253025498642  0.25393268163960903  0.26848949771943253
  0.28519737995621502  0.30431310160525160  0.32696452333553777  0.35121115915019724
  0.37298089764038467  0.39500143162763862  0.41535982696505330  0.43699659979793198
  0.46140796964310865  0.48735783859728732  0.51233057269925408  0.53747227902490657
  0.56364414898115067  0.58916645840863902  0.61635774350488604  0.64749756241691725
  0.67773598405505464  0.70608343899186787  0.73821702603470285  0.77387448777677814
  0.80753942034879478  0.84798736141620801  0.90147089772519839  1.00000000000000000
  0.51317558486790837  0.55960809701966774  0.58537772428417090  0.60164973193770510
  0.61585592249588905  0.62362318658061155  0.63181084500608209  0.64216645849535858
  0.64784358888123805  0.65385350002977127  0.65934553588206912  0.66388857863961404
  0.66800202360171812  0.67401489953273075  0.68148848413142127  0.68826491159331038
  0.69445580358288816  0.69888253563700553  0.70273874109659284  0.70752411557508077
  0.71257968879101052  0.71758553159662231  0.72216231396767605  0.72660270798152182
  0.73053441003002384  0.73423592339197730  0.73786713026720052  0.74192837288817648
  0.74636004633168940  0.75120768248555536  0.75656728691238528  0.76187788242605559
  0.76701369717240420  0.77155708223440034  0.77552815090909488  0.77977652640677209
  0.78438212178861200  0.78943570986018130  0.79440501929145169  0.79835463218426872
  0.80200668628188476  0.80566430258202548  0.80972425665462988  0.81261616585320284
  0.81373390252761679  0.81478871364734318  0.81587834675347082  0.81701348103221072
  0.81811133799817604  0.81918429770229195  0.82028309319692394  0.82377477605574101
  0.82685594468612955  0.83000660028984952  0.83411896958603116  0.83819108474254478
  0.84203674674506068  0.84591798003660412  0.84959524490932492  0.85295899985722778
  0.85581979534515418  0.85872248729313305  0.86181954772078773  0.86497941114582366
  0.86800328751629907  0.87034370823606977  0.87239307015989520  0.87444184660613633
  0.87652746880809207  0.87896143475199684  0.88196971011525926  0.88504887854734382
  0.88811177922421336  0.89121447905639228  0.89451394944118690  0.89760744223295252
  0.90058548941306660  0.90337109194008347  0.90612507468475800  0.90897323504443450
  0.91192533112083662  0.91505499243571742  0.91821232344172277  0.92146469244191753
  0.92481246517913240  0.92863024977757536  0.93248499214949898  0.93642283978947427
  0.94039614601224786  0.94489913952854998  0.94974145934596710  0.95492828302189925
  0.96109586135282765  0.96868074574155694  0.98019114730047119  1.00000000000000000
 -0.00365380010710631  0.01395734992682297  0.02737163733390644  0.04045419757802244
  0.05357062755862965  0.06708130131243262  0.08064727306226624  0.09406096874251937
  0.10699573572509102  0.11966856725461733  0.13259239800700159  0.14363420798566012
  0.15419736643385865  0.16452902494335836  0.17556763314146717  0.18694632578371465
  0.19895813086835218  0.21015382445102268  0.22402431237079756  0.23515618554317344
  0.24506368953951205  0.25547869256424477  0.26595951561031050  0.27609224518944542
  0.28636423856706517  0.29653600853504908  0.30734791684834351  0.31877405522054575
  0.33080616453853373  0.34128879931165262  0.35123424965586075  0.36178562807010445
  0.37238322469963187  0.38235379603601855  0.39202294478515876  0.40286173573037759
  0.41478860182750477  0.42652353788401137  0.43003475561053750  0.43297363938715855
  0.43495348969098441  0.43693127708673613  0.43908559466786773  0.44186343065933392
  0.44639283590317369  0.45100360927793731  0.45561463483540154  0.46022132131128657
  0.46589515691755545  0.47679344551258934  0.48951805810256693  0.50163324176222579
  0.51406414115537069  0.52768336019267059  0.54046884593208688  0.54979995046732466
  0.55769300207428663  0.56618997983714192  0.57473962021276537  0.58271932292502859
  0.59072246898892955  0.59879533339750646  0.60781092267507253  0.61824188426645954
  0.62903841863601984  0.63905053322500804  0.64994681948742816  0.66222154087569540
  0.67461059515391797  0.68713436308667675  0.69957797096716801  0.71267693034663304
  0.72586148867633959  0.73759864158920396  0.74840754299202461  0.75905226216658495
  0.76958841656436250  0.77988866711697857  0.79026911811226597  0.80139233067473847
  0.81345756797937452  0.82512728487819598  0.83656689341037360  0.84894539802245106
  0.86197125475892022  0.87463659833996843  0.88732076276930338  0.90073877781961664
  0.91355602364178401  0.92581435270397328  0.93848936444529751  0.95166735894212651
  0.96469819325364370  0.97586059133335479  0.98816422326437658  1.00000000000000000
 -0.00298175738055689  0.01128500563393173  0.02329120765865944  0.03504732930769647
  0.04695779889355436  0.05813535121063164  0.06865548016475768  0.07886221131353484
  0.08916503279836015  0.09989212143914222  0.11043108656918710  0.12123078210231919
  0.13321437430075703  0.14535294248843950  0.15610866636180040  0.16699913930332785
  0.17822461660406530  0.19024926055830832  0.20285545150688253  0.21585572354245711
  0.22554712148571116  0.22961400586075217  0.23413103346138373  0.23866937488323198
  0.24321820319687462  0.24773874557645811  0.25197862877137450  0.25590156189593893
  0.25982446369523338  0.26897049907231974  0.28232965185927072  0.29525137408307506
  0.30732686954332916  0.32096867869130302  0.33423594934529421  0.34665133415108512
  0.35887471657370706  0.37101466423923840  0.38264283058664833  0.39311935749939009
  0.40328863353271066  0.41315235227423591  0.42297813716633287  0.43371540762641453
  0.44548044641507767  0.45778448885610190  0.46999378385067775  0.48164515531856222
  0.49294231353927220  0.50551645725287098  0.51751621108005508  0.52936864575711962
  0.54008823306895515  0.55113933608988386  0.56234754094424966  0.57398540046105817
  0.58412853780001472  0.59175547700031261  0.59860562241859105  0.60321175852139675
  0.60812523646263206  0.61311405914903661  0.61808700680172057  0.62523866136731354
  0.63330087915533995  0.64216016475164073  0.65157401504016144  0.66217923666504630
  0.67235253674763962  0.68251205119674752  0.69284788543722553  0.70473292789433906
  0.71841250088459607  0.73266165839860076  0.74611852770435017  0.75760770216008033
  0.76937355889852455  0.78010541719252946  0.79101965323222223  0.80168343003222553
  0.81274845969382348  0.82345817491645124  0.83377108233642483  0.84509239984166085
  0.85673124034325088  0.86883016591275886  0.88139828293260802  0.89478006376325503
  0.90880800472335244  0.92262028202994983  0.93701321224429823  0.95216353392212338
  0.96637421415098113  0.97875643936210688  0.98978297644895596  1.00000000000000000
 -0.00293749991364621  0.01051308578901526  0.01904263694235354  0.02675736378907572
  0.03413449815993218  0.04019771965367072  0.04524758686655843  0.04896575758256538
  0.05286584201990242  0.05686335936214029  0.06097894831973370  0.06519697940762785
  0.06960339718315045  0.07392149189793541  0.07920522035970178  0.08908959429159380
  0.10072421423582568  0.11137348043580120  0.12152643744112787  0.13134946955829074
  0.14148623976847474  0.15236285185566179  0.16409651331502006  0.17680210554351941
  0.19014406041038923  0.20311931131027999  0.21517068007271650  0.22673850005395160
  0.23883582781784679  0.25186507929746399  0.26290576337338140  0.27452770605742027
  0.28595904639526604  0.29683031331622733  0.30699789664189664  0.31640720825460172
  0.32761021371435906  0.33943623220552266  0.35310115235127498  0.36658806879780587
  0.37954542313682649  0.39174931429786364  0.40252515970032438  0.41307764187277951
  0.42432487160831389  0.43692885803803899  0.44960994544672339  0.46175613626619422
  0.47383125665444542  0.48636195941898303  0.49976710347143194  0.51414404401982239
  0.52741611937440214  0.54029277911951223  0.55233356040766046  0.56290006988753527
  0.57268651698122119  0.58467787599335330  0.59961587160324481  0.61143938434328027
  0.62146056172690489  0.63162486132065387  0.64211500945123778  0.65308545765843584
  0.66408855599982930  0.67617466045213015  0.68934644644825116  0.70253732489631082
  0.71256594838292198  0.72046123587068223  0.72861426788169892  0.73717309799357811
  0.74644136052513244  0.75596287773251225  0.76431347063496902  0.77268445096830884
  0.78225619568466265  0.79271794921574190  0.80424179223069725  0.81699266025867634
  0.82972409189540164  0.84029021390555980  0.85119311066637460  0.86154248888938179
  0.87149788939637685  0.88172979138143515  0.89222008637897332  0.90446481376073151
  0.91720074367913973  0.92983515856837695  0.94326485270545690  0.95708095910905244
  0.96956715237067348  0.98054832803158187  0.99062423909263941  1.00000000000000000
 -0.00301940577816515  0.01072793864356956  0.02397405687473388  0.03666059783298007
  0.04881834175312299  0.06026954402078220  0.07170508700475922  0.08423309437002326
  0.09764061404625177  0.11060239790459890  0.12248696870404611  0.13426918998996704
  0.14668016643099210  0.15854717068252280  0.17087866745658076  0.18288967536794903
  0.19485470187884027  0.20601014998165323  0.21722813097987245  0.22839418361813763
  0.23834021924184107  0.24816371120308461  0.25883173287606742  0.26983152902633467
  0.28141667284217659  0.29348989655732771  0.30628666297853413  0.32041890942919576
  0.33408255312348589  0.34773045337208797  0.36042954118348608  0.37314455162962235
  0.38546898518805589  0.39775239916644534  0.41041915163712450  0.42049673377198593
  0.42762312190440893  0.43478656890374873  0.44274485857706025  0.45061597477704057
  0.45907725716932540  0.46629960536304993  0.47357075083471356  0.47854344927613596
  0.48164972584840521  0.48497023019336699  0.48882156123764503  0.49250500710505707
  0.49597626484678747  0.49937822370191443  0.50258848489219354  0.50894561565950924
  0.51931892619601971  0.52646072087592177  0.53351430907636554  0.54050337196974063
  0.54743995298856785  0.55600259275552366  0.56636823623507193  0.57681668646763296
  0.58747561608416776  0.59906470570085724  0.61125076058693839  0.62400475371823516
  0.63677184042619284  0.64930574855576817  0.66055260930626258  0.67192388617587029
  0.68392790212856969  0.69652507772971006  0.70885643594211178  0.72059113351510251
  0.73169641738470492  0.74291655127867218  0.75474763762716168  0.76683163579598601
  0.77889014177894900  0.79025666171128528  0.80103127142415542  0.81234972576001896
  0.82463355631185553  0.83720749252490301  0.84874084551238771  0.86047836507000475
  0.87206973451722369  0.88328876882330987  0.89455512351409494  0.90654769641074229
  0.91890921564222316  0.93091169444100963  0.94248672871480610  0.95426027002499969
  0.96653482517600831  0.97869794161360646  0.98943303000449501  1.00000000000000000
 -0.00318532082292791  0.01192514758285677  0.02409486017669668  0.03503188042680815
  0.04669110771528483  0.05842606837051331  0.06974838506610828  0.08077665743863317
  0.09177827250506533  0.10250023312629550  0.11290720559473448  0.12327233985936176
  0.13367086296142550  0.14368069986638232  0.15482860877403234  0.16700071103226116
  0.17981953010986154  0.19270636050087267  0.20554265049037349  0.21927890574663256
  0.23057401468956126  0.24175198684496912  0.25283825458561815  0.26410357187799216
  0.27588855996638123  0.28793879478004769  0.30050491862165674  0.31327265661266257
  0.32578483030539507  0.33834840495374674  0.35116610871006304  0.36368519314497377
  0.37589759332794825  0.38810966978112960  0.40032905951284875  0.41264018038139949
  0.42481657652451432  0.43706245783264791  0.44892924756479780  0.46117129842763216
  0.47282819018205391  0.48441296969821029  0.49562217999652169  0.50727270854660944
  0.51920019513172855  0.53135410646840753  0.54337560870360613  0.55497727998778423
  0.56637987203678997  0.57760692047578177  0.58879761418209242  0.59970653154777898
  0.61041462947500791  0.62165783670281560  0.63398652959983359  0.64634809910864766
  0.65890096586758518  0.66929569505468145  0.67747654330640317  0.68605110514869405
  0.69472977291435134  0.70276493471123191  0.71096031341900678  0.71885524799918177
  0.72652797353669984  0.73611475460722731  0.74824479839271463  0.75943396366861438
  0.77072557569118594  0.78202532662862223  0.78914150424946461  0.79339237913321969
  0.79776752927686423  0.80212574692951688  0.80655563570636890  0.81128426375895946
  0.81580450555082351  0.82008278082105990  0.82429702583432785  0.82993033726074450
  0.84131347712461768  0.85418304468330253  0.86641248927880521  0.87555016796874541
  0.88338968605864754  0.89075741187487867  0.89778868257010325  0.90516807667994215
  0.91538030463011122  0.92668957269530439  0.93904262371388481  0.95210982640777453
  0.96469429226126924  0.97633646668856044  0.98779794795759857  1.00000000000000000
 -0.00292664661182316  0.01116731661756747  0.02377126251042338  0.03694038956455465
  0.04555994744001842  0.05161387520086327  0.05814377926156704  0.06283691311873603
  0.06488103268257223  0.06697056367415469  0.06897089032288578  0.07074064392538167
  0.07575783715871977  0.08270591696249510  0.08776716825524557  0.09271376639495237
  0.09784100496353956  0.10359953080765096  0.11221325348872763  0.12017839197797336
  0.12911335049474806  0.14120419722738539  0.15330440928378999  0.16532903988106798
  0.17693631231210727  0.18794788547847668  0.19824068541082096  0.20886461240899598
  0.21989319507135463  0.23101012991508055  0.24207206182228969  0.25333267940301474
  0.26433411479228247  0.27556397087347928  0.28563718646336772  0.29541207754830362
  0.30550819806577190  0.31655581683018896  0.32736055314338858  0.33767840287446432
  0.34792256740149680  0.35827394606188323  0.37007591393210926  0.38115561017332444
  0.39286253416998829  0.40480720390405961  0.41599262118338509  0.42655704936873029
  0.43739429044440736  0.44851404371201986  0.45965025668409010  0.47036269406727627
  0.48114907078683811  0.49315476961047922  0.50558675464789637  0.51821317925736421
  0.53131561028783170  0.54455484685249034  0.55906238891532167  0.57203253877861016
  0.58452841846217030  0.59658905430490927  0.60860423770240435  0.62119218690396427
  0.63292892443737836  0.64408262845085273  0.65586030353824731  0.66851699411757137
  0.68130433910632537  0.69286400918306135  0.70446094478503163  0.71675966853425577
  0.72889861092925812  0.73967770644205333  0.75001185333176046  0.76067626199280092
  0.77153815852914542  0.78273175025095398  0.79513994486601536  0.80868550037378772
  0.82181435670785807  0.83478367488291405  0.84749793192687828  0.85906208257397620
  0.86973845855395238  0.88045708792683541  0.89179960611529985  0.90323508084355042
  0.91534368413343870  0.92671096948935272  0.93732133751747715  0.94763942252145372
  0.95904232013120450  0.97306334557705498  0.98711805599370006  1.00000000000000000
   1.4017509304246963E-017  -1.0000000000000000     
  <DiscreteSampler_grid>
  Helicity
  1 # 1 for a reference and 2 for a running grid.
  20 # Attribute 'min_bin_probing_points' of the grid.
  1 # Attribute 'grid_mode' of the grid. 1=='default',2=='initialization'
  0.0000000000000000 # Attribute 'small_contrib_threshold' of the grid.
  0.5000000000000000 # Attribute 'damping_power' of the grid.
 # binID   n_entries weight   weight_sqr   abs_weight
    2   5975   1.545211422677822E-017   7.878289856821435E-033   1.545211422677822E-017
    9   20   3.401888471556861E-029   3.775694889591497E-056   3.401888471556861E-029
    10   20   7.076183770062094E-032   1.743928822893352E-061   7.076183770062094E-032
    18   8821   1.939642304742808E-017   1.764427725418425E-032   1.939642304742808E-017
    25   20   4.240956054783916E-029   6.916523792415794E-056   4.240956054783916E-029
    26   20   3.797401485308065E-032   5.241875901620584E-062   3.797401485308065E-032
    34   13491   2.608585203173844E-017   2.632575418916396E-030   2.608585203173844E-017
    41   20   4.741360999650171E-029   6.538060188989198E-056   4.741360999650171E-029
    42   20   5.089700225225660E-032   1.567641776760429E-061   5.089700225225660E-032
  </DiscreteSampler_grid>
