 -0.00000002100357418  0.00000015347676571  0.00000028249466600  0.00000040334612881
  0.00000053575784350  0.00000066476253082  0.00000078129497595  0.00000085508859937
  0.00000093300295544  0.00000102716189309  0.00000114610966644  0.00000125649325358
  0.00000135779157540  0.00000145500184639  0.00000154896185479  0.00000165225136571
  0.00000174339554206  0.00000183922031082  0.00000194799943485  0.00000206908946219
  0.00000219533288619  0.00000233403375754  0.00000249588425010  0.00000266238575524
  0.00000279470246101  0.00000287873602911  0.00000293418028749  0.00000299885454357
  0.00000305934135906  0.00000313068399724  0.00000322176898697  0.00000331019674125
  0.00000340154407402  0.00000349440647213  0.00000358686932078  0.00000368075602363
  0.00000377333493048  0.00000386441800517  0.00000395998326445  0.00000406263695542
  0.00000416912970362  0.00000426203992868  0.00000435227065472  0.00000444447716398
  0.00000454027818209  0.00000464716562659  0.00000476675473322  0.00000485067641185
  0.00000491436802303  0.00000497398612889  0.00000504261955877  0.00000514883862402
  0.00000527024792949  0.00000539443382786  0.00000550780809048  0.00000561612681485
  0.00000573458403388  0.00000585086169666  0.00000595203633020  0.00000605289744020
  0.00000616361037864  0.00000627624441845  0.00000641781517020  0.00000657298828911
  0.00000673134364363  0.00000695059799475  0.00000715348172067  0.00000736908756585
  0.00000759534344850  0.00000782779411133  0.00000802693650657  0.00000821626874422
  0.00000838807804669  0.00000856172932836  0.00000874398663494  0.00000894446562571
  0.00000911218682896  0.00000926941694986  0.00000942339818522  0.00000956973698325
  0.00000971387583093  0.00000986651565347  0.00001005286080165  0.00001029266057655
  0.00001057087201811  0.00001091093385912  0.00001124515752238  0.00001152356956862
  0.00001186608139768  0.00001223814843094  0.00001282432887892  0.00001394936547170
  0.00001476783499882  0.00001534140458506  0.00001600900326300  1.00000000000000000
  0.00267089028493058  0.01591741202700438  0.03079354072368886  0.04342190659453799
  0.05684517353408374  0.07150687790697188  0.08557247856167935  0.09748468933812597
  0.10745279486640125  0.11757593330407430  0.12911173741687101  0.14126244821688697
  0.15260722332488846  0.16456802770132462  0.17464173577806200  0.18516726295986044
  0.19642451621604815  0.20958629422144792  0.22140348049399994  0.23200737466029001
  0.24141732589960510  0.24833226825138013  0.25222138590938054  0.25576290717951172
  0.26149295250740123  0.26737778793364769  0.27312426483552349  0.27789091858315207
  0.28206914700523428  0.28583344923628867  0.29118693657110944  0.29665057042521670
  0.30224085369569059  0.30743692868232231  0.31170055617980652  0.31616941737950122
  0.32068764074725592  0.32455972666625127  0.32935879868472939  0.33672567645251966
  0.34605437234839698  0.35507568575617232  0.36344890151612186  0.37245957193006413
  0.38310115059008110  0.39496899994765039  0.40714242667451200  0.41882273439762890
  0.43001258046259472  0.44031875829059730  0.45025345970229957  0.45839081284250538
  0.46566435700346620  0.47221584365739844  0.47928498802593644  0.48837915558075179
  0.49836546398790449  0.50790547146989751  0.51773890962658231  0.52671928366319964
  0.53560747999542324  0.54700870985523298  0.55910413335492404  0.57186095117813285
  0.58292699534285231  0.59532761102873111  0.60802173232210732  0.61980876461414747
  0.63147536457636655  0.64442786204866775  0.65930810054955991  0.67657291239827888
  0.69846098002077217  0.71972637462940581  0.73357294264900297  0.74342882912414021
  0.75070979043524988  0.75733101019569671  0.76430545708805220  0.77123516346681509
  0.77764361062979548  0.78845160776460144  0.79918031838877757  0.81493152125621615
  0.83189783038037068  0.85005597492992113  0.86745088212526489  0.87864729222233384
  0.88773952430555159  0.89628727390148666  0.90499831877014281  0.91462204313543782
  0.92761954121175227  0.94901727712919415  0.97573725345600226  1.00000000000000000
 -0.00227160749299498  0.00928390892257282  0.01968429347202803  0.02966240440839376
  0.03801926077187781  0.05169801682489412  0.06560501110024688  0.07633483713298604
  0.08927070521447203  0.10161451428084198  0.11340445243515887  0.12583783063013557
  0.13751070304754184  0.14820489566376499  0.15823214454669665  0.16677289755002778
  0.17474794284260942  0.18323545715820055  0.19439092229080934  0.20570248805175625
  0.21681813794341182  0.22855701325193817  0.24029314465941251  0.25195495742059804
  0.26399093927150080  0.27693469457356107  0.28961120611966373  0.29972724421422620
  0.30936761349937092  0.32167473841783401  0.33236901304681277  0.34366727989533069
  0.35521690599076022  0.36680168413206399  0.37873424468878480  0.39118623458476270
  0.40378790278340881  0.41756144761867703  0.43095371353157552  0.44141356771558482
  0.45153523611046137  0.46083622861743656  0.47047017027039573  0.48084576167035775
  0.49113663822692577  0.50195571419589957  0.51202520010462116  0.52119948771981206
  0.52986816652748714  0.53915337291187537  0.55061339259314346  0.56279817080435179
  0.57508135496583068  0.58646069320426253  0.59747067836379930  0.60787132709693525
  0.61706191747666050  0.62614129267633445  0.63380739014822884  0.64253264952144151
  0.65079158851937358  0.65737692417653693  0.66390744072666985  0.67240283247933519
  0.68361175717994005  0.69511247890778649  0.70386106641941171  0.71185109684202885
  0.72265127490829606  0.73323214302377759  0.73958207062416725  0.74446994847138526
  0.75073928678159163  0.75613845891635112  0.76055708424555690  0.76418017887379064
  0.76920131429046279  0.77514104469708267  0.78117919516683476  0.78808624337783761
  0.79835301649107171  0.81132336031020458  0.82310182250209962  0.83385857542563258
  0.84459056666668464  0.85769261264296759  0.87222075481930161  0.88519351662953871
  0.89563110993490325  0.90519679876645165  0.91618934396156959  0.92966531303097422
  0.94546179985113588  0.96251083214523980  0.98007718535707589  1.00000000000000000
 -0.00565510319843339  0.01278722078513240  0.02930175472294748  0.04365006510679204
  0.05718860346678337  0.07157580132861384  0.08700128079529844  0.10201751234528218
  0.11463614730943839  0.12539995604456347  0.13481679360206703  0.14363923957836064
  0.15240029626549523  0.16216861347586820  0.17021622586537175  0.17767262172754061
  0.18668660032392173  0.19643968801404291  0.20417699565964972  0.21146593922776469
  0.21995511696278386  0.22943768799581782  0.24289313673394905  0.26072613021313329
  0.27702658209926101  0.29033997371454334  0.30155959225232942  0.31209374215654617
  0.32179117243606192  0.33211273604940927  0.34262071269793293  0.35309981587451039
  0.36300760001030902  0.37239232887643525  0.38248603596742392  0.39267155967008688
  0.40287998815401060  0.41483121604504664  0.42840502272278547  0.44310020444016829
  0.45425969759369694  0.46497819448175393  0.47645343031446624  0.48717593493847572
  0.49867172273481503  0.51280172070206131  0.52891680040692546  0.54452443423951191
  0.55971863458639515  0.57297802635852979  0.58357130160476300  0.59377404842147807
  0.60482050388603936  0.61684894176574667  0.62720578370059066  0.63601669006068340
  0.64457493502200924  0.65328870088539925  0.66443508932422235  0.67733181828579436
  0.68889498368609059  0.69907947879590226  0.70970837643185325  0.72058235395707482
  0.73155633148229693  0.74281826048277422  0.75163256557276770  0.75639023286689977
  0.76094486980532994  0.76601689039227983  0.77047375042996591  0.77631428015393711
  0.78176716710737215  0.78763682029873228  0.79285737098413789  0.79826524800044540
  0.80211862093788100  0.80659320548911995  0.81245250157606519  0.82335993826766474
  0.83637919475117228  0.84880692434762728  0.85857465397518784  0.86668894118502238
  0.87487796509047888  0.88390752815565754  0.89327708088082391  0.90255670734528215
  0.91259258223772333  0.92390092824406400  0.93647498362008930  0.94877661234332444
  0.95984864977091067  0.97147052987133786  0.98309131030166941  1.00000000000000000
 -0.00099010952210674  0.00338941485869276  0.00880999617616058  0.01445215194464905
  0.01952810598040009  0.02304573496982545  0.02590918685207148  0.02832964887048067
  0.03070898053864483  0.03318901037628198  0.03652603067994244  0.04081486733133763
  0.04556069073969352  0.05073348683893127  0.05527386061556874  0.05959070526272276
  0.06315850359145024  0.06657704461163222  0.07066270003250906  0.07483078864397807
  0.07897639695775979  0.08269718977086769  0.08705335388178251  0.09280005131524831
  0.09872686990385116  0.10504614792539076  0.11135657494933440  0.11702333747418929
  0.12261346018645375  0.12798854261908846  0.13268309068227901  0.13700446833313662
  0.14179178331817729  0.14584789557242789  0.15016041355369936  0.15518604676373937
  0.16051359960131434  0.16607352079144644  0.17271157379968213  0.17982994506347180
  0.18705596232516195  0.19437264725074560  0.20197728831607814  0.21024240689986451
  0.21915484147136649  0.22856263428669862  0.23634311808845176  0.24290858436689605
  0.24918714702748271  0.25523645517996252  0.26047911886029318  0.26585636740918395
  0.27175961651748110  0.27881389283204583  0.28626658427618301  0.29513898602189759
  0.30383977661212841  0.31181408872239352  0.32071339317625580  0.33015331963393607
  0.34050788203737553  0.35194916815862914  0.36337529094614412  0.37392048374500553
  0.38344688633462126  0.39301682493943596  0.40378370676252290  0.41437480265270554
  0.42646839409637022  0.43890310793128462  0.45300528563155379  0.46751310058227802
  0.48153232527118528  0.49982991487651063  0.51601741085347208  0.53243123070387222
  0.54653626911815478  0.56250742790378305  0.57867473093846522  0.59872355690710788
  0.61889232112640935  0.63673212396747958  0.65401209116439385  0.66719686867618133
  0.67910540885897241  0.69160976012894226  0.70599143532323638  0.72237526363207405
  0.74151031807036538  0.76565392947929989  0.79070834740968576  0.82159323784781080
  0.85961736134576239  0.90625112637547700  0.95875956967381792  1.00000000000000000
 -0.00199636694172125  0.00854828894264425  0.01901409057142133  0.03052347494875711
  0.04382166531868822  0.05891805854327362  0.07388417615252199  0.08937686101919942
  0.10490186486746630  0.11918783524014598  0.13123369637347365  0.14094233822504557
  0.15022551992807304  0.16124654603321387  0.17035295256927982  0.17907357944056182
  0.18852717780451941  0.19740529446059377  0.20517488101350650  0.21140749578604218
  0.21876957721765117  0.22667480953023622  0.23465894985287369  0.24244365670201642
  0.25098050860537241  0.25845885821570191  0.26567191054325584  0.27359547113770344
  0.28347189747694113  0.29344158213790500  0.30339288931504815  0.31372089264063141
  0.32436493696875179  0.33530163394208029  0.34635661988023153  0.35894302914759196
  0.37350683711930543  0.38818239322551262  0.40065304444743949  0.41082802499728410
  0.42075680631017354  0.43035077574125474  0.44035609721463770  0.45153215736625335
  0.46321070746852172  0.47446529088504208  0.48223645810654658  0.48862816599556796
  0.49575077014839725  0.50246115623389775  0.50942372232635647  0.51588910937394783
  0.52187500633672823  0.52828300992184984  0.53529582511241691  0.54183893819588935
  0.55016813531613529  0.55958633573343730  0.56803656597129570  0.57647327511901314
  0.58552877763684463  0.59645334916844961  0.60730256499980295  0.61714673002766252
  0.62734738573874305  0.64075872785743426  0.65303768564463027  0.66877205275922835
  0.68735076787358285  0.70562608328706034  0.72422293424523687  0.74308927390641011
  0.75887424086961996  0.77046640833570690  0.78037885311324895  0.78873772361909877
  0.79797292413291587  0.80830833786658263  0.81907619787369124  0.82993035344237975
  0.84184466826317683  0.85421467369426329  0.86463307944464174  0.87314795244485588
  0.88168968834603889  0.88868131656968619  0.89858720725459706  0.91039147617367699
  0.92292903684463867  0.93554954140656166  0.94539666402399913  0.95372193050006526
  0.96256235155889058  0.97091833567854247  0.98298341854589599  1.00000000000000000
 -0.00442149933287051  0.01283146902583082  0.03014645911109378  0.04775558144825776
  0.06412965121067452  0.07725426904354650  0.08988983922239754  0.10203274893163153
  0.11536292061685506  0.13021662278240179  0.14759607222114993  0.16459076469656525
  0.18053358809432621  0.19533540335846103  0.20844471287518446  0.21815159602785736
  0.22600757818840295  0.23464899437944314  0.24311612472175181  0.25524009373634404
  0.26782179031120712  0.27923340278492825  0.29206955616215080  0.30506237420384208
  0.31670983422642152  0.33052922237286253  0.34124095606317456  0.34984208759221058
  0.35833299313478989  0.36658821802736902  0.37689927959643754  0.39534122743569738
  0.40110096843744675  0.40608189854653465  0.41072951299740268  0.41553734013647337
  0.42230842874494223  0.42857708452941062  0.43416221878451366  0.43893191448410235
  0.44388167185037875  0.45006069235053625  0.45647365129876660  0.46604841616368098
  0.47541328401623217  0.48394101164911668  0.49221364460536482  0.50073386501933104
  0.51030638098906467  0.52077509976063885  0.53405326811084752  0.54563641070206526
  0.55634553381224672  0.56695542109535346  0.57756092317830987  0.58749122764434558
  0.59705437877820811  0.60732535472400762  0.61978244767400537  0.63157479923866022
  0.64214825972553569  0.65400180236236727  0.66681839124896580  0.67825870677384303
  0.68872812420442842  0.69908380759062383  0.71023181642596300  0.72065562772328629
  0.72858805054922349  0.73503737766085764  0.74329291104795348  0.75216807352159076
  0.76095499539211719  0.77088907751955438  0.78139756631014790  0.79183259326242472
  0.80270194562776420  0.81343512819579589  0.82486141509165489  0.83547966600725199
  0.84313166225601355  0.84982550199704565  0.85628291813593349  0.86290193218056266
  0.87080024799642253  0.87869388415517036  0.88676573794702129  0.89615821296852538
  0.90726874263230617  0.91903273365467064  0.93042104305876161  0.94200204453268932
  0.95436243574283253  0.96744484179494872  0.98241489909155000  1.00000000000000000
 -0.00277729150705114  0.01032545932766252  0.02397357032374416  0.03662301386310829
  0.04674636137013229  0.05473996863982034  0.06300358920442035  0.07132792090795397
  0.07915026821464595  0.08673741174919122  0.09510827770055114  0.10782340095743996
  0.12055977439998679  0.13076248367766352  0.13805426271445773  0.14450731369229705
  0.15225203764016756  0.16040136924266174  0.17245306705310787  0.18527448281593364
  0.19203891154320232  0.19841218817947362  0.20461667849776843  0.21043318621565174
  0.21612108647948189  0.22239706855196806  0.22846041780578977  0.23341921843185692
  0.23962211468345443  0.24571583146211357  0.25680704303166357  0.27467410489855310
  0.29056981403501259  0.30273603927753340  0.31476057559554055  0.32698873701054443
  0.33885340367178285  0.34934745908600467  0.35974787077779619  0.37098742162556519
  0.38355754455177987  0.39750552972530079  0.41106431545319944  0.42356277751739341
  0.43580212003409463  0.44915686314344067  0.46281896460900213  0.47734160265588116
  0.49282003308821903  0.50869607003162309  0.51764881841264954  0.52851186567608122
  0.53991988993159812  0.55157849350906474  0.56500442074697876  0.57911019935937547
  0.59269614126870862  0.60574976165182959  0.62022041746496626  0.63061222617541579
  0.63996112191756427  0.64875233575410629  0.65789707169310085  0.66989936115356086
  0.68324086570358233  0.69785172842258036  0.71037231102213683  0.72146485724940312
  0.73118597355614234  0.73942612928471507  0.74765500785545724  0.75643757102523779
  0.76465218759662901  0.77558367971766362  0.78828188143577949  0.80003524318295482
  0.81412187357513277  0.82561945991993213  0.83914094574908238  0.84794941509351640
  0.85463905610841517  0.86127144608259121  0.86601100512670559  0.87076231040917274
  0.87864812158612182  0.89029156143440236  0.90655728320705542  0.92121763769452758
  0.93281503833742740  0.94294414702284723  0.95150596521257824  0.96019456705769279
  0.96998669653280145  0.98084808725937322  0.99118477866584576  1.00000000000000000
 -0.00752388369784788  0.08109220136483368  0.13177036797533398  0.16785098903863641
  0.20732004306980922  0.24347572252984404  0.26964451985281479  0.29621115949522780
  0.32330967753571915  0.35410782900956578  0.38930885942985682  0.42566477810569753
  0.46321387499972388  0.49576738371978196  0.52329522038757736  0.55391661656652069
  0.58492920210249677  0.61577158289904999  0.64807936444535685  0.67894136606274069
  0.71026663916505084  0.73783980496523216  0.75973680473306116  0.77686188962483715
  0.79517728815965949  0.81745355534738073  0.83921813376715793  0.85812356707483206
  0.87721205784771283  0.89599449892473648  0.91021869169068392  0.92253185541056315
  0.93285804854311771  0.94280676297691191  0.95179416372883008  0.95858505983562847
  0.96195899613282554  0.96482744191417924  0.96728131127870509  0.96948887691035490
  0.97153386149582266  0.97325440440233990  0.97467508164757599  0.97586057721404984
  0.97707872298215948  0.97833475305395046  0.97939964102167809  0.98012980380885095
  0.98068621365294140  0.98132666545955860  0.98192789607206366  0.98244546464084637
  0.98297092971231137  0.98355793284832382  0.98413231574877069  0.98467231199683891
  0.98516613378907214  0.98561616846487754  0.98605497242140816  0.98645060262190976
  0.98678582012703120  0.98705239753717811  0.98727607085518254  0.98747788827148231
  0.98766778855833925  0.98786801850731587  0.98806972385727743  0.98827115922393305
  0.98847969705689687  0.98869900626235119  0.98890066134592258  0.98908725817198040
  0.98925845056900874  0.98940776970479338  0.98955280983882743  0.98968761598697008
  0.98980935379810420  0.98992411171638539  0.99003002055114919  0.99012799378385130
  0.99021810350712913  0.99029986557830907  0.99038033333872832  0.99046059082455251
  0.99054028575254560  0.99061950936469234  0.99069516918049982  0.99076729641969086
  0.99083422880317684  0.99090073513286236  0.99096634550849305  0.99101263861705680
  0.99105797809416818  0.99109925511043184  0.99112959603859097  1.00000000000000000
 -0.02582760668446221  0.13125193802017646  0.16618833054629870  0.17665189377199056
  0.18468906335785504  0.19262097886420992  0.20311136289366419  0.21620242671445208
  0.22871561859296829  0.24195898559686807  0.25418818551027533  0.26393253298470665
  0.27187737801839962  0.27802408705041642  0.28445641834309809  0.29075955302036299
  0.29766476605917663  0.30514394527300542  0.31320871224708324  0.32205575545049253
  0.33137391194404042  0.34076153908994422  0.35061194774905036  0.35904519650090749
  0.36618636188867487  0.37312888994876919  0.38034706389315348  0.38696812964311161
  0.39355904851609363  0.39948552010728999  0.40366939525335488  0.40889948256993308
  0.41449581915311495  0.42096557391357420  0.42715625520282968  0.43259326069163073
  0.43796254937295986  0.44379057343353984  0.45029413728809381  0.45676212230805519
  0.46213702148265456  0.46782183246979653  0.47352798425725945  0.47882536828044986
  0.48475358471604274  0.49120967727713732  0.49790783662782739  0.50543702529778078
  0.51178773912550901  0.51853682966143411  0.52536069781625339  0.53169076742525123
  0.53775918812802637  0.54393557592334141  0.54986882495666456  0.55575710965937275
  0.56225942259011397  0.56954193431749245  0.57740318876657670  0.58527058251228703
  0.59207926034814085  0.59692962146655015  0.60199372406044005  0.60676919401945062
  0.61163704304173971  0.61675254679202873  0.62214770241049022  0.62895027940970594
  0.63596275979651318  0.64286383916165912  0.64897233997102666  0.65433716123474084
  0.65866428056483695  0.66310513278396610  0.66673148054616904  0.67007050483294694
  0.67412010080650442  0.67859384942033185  0.68267541421149525  0.68639157921550831
  0.69062581547709812  0.69563427901270858  0.70081072108204145  0.70673152552556073
  0.71257508851053841  0.71840294368022795  0.72357490364443677  0.72929542908880585
  0.74203008547535321  0.75544781761565261  0.76852290030938009  0.78505317271808150
  0.80860712027123505  0.84607659418870429  0.90421739839936999  1.00000000000000000
   2.4308674100021886E-013  -1.0000000000000000     
 T F F F F F F F T F F F F F F F F F F F F F F F F F F F F F F F F F F F F F F F F F F F F F F F T F F F F F F F T F F F F F F F
