  0.00500219655672713  0.00509594179676166  0.00519994224217828  0.00546710106142101
  0.00573849504775931  0.00602466757263465  0.00630847654570055  0.00658999971419112
  0.00694683077652058  0.00732670997384985  0.00775041046413258  0.00817286669881380
  0.00858511346040583  0.00901308859536314  0.00945662558104105  0.00998777397813983
  0.01056306774104815  0.01115839287661508  0.01176271354777034  0.01245544479386137
  0.01317068843215839  0.01389633477193854  0.01465468596341999  0.01544514957170610
  0.01625585675224124  0.01713297004032982  0.01812509150820967  0.01921510339988871
  0.02054235249702748  0.02198547625722944  0.02351791525586256  0.02520354843639489
  0.02698531700941121  0.02890338726243545  0.03111347822243951  0.03347315652395175
  0.03613248963462119  0.03906816706700444  0.04228586659349244  0.04581030363264207
  0.04955188921582558  0.05369002380779632  0.05812320327512912  0.06294561939023766
  0.06858553850442019  0.07483278791221290  0.08109187527509684  0.08786205549407382
  0.09538603715756755  0.10377770872855407  0.11271107019320029  0.12226443959270573
  0.13355857971310647  0.14555646840458131  0.15653952080112526  0.16757583422209932
  0.17855591329738890  0.19123094790104486  0.20543624508588859  0.22051227159281511
  0.23490567568239992  0.24913033202739454  0.26447952437824024  0.28012513622776325
  0.29603786977698149  0.31420658888940872  0.33393687766578484  0.35198861781437729
  0.36814254498987847  0.38470748045141495  0.40208378114771598  0.41952142477268245
  0.43749124730063338  0.45503980193017168  0.47284185476047091  0.48967810832175396
  0.50599967133525148  0.52317770983709677  0.54051126902752966  0.55664760617662035
  0.57510623762883462  0.59635492648814670  0.61722717137455874  0.63884316460977575
  0.66088681068672495  0.68187664330445985  0.70199754712651929  0.72393987121391612
  0.74691439993124698  0.77247171003756998  0.80181111570251162  0.82880185352365976
  0.85550738524472170  0.88598642583988541  0.92579949053960131  1.00000000000000000
  0.48139834678657190  0.49753897914802514  0.51367961150947838  0.52982024387093163
  0.54596087623238487  0.56210150859383812  0.56511302683192732  0.56754918357399520
  0.56998534031606318  0.57242149705813106  0.57791684047553904  0.58389285055345408
  0.58880924311340532  0.59080489335655328  0.59199456284138585  0.59398914446334417
  0.59674369509575298  0.59929047849477080  0.60081194842228269  0.60180937428832648
  0.60279462618719093  0.60384872081030294  0.61119219362087840  0.61793476542221637
  0.62447527444442796  0.63160986919543693  0.63821201140244643  0.64144376507278256
  0.64241231672899290  0.64359752510675228  0.64582930910704262  0.64867325663059028
  0.65123568767185014  0.65368113643330439  0.65618655444287644  0.65868057319227014
  0.66080874718435778  0.66274420080591179  0.66499036377261622  0.66690571006742261
  0.66875750171284998  0.67092184986961811  0.67306070956610009  0.67566272977177744
  0.67878924120899353  0.68127640393137345  0.68369840452749853  0.68636355142106087
  0.68933820436679993  0.69254648692592125  0.69572434259627391  0.69888224366992380
  0.70254496603203020  0.70598083540950141  0.70868594349474923  0.71207079610759183
  0.71543198028113364  0.71955759643922934  0.72466515984525715  0.73054725197186177
  0.73610208772086938  0.74146029884782072  0.74670980484894423  0.75186252447355018
  0.75714910266862612  0.76305006932880870  0.76941258387580735  0.77659926376831578
  0.78428630653194431  0.79125928960766534  0.79746689738901488  0.80386035084127516
  0.81128648534939041  0.81958768705333185  0.82854134105894461  0.83592585615344239
  0.84199906134705149  0.84720754342628668  0.85264371933112004  0.85799938959795807
  0.86346436160914630  0.86888857198383973  0.87418689290370943  0.87975563500518650
  0.88626796650135320  0.89300541005933387  0.89995706797400654  0.90693019208197256
  0.91440794964887162  0.92246576539574121  0.93063739627317232  0.93864031873976594
  0.94720113268712847  0.95725232381878622  0.97300112360130442  1.00000000000000000
 -0.00214762044600082  0.00866745787568052  0.01943464436352191  0.03068687083849534
  0.04273834718697386  0.05153867983398877  0.05926816248547424  0.06576929505587030
  0.07242765583324176  0.08041830217093369  0.08805037784071028  0.09481354240845970
  0.10077798084043403  0.11034888229467149  0.12233938836562824  0.13398372467743241
  0.14490079662422939  0.15464095713775822  0.16379003428628008  0.17308771849693017
  0.18261982324258860  0.19228071547454145  0.20145368268558506  0.21135331094080814
  0.22139223820873810  0.23229428524527895  0.24257294664386472  0.25439540083994266
  0.26650100235789592  0.27870499353332273  0.29005766334920069  0.30188012032765954
  0.31206196568381867  0.32233490863731967  0.33240942701348730  0.34265227226365741
  0.35476969645546913  0.36715329263045643  0.37594962747404037  0.38158839070177897
  0.38758238252519250  0.39409719385816300  0.40136098907887907  0.40973118050346857
  0.42140699008856075  0.43349095472696930  0.44661627944289345  0.46083075018783221
  0.47344490747693535  0.48527222959691402  0.49641262312059165  0.50790146368755784
  0.51987665125533500  0.53245675381739421  0.54518129778762914  0.55882348946476879
  0.57223717488801817  0.58383176083880806  0.59584863484493644  0.60700769585554959
  0.61821891094531778  0.62729192772203202  0.63639577306414830  0.64587589403149892
  0.65632564036653984  0.66860453984058454  0.68097488649806059  0.69294319552209960
  0.70498892773176847  0.71416815206342765  0.72274982432478496  0.73067551245656126
  0.73784781499013075  0.74514017868153914  0.75379014607015327  0.76439639681238336
  0.77742831422132508  0.79123885502135394  0.80561251759860597  0.81991051413744753
  0.83312598079972078  0.84495141292505671  0.85544712204858231  0.86517123911168192
  0.87506736741549296  0.88483952610772354  0.89510776560804128  0.90509564562249079
  0.91591808237185057  0.92532256226421539  0.93412351502463253  0.94316990255866906
  0.95291214485284281  0.96506273411403576  0.97696240182944916  1.00000000000000000
 -0.00227102411031492  0.00808864675324658  0.01800140446323523  0.02855676473302774
  0.03984324862316320  0.04964367819601243  0.05903989504251028  0.06919838339535117
  0.08069447271217604  0.09177978029498991  0.10165842219282489  0.11147907573059715
  0.12131958174809115  0.13168229092284181  0.14307135738939009  0.15512230859534260
  0.16654042550730563  0.17698905725908073  0.18712745292297631  0.19810501861652435
  0.20806006655232195  0.21604600392270146  0.22365645229533807  0.23180810496605256
  0.24137648373203557  0.25222458863971953  0.26291263755446531  0.27372244706673882
  0.28536192383935072  0.29656615078706650  0.30615798163807445  0.31405373198354936
  0.31970331903040011  0.32785979958851386  0.33540792780464940  0.34261304700742379
  0.34978790133741439  0.35665465324051016  0.36414579968133154  0.37159123034822344
  0.37965558643211028  0.38942662030526526  0.39989301570135094  0.41068939721661935
  0.42226601287160592  0.43412808297557598  0.44687181452456715  0.46114900891753047
  0.47462948627456664  0.48810071367168117  0.50007056492369817  0.51206304350904841
  0.52396911092372456  0.53586553096640444  0.54755819792144933  0.55862681768551492
  0.56920785412082697  0.57954149968980351  0.59027996107750491  0.60209215381409875
  0.61466721234055932  0.62717561428342605  0.63776959515874354  0.64911765929530574
  0.66008458604085707  0.67006149681895644  0.67922407935723905  0.68922412677039702
  0.70134592469763180  0.71440598747562023  0.72885316305498571  0.74425119817693419
  0.75646412601829338  0.76700334340745724  0.77753284836965963  0.78894779128936676
  0.79955028003191986  0.80847933403716121  0.81734914126926073  0.82640736767090661
  0.83739894849813512  0.84864318399642158  0.85632661804866750  0.86395163033787958
  0.87188810181937126  0.87912725563881067  0.88541297144740871  0.89700316837417660
  0.91125480934331382  0.92551360237565972  0.93808320388571520  0.95181392189766278
  0.96353667520111164  0.97650038799921690  0.98758226913565550  1.00000000000000000
 -0.00232222664453869  0.00885085618653728  0.01842992946397355  0.02792312081003382
  0.03845187924098572  0.04995455418694531  0.06231052295805839  0.07607579052131588
  0.08772561505456999  0.09633089644152269  0.10535203072578607  0.11454273949189334
  0.12313212789972038  0.13100461564698568  0.13875295770384169  0.14814605486681490
  0.15926168177045191  0.16905201628532804  0.17813846908558273  0.18807550993873109
  0.19992317737686915  0.21214750565791193  0.22481672588755233  0.23716085033845830
  0.24828969551320190  0.25907644600981194  0.26962987720276749  0.28068957262238298
  0.29218911695329269  0.30388876985239099  0.31578579432574910  0.32721832588002875
  0.33784104919753077  0.34795196811698120  0.35861004117951106  0.36876030675090482
  0.37995935444483309  0.39185256761485321  0.40417388773676327  0.41578241932972920
  0.42843648836116083  0.43967538608579926  0.44952001439564326  0.45855682973926132
  0.46879286701456513  0.48004620745282695  0.49276200543792226  0.50613446126794781
  0.51814067747240800  0.52934583649786726  0.54080048568473882  0.55291699849567755
  0.56621792098421120  0.57738631121780004  0.58904112145750509  0.60132556310544283
  0.61615563420849184  0.62912370770172110  0.63854223656029030  0.64745006598238108
  0.65637575452065022  0.66622640282211654  0.67869053089280273  0.69149645641656621
  0.70256099647650250  0.71302570361506867  0.72301200894817130  0.73213032794468946
  0.74162751153164430  0.75209262048318448  0.76306069165597312  0.77362518700058269
  0.78371384588861448  0.79402872997830554  0.80515615264841556  0.81674738225739729
  0.82751763985700688  0.83776910244758906  0.84881664191247674  0.86194249760281749
  0.87854750319786878  0.89336289992753226  0.90684646693952098  0.91814796930598752
  0.92904993289982918  0.93863278281754525  0.94774289043643412  0.95587925567566989
  0.96445983516748091  0.97288796504143160  0.98074266420644318  0.98525158074962804
  0.98964494576707684  0.99379418381437068  0.99706327432589281  1.00000000000000000
 -0.00370774428687124  0.01698784410838738  0.03224921367934256  0.04349396263181781
  0.04823616995532354  0.05363195534175741  0.06009526904358617  0.06705814610596644
  0.07396459012864073  0.08092261804841158  0.08774091862891471  0.09391630759110742
  0.09966513598339634  0.10650704294709712  0.11606788766949266  0.12570653536435744
  0.13524536584217250  0.14534639021240212  0.15288847987232795  0.15820265564414357
  0.16337196561243575  0.16858907365209438  0.17427304279552186  0.18212722970209153
  0.19505380582408754  0.20788634148014248  0.21983872682851843  0.23194496468515577
  0.24430984470016975  0.25424751332748963  0.26257754119433496  0.27061367253862939
  0.27875724551746783  0.28811530784499423  0.29682499528922124  0.30467638943385528
  0.31317300050015084  0.32203075392200298  0.33075185571985805  0.33927631908320244
  0.34792037015322830  0.35721359718733031  0.36774460860678931  0.38080230580901353
  0.39725193942451986  0.41229039304971182  0.42501035531934273  0.43625744065343780
  0.44769150581115191  0.45865423392417620  0.46858440504709936  0.47728547287442019
  0.48781818371824465  0.49881496673834785  0.50825798586300597  0.51792466911940638
  0.52811074702187011  0.53996261998356121  0.55317907816989698  0.56764402124522340
  0.58188472716882778  0.59534552450936784  0.60749033834340560  0.61976837922102856
  0.63002558879499837  0.63929221980877060  0.64941098124761565  0.66085582804037257
  0.67285085384593069  0.68449057738966235  0.69529825030567349  0.70765580200687794
  0.71889279518820437  0.72987480678087580  0.74123979723056954  0.75420674796718878
  0.76940124920720609  0.78349841727774450  0.79637870114260800  0.80902663985744394
  0.82147819876796058  0.83401453054344699  0.84558925984531141  0.85696055422677520
  0.86872386465908269  0.88082717599722249  0.89143670717274470  0.90219482818944829
  0.91353837897464085  0.92598276053936979  0.93891277307301690  0.95114878794825941
  0.96265642588268963  0.97424996178509482  0.98633662184896642  1.00000000000000000
 -0.00283695975193249  0.01159836989825239  0.02380507064635618  0.03483122024682284
  0.04625718456735528  0.05686225388137972  0.07133098239012636  0.08652073745500542
  0.10157094204041786  0.11525853360692812  0.12834103286855383  0.14022468683199715
  0.15252425249505611  0.16359680887887673  0.17437008910152038  0.18446070992911287
  0.19441664344324794  0.20449050927760615  0.21509486499512603  0.22650790918169875
  0.23789319042057711  0.24977557307077547  0.26221572167576851  0.27373071458168330
  0.28495695898069895  0.29565528899438015  0.30608805686527185  0.31678466218878809
  0.32720214719899871  0.33811169140329006  0.34882164817777100  0.35923187462762080
  0.36948917273287435  0.37977005823924781  0.39065810225511410  0.40178807806643113
  0.41354997942034644  0.42534662376318100  0.43781698986654249  0.44745402151489738
  0.45590345672932547  0.46437946702157062  0.47354684294695326  0.48467275045561409
  0.49527145181899984  0.50625152558782871  0.51850260572035101  0.52921179584499556
  0.53901510333266356  0.54901247031095102  0.56001598833177080  0.57001497068754625
  0.58015163256493885  0.59145012536107167  0.60403090635372070  0.61534201210538275
  0.62505349153021206  0.63465948626786939  0.64475732490755100  0.65631341290775147
  0.66873595988063417  0.68132059558705882  0.69248417794858808  0.70421521535648990
  0.71723911756063885  0.73233941925902779  0.74731431926100389  0.75874935632674856
  0.76965672228055415  0.77902425881693460  0.78721822926231888  0.79508845313800269
  0.80322982502170626  0.81257793917465038  0.82383556520664925  0.83418709482601061
  0.84575259535112024  0.85759025327360094  0.86856159909071018  0.88217118050022769
  0.89482972335238697  0.90743090787212943  0.92032603226005105  0.92935720802516997
  0.93641137879894587  0.94399646890065825  0.95186456541253928  0.95698912383442447
  0.96148986750849741  0.96790742154618492  0.97587393820604462  0.98095834109745106
  0.98535287336836952  0.98941830032470957  0.99470510116245148  1.00000000000000000
 -0.00363919993298662  0.01333242589709959  0.02619208040878509  0.03835951881713996
  0.05101282859900520  0.06147814867395079  0.07184039214208443  0.08093463042907079
  0.09162591781818849  0.10186204876677994  0.11210341313164898  0.12187230427991111
  0.13262584875155037  0.14251563583193608  0.15282815599473451  0.16325514776120326
  0.17278944083214468  0.18199734650845459  0.19113156639533127  0.20129467666970799
  0.21139647896292416  0.21968859533437848  0.22748003205721212  0.23714616941748567
  0.24884473728146303  0.26096186807011779  0.27336125356816754  0.28592771186072780
  0.29869200957389436  0.31192091536689132  0.32547045768979793  0.33802712802044194
  0.34995748465621607  0.36324907826152725  0.37318689089698270  0.37870490630263420
  0.38409757635005576  0.38981647909485195  0.39652466713290679  0.40307389146389894
  0.41254128284948222  0.42245500147021187  0.43258925447521074  0.44256240295327198
  0.45258555370810116  0.46226353222903993  0.47275105385365701  0.48401990746772938
  0.49651284973431919  0.50950459533559367  0.52258726633823060  0.53573540628589555
  0.54886996185813730  0.56213909792893479  0.57470148265916932  0.58581336237023718
  0.59824297920860969  0.61079248799790564  0.62280998149773470  0.63074108843315058
  0.63740011360548776  0.64428461380095037  0.65117527971704270  0.65807784551095971
  0.66462829074989915  0.67113640398512164  0.67810085266010556  0.68562262463169132
  0.69657824354664633  0.71109210838973602  0.72568056440993289  0.73798866486563841
  0.75002238898907980  0.76084648820279033  0.77312606432408149  0.78362457920999817
  0.79389830510452686  0.80329212459552224  0.81205612208828171  0.82100447273131794
  0.83082311183742896  0.84165138894581293  0.85429382023473244  0.86548270991644105
  0.87636985986212679  0.88752774755358310  0.90063826368395372  0.91657803302784480
  0.93162723645227175  0.94396279784547266  0.95370635546863136  0.96183961323483269
  0.96968840116809152  0.97823691076257024  0.98825197086784256  1.00000000000000000
   8.3219267532716591E-038  -1.0000000000000000     
  <DiscreteSampler_grid>
  Helicity
  1 # 1 for a reference and 2 for a running grid.
  20 # Attribute 'min_bin_probing_points' of the grid.
  1 # Attribute 'grid_mode' of the grid. 1=='default',2=='initialization'
  0.0000000000000000 # Attribute 'small_contrib_threshold' of the grid.
  0.5000000000000000 # Attribute 'damping_power' of the grid.
 # binID   n_entries weight   weight_sqr   abs_weight
    2   3247   6.478563544121220E-038   8.158577967298999E-074   6.478563544121220E-038
    9   20   5.721239320611982E-050   8.939622505333065E-098   5.721239320611982E-050
    10   20   5.800469350644979E-053   1.234811809786851E-103   5.800469350644979E-053
    18   3172   6.138701840206309E-038   6.508245769422159E-074   6.138701840206309E-038
    25   20   3.924230916717858E-050   6.783605423123219E-098   3.924230916717858E-050
    26   20   7.161993925067804E-053   3.169509716475356E-103   7.161993925067804E-053
    34   5990   9.964416907599441E-038   2.426973006509552E-072   9.964416907599441E-038
    41   20   6.252074582924045E-050   1.320190402877186E-097   6.252074582924045E-050
    42   20   4.198531400586187E-053   7.241028105067763E-104   4.198531400586187E-053
  </DiscreteSampler_grid>
