  0.00559092392943768  0.01084659733289619  0.01751491376747877  0.02503212370064162
  0.03289879155576098  0.04078427694833121  0.04784628302716346  0.05430444308366139
  0.06101956189286233  0.06794312555433964  0.07519373410576749  0.08254375388219609
  0.08971489461612450  0.09691980481800508  0.10446327693440197  0.11285029589105781
  0.12105358965645849  0.12947721846821642  0.13776875820280240  0.14668635790613799
  0.15718838417566325  0.16914949863497239  0.18071919075536466  0.19323932593626159
  0.20595956071040694  0.21895497970325750  0.23241654839568146  0.24573510994859321
  0.25805365220498067  0.26997636169978351  0.28245725066252803  0.29450584445627043
  0.30367736678785878  0.31283750412330091  0.32305586412136239  0.33325791223833401
  0.34432217320283709  0.35646512421881510  0.36872243209261685  0.38245539045182519
  0.39862441545730254  0.41613204882121885  0.43399468691235782  0.45193696905319847
  0.47047464401878231  0.48930782075018348  0.50819994376653221  0.52729466086834664
  0.54609832182571494  0.56411377311367095  0.58076358632800296  0.59582801041528188
  0.61049758124512599  0.62611341569618539  0.64069854715884800  0.65497586370012839
  0.66877529067002350  0.68211574344579440  0.69499005947901826  0.70766751565062247
  0.72041401281893158  0.73290172683864330  0.74507006863238834  0.75807204339485090
  0.77080417579202432  0.78170496032729708  0.79206659962178405  0.80247409937371983
  0.81284632399875900  0.82269110596386341  0.83197503043097987  0.84062480242790039
  0.84938368618952564  0.85815935027232593  0.86686302713167773  0.87530857543581708
  0.88310162430477201  0.89066242089053949  0.89812311119270416  0.90563113821250474
  0.91283921874915286  0.92005431903929791  0.92782288539048841  0.93564942673943319
  0.94128573375233571  0.94686106673656978  0.95240770909365413  0.95779755200073169
  0.96344473664192798  0.96894187488039896  0.97417861635019454  0.97955267512254629
  0.98473196396789275  0.98966110979827526  0.99424292201929365  1.00000000000000000
 -0.00367446066283634  0.01186289253459420  0.02321407664263339  0.03234929588502378
  0.04186737120351718  0.05163620060427872  0.06157361523366679  0.07150664551157865
  0.08156217003689500  0.09195819391434329  0.10262699485460780  0.11273517972624431
  0.12127699535155639  0.12984017881982682  0.13795523151454953  0.14823686227734781
  0.16166994315532163  0.17493028207458050  0.18779195408283750  0.20053705813270642
  0.21259974115541633  0.22410135509326840  0.23456817899086485  0.24482639623080918
  0.25535878958636993  0.26559999826037411  0.27534146110355856  0.28458972451487274
  0.29406811813536377  0.30410223295124578  0.31393967217187735  0.32297892668775319
  0.33206897840308103  0.34177814351687769  0.35218383267742770  0.36266603606970316
  0.37305269862405294  0.38529247173243808  0.39738504772532651  0.41006601159207490
  0.42325021289526082  0.43678110410632925  0.45038047334979447  0.46371880334209964
  0.47656735876149331  0.48882843024648953  0.50054689453628709  0.51318282834803763
  0.52584703342596884  0.53818695305610176  0.55077374077384655  0.56347352660935102
  0.57623283126627789  0.58924896542776029  0.60268353454138546  0.61626817166489989
  0.62790306147654174  0.63378281711603324  0.64104549518318799  0.64803724097397974
  0.65463485804636201  0.66159175921236146  0.66870104570988775  0.67562891276136106
  0.68244959370853608  0.69062267378735853  0.70065015498948258  0.71047848326285812
  0.71951353989090827  0.72881669577881347  0.73832395523567151  0.74794568896936242
  0.75657097721942634  0.76509405805544994  0.77433319928933642  0.78438503889528000
  0.79360937807757426  0.80224780792581629  0.81118147940227892  0.82098590420575912
  0.83110246865645310  0.84144161686152696  0.85286976436202977  0.86610480976794046
  0.88037400474585903  0.89385240051355397  0.90709327534948525  0.91546601591084764
  0.92481674607404274  0.93435649738586257  0.94419377076644928  0.95368630918710651
  0.96381318601568366  0.97548988408410520  0.98785024317119552  1.00000000000000000
   2.3721183353998710E-011  -1.0000000000000000     
  <DiscreteSampler_grid>
  Helicity
  1 # 1 for a reference and 2 for a running grid.
  20 # Attribute 'min_bin_probing_points' of the grid.
  1 # Attribute 'grid_mode' of the grid. 1=='default',2=='initialization'
  0.0000000000000000 # Attribute 'small_contrib_threshold' of the grid.
  0.5000000000000000 # Attribute 'damping_power' of the grid.
 # binID   n_entries weight   weight_sqr   abs_weight
    2   24   3.527246102092009E-014   1.599730050341728E-027   3.527246102092009E-014
    3   9114   2.244989641320536E-011   1.273803596313697E-021   2.244989641320536E-011
    6   8024   2.464501408474760E-011   1.363130591633452E-021   2.464501408474760E-011
    7   3806   1.677937655854501E-011   4.489432082890263E-022   1.677937655854501E-011
    10   9064   2.172991975260281E-011   1.227577733998051E-021   2.172991975260281E-011
    11   28   2.997310629064616E-014   1.362848564939206E-027   2.997310629064616E-014
  </DiscreteSampler_grid>
