  0.00498266191030430  0.00516802787255782  0.00553654569277216  0.00595781111205268
  0.00634734428837196  0.00690658316973987  0.00749551668898480  0.00808852272440167
  0.00873088420418167  0.00941731082661944  0.01020029954092653  0.01099767573548645
  0.01182567031681574  0.01271617899367196  0.01365580277177007  0.01465764663780652
  0.01572964840916816  0.01685970957422870  0.01810755429737990  0.01944724568153043
  0.02086218099492240  0.02235516495105261  0.02389123367465131  0.02547615589422506
  0.02715560855653766  0.02902806743645446  0.03115079171121955  0.03344819870240891
  0.03596203498562256  0.03850916623405709  0.04138446139575782  0.04480456990102479
  0.04857695241885409  0.05239043385348541  0.05612419759920414  0.06020686808418635
  0.06517450219727214  0.07156259002000012  0.07817188100539299  0.08498477477075583
  0.09213180408820311  0.09960602599087803  0.10740641724752568  0.11557350296168774
  0.12446145651300504  0.13370995827113530  0.14335540583242790  0.15294894651903460
  0.16301815468629471  0.17396701521943572  0.18587471191586480  0.19816923517685275
  0.21029120592073769  0.22177972759291814  0.23274110096524891  0.24376614794153509
  0.25508173694610947  0.26753423054506509  0.28014368845260179  0.29289488100307109
  0.30522725142305057  0.31715308596556879  0.32931515959024782  0.34252829743465574
  0.35616772997883145  0.36938671467189521  0.38305043875002870  0.39724408565850194
  0.41095666655723667  0.42520787507596242  0.44056838326366732  0.45726609807061791
  0.47515343234751184  0.49235177246974932  0.50857582835021242  0.52496347490138928
  0.54197067174181102  0.55956014095320328  0.57615719645908636  0.59193730251134136
  0.60894734431346564  0.62651927325372769  0.64522605816573531  0.66514030791373169
  0.68558259659997267  0.70547031238179159  0.72545150541621606  0.74616529563378031
  0.76689743265461707  0.78818167478612400  0.81094125021823649  0.83548049797068080
  0.86214537242269362  0.89374739543046866  0.93207097193864230  1.00000000000000000
  0.38458785348477104  0.42028470524604933  0.43227057044942457  0.43788879824742355
  0.44589253161862813  0.46350249510972547  0.47756371359935262  0.48608072216037068
  0.49918370599102535  0.50444787837477068  0.50710687577358815  0.50953280087637931
  0.51219328352937532  0.51505936548923581  0.51746281123299043  0.51942802276612510
  0.52147207348511226  0.52372307287884212  0.52699145128882874  0.53049653243384531
  0.53406513717954951  0.53832488875854811  0.54526061537991588  0.55429944021665245
  0.56341311174856146  0.56976594410229464  0.57485093728169012  0.57902492251180115
  0.58282363712755625  0.58649805816604816  0.58955596768109353  0.59235758845461550
  0.59471135866582336  0.59663449471047147  0.59850188873635701  0.60067344479166251
  0.60298078606753303  0.60525395020501771  0.60754883162864282  0.60977099728728767
  0.61199340321989226  0.61423029475578128  0.61636406903515817  0.61843625834781002
  0.62037222530665703  0.62260029673809447  0.62576689465996915  0.62889301842078504
  0.63221130801421521  0.63648894696312497  0.64245900921789212  0.64940435181423306
  0.65604208443366874  0.66104555620883876  0.66521174242512060  0.66899967701316987
  0.67256797230859611  0.67638671434497577  0.68103905441114987  0.68610246388668483
  0.69109342785613548  0.69598809295178943  0.70070992406657406  0.70522135792364360
  0.70942627153821447  0.71316723738310150  0.71631982902589808  0.71955535832766049
  0.72314234085324192  0.72687733296735324  0.73154160644015620  0.73618168246921234
  0.74143365832509289  0.74753643145647120  0.75431023592074042  0.76153083709502190
  0.76964940115903524  0.77787337625824782  0.78672741135602553  0.79674264440986575
  0.80758196878962552  0.81862465729361333  0.82911431781572897  0.83861383374439824
  0.84805183467664580  0.85756917186506210  0.86712927109929283  0.87712877271628809
  0.88722621632608689  0.89743799684792580  0.90800997737131883  0.91913893799418700
  0.93137203411006575  0.94603982022873090  0.96650583271885937  1.00000000000000000
 -0.00242638782884630  0.00887615966311583  0.01843003464097714  0.02905763063496303
  0.03992325721014293  0.05178203168846817  0.06260484042048568  0.07332750348541586
  0.08331417865648288  0.09301705429643813  0.10340792022342123  0.11441261068368863
  0.12552124523466060  0.13675434102039757  0.14784182759780481  0.15854609738506303
  0.16909784187891796  0.18036899141102025  0.19281852900817520  0.20570149107050195
  0.21843598580447351  0.23101128560105227  0.24271286660118557  0.25454047443032363
  0.26485782824767823  0.27617318414472936  0.28653613548104484  0.29782347124209568
  0.30879387946647163  0.31918269083099032  0.32923736617225713  0.34003676786133458
  0.35148326678225689  0.36290999344012381  0.37319073691733762  0.38327325285167252
  0.39324952537356234  0.40440066243041700  0.41604995331312217  0.42883556414391893
  0.44198231293750134  0.45485558383489783  0.46543268411434219  0.47555286190297047
  0.48608917209342900  0.49657104172218042  0.50654077373347495  0.51660412361230246
  0.52712966332339206  0.53760711938225836  0.54776805195701306  0.55717858888016303
  0.56605933590826463  0.57491263289533256  0.58457556877183803  0.59578733189836841
  0.60752586911223239  0.61870238309141912  0.62956837511824404  0.64019139751114917
  0.64954746556930032  0.65785094547627521  0.66675636006801819  0.67600815456939356
  0.68511745778081190  0.69371985997635488  0.70209327661512289  0.71088912949841054
  0.72051453028211232  0.73093524935649601  0.74178973546386051  0.75232140005927484
  0.76199725719312084  0.77152450483521540  0.78145378679046107  0.79263334970299504
  0.80494844754500761  0.81757818330799659  0.82983650415499388  0.84171055624053082
  0.85345773379750922  0.86485068456664194  0.87452635859359129  0.88320482426198088
  0.89165505417188429  0.89913704954660789  0.90792163812340432  0.91684228208677121
  0.92588302128953504  0.93567096573723862  0.94575706520743030  0.95452975913723648
  0.96441003527448177  0.97598344282054161  0.98860337433032663  1.00000000000000000
 -0.00201792891421031  0.00930232639439346  0.01842204484228753  0.02797642228656185
  0.03797352339515719  0.04939738409379451  0.06230205874647581  0.07424631075571153
  0.08549809760894554  0.09634305411429743  0.10704278047077959  0.11743355959146258
  0.12717491099512251  0.13710462834929471  0.14685266522080215  0.15694310873041167
  0.16760973942565027  0.17845442806649897  0.19114036350086872  0.20374480293468641
  0.21599478110885764  0.22735983962645359  0.23843929256269375  0.24989350262525764
  0.26187702439480720  0.27388580540020430  0.28414457683571992  0.29516793525670315
  0.30662631498358212  0.31856617858501118  0.32983036596057197  0.34100614593108064
  0.35214942410886585  0.36289917504841984  0.37346784242608855  0.38394304206959645
  0.39386282177262827  0.40405652671631848  0.41512747593576710  0.42779539702693242
  0.44081797129063571  0.45290453540993841  0.46301727607818915  0.47201314553664042
  0.48095094390514143  0.49042523255284398  0.50034957260636492  0.51087582338309190
  0.52111516604339680  0.53195975617870772  0.54278640961767077  0.55318263646998711
  0.56297825714722483  0.57295211922002498  0.58213413518397195  0.59091866346950028
  0.59931696309384008  0.60842303579794188  0.61944629510208182  0.63115083711096476
  0.64241701385441441  0.65305451305171858  0.66298807568961626  0.67271042422463045
  0.68297454473732433  0.69462645164787595  0.70743196255676388  0.71979925828672153
  0.73139254556671018  0.74233392405564846  0.75346278470523087  0.76404677329508242
  0.77434350299072618  0.78499906852599433  0.79567864851316883  0.80611973345600896
  0.81660066605414461  0.82705341841960411  0.83761795882192736  0.84850379465415449
  0.85941477191817406  0.86913938794338408  0.87873255868000311  0.88821283949545193
  0.89767304247639745  0.90690674530931403  0.91666603769170718  0.92527430288723855
  0.93373158756606933  0.94175682716636999  0.95124844553832033  0.96041078131836433
  0.96913904920595817  0.97747048559056060  0.98828896548880429  1.00000000000000000
 -0.00274160874868690  0.00869545755929692  0.01825416045732518  0.02623655780926757
  0.03371087406330461  0.04185940498648544  0.04985155097554277  0.05983344760358401
  0.07073377055696949  0.08260699724348169  0.09224847508157281  0.10164109333475058
  0.11186383514637969  0.12430795707170478  0.13716145404678640  0.14817947745558399
  0.15843599313888335  0.16816793343309930  0.17813157411755415  0.18836120739621037
  0.19835729806002939  0.20904667563443843  0.22166138922485440  0.23494638639346035
  0.24720804093100254  0.25911615977398211  0.27092004903621242  0.28295074954708976
  0.29467134431722075  0.30612617674503051  0.31630603399516832  0.32579720366589082
  0.33579072206245170  0.34612262479318573  0.35608339221090429  0.36596288705668650
  0.37570660082197321  0.38582964837911349  0.39567444093487880  0.40528022190611557
  0.41568161670591985  0.42613655737865741  0.43588874709061548  0.44606809262634067
  0.45460108338516958  0.46450607743151895  0.47527192280128472  0.48621660625277274
  0.49794680384546003  0.50954265647132946  0.52106491265758081  0.53238343892560880
  0.54403077422472157  0.55630366214072491  0.56919824680345421  0.58149337666706991
  0.59356366966133167  0.60569567780689770  0.61802513565178407  0.62966927504622405
  0.64062565830565243  0.65071921005564137  0.65984645740249614  0.66892909835217806
  0.67797944341681837  0.68757602117249017  0.69777916579214938  0.70835598051859783
  0.71960386340413240  0.73093471199046323  0.74061587935092021  0.75014271257305432
  0.75960868193279862  0.76901933000344191  0.77800539325047091  0.78666733836809699
  0.79599432610901744  0.80620067543532714  0.81685494494215971  0.82781337587628401
  0.83935390048103342  0.85101488097434741  0.86231658612434692  0.87428085008973888
  0.88603315528613857  0.89867829597468207  0.91093448127541543  0.92203200789932904
  0.93181076056893020  0.94235891366097790  0.95171319833765966  0.96064971875137684
  0.96946448146589537  0.97910142097776809  0.98963880723353392  1.00000000000000000
 -0.00259477708199503  0.01006604814679049  0.02017769459928465  0.03006005501454069
  0.03966584722552408  0.04972893137456431  0.06042650186547707  0.07230534604717663
  0.08467042966865448  0.09671143932594527  0.10769124709268266  0.11885537119732051
  0.13105429426011880  0.14394944590598352  0.15687149496584898  0.16865933572685568
  0.17929700618777500  0.18984518559947203  0.20132360499588664  0.21323447256417935
  0.22410339646344402  0.23522880251171843  0.24669099644891232  0.25900612788372074
  0.27122599629096844  0.28328887800586000  0.29530917245338500  0.30703603776800886
  0.31780855231777377  0.32762027508770425  0.33626165083048504  0.34451992476689569
  0.35304962215101326  0.36222902654808659  0.37215235233327015  0.38229291512305147
  0.39250447426355078  0.40104070968288491  0.40902653620036700  0.41701377977066328
  0.42740238317168405  0.43762438646187030  0.44825817345253788  0.45841496022857819
  0.47072085006822612  0.48318266992907877  0.49565559356624933  0.50752148836345934
  0.51877144442497813  0.52966203899461251  0.53981267288167600  0.54927863909596242
  0.55871695594556736  0.56862925297604450  0.57923899507724652  0.59072915035941964
  0.60194938600675529  0.61234290568937011  0.62207889639780900  0.63147679203992213
  0.64131162004052300  0.65130073713611714  0.66049508225796982  0.67032771340306241
  0.68041603792835348  0.69052393389510525  0.70020214915896839  0.71037567960337811
  0.72102718926540899  0.73189811244480241  0.74306737344588591  0.75467197070686620
  0.76670141087588162  0.77872794388727018  0.79089915338811745  0.80335830890673832
  0.81599022259476750  0.82963032192814201  0.84247473232414283  0.85452916617480146
  0.86291496355284281  0.87059621073102156  0.87793514516596882  0.88593556087126679
  0.89447560124556058  0.90268615378965522  0.91018519927563524  0.91817761744302828
  0.92736409800181674  0.93664793657207546  0.94571092481948293  0.95422863994550677
  0.96427466528329775  0.97576495084315806  0.98728446820874216  1.00000000000000000
 -0.00278782106696156  0.01097489602876787  0.02206142017822321  0.03370520203260132
  0.04565900244906544  0.05699722307418759  0.06790962818197302  0.07837596914691421
  0.08776573385794915  0.09637152395749785  0.10549222419666242  0.11472361670109726
  0.12392830770693695  0.13313309525522807  0.14337242760037061  0.15514912888370072
  0.16714219962895227  0.17927915443008716  0.19131644168886391  0.20284300759887716
  0.21375361108916152  0.22527597823737450  0.23673969556902366  0.24932740235264345
  0.26056247326272680  0.27177377849848855  0.28272055525797546  0.29342898011874780
  0.30428629706487093  0.31463953222812208  0.32595739703043664  0.33839386823966805
  0.35130087449421743  0.36280392211848972  0.37351429138243408  0.38410419022197412
  0.39590225282523844  0.40881393588932541  0.42024937498248899  0.42913034765002872
  0.43733447098876133  0.44634661029096401  0.45652244333621750  0.46684146756442974
  0.47688038654429060  0.48752388445186839  0.49815672622589624  0.50867845343074158
  0.51916639407236742  0.52992477484454947  0.54151401391221732  0.55316086025611388
  0.56588370575526914  0.57870725266536960  0.58954635904609431  0.59886033483726520
  0.60785388431324938  0.61681374855986615  0.62650826012677086  0.63676239120364075
  0.64806365908029040  0.66162355478965429  0.67300143755982311  0.68278626331505099
  0.69211167759577874  0.70090499965472541  0.70937914487622999  0.71761918819859860
  0.72546879761685201  0.73450774647908890  0.74412253759205826  0.75437316848048919
  0.76493069316497742  0.77536665570340912  0.78514014886254024  0.79454205127083777
  0.80480510634249081  0.81455463918977034  0.82342832264316634  0.83242314827603048
  0.84226339218424295  0.85293126977288247  0.86340371816095662  0.87349721746323461
  0.88459049615141327  0.89582838070529558  0.90608087564670814  0.91567773737410840
  0.92572827426419657  0.93663554175088248  0.94699068073816639  0.95737406637866207
  0.96770756145124726  0.97825120410940669  0.98949662353531420  1.00000000000000000
 -0.00227495977506060  0.00819356455882089  0.01839363395109032  0.02845909172671857
  0.03896499256489640  0.04898163938005884  0.05877404907030201  0.06860874988889926
  0.07848344816995990  0.08835074913939157  0.09764285209729928  0.10606865190073772
  0.11422945706202534  0.12275343834896058  0.13336981310209800  0.14611812297664598
  0.15760619513735724  0.16811091535330988  0.17803967848312968  0.18737858077612232
  0.19710250144602337  0.20667966922977568  0.21772891393351504  0.22813837558566780
  0.23900678862869418  0.24931812622034333  0.25940620540761050  0.26950463953977705
  0.28130630984134286  0.29442366799553543  0.30650796132403396  0.31760547343223000
  0.32811628914174862  0.33895067324140499  0.35024506089011709  0.36042887912310151
  0.36967512817249815  0.37866502456530610  0.38784564448298470  0.39691147677558464
  0.40669835145499766  0.41705846699505961  0.42828104523071453  0.43978438901144540
  0.44993922730641145  0.46030260817458507  0.46912868196428514  0.47749065065927426
  0.48511976984517341  0.49272670298703464  0.50030764370216507  0.50950247068880761
  0.51952985701747267  0.53033872699533924  0.54188428377852571  0.55385671642666401
  0.56506593807692629  0.57566189046909011  0.58617240586663788  0.59702894064075562
  0.60788581573797462  0.61900970839754721  0.63073032221466985  0.64279700450084043
  0.65401652845052494  0.66478590878635813  0.67516420416071321  0.68510469755463765
  0.69467566317334850  0.70399595946531435  0.71298813890734269  0.72260392441292898
  0.73345643703531971  0.74582257630617599  0.75682800080298518  0.76738089072104798
  0.77781296407621214  0.78895096376442742  0.80159080311925079  0.81473763365386731
  0.82795907839477345  0.83873572046082656  0.84862345222230584  0.85859639291496248
  0.86926701232314207  0.88015078405468838  0.89045183323530208  0.90133097674368723
  0.91353701026747958  0.92646911577197111  0.94044417962214388  0.95390660555991236
  0.96658857420750399  0.97807342227264149  0.98904826832056714  1.00000000000000000
   6.9255245062111548E-029  -1.0000000000000000     
  <DiscreteSampler_grid>
  Helicity
  1 # 1 for a reference and 2 for a running grid.
  20 # Attribute 'min_bin_probing_points' of the grid.
  1 # Attribute 'grid_mode' of the grid. 1=='default',2=='initialization'
  0.0000000000000000 # Attribute 'small_contrib_threshold' of the grid.
  0.5000000000000000 # Attribute 'damping_power' of the grid.
 # binID   n_entries weight   weight_sqr   abs_weight
    1   4322   7.309578244844366E-029   1.629364448799273E-055   7.309578244844366E-029
    2   30   1.165999551376397E-031   1.039235864152236E-060   1.165999551376397E-031
    9   20   6.706838686689117E-041   1.447875512576931E-079   6.706838686689117E-041
    10   20   7.247771954574249E-044   1.994248137445817E-085   7.247771954574249E-044
    17   4932   7.613101948725845E-029   2.109158934209058E-055   7.613101948725845E-029
    18   23   1.408092987674182E-031   1.061763473863760E-060   1.408092987674182E-031
    25   20   6.747149236057403E-041   1.083217512807164E-079   6.747149236057403E-041
    26   20   6.048374289219250E-044   9.381634673027536E-086   6.048374289219250E-044
    33   4726   7.645501830438775E-029   1.648192289329215E-055   7.645501830438775E-029
    34   26   1.005540365990021E-031   5.563371977461628E-061   1.005540365990021E-031
    41   20   6.292213390580539E-041   1.378564091964697E-079   6.292213390580539E-041
    42   20   6.437212160773638E-044   1.395651378355093E-085   6.437212160773638E-044
  </DiscreteSampler_grid>
