 -0.00000006709470560  0.00000051151875348  0.00000116922861861  0.00000155975983396
  0.00000183368415354  0.00000231073648556  0.00000275190143657  0.00000324962630396
  0.00000382493147784  0.00000460854257604  0.00000560978194620  0.00000573176466360
  0.00000585374738100  0.00000597573009839  0.00000609771281579  0.00000621884125383
  0.00000633870803960  0.00000645857482538  0.00000657844161115  0.00000669830839693
  0.00000681655106979  0.00000693414451210  0.00000705173795442  0.00000716933139674
  0.00000729966424564  0.00000804116488629  0.00000880124451157  0.00000968048052996
  0.00001092831154356  0.00001218066721668  0.00001336962526732  0.00001464023685873
  0.00001604050730816  0.00001807958991998  0.00002018872152066  0.00002214863643960
  0.00002448501525398  0.00002745888099711  0.00003020012043340  0.00003164097370750
  0.00003280252825493  0.00003435829585048  0.00003625347541466  0.00003801913115049
  0.00003914389781339  0.00004062803652454  0.00004283786527934  0.00004509915130813
  0.00004712705862658  0.00004921525556054  0.00005131288504065  0.00005341734110814
  0.00005635438087875  0.00005967891205305  0.00006351490026253  0.00006910125047557
  0.00007500028400230  0.00008015136081496  0.00008463917221349  0.00009022126377289
  0.00009814443212885  0.00010932659242465  0.00011886094232145  0.00012415786479525
  0.00012840687707279  0.00013192354631440  0.00013550576804516  0.00014071187113640
  0.00014669883684327  0.00015279980726305  0.00015799688696868  0.00016421483378804
  0.00016989548041376  0.00018070607125258  0.00019558733636667  0.00020724124855914
  0.00021591187375108  0.00022523605305345  0.00023937578493968  0.00025635320402712
  0.00026702025496556  0.00027236891800454  0.00027647918852042  0.00028537408039275
  0.00031414913521598  0.00035039072654598  0.00038415151682993  0.00043038670692783
  0.00048391905433666  0.00057441447387567  0.00078953846268037  0.00105423415714501
  0.00126292829605216  0.00161598049772809  0.00377530873694112  1.00000000000000000
 -0.00000000000000203  0.00000000000000797  0.00000000000001797  0.00000000000002797
  0.00000000000003797  0.00000000000004797  0.00000000000005797  0.00000000000006797
  0.00000000000007797  0.00000000000008797  0.00000000000009797  0.00000000000010797
  0.00000000000011797  0.00000000000012797  0.00000000000013797  0.00000000000014797
  0.00000000000015797  0.00000000000016797  0.00000000000017797  0.00000000000018797
  0.00000000000019797  0.00000000000020797  0.00000000000021797  0.00000000000022797
  0.00000000000023797  0.00000000000024797  0.00000000000025797  0.00000000000026797
  0.00000000000027797  0.00000000000028797  0.00000000000029797  0.00000000000030797
  0.00000000000031797  0.00000000000032797  0.00000000000033797  0.00000000000034797
  0.00000000000035797  0.00000000000036797  0.00000000000037797  0.00000000000038797
  0.00000000000039797  0.00000000000040797  0.00000000000041797  0.00000000000042797
  0.00000000000043797  0.00000000000044797  0.00000000000045797  0.00000000000046797
  0.00000000000047797  0.00000000000048797  0.00000000000049797  0.00000000000050797
  0.00000000000051797  0.00000000000052797  0.00000000000053797  0.00000000000054797
  0.00000000000055797  0.00000000000056797  0.00000000000057797  0.00000000000058797
  0.00000000000059797  0.00000000000060797  0.00000000000061797  0.00000000000062797
  0.00000000000063797  0.00000000000064797  0.00000000000065797  0.00000000000066797
  0.00000000000067797  0.00000000000068797  0.00000000000069797  0.00000000000070797
  0.00000000000071797  0.00000000000072797  0.00000000000073797  0.00000000000074797
  0.00000000000075797  0.00000000000076797  0.00000000000077797  0.00000000000082288
  0.00000000000095116  0.00000000000108242  0.00000000000122045  0.00000000000140068
  0.00000000000170368  0.00000000000215185  0.00000000000275229  0.00000000000362096
  0.00000000000492628  0.00000000000761555  0.00000000001172349  0.00000000001709004
  0.00000000002532330  0.00000000004819692  0.00000000032767777  1.00000000000000000
 -0.00000670037771209  0.00003482347894016  0.00006475309091446  0.00009207082090271
  0.00012033452778882  0.00014419955810220  0.00016295594822737  0.00018189176014691
  0.00019544184633371  0.00020397171254780  0.00020969919333466  0.00021476869794223
  0.00022382742515217  0.00023632354619419  0.00025657784389190  0.00028590139621457
  0.00032248439288837  0.00035736246228179  0.00039741882542208  0.00040805309960410
  0.00041718239946363  0.00042631169932316  0.00043543236181165  0.00044450177783464
  0.00045357119385763  0.00046264060988062  0.00047170022977251  0.00048074036283641
  0.00048978049590031  0.00049882062896421  0.00051778330108654  0.00055645687854664
  0.00062536892457876  0.00070722530796067  0.00078897632329961  0.00088545014036114
  0.00098012818750473  0.00106600032175455  0.00112970235344660  0.00117632748373755
  0.00122361911377144  0.00128502416989075  0.00137050480849875  0.00147171516227381
  0.00158500442715268  0.00169665593799854  0.00182025419745382  0.00194106204511960
  0.00205299702897302  0.00211633134511708  0.00219247558391562  0.00226351916629648
  0.00233188221508168  0.00243240146669357  0.00259485133113331  0.00275816645846846
  0.00290194881259388  0.00305710085516511  0.00322243774574675  0.00343828997745798
  0.00375590780994006  0.00430274007406356  0.00484171332281207  0.00538600022882445
  0.00584958622146489  0.00629998772166169  0.00691632274873300  0.00755182164669731
  0.00821113977386548  0.00889481231036597  0.00948913201588665  0.01002554614365611
  0.01059025262140208  0.01149203558135467  0.01246447147569795  0.01347335379537926
  0.01465304772047591  0.01625038891411470  0.01800123249940809  0.01999687763441720
  0.02225094614774416  0.02460918265956950  0.02707486131120288  0.02977437104522405
  0.03320947514328056  0.03763912465074502  0.04479395487627968  0.05431705276507958
  0.06442916245998793  0.07504811518154311  0.08823198182416883  0.10871405026976452
  0.13949839293062211  0.17647860519677752  0.86783271341213042  1.00000000000000000
 -0.00190252909208273  0.00894420250286185  0.02182528772664206  0.03346991822459395
  0.04058791772752968  0.04732742026360598  0.05412765862423991  0.06061974486839888
  0.06752662714871169  0.06904600171713958  0.07056537628556747  0.07208475085399535
  0.07360412542242324  0.07540501203492210  0.07775898391612472  0.08011295579732734
  0.08246692767852996  0.08482089955973260  0.08765305709255237  0.09090949528136451
  0.09416593347017663  0.09742237165898876  0.10067880984780089  0.10988832291039188
  0.12079551624659259  0.13258610353178035  0.14342114336994391  0.15219145538971923
  0.16213903455346670  0.16952671027892749  0.17564074777345245  0.18208884495841002
  0.19076730054280136  0.19795558010845110  0.20665268926425326  0.21511293391006781
  0.22809297328797884  0.23782553619209490  0.24787507751469803  0.25774677081499547
  0.26703381013832533  0.27651613930580110  0.28274281032305976  0.29278358709307878
  0.30213993591317651  0.31082992257879266  0.31793511521374884  0.32848636238205109
  0.34206332843912662  0.35658966782227153  0.36921078113010142  0.37865291328431705
  0.38575267901091492  0.39322629845241808  0.40235659529388479  0.41491036684285637
  0.42758918917608757  0.44049416388243690  0.45019129456746360  0.45363412478974274
  0.45804590790477395  0.46250654045616563  0.47032755808159077  0.47678968193714044
  0.49069155710092810  0.50509040263462146  0.52013250021094648  0.53679330699157202
  0.55498420762272027  0.57369585285168889  0.59075099197649095  0.60787301276197525
  0.63089405225949891  0.65368579830475126  0.67735600431519816  0.70150629328184277
  0.72363952345427485  0.74238325957122597  0.76118616685260310  0.78120992343398632
  0.80026676172888167  0.81588146526755312  0.82584754527683946  0.83514843458054699
  0.84630481708898841  0.86412804651564346  0.88698708273399907  0.90827973750340085
  0.92504090400971517  0.94013616057443328  0.94933630147447778  0.95833998535284093
  0.96716963334166017  0.97597456810829952  0.98492073819182291  1.00000000000000000
 -0.00368343946711107  0.02310116607552651  0.03378748339328962  0.04353646681163904
  0.04645527877906828  0.04824068830978603  0.05919630618103361  0.06887182603788554
  0.08054149867677084  0.09255813208082485  0.10434562372569027  0.11794452367375105
  0.12800765561145461  0.13854440181401839  0.15044329447798249  0.16119559517983567
  0.17031585727613396  0.17886100941669586  0.18834257438048185  0.20090359544285943
  0.21209853993729139  0.22161232789341542  0.23038485843908868  0.24020568329947209
  0.25310138501273066  0.26654067454369329  0.27697622735528082  0.28642283788379391
  0.29341070692103166  0.29760941340067182  0.30156335676436707  0.30631552147236796
  0.30912171128729049  0.31133169627564433  0.31462379983945832  0.31941054022813492
  0.33036675235397184  0.33880776767958110  0.34701173584560907  0.35510437724353217
  0.36360409218882112  0.37207841078430809  0.38127833208747930  0.39290261060113801
  0.40378862986169733  0.41487506398664059  0.43169770632880300  0.45138849993401059
  0.46994727220621096  0.48743286978226913  0.49993909037209450  0.51203290716109107
  0.52399581503935011  0.53799977782613684  0.54939701194174728  0.56204345611524842
  0.57728884132091218  0.59470937620862430  0.60374794489656347  0.61120013677124840
  0.61746100970997109  0.62239870971013789  0.62774939014962328  0.63312608888930166
  0.63824301887843893  0.64785037614275298  0.65826035178056785  0.66584044891235628
  0.67268271479257424  0.67999174843863219  0.68942738653072166  0.70301159887096132
  0.72662126604639743  0.75759273920153647  0.78274179007246403  0.78899708716026906
  0.79281197962497330  0.79662687208967753  0.80044176455438165  0.80425665701908589
  0.80779693079875758  0.81133444503877550  0.81487195927879352  0.81840947351881144
  0.82194695908927262  0.82548399861618804  0.82902103814310357  0.83255807767001910
  0.83609511719693452  0.84102135944192480  0.85829650679008096  0.87433105294827274
  0.89349498273281913  0.91743341565718128  0.94602009231014705  1.00000000000000000
 -0.00619038232910120  0.01820070052364837  0.03714166155113563  0.05331321935533938
  0.06771054350147833  0.08100440772333425  0.09334918232093685  0.10439708633494156
  0.11404436713692086  0.12321767971321165  0.13355837334486995  0.14371065059431021
  0.15509032518706148  0.16804788582219060  0.18423787451433898  0.20143206356244592
  0.21448805050472985  0.22734075084234104  0.23800798029400885  0.25147904397457171
  0.26710441504214849  0.27659610102642984  0.28738714962666206  0.29398698415854407
  0.30081515949283671  0.30648273756787120  0.31392027797189392  0.32112399965488780
  0.33058918594866654  0.34281612963804031  0.35587001832559562  0.36790260556840354
  0.37734107219739699  0.38827428009610115  0.40349394180654657  0.41562099197510144
  0.42428479322960738  0.43059634750072828  0.43871629214070401  0.44979545722572106
  0.46660524599221670  0.47722138461669289  0.49044413808564780  0.50615728283692907
  0.52464284105248082  0.54967602885895572  0.56868691178547415  0.58048744170151501
  0.58624559841315838  0.59139250168268842  0.59906388829130974  0.61068874082633207
  0.61946020725322926  0.62511402574582675  0.63340428943446847  0.65182096053702343
  0.67959872126418897  0.70110565111066470  0.72502726296849740  0.74588941787538932
  0.76292840184973099  0.76994282398039193  0.77628962141765179  0.78270056894283424
  0.79005543890222840  0.79552568832683690  0.80247305442507777  0.81259220844881375
  0.81650943264756648  0.81870071569500391  0.82089199874244134  0.82308328178987866
  0.82527566223527393  0.82755135400374480  0.82982704577221555  0.83210273754068642
  0.83437842930915729  0.83691629310182603  0.84031774967979223  0.84371920625775843
  0.84712066283572474  0.85052211941369094  0.86239723583573713  0.87780073333806152
  0.89033978920832058  0.90149839724855296  0.91124185309890937  0.92251866588104769
  0.93127070163470305  0.94195104134722951  0.95379074983781098  0.96013200092001449
  0.96785212640736173  0.97567639406242623  0.98346111115611778  1.00000000000000000
  0.00029037990851564  0.00032266259706610  0.00035581412441485  0.00038953185363779
  0.00041471172256486  0.00043016843163061  0.00044225613827126  0.00045272117611493
  0.00046345020193348  0.00047479657977028  0.00048971909212350  0.00050931528400871
  0.00052027535462532  0.00052854087766410  0.00053668277107773  0.00054412798458431
  0.00055673912870987  0.00057020240596233  0.00058677396512706  0.00060975695287463
  0.00063479824639209  0.00065736026976369  0.00066146163282596  0.00066556299588823
  0.00066966435895050  0.00067376572201277  0.00067808810391744  0.00068326671588766
  0.00068844532785789  0.00069362393982811  0.00069880255179834  0.00070539071516359
  0.00071519600409726  0.00072500129303093  0.00073480658196460  0.00074461187089827
  0.00077236552720216  0.00082664404277090  0.00088168151927045  0.00092944580571348
  0.00097326309315075  0.00102109083398716  0.00107325100598946  0.00118061352849694
  0.00127377591759018  0.00136153591430509  0.00141416447866657  0.00145645380569173
  0.00149425533381293  0.00153688408035053  0.00158134032569769  0.00163389936266000
  0.00168798775669649  0.00171758911261053  0.00174443548260130  0.00177417667460344
  0.00180873468942478  0.00188618680762610  0.00198341638617004  0.00208706968854566
  0.00219171751791814  0.00229256442589902  0.00235605982165177  0.00240453739342842
  0.00245743414700435  0.00251188164046453  0.00257359919658270  0.00272078691595969
  0.00288618108965001  0.00301415370346682  0.00316386842800955  0.00332911013617901
  0.00353273329572035  0.00377878322190906  0.00411631275142116  0.00452812561082813
  0.00501545657453076  0.00569661524476415  0.00661585547626938  0.00753533626483976
  0.00826381878215012  0.00909777284923839  0.00993225608033146  0.01110920848851942
  0.01261567721328367  0.01430959328939525  0.01616304816981218  0.01800668170844329
  0.02139588241233498  0.02520224974813614  0.02996529272064988  0.03693553899483547
  0.05189994709565553  0.07959840679895551  0.15108890973458106  1.00000000000000000
 -0.00346406721749897  0.01704335274106890  0.03218804297377939  0.04418085448839227
  0.05561998004903211  0.06763943934319717  0.07929778466246884  0.08486150082185133
  0.08817734705475519  0.08984964095585418  0.09146376406675509  0.09332751409678727
  0.09558000832100763  0.09897095804356751  0.10570885070740343  0.10894415592237076
  0.11382603245006548  0.12563269470836380  0.13541137529303485  0.14322983677282966
  0.15249005688988662  0.16470307633935335  0.18130198264325109  0.20080041664911441
  0.21726528529299408  0.22585689795831659  0.23580416430800696  0.24699999518694829
  0.25553494214289052  0.26918438352122909  0.28101885163639240  0.29252928046599830
  0.30549532570115828  0.32465097377480268  0.35363466911768160  0.37717607406271808
  0.39330519281640786  0.40452064835810353  0.41487661114634772  0.42353791144393749
  0.42889765972865346  0.43863946196508991  0.44692516192143428  0.45462123679991723
  0.46390350714078837  0.47434905461962718  0.48779352673764820  0.50806153682276978
  0.52468209746457195  0.54542210107457079  0.57422201562833952  0.61026731471422102
  0.64120664722418852  0.66013894136863727  0.67485258157072459  0.68570241004776622
  0.69575591801701309  0.71190876209291243  0.73461993190103314  0.75568406986463088
  0.77027495740970620  0.78298300838086965  0.79378024123998980  0.80238241667410748
  0.81177680661569418  0.82465196564904053  0.84171280169602269  0.85749865156813498
  0.86864289267647410  0.87639801120963168  0.88320255582740748  0.88874984366196341
  0.89355918681634339  0.89510139085237839  0.89664359488841350  0.89818579892444861
  0.89972800296048361  0.90151416733750278  0.90449347072639452  0.90747277411528615
  0.91045207750417778  0.91343138089306952  0.91582029199359904  0.91708674310593141
  0.91835319421826378  0.91961964533059615  0.92088609644292863  0.92374099681974009
  0.92788936008538592  0.93325699554712216  0.93842318370022570  0.95336334539197298
  0.96421403361942071  0.97328001747227033  0.98345116881378281  1.00000000000000000
   1.2522665011898467E-002  -1.0000000000000000     
 T T T F F F T T T F F F T F F F F F T T T F F F T T T F F F T T T F F F T T T F F F T T T F F F T T T F F F F T F F F F T F F F F F F F F F F F T T T F F F T T T F F F T T T F F F T T T F F F T T T F F F T T T F F F T T T F F F T T T F F F T T T F F F T T T F F F T T T F F F T T T F F F
