  0.00006014728900182  0.00020161073080327  0.00030159233376318  0.00042384589613514
  0.00056860071973578  0.00075914872980689  0.00100017304275775  0.00124176606396280
  0.00152195475669653  0.00182977598151245  0.00217538474445641  0.00258350020443962
  0.00297833688622035  0.00335583838760391  0.00374600837980996  0.00427312051870925
  0.00489575902485785  0.00550116728946680  0.00613534404610059  0.00674022675987511
  0.00729311259583255  0.00789657977054198  0.00863805115061283  0.00946743022642314
  0.01028238804349850  0.01105200553413819  0.01195307215387805  0.01298742537593968
  0.01409531683478791  0.01527302981157770  0.01638415426375448  0.01739111285090397
  0.01834267027307980  0.01930724042839507  0.02042047293984744  0.02154859900014222
  0.02245399907305110  0.02327828749932680  0.02422549728181592  0.02525062372618956
  0.02661199042705715  0.02814264497536029  0.02967654732964998  0.03117864997513298
  0.03271975606216247  0.03432438141411374  0.03599942047730043  0.03768885806992942
  0.03932746722864858  0.04088819034930521  0.04253747346192076  0.04435494585337559
  0.04697103526536258  0.04880846451074891  0.05049755870255711  0.05213706631727807
  0.05377248345567071  0.05514541545580379  0.05704560902754503  0.05946049000116905
  0.06202693765361540  0.06469780828440397  0.06754929397882714  0.07045990902056701
  0.07359335809721962  0.07741421202915576  0.07976686282612847  0.08185211097381244
  0.08385882162928011  0.08583407894272818  0.08770297074423948  0.09051954278097622
  0.09447745709250151  0.09867410051709573  0.10311706060129364  0.10748442661576542
  0.11150216771997959  0.11540266699891912  0.11988743239995729  0.12492327246478543
  0.13090297236966003  0.13506861282503824  0.13964276291730576  0.14573525589364619
  0.15351347671426033  0.16345136270633029  0.17737154182832138  0.19398895573478997
  0.21068107133025252  0.22672555297231928  0.24722127687883308  0.27421181581630527
  0.30246558934993761  0.33819520328729596  0.44130623109503919  1.00000000000000000
  0.00002359824483592  0.00039806828510968  0.00052913377139976  0.00058056279946925
  0.00062178403349526  0.00065913260723061  0.00068669961983927  0.00072264182409575
  0.00076842074257464  0.00082759290140344  0.00090408933950367  0.00102072370089770
  0.00112349897143071  0.00122482469939375  0.00133806675785649  0.00150040254726434
  0.00166335753649506  0.00181659697014298  0.00197731951859021  0.00214624284983736
  0.00234594715364136  0.00252848946459289  0.00274586811808793  0.00305468277048021
  0.00347938597338799  0.00384736203069667  0.00418889517185100  0.00453385059176526
  0.00486930827013502  0.00531613297321705  0.00583673629266651  0.00658115692550739
  0.00732249415347793  0.00801558866991494  0.00858772989179398  0.00935556212926399
  0.01027172425373287  0.01113366865945928  0.01209441006876234  0.01290271480475818
  0.01431117569223449  0.01584913421959191  0.01837987445897283  0.02037279349505926
  0.02186060902476121  0.02327549227289272  0.02564770998839517  0.02907303734796067
  0.03281200700061018  0.03633040397696800  0.04045013872403461  0.04419746987072598
  0.04829176429783798  0.05298653621807144  0.05803632397378773  0.06658267129078639
  0.07278833838484448  0.07953433900201336  0.08730008777718913  0.09549253973789576
  0.10511879564796466  0.11520805295690542  0.12547566965355891  0.13917183448726100
  0.15749685152542386  0.17937016311134796  0.20298082588698807  0.22713143798847601
  0.24878826619516758  0.26586518390986080  0.28300647970646581  0.29948189147900650
  0.31584867570623182  0.33266490011171462  0.35011351616802144  0.36848325095796103
  0.38862758731484048  0.41441253309219261  0.44524796238888603  0.47745348094611750
  0.50666266026788176  0.53304413223755265  0.55941319145868207  0.58630800553091933
  0.61756372103201940  0.65155568182210932  0.69185430639763512  0.72899572047545058
  0.76391565732774958  0.79889876767954482  0.83176053651627480  0.86198724428450757
  0.89490870246600485  0.92577889167255678  0.96274178166833035  1.00000000000000000
 -0.00012947506668085  0.00029763014900655  0.00104656338698443  0.00213965794004660
  0.00354006327690874  0.00523929454917690  0.00672033872753669  0.00785925415981914
  0.00902194348694171  0.01019624276502775  0.01121854021763000  0.01222257854977763
  0.01354413019784282  0.01460050756023876  0.01571644175731113  0.01699380846800985
  0.01911875691038743  0.02151854381488580  0.02431282266475125  0.02720436161645002
  0.03032235410110951  0.03437087243522016  0.03985617559447462  0.04587107162389906
  0.05236504268020573  0.05837818356400380  0.06462969653922766  0.07240723872680913
  0.08081463577325627  0.09005243577292332  0.09957042970141367  0.10928199012650049
  0.12029539654523416  0.13360204870002648  0.14843185459419184  0.16362878915590584
  0.17881029411812535  0.19399139347671593  0.21049458021709308  0.22655165940885588
  0.24089735458200937  0.25456057019967271  0.26817039390694641  0.28263218861860090
  0.29811465721012376  0.31425080592156474  0.33157960751714249  0.34770746604381048
  0.36160318591046564  0.37576015345235259  0.39299069090725930  0.40602851140901614
  0.41637408859042113  0.42932235840209887  0.44633337703162962  0.46273587519772436
  0.47692096942416323  0.49168233518054033  0.50768045838773623  0.52537431589102546
  0.54132378855891272  0.55567882053217177  0.57083288033416979  0.58714884491626784
  0.60509481153815392  0.62188720331060654  0.63697121016106284  0.65214935668396756
  0.66890597500934956  0.68449333843692239  0.69882985439809231  0.71374206582604305
  0.72988121953406049  0.74465855241521972  0.75782282369795140  0.77002214667108382
  0.78124898258578435  0.79260799003171434  0.80427265410310356  0.81568101545376703
  0.82715635801433929  0.83913427803790763  0.85184533531780338  0.86440081681324821
  0.87694075805726068  0.88779441416338623  0.89933501154627238  0.91128181834267741
  0.92338706630263734  0.93499280541579155  0.94561234520013526  0.95668793212744596
  0.96738715746149073  0.97805051031427548  0.98842685985918066  1.00000000000000000
 -0.00260890520002724  0.01095971912454562  0.02280729252809518  0.03258312421422641
  0.04312884326477186  0.05500250773071236  0.06698162466134250  0.07752514521053677
  0.08816915656669184  0.10055184610503624  0.11413366371902986  0.12638654564871651
  0.13719659981473872  0.14623196169100611  0.15324723312131583  0.16039330081778272
  0.16856481220910868  0.17810552847565853  0.18825837139592530  0.19717842387594409
  0.20597441044751108  0.21581259650603379  0.22672023619788370  0.23710630362602952
  0.24876432489149228  0.26072065470524863  0.27298062376772703  0.28550830652293191
  0.29847419588502860  0.31160788121648997  0.32363445964074389  0.33493708597387090
  0.34697193020645573  0.36032685322401786  0.37280100626102763  0.38387845048976121
  0.39476515114972044  0.40453789162431758  0.41536823323645744  0.42803494774298079
  0.44079937180999618  0.45251068377725817  0.46342855387711368  0.47421286601103696
  0.48484715546872126  0.49510012072482068  0.50158086405661750  0.50874148488212989
  0.51696650359249130  0.52795173077296176  0.53830491638206768  0.54784989704189813
  0.55628770484838397  0.56615136605897720  0.57604183868635139  0.58511022210267927
  0.59541571818684846  0.60699892203640793  0.62023417339321085  0.63457297267041712
  0.64845346548960336  0.66184005795534362  0.67378535341722912  0.68337637367420234
  0.69067230712650762  0.69647868908843913  0.70268038356426454  0.71033377958255350
  0.72064151175316027  0.73191022335518485  0.74230389773302985  0.74941280420760747
  0.75636584658690798  0.76311231157013792  0.76972708750593677  0.77623647821884856
  0.78568559119639547  0.79467357428268892  0.80276946646558034  0.81112156518290024
  0.82034395967056339  0.83055353618371897  0.84124056128222646  0.85281102571177292
  0.86541493448008056  0.87880272917741242  0.89282177656484318  0.90481707577037673
  0.91793008709315416  0.93107659012590727  0.94521405546270831  0.95858656747726201
  0.97030469984512391  0.97982012158640719  0.98990289894799210  1.00000000000000000
 -0.02561316684682563  0.14494926177026282  0.23761453378561478  0.30537504456888481
  0.34303618067210551  0.37925266454408718  0.42030725565032412  0.45159583838124123
  0.47538576467129640  0.49084703464908414  0.50602525839453416  0.51791285068602677
  0.52800201212366527  0.54020982601076495  0.55327302902338582  0.56740770818314223
  0.58166098011830392  0.59462072606094729  0.60668727740157580  0.61690937869480744
  0.62834281787949564  0.64103733408858177  0.65683037243144382  0.67255395055486433
  0.68629334188238678  0.69640800118827351  0.70563949791784530  0.71480723797323908
  0.72327547294334749  0.73182500727328725  0.74014391133186408  0.74882073577821240
  0.75761525702026100  0.76677560166870873  0.77425673451952060  0.78075953127978093
  0.78681771790743327  0.79262670380973499  0.79908287723310889  0.80449234039824158
  0.80927508697067563  0.81464549878190218  0.81989804973880975  0.82640489745323509
  0.83395087789028832  0.84184754492075387  0.84968229666541073  0.85695642082782875
  0.86414788021363087  0.86976147722965413  0.87558783108107374  0.88169613461245100
  0.88740196274764560  0.89220786812174546  0.89643049734983815  0.90052225042762357
  0.90482038815534571  0.90889023188715756  0.91315633608564128  0.91766227202664130
  0.92225840022366390  0.92700457544267456  0.93174144124321345  0.93613254221433140
  0.93985773460420929  0.94295677477847839  0.94584184247692038  0.94856147215088948
  0.95095229138664350  0.95327611070139795  0.95566824198579114  0.95823660248243692
  0.96100355591804321  0.96362873893239620  0.96614711275496323  0.96830540885914396
  0.97041159191865167  0.97241850603984681  0.97439840570998237  0.97609889712439524
  0.97790076939046255  0.97955607075557904  0.98142995718124293  0.98334762767056194
  0.98531836446415810  0.98725953502534713  0.98900885343715927  0.99051543087268779
  0.99188070364206637  0.99318148881173629  0.99446419997142843  0.99568761474152645
  0.99679824687574115  0.99786566299573243  0.99894326647677001  1.00000000000000000
 -0.00175468579298638  0.00899499938450212  0.01935840334471745  0.02891614062321914
  0.04026324415198688  0.05284230673904855  0.06588692963970622  0.07651314049041080
  0.08654454629118288  0.09694884183264683  0.10695293182971850  0.11691804918483155
  0.12690469070425076  0.13659166820734642  0.14517010322776269  0.15318771860968222
  0.16114141571521584  0.17049666697856894  0.18198051580578350  0.19316767577545865
  0.20205716584491154  0.20903306733863594  0.21584761848162184  0.22372330194055454
  0.23511343957305797  0.25025212445434214  0.26466813879593815  0.27912276297245808
  0.29257404533526521  0.30473056222266531  0.31661791074456686  0.32776216994398444
  0.33781251445877264  0.34669103104012045  0.35543712324924143  0.36475685178964651
  0.37565510184029188  0.38695961798089284  0.39890074870467640  0.41026408215356369
  0.42173081617238228  0.43272998454778083  0.44402730538050367  0.45632523058080138
  0.46937758137096253  0.48269226092116330  0.49632970922703751  0.50737264934195236
  0.51482995288015798  0.52370739101641395  0.53138781090398168  0.53961013556864923
  0.54892080478344163  0.56041678337571288  0.57374126395554537  0.58729198777258185
  0.60034929992601505  0.61110094447159835  0.61995993095783652  0.62751012770398629
  0.63536190029569761  0.64434635585015176  0.65494735554405659  0.66502334619261239
  0.67453120148736490  0.68445983970537194  0.69565721062245156  0.70459539102063851
  0.71224717347165134  0.72049521659445315  0.72865669869652638  0.73652357881269404
  0.74693391811574528  0.75948641464118816  0.76981906918321996  0.77814366996148499
  0.78652632985334270  0.79618826890860595  0.80694125635023062  0.81705313217452225
  0.82777098172986030  0.84012262050974251  0.85271302722481745  0.86566396884479602
  0.87752721712238946  0.88785992160899396  0.89744035293811653  0.90634746510084818
  0.91376742652219667  0.92085086930842919  0.92946936322666263  0.94132351044092100
  0.95674500288245024  0.97033829447805053  0.98416944697550079  1.00000000000000000
 -0.00063779113237208  0.00148191374167633  0.00321572659865885  0.00502592492609049
  0.00717726164604581  0.00933613777897402  0.01151600729227015  0.01401534039981745
  0.01742860081099250  0.02109968530483422  0.02511415462209687  0.02936900708695492
  0.03357361294730674  0.03748935321970035  0.04144260792932081  0.04548941632354328
  0.04945730499843777  0.05384220838556106  0.05856582001644028  0.06378307139738730
  0.06968637494236600  0.07599221824586515  0.08219330461087160  0.08849608141562075
  0.09518556826250041  0.10246503481104095  0.11021996476943333  0.11830847530386607
  0.12599004722246818  0.13316572420671000  0.14036061005828188  0.14767622297146746
  0.15498102975019343  0.16201828307326419  0.16856713386273817  0.17502345724435020
  0.18086209352171703  0.18687823938281681  0.19351368010084566  0.20028432073148594
  0.20831318324125447  0.21715022231508316  0.22450608931584037  0.23235744203866063
  0.24085014157253892  0.24977866745863736  0.25932987004111435  0.27065080706308364
  0.28191791496841079  0.29202866177751768  0.30045547642129944  0.30859106120577595
  0.31775667709304728  0.32941740534940966  0.34305776847160468  0.35746475810133366
  0.37230937888551813  0.38604124932975586  0.39932798253702001  0.41338975774273928
  0.42862162516853786  0.44401981080204178  0.45826511501670758  0.47455769110604090
  0.49087103654975794  0.50722094021424602  0.52503787225136578  0.54334773784323409
  0.56065768430307172  0.57483149242035103  0.58981280832081795  0.60618895653830651
  0.62351611174127208  0.64130133371267872  0.65881604376125136  0.67669458388495607
  0.69687824491305450  0.72096488541614479  0.74636715649107854  0.76549579108822596
  0.78527627945754441  0.80538533341460106  0.82424441823418970  0.83903171892311867
  0.85337579242175021  0.86664054484326780  0.88446805393393735  0.90399161908974757
  0.91823699286437821  0.93316190434875046  0.95061570083123759  0.96634113559141099
  0.98057791371146563  0.98951168895356811  0.99520508536490548  1.00000000000000000
 -0.00267702303465674  0.01076199224997332  0.02190262745884550  0.03236733015564698
  0.04319931192715375  0.05531841382181867  0.06790353531364987  0.07894569852767824
  0.08783060053016495  0.09575990253443570  0.10525460138607866  0.11590728381975138
  0.12578449955788923  0.13829957364818773  0.15039612559621279  0.16430311782415152
  0.18094411438307226  0.19673105327889029  0.20952767852832491  0.22029749190009107
  0.22997975757809402  0.24048847675685908  0.25055718975445829  0.26017264964939046
  0.26954174817725934  0.27623311365815245  0.28400337210691096  0.29263557660318290
  0.30187448877959799  0.31256996973176016  0.32466170779413295  0.33717802053456458
  0.34988774050981564  0.36250473906361019  0.37528495677229562  0.38539599936094537
  0.39382077942083105  0.40185443771765955  0.40722853092542061  0.41071949560245857
  0.41586931660497162  0.42145096600953996  0.42770677437814253  0.43781178553830180
  0.44975852154775198  0.46170648311055995  0.47181286257515082  0.48055565384317306
  0.48930251814490783  0.49938930440621698  0.50988282656487494  0.51975002953180283
  0.52889941908928073  0.53897347324010614  0.55040133192706320  0.56220987966022673
  0.57413711690660885  0.58688640486242127  0.59993946562305511  0.61263627955627808
  0.62440683336670189  0.63461275706501385  0.64314579562384011  0.65180182966527722
  0.66070766693093885  0.67095337842889713  0.68435412345920210  0.69481069705170495
  0.70624115144212996  0.71829053820565980  0.73106007417160135  0.74357124768993754
  0.75732450065957713  0.77135528992450608  0.78058979593427236  0.78943920191744976
  0.79860097807725816  0.80994706653518567  0.82175928912341412  0.83283570324958145
  0.84404435912400844  0.85610414674652280  0.87010797498379910  0.88240629997459963
  0.89213415927839901  0.90173252940923410  0.91110562984697419  0.92241823437087611
  0.93605187947566448  0.94881372289998778  0.95572423193190470  0.96293134243538570
  0.97058216756043181  0.97801021465612892  0.98758166607218467  1.00000000000000000
   6.9173082865830593E-012  -1.0000000000000000     
 T T T F F F T T T F F F T T T F F F T T T F F F T T T F F F T T F F F F T T T F F F T T T F F F T T T F F F F F F F F F F T F F F F F F F F F F T T T F F F T T T F F F T T T F F F T T T F F F T T T F F F T T T F F F T T T F F F T T T F F F T T T F F F T T T F F F T T T F F F T T T F F F
