  0.00475893257815713  0.00515043283047087  0.00564554889824638  0.00626071401383721
  0.00705712402433734  0.00789117119066284  0.00875928083099610  0.00993435141954189
  0.01125763983681457  0.01276809564071021  0.01439359473815763  0.01620441229505515
  0.01839303273573226  0.02144247214722216  0.02488328243773771  0.02847692398863057
  0.03232873549130717  0.03646293172176142  0.04072898711620963  0.04505694620221706
  0.04960522480449395  0.05447345006983890  0.05958228775780151  0.06451753686320440
  0.07035942959339878  0.07650647149785807  0.08398165732154007  0.09128093489124968
  0.09884040675926722  0.10668992428248535  0.11496842761557625  0.12383890442129503
  0.13294528851040235  0.14209027076665345  0.15081941363548124  0.15981538916521520
  0.16997787767525568  0.18161877234770588  0.19434440343094037  0.20675566786900310
  0.21683837999000186  0.22556912276853716  0.23408796349155478  0.24182513586678783
  0.25108926386878028  0.26359895263922489  0.27583112640170626  0.28768821747499274
  0.29901981948115403  0.31024130619051232  0.32225504825563933  0.33522046681074030
  0.34913593107170460  0.36384224669062043  0.37639216917294055  0.38615512271100122
  0.39614969877782086  0.40758275313163461  0.41914281675114812  0.43020624270365088
  0.44342009258533654  0.45741905548695694  0.46900377957676664  0.47934831170873571
  0.48899193922555928  0.49858301123551974  0.50818353499881252  0.52132277314169051
  0.53472294519921659  0.54710939654399149  0.55869143276388777  0.57033865667602557
  0.58271623434773301  0.59454708925025057  0.60548865942430097  0.61720147450627494
  0.62954479176183964  0.64393764465902814  0.65941170864628706  0.67589772422485850
  0.69392935551539681  0.71168183614204439  0.72825468008472150  0.74335967281845516
  0.75651922394650606  0.76945302684486783  0.78276751233539366  0.79676588534712578
  0.81168350365024489  0.83312513580489367  0.85117114065414667  0.86953938738540748
  0.88991337068877963  0.91277397734727039  0.93863799206391418  1.00000000000000000
  0.00001436880282821  0.00001971484391239  0.00002248513384600  0.00002339942218044
  0.00002413433421822  0.00002479266543607  0.00002533652048156  0.00002596111374493
  0.00002641993781853  0.00002684040203857  0.00002737196376071  0.00002797678990824
  0.00002855954797551  0.00002916310542598  0.00002975399847579  0.00003032995237403
  0.00003091131121666  0.00003143570433479  0.00003191433740964  0.00003238050521221
  0.00003285886985805  0.00003338267322281  0.00003397322730147  0.00003471269639233
  0.00003556102661848  0.00003648329146499  0.00003753139583869  0.00003879309350708
  0.00004029798555432  0.00004191982652331  0.00004348368971992  0.00004501543010124
  0.00004631540055609  0.00004742114784784  0.00004838673379942  0.00004923399886699
  0.00005007021732211  0.00005080746703154  0.00005143781779509  0.00005198836351827
  0.00005247976118799  0.00005289829919618  0.00005328319558770  0.00005365349478133
  0.00005403798319522  0.00005439441063429  0.00005475846458741  0.00005511658416280
  0.00005549607579992  0.00005590810701269  0.00005632208286051  0.00005674574299271
  0.00005718258723853  0.00005757422358401  0.00005791627031694  0.00005825119174130
  0.00005857693202267  0.00005893552509097  0.00005926322138814  0.00005956982364797
  0.00005987715564539  0.00006018178913903  0.00006050744741302  0.00006085939366434
  0.00006118146154010  0.00006151682381410  0.00006176751928155  0.00006202643883208
  0.00006229818027377  0.00006254396602220  0.00006279538432189  0.00006305388189826
  0.00006329377114937  0.00006351771050682  0.00006371683796132  0.00006387598101053
  0.00006403761728576  0.00006420624937070  0.00006439788913936  0.00006458387682125
  0.00006474340596827  0.00006501441374463  0.00006533610648149  0.00006559759226526
  0.00006579003577898  0.00006598439295539  0.00006619653500609  0.00006641122554110
  0.00006664527631296  0.00006695624663283  0.00006726535013316  0.00006774843058634
  0.00006840578190082  0.00006886792572315  0.00007149803377643  1.00000000000000000
 -0.00778862203933347  0.03831475193881989  0.06493406097466978  0.09006970663221985
  0.11462589652859112  0.13712130482212290  0.15581598577105898  0.17430587999870989
  0.19152989606394732  0.20880337104459279  0.22454217171924309  0.23990572782139907
  0.25703919393280078  0.27693302229958172  0.29334158603282745  0.30689150336623217
  0.31819467236380305  0.32970371801351933  0.34177439658486197  0.35409306337470769
  0.36628637923516183  0.37875048507353304  0.39194681935023812  0.40566912404509581
  0.41998927497056682  0.43308080904230101  0.44587490948725150  0.45963519852861046
  0.47130672576801236  0.48264780104393640  0.49414344541699962  0.50529214482027907
  0.51576951736258414  0.52564746074663549  0.53519288810469690  0.54487695255117763
  0.55463602805168122  0.56485253380776734  0.57647150520949220  0.58715216812024207
  0.59712387962206814  0.60494363052019307  0.61305627724115230  0.62180529563566911
  0.63004650676393759  0.63829817732764960  0.64671777904829486  0.65500656678593983
  0.66297642528430289  0.67111728480264288  0.67969491459364817  0.68724597778996943
  0.69358694566539791  0.70047168466562082  0.70769077954741666  0.71486824029422613
  0.72157095138178995  0.72793504599240821  0.73518464250092852  0.74275848053649152
  0.75109304914378527  0.75975129991872026  0.76853609176238225  0.77754862702506755
  0.78691710171977214  0.79707334448431855  0.80735833888082720  0.81733515509683385
  0.82684218428426037  0.83580795580339506  0.84394440789406588  0.85087473196269514
  0.85727122706529058  0.86377283736742627  0.87026507677247067  0.87735375506521518
  0.88526725785164984  0.89349262311810240  0.90133455364632442  0.90868633515642028
  0.91597792876305517  0.92270988094982775  0.92891325753722753  0.93553813049122692
  0.94247288942195295  0.95011058381603619  0.95597446939910269  0.96194040307470774
  0.96720988669715091  0.97211707242125767  0.97716541662433698  0.98198467370627263
  0.98650953109506589  0.99092533384328152  0.99538601926984349  1.00000000000000000
 -0.00361749236666222  0.01061537148727415  0.02503136448364093  0.03995559338138076
  0.05301358121887161  0.06306973638313465  0.07206872691163102  0.08247734111437946
  0.09598250040504420  0.10603705326934690  0.11365758427934734  0.12120716318531777
  0.12934454074468443  0.13774292781114053  0.14615574254639496  0.15453160567520094
  0.16310823269554356  0.17313397313440151  0.18444246952902008  0.19458369569177417
  0.20295316098968666  0.21080936150091606  0.21935269474239011  0.23010140914193392
  0.24172676797305384  0.25368283124207469  0.26376105514866560  0.27355486268156881
  0.28332613872875106  0.29292218595417113  0.30371233497505712  0.31538413349620847
  0.32726786606892755  0.33900374511408371  0.35077317771493771  0.36270130042900089
  0.37315831088446488  0.38382851043929062  0.39353740189691455  0.40448087553093620
  0.41760230485927641  0.42785930785467297  0.43551229311776174  0.44367254755976787
  0.45175543297167275  0.46149383416135620  0.47306104943862637  0.48474901130935677
  0.49637706278319443  0.50848918946334276  0.52152844618677419  0.53549978491419870
  0.54941211713879157  0.56268181934264683  0.57578799990099006  0.58735271747379314
  0.59791146751706192  0.60871113269089805  0.61872440108157867  0.62804012407686904
  0.63788806890042460  0.64871715080796388  0.65979914770761716  0.67110652341671329
  0.68225393108130250  0.69189166463912644  0.70036834605855702  0.70910986500691098
  0.71842144864459256  0.72800397570010922  0.73810981420139832  0.74905275784863212
  0.76061129999845212  0.77210131037151064  0.78279262806934913  0.79312649762220977
  0.80428745294096482  0.81579039198164960  0.82651748297938998  0.83718078473213220
  0.84806231256058051  0.85796873351547809  0.86625575524597742  0.87451423251879068
  0.88423872415166815  0.89439263735245489  0.90407045667347119  0.91368163519296641
  0.92430263342165719  0.93583381523476172  0.94744797939539604  0.95841325591010251
  0.96847057295246963  0.97822769819725031  0.98884408458609019  1.00000000000000000
 -0.00258413650507874  0.01194521890287539  0.02256241596360581  0.03284662576261608
  0.04256004998495710  0.05162266993944462  0.06067752855019030  0.06969125104006779
  0.08021142915668540  0.09054165050973326  0.09997418529519614  0.11016501299201843
  0.12387475537781431  0.14005729620712490  0.15414752170157361  0.16704150882288876
  0.18061590418947723  0.19464974703137936  0.20771299283592734  0.22027239749530361
  0.23210048858345411  0.24355040562301350  0.25591551815638569  0.26961922716153902
  0.28476207330186415  0.29921721492852443  0.31229448055073983  0.32466651680218400
  0.33660306273326196  0.34791068192982622  0.35837285284371251  0.36911213749324945
  0.38086010118354469  0.39341030286929923  0.40640872680098866  0.41959855715286082
  0.43193393493853305  0.44408481334937533  0.45643737500280035  0.46875440629041026
  0.48145113681710788  0.49341472964224353  0.50448679832510845  0.51567610599056812
  0.52797549940786503  0.54161184049847455  0.55502430453990570  0.56792601189463787
  0.57995089570048208  0.59090573686625303  0.60082748160175792  0.61071928457125524
  0.62115762147422748  0.63228461945787007  0.64287448961289917  0.65263368516505338
  0.66227281970786955  0.67306996467771352  0.68464987977415703  0.69796220982871382
  0.70807945462310806  0.71706809433598828  0.72559663727009449  0.73439082320456073
  0.74440424350931567  0.75690746330054326  0.76954910298378654  0.78052425256426516
  0.79062214739438874  0.79976597017719986  0.80855234709062818  0.81658397051662446
  0.82508087012836739  0.83480018190151584  0.84546622393862048  0.85326129319105426
  0.86117023772453127  0.86894690227323990  0.87790907742113466  0.88818112875895439
  0.89785333251981436  0.90617604159489307  0.91395488637384792  0.92125933071539656
  0.92854188946952798  0.93588275249092834  0.94253110223046810  0.94861155448555179
  0.95428617460017806  0.95952412219315608  0.96460465038932142  0.97018994331093888
  0.97627055763190118  0.98315499997648614  0.99004220006147536  1.00000000000000000
 -0.00261877161561872  0.00994544987868659  0.02134287966654310  0.03182900088023838
  0.04249429459409269  0.05327707878658663  0.06384486932648313  0.07370326795739146
  0.08254856490137648  0.09381103018043534  0.10461299673917786  0.11411322610133375
  0.12292317210019714  0.13240329925050559  0.14161678618760040  0.15053619875678917
  0.15998443824222344  0.17038163296418032  0.17905310061697191  0.18930952242622184
  0.19939036736431218  0.20968533590744851  0.21991996158082816  0.22989673477759134
  0.24022822636385560  0.24949979007847095  0.25853939906350903  0.26743081882430947
  0.27630422204736083  0.28483855335263658  0.29432362940600326  0.30729236514784225
  0.31943328262962611  0.33016660286055516  0.34077364231592927  0.34984326599155041
  0.35841580028382042  0.36676319949826119  0.37491029288818911  0.38426090043512845
  0.39421458773914203  0.40577530353478475  0.41941882755566934  0.43400607748517783
  0.44714222538157594  0.45861594074426282  0.46964036396512765  0.47997259428367700
  0.49224068500447116  0.50466004568593348  0.51858343523535899  0.53285455184304609
  0.54855734066497963  0.56197374632604513  0.57411494356647474  0.58580516560886053
  0.59775458377783142  0.61008515737122748  0.62135643277236963  0.63197412349338011
  0.64130739043680673  0.65071580554788100  0.66145525342725286  0.67298037460747517
  0.68478693729643325  0.69675190248386909  0.70733878002663952  0.71569023555402078
  0.72376369144066044  0.73331332280236405  0.74459009441014923  0.75588922857881391
  0.76630513227443553  0.77539410788387064  0.78489245779610928  0.79385740617134604
  0.80323958991865807  0.81194124828378211  0.82094311128574093  0.83055708699385689
  0.84057529563065725  0.85070542294024531  0.86168858684005789  0.87342858089051090
  0.88537467591446917  0.89629885080849137  0.90655825727467487  0.91680487218437090
  0.92797055383611304  0.94199043761391044  0.95582419478300618  0.96604871446664620
  0.97438151317271049  0.98257862716203381  0.99115614812862474  1.00000000000000000
 -0.00820960860360245  0.04346819571846586  0.07454008364699341  0.10008024218990606
  0.12360635168627820  0.14329782044041064  0.16275852750718378  0.17766672371530939
  0.19025923014674920  0.20113893874240019  0.21227872424206370  0.22287824896372185
  0.23320808422367428  0.24496541113175577  0.25780618258524590  0.27054567711482580
  0.28329026061869023  0.29738121498142489  0.31287848535739754  0.32878046794916926
  0.34241723399262247  0.35497249965011185  0.36672773828372945  0.37780698807694968
  0.38879784048946470  0.39969939245034825  0.41281941057330201  0.42593992473096365
  0.43802052281564591  0.44910219751025637  0.45896875237299650  0.46936571173926800
  0.47980510414452354  0.49079489330571652  0.50085487583937516  0.51019251141923094
  0.52018850030873165  0.53036313317263084  0.53993601958713633  0.54850397833949371
  0.55651399880471042  0.56501973152072582  0.57345705152270721  0.58124112915188808
  0.58921578751102999  0.59728319610133240  0.60583440970055635  0.61424587752773685
  0.62230749947654784  0.63125654071835324  0.64042712702518134  0.64951063679206000
  0.65774664502602509  0.66581158040640642  0.67502870789159974  0.68485815323935972
  0.69375517301384515  0.70193166174987665  0.70920346581331917  0.71625839677848790
  0.72328309655917222  0.72996352126216169  0.73640061838664284  0.74266984663887248
  0.74955101058141171  0.75676866590099801  0.76373498007643303  0.77010448882682658
  0.77656356293565409  0.78282468485690460  0.78983010620582794  0.79734262572208714
  0.80549332746355662  0.81399206971070937  0.82262505378198603  0.83211246721015353
  0.84200386825588658  0.85192156168781330  0.86161911797024548  0.87096683783303896
  0.88041981923235668  0.89061897360102449  0.90048636687400108  0.90950143294914221
  0.91822521512151356  0.92643573238636534  0.93421014832516569  0.94076410260573173
  0.94712453469423208  0.95327726646470512  0.95949977872530312  0.96535850677289436
  0.97267519155309401  0.98179065507910934  0.99087417033584713  1.00000000000000000
 -0.00230300909499985  0.00850550606094098  0.01803401517689072  0.02706959406786334
  0.03431766548620150  0.04188465075715567  0.04985675311205636  0.05804014694379685
  0.06665085994060992  0.07561220069605942  0.08554279951564343  0.09758081310531475
  0.10919091026624970  0.11894808341732886  0.12822044732133409  0.13863340073950520
  0.14929810696547036  0.16153590683192115  0.17307123986277612  0.18478091653992038
  0.19665264998563092  0.20776398309846567  0.21819919200860421  0.22836227643214119
  0.23895383229704256  0.24910913859824552  0.25851922406042344  0.26765826053251529
  0.27708175077521957  0.28633978255239173  0.29528205275373237  0.30476335615117806
  0.31578995426226725  0.32788015264590248  0.34039167685603700  0.35211187703610891
  0.36355186961323754  0.37504768273713118  0.38682323563679188  0.39977199148406822
  0.41311048179553017  0.42489006108668037  0.43441749334883112  0.44413219570881152
  0.45314942000203012  0.46323586796924648  0.47584537882620492  0.49002475437452780
  0.50324313567739187  0.51542390972253604  0.52657191174735818  0.53631687560047436
  0.54570850904779744  0.55575485255382995  0.56761744797804359  0.58165786869551939
  0.59559675319513172  0.60916303927221749  0.62163922748130906  0.63118024287021057
  0.63912436908375281  0.64786085412755334  0.65693308762115588  0.66591498177831721
  0.67492200574749739  0.68375135077101934  0.69250338791799038  0.70275034543464532
  0.71356622674359527  0.72412893525229272  0.73581677167420090  0.74857229369447487
  0.76057245958773223  0.77076901777194695  0.78090817303402205  0.78984584923027190
  0.79847040982414053  0.80608741817425211  0.81393027157881115  0.82199614604960214
  0.83079118661102391  0.84209377790120821  0.85315712359078355  0.86542182608453377
  0.87758392160838772  0.88852352285770797  0.90058840110173621  0.91186957569488725
  0.92263349982888432  0.93319873807836851  0.94483779045045224  0.95845160640978344
  0.97046562083484589  0.98120739015678671  0.99069090809515381  1.00000000000000000
 -0.01005272376961447  0.07828910184166982  0.11755282014648233  0.14913588019446228
  0.18099931550510281  0.21354341237067245  0.24257548387577851  0.26820152509606648
  0.29649134852065073  0.31911380795731759  0.34011664716357265  0.36146138669506322
  0.38973091184316738  0.41931066466296701  0.44529167403771669  0.46976614556312102
  0.49098872565576890  0.50885405367667591  0.52740504400450017  0.54828469067476437
  0.56996989329675185  0.59006872348309125  0.60641789814914671  0.62081561132128171
  0.63648873782999560  0.65389154260864213  0.67190433199650668  0.68991700459498628
  0.70739871050778858  0.72373874283915485  0.73978905032163944  0.75543832217226203
  0.77321014812651656  0.79050510504718974  0.80712827757837324  0.82261096490534291
  0.83515525006986480  0.84616090616029960  0.85733155566573704  0.86613354488667671
  0.87398401937568659  0.88179121949811168  0.89118641799312404  0.90158277039764934
  0.91064153476661602  0.91790021972574609  0.92341853740532520  0.92910079031074100
  0.93513492611860960  0.94106266741958555  0.94615973563002986  0.95064136861086623
  0.95465271451169520  0.95800780259966389  0.96073815912431548  0.96317189103227530
  0.96536009960038094  0.96737502920660123  0.96916881117197040  0.97081398110043637
  0.97232317674087132  0.97369737966597258  0.97496092675773416  0.97609054281219043
  0.97714400678436164  0.97816154426544222  0.97912223064685866  0.98002054650905568
  0.98084338061963561  0.98163018724844076  0.98236435019152202  0.98306809553539365
  0.98373032544886163  0.98434443166947450  0.98490196851789757  0.98539917986979930
  0.98584909587691505  0.98627873745748429  0.98667539075630262  0.98704859655592303
  0.98742238461847498  0.98781284890562637  0.98818697581852377  0.98854366134903560
  0.98887120215943514  0.98917880999054508  0.98947827437578628  0.98976238233407221
  0.99004834338655279  0.99033309298778360  0.99060949850461610  0.99080927523834283
  0.99096934553250537  0.99108408724050168  0.99113008982313100  1.00000000000000000
 -0.01645061563727863  0.09186512571544711  0.14977318515850085  0.18188657964142438
  0.20443389405706966  0.22144489536936554  0.23442126426541937  0.24537785882163704
  0.25563502802314203  0.26511573347422140  0.27398254088560636  0.28284075471996994
  0.29262953750924148  0.30273688806279309  0.31218155794432079  0.32082901658008017
  0.32900316722582940  0.33718064833712708  0.34537511033188012  0.35350991124426401
  0.36086799183092477  0.36791462378073847  0.37459597266364608  0.38116110897981259
  0.38744781298998637  0.39328297153781749  0.39869444851757369  0.40351617858745620
  0.40809540083177676  0.41287730573633624  0.41766693435425689  0.42276209827177674
  0.42902375146471416  0.43602493867084585  0.44261322798173347  0.44847252597069565
  0.45345386920241137  0.45806020256071067  0.46252475612620164  0.46678542037701615
  0.47085300376670114  0.47484062324907766  0.47912233312109098  0.48368313676083574
  0.48811175794839418  0.49179223579571052  0.49575537629273414  0.49980936945254456
  0.50421559120263348  0.50951414683140217  0.51483445666886263  0.51984325227127748
  0.52457191588063168  0.52918972164218370  0.53379281588243621  0.53838357554114580
  0.54297428829071126  0.54752800531158330  0.55217356988004940  0.55692035102153892
  0.56163245952874674  0.56619570995730106  0.57079807543987515  0.57560997636351963
  0.58106458173064557  0.58724894393569049  0.59492962686148343  0.60240761782197139
  0.60964034589983451  0.61667373755423260  0.62327297977067098  0.62946608222736566
  0.63580553173660259  0.64255479808179738  0.64924225414747150  0.65505400669371838
  0.66082306399115187  0.66695774445379574  0.67341150688571794  0.67901952909270680
  0.68394266102122436  0.68942532521461986  0.69614365012205359  0.70393773075978694
  0.71338077520813192  0.72297496691510332  0.73314471767127520  0.74461467152627125
  0.75721330578638468  0.76653808197641060  0.77692244618085615  0.79119640808485581
  0.80987666594034802  0.83461701748544026  0.87398543406876650  1.00000000000000000
   9.7175662005152564E-013  -1.0000000000000000     
 T F F F F F F F T F F F F F F F F F F F F F F F F F F F F F F F F F F F F F F F F F F F F F F F T F F F F F F F T F F F F F F F
