  0.00503712218383919  0.00527785060864772  0.00552688356068250  0.00576350066503018
  0.00597389862784915  0.00624389366270496  0.00652907287135371  0.00682815961247399
  0.00712551580759969  0.00741727735921007  0.00771698450277576  0.00803281608881687
  0.00840504356649296  0.00881994907466156  0.00924403220907264  0.00967159692438812
  0.01011697133136921  0.01056481087672659  0.01118685169581635  0.01182697436985694
  0.01250476061807752  0.01326877055055834  0.01406054953505197  0.01484522153570684
  0.01571155203029029  0.01659957919195685  0.01748845431808133  0.01837733176110216
  0.01934665278496003  0.02045283124807042  0.02201706144490544  0.02407870289114830
  0.02601363357315910  0.02788308502315283  0.02963956332214628  0.03137259033836235
  0.03317490500652787  0.03517379920692332  0.03748507225917682  0.04009479751959289
  0.04376810366572439  0.04917667756434414  0.05459217635428829  0.06045920929974698
  0.06683262740689833  0.07432734151535265  0.08249575819461218  0.09156448085670377
  0.10180029462425727  0.11330592890192291  0.12605063996924584  0.13920914571947418
  0.15180106647202193  0.16356544755204822  0.17557714435287081  0.18839292948200312
  0.20265909298192780  0.21629743135013510  0.22987159156839979  0.24344457392254648
  0.25593743396708896  0.26834993574554727  0.28509431366858040  0.30090067413155369
  0.31610457862918329  0.33236511852437189  0.35051314557193042  0.36729533794659475
  0.38297259547765899  0.39927130920739828  0.41609937793787877  0.43510836324947688
  0.45641641812304068  0.47814679418388673  0.49507091540295128  0.50996898569222204
  0.52507911500465576  0.54123502646458754  0.56008262405969567  0.58133429797362923
  0.60174445911613761  0.62517274868462214  0.64645113974193358  0.66426562930598310
  0.68223073191297234  0.70105724278673931  0.72198867803701006  0.74306897606479461
  0.76457735825989281  0.78752391950464340  0.81252232409872316  0.83755487849236265
  0.86367831780541882  0.89363624474486203  0.93140884531809542  1.00000000000000000
  0.39275076500947464  0.40019027479902414  0.40762978458857363  0.41506929437812312
  0.42250880416767261  0.42994831395722211  0.43715122982821458  0.44435295527877466
  0.45155468072933480  0.45875640617989488  0.46941505444691023  0.48020183421772733
  0.48093024794970929  0.48225132287901756  0.48370543970572349  0.48509216984473308
  0.48628001692627465  0.48757620660309819  0.48928296719029729  0.49097911043777870
  0.49254476368307482  0.49335419171360739  0.49476790440871299  0.49807840958977745
  0.50786420340412708  0.51948467996943004  0.53129324933389332  0.54318414210027133
  0.55637647265112711  0.57026994379721452  0.58771373120831671  0.59736857009071365
  0.59946647103125394  0.60290058434141613  0.60572441579467728  0.60868105117225391
  0.61138083997980430  0.61450545846994087  0.61757183616447098  0.62233737576394110
  0.62969819028860996  0.63336038676293660  0.63507605205773543  0.63670054593874803
  0.63799741338208205  0.63953040047467857  0.64101662993637143  0.64244753604984239
  0.64454326800374029  0.64822282988909841  0.65151651003418931  0.65495413135863845
  0.65874064576924818  0.66324225955773675  0.66826237823416668  0.67367386033172127
  0.67957292392891788  0.68599132708863597  0.69127493995900913  0.69501123995543446
  0.69832486970810748  0.70156636905198844  0.70460851367940069  0.70744238829909467
  0.71072766480576710  0.71475790203546707  0.71831353878053461  0.72215227274658167
  0.72626113922031954  0.73020741144132695  0.73515434608795760  0.74127918925850345
  0.74947709447524358  0.75983209872573454  0.77096541572667465  0.78119429284023367
  0.78953531404302491  0.79745934110598760  0.80779978501373539  0.81894469878598597
  0.82835669417085200  0.83699424612434226  0.84512860004855983  0.85306210734886689
  0.86137101508378378  0.87002977103645374  0.87875443514677132  0.88739986416598471
  0.89630576491879188  0.90570175230057093  0.91570348448740246  0.92636587489518718
  0.93779615676443306  0.95090326538523107  0.96932688869485351  1.00000000000000000
 -0.00133249537785683  0.00645100474938213  0.01220466108838248  0.01837772059244423
  0.02609291865088379  0.03272485795483933  0.03916760252620407  0.04592324331723666
  0.05246483467874580  0.05903777548835151  0.06834308223272902  0.08174372116694326
  0.09334926149985535  0.10406878148755093  0.11428966776222893  0.12417776831194749
  0.13422647432139972  0.14468199477136542  0.15509868460157475  0.16526883796172989
  0.17723764210197310  0.18975065095981733  0.20125418963334213  0.21171675432731804
  0.22120953398227489  0.23157209844409940  0.24271325058044604  0.25547733351773966
  0.26999468701076768  0.28256251596750842  0.29485178735866885  0.30671449040803966
  0.31895401535574580  0.33183624832464781  0.34404444452342597  0.35412388263132988
  0.36286315968610672  0.37085538551033120  0.37901883321739743  0.38987475683164408
  0.39884382136252705  0.40477465750779962  0.41071555234409990  0.41729671848982713
  0.42674995596114168  0.43675563245354804  0.44931451139368500  0.46079660368026831
  0.46988729965571496  0.47927467806931529  0.48895933762860161  0.49828080053954998
  0.50729802914463984  0.51683104788744039  0.52704174517967883  0.53796439041925170
  0.54802798708144873  0.55830038005691474  0.57119305006054366  0.58496568496155321
  0.59542301080370919  0.60502577441175376  0.61494461336252970  0.62560943681332926
  0.63551727029877081  0.64603150115188612  0.65749149202424184  0.67010215460667588
  0.68242645456659934  0.69407112427215545  0.70459237753726967  0.71599184650580128
  0.72890766520393291  0.74368680006966470  0.76158136584873470  0.77878590385283020
  0.79398617079722589  0.80803804877016072  0.82095611001455204  0.83307153369109355
  0.84552207396344503  0.85841709815736444  0.87189211705789038  0.88690843999759905
  0.90155861597191556  0.91563291984609241  0.92956303655124384  0.93836819865260090
  0.94562531733294486  0.95221634199253402  0.96057432825985745  0.96958586529949753
  0.97813975679689169  0.98477317719116975  0.99192463135487263  1.00000000000000000
 -0.00344772134622385  0.01569697930475257  0.02936771186655023  0.04223477575562162
  0.05491064547600118  0.06794679031930154  0.08026542129713900  0.09196132196902171
  0.10375775800772620  0.11586471371802783  0.13025777370000249  0.14522049767544623
  0.16007100161562685  0.17540431750819607  0.18910464844735811  0.20217163344461581
  0.21402251783234622  0.22557362465883102  0.23694529213985202  0.24852166745180526
  0.26049576717124340  0.27121222888215279  0.28143008513027012  0.29120047548656147
  0.30099715080421630  0.31329289086553352  0.32673764430322666  0.34043488568158725
  0.35454429010064464  0.36766353136155222  0.37770192378485096  0.38554278528183483
  0.39352777998475091  0.40323408750891981  0.41431544213453936  0.42551412509397274
  0.43552955392152648  0.44870068064386182  0.46036500932633051  0.47129844558707668
  0.48164454480453189  0.49349883465702427  0.50505865448870713  0.51658350793716612
  0.52887986418437238  0.54278256297310989  0.55634677162238333  0.56853716651731701
  0.57919668091272114  0.58753853372995690  0.59523413154990656  0.60376861370130508
  0.61323882319122958  0.62028650926200246  0.62597898724493517  0.63235603696791098
  0.63845932963272889  0.64764822678259637  0.65421070125752645  0.66141343802423747
  0.66852756932517876  0.67402959421092834  0.67959432999540503  0.68547978397183840
  0.69188366575295335  0.69771251337382201  0.70417404392456517  0.71458080185747719
  0.72788376323049786  0.74140168086609182  0.75034664587230704  0.75767741545367107
  0.76543329666591287  0.77383603525385780  0.78165252773710003  0.79041712668756159
  0.80241815465014410  0.81535690215389989  0.82641623905312445  0.83793040385210282
  0.84891471988997602  0.85783163030156229  0.86507177204893559  0.87313982215984187
  0.88075952468354657  0.88882951076206562  0.89794867173947757  0.90947841132921736
  0.92066312611900392  0.93329289649252078  0.94544611909357679  0.95809026403278474
  0.96934223102689554  0.97880283463549156  0.98901581050752652  1.00000000000000000
 -0.00093094954863273  0.00532230092509294  0.01055347722498068  0.01527079849152649
  0.01991116486343025  0.02543984741544532  0.03119052484769217  0.03746519650071561
  0.04113269963029507  0.05227658393448006  0.06434551036401324  0.07707347954265677
  0.08792703857445976  0.09883255026220578  0.11010865062663784  0.12474838303312198
  0.14055974853621547  0.15594602735064655  0.16952026442133744  0.18202224094640515
  0.19326402600397466  0.20425569865898605  0.21413908666095846  0.22283264479037299
  0.23102236151956676  0.23885591781747395  0.24647630655936592  0.25473956997693087
  0.26440680246782489  0.27582902356845990  0.28801744760023251  0.29722867012103238
  0.30483588854214333  0.31236411508370893  0.31889180025385033  0.32590532511645570
  0.33349198815686426  0.34243016561499173  0.35240084820274870  0.36453328706531707
  0.37744119974214557  0.39028811074329345  0.40360678909913572  0.41607487733073517
  0.42801004049853691  0.44098544989239630  0.45564272889001461  0.47096220131494809
  0.48578552606383990  0.49882753922230200  0.51142322758182779  0.52450794044515914
  0.53603636521400522  0.54750864822517809  0.55871228403174078  0.56848600050777198
  0.57535716123113700  0.58405000049454880  0.59494773318550442  0.60488350233708099
  0.61342894570904027  0.62700698604276117  0.63654221624005269  0.64450625711929499
  0.65325673552525731  0.66286894100825788  0.67269132075005778  0.68229560174441117
  0.69316732830963823  0.70377013340472994  0.71449062069200120  0.72655690159616559
  0.73784852521248323  0.74849313258519323  0.75826412434717982  0.76847020779262865
  0.78047116295816921  0.79458475502054760  0.80828984262978854  0.81720279204544133
  0.82422721635148566  0.83092385440763372  0.83921367991975016  0.84782189389011697
  0.85803454823954939  0.86973616785932795  0.88330589680969795  0.89811767488945693
  0.91203595489868627  0.92670210780424400  0.94155200320196630  0.95463940618349907
  0.96580983745174076  0.97673910969308808  0.98773615856444674  1.00000000000000000
 -0.00175630972185034  0.00558269722392687  0.01224924016639310  0.02122880586384955
  0.03364008620303856  0.04863759689151729  0.06269357698634928  0.07717027593200253
  0.09161030385964249  0.10472318473973280  0.11700526325443177  0.12949243141954203
  0.14204192459217541  0.15367575355295829  0.16593726291535463  0.17788674539430480
  0.18961903627220056  0.20175941664570957  0.21441146709599074  0.22690820197260470
  0.23839441572967399  0.25040696636969273  0.26123790719325468  0.27287293703184085
  0.28400729965132859  0.29318093251540733  0.30239417361280679  0.31145390041499743
  0.32184199742327291  0.33295240144630800  0.34355536664416636  0.35397658295810602
  0.36609518047915912  0.37905054411596067  0.39211347164820909  0.40531191920471366
  0.41700214059642421  0.42696999549672560  0.43630556062694115  0.44541166300478724
  0.45404617437070849  0.46235026832045328  0.46796004127994895  0.47427820736840426
  0.48162090705973837  0.48782678757460091  0.49373869012518401  0.50004504831532703
  0.50606640966962713  0.51126159512443736  0.51627565946247267  0.52127667494256580
  0.52988848291709023  0.54086279026113249  0.55225386339950777  0.56457650760378808
  0.57711681012772853  0.58858032441011887  0.59823141286242565  0.60740878505494644
  0.61670295412377418  0.62646041688886378  0.63666035832904389  0.64718989470325217
  0.65856327241901214  0.66849915805084337  0.67695649018169723  0.68591768262411112
  0.69549449496501481  0.70595830484419952  0.71628095588581442  0.72601128953895266
  0.73487671201330151  0.74344923686263875  0.75252944371320918  0.76121539620095968
  0.77031046592344143  0.78150404557904951  0.79395084150317474  0.80426993762115329
  0.81405833147564688  0.82348720924082652  0.83343261788164080  0.84709449806063386
  0.86184026123480506  0.87714871439199971  0.89311205675760563  0.90628163845055343
  0.91766034777362482  0.92819974348933232  0.93839761072675620  0.94927338847977794
  0.96016929744668444  0.97185665423349310  0.98518908515425252  1.00000000000000000
 -0.00235152342433891  0.00895183375485415  0.01941512806594856  0.03155392399537557
  0.04654093741002868  0.06031363295875482  0.06928751823419194  0.07512585579337300
  0.08017017295095680  0.08513220262725160  0.09041860358008597  0.09541777830373460
  0.10019055504609413  0.10513806405758609  0.11325512753257518  0.12131030559189049
  0.13121997698091734  0.14475734275942786  0.15830563537868036  0.17047732828055570
  0.18317210609524773  0.19541587048729364  0.20718015126145645  0.21873985884783853
  0.23080935651925999  0.24572967991371569  0.25960927517875187  0.27273489066542128
  0.28570370524532918  0.29662379643998088  0.30514349198467278  0.31346462179519491
  0.32290246926986316  0.33373277953808750  0.34666989025212297  0.35823368941296557
  0.36870727853979240  0.37935692893041639  0.39122117214619512  0.40377115887305814
  0.41463772990238318  0.42513194436421747  0.43612410800409879  0.44763307938280722
  0.45812238762694407  0.47006417207005213  0.48308956570120276  0.49685882275986148
  0.51066665467017280  0.52331587241585997  0.53438956487307276  0.54424987422349980
  0.55346585068131715  0.56282051364354468  0.57348844177605229  0.58439312100571406
  0.59391608878836932  0.60274553777424966  0.61170738383776913  0.62157970137474916
  0.63467977823623967  0.64847545515516325  0.66161635997581103  0.67518548625205854
  0.68790308383196896  0.69902486049978896  0.71016729548586677  0.72146321901319066
  0.73297348087620517  0.74414756648429969  0.75328074700173830  0.76143711549349768
  0.77105823623311276  0.77983814093450154  0.78906544561286840  0.79889142919067468
  0.80778440030242782  0.81421620519178539  0.82245456405084127  0.83081950678631877
  0.84148184350750510  0.85676388906532841  0.86983568506069919  0.88097160662110896
  0.89158273743579097  0.90191573482325949  0.91311738861504932  0.92575494146178994
  0.93708134361928630  0.94614788494755042  0.95484700791961741  0.96344365386437203
  0.97172104031693118  0.98013229080983910  0.98842200690924398  1.00000000000000000
 -0.00211710100342575  0.00683711014311084  0.01531047124794646  0.02460990053934593
  0.03464364826763802  0.04405341847622477  0.05225079458822383  0.06055877828530710
  0.06950442351450445  0.07937578071474215  0.08980240313215676  0.10081109146673235
  0.11386135906393907  0.12685469319960943  0.13729599084832372  0.14631690044457418
  0.15558653423058105  0.16541548885085397  0.17668649269329095  0.18708872923238365
  0.19525145158788534  0.20258926229270385  0.21056523750651554  0.21895894324410850
  0.22763840083223152  0.23566594798941415  0.24325501828719459  0.25048012888242105
  0.25792465051371960  0.26562193718491045  0.27481769745837564  0.28267539456912166
  0.29045252417743095  0.30120927898386352  0.31444616224612781  0.32740374656345339
  0.34010950643578491  0.35216718049971896  0.36379328722408233  0.37642977974593483
  0.39122607072276044  0.40533549159797816  0.41894282711185293  0.43147532909090619
  0.44320587397291816  0.45544016759610328  0.46685904773928744  0.47864983229305536
  0.48924036402620991  0.49996986213956107  0.51021638185132301  0.52060566646771800
  0.53221478199262651  0.54458250216896231  0.55578238971832239  0.56539178462657014
  0.57572401628557701  0.58740571745107262  0.59896665670527593  0.60909086759803865
  0.61899014974717848  0.62714510691840852  0.63584411563882970  0.64530267697058263
  0.65638784009489426  0.67097710432822377  0.68270768465591047  0.69366160194913873
  0.70390221215434201  0.71382976399047549  0.72382969016850063  0.73387003106693338
  0.74434771506569708  0.75553176421932033  0.76716911468486393  0.77905330886521518
  0.79097171729255700  0.80450352972391370  0.81861440250259299  0.83313107134974040
  0.84667015270816448  0.85814817786262110  0.86825885744368281  0.87914702146728807
  0.89142625638880701  0.90297205879606146  0.91339022343618448  0.92091007206776843
  0.92719037958994432  0.93391629471808135  0.94177273981707699  0.95050127813090646
  0.96430465979498381  0.97444503976456753  0.98719873575231554  1.00000000000000000
   7.0459248815443566E-028  -1.0000000000000000     
  <DiscreteSampler_grid>
  Helicity
  1 # 1 for a reference and 2 for a running grid.
  20 # Attribute 'min_bin_probing_points' of the grid.
  1 # Attribute 'grid_mode' of the grid. 1=='default',2=='initialization'
  0.0000000000000000 # Attribute 'small_contrib_threshold' of the grid.
  0.5000000000000000 # Attribute 'damping_power' of the grid.
 # binID   n_entries weight   weight_sqr   abs_weight
    2   2982   5.457258569399146E-028   9.027042359855352E-054   5.457258569399146E-028
    9   20   2.727455314594440E-040   1.819687532830208E-078   2.727455314594440E-040
    10   20   1.972028396757929E-043   7.894695119573140E-085   1.972028396757929E-043
    18   5976   7.344465362628998E-028   7.298788352944965E-053   7.344465362628998E-028
    25   20   4.133651598100494E-040   3.830130169745865E-078   4.133651598100494E-040
    26   20   2.256298495013562E-043   1.374119681106177E-084   2.256298495013562E-043
    34   3259   5.852986584385682E-028   1.688028052793604E-053   5.852986584385682E-028
    41   20   3.918577879515782E-040   4.974311696205333E-078   3.918577879515782E-040
    42   20   1.551764808492939E-043   7.210983236941731E-085   1.551764808492939E-043
  </DiscreteSampler_grid>
