  0.00503422889906566  0.00531107906001834  0.00552248523634857  0.00573105635239397
  0.00594173584242149  0.00615446684071031  0.00645720130395394  0.00678587081888494
  0.00713399540201782  0.00748966205215682  0.00786219891909337  0.00825449369810984
  0.00865893847589323  0.00908910253396501  0.00951736766998997  0.00994420275367577
  0.01045157547656919  0.01102605926108623  0.01169179821250915  0.01243516413799616
  0.01324374150478858  0.01410908614955841  0.01500356519040611  0.01594478501479897
  0.01694687385970518  0.01801311749144316  0.01912088944629922  0.02024713622630144
  0.02163568238465339  0.02320862875845274  0.02494126253310906  0.02684844440127802
  0.02892423529523765  0.03108810025180873  0.03342432534764537  0.03612722206679416
  0.03886101104343972  0.04198378631803008  0.04566944342874177  0.04970234966275225
  0.05394298718924145  0.05845173990409858  0.06376166698781879  0.07027616644539462
  0.07706212037080243  0.08416707762786454  0.09186038770106572  0.09981757972931123
  0.10797313334572338  0.11671470773132224  0.12624936408407700  0.13643582369417376
  0.14682979703465016  0.15776302215246010  0.16963548695047942  0.18211506789033660
  0.19446463767247929  0.20685752082183234  0.21956043824878402  0.23289026961796533
  0.24672061930920422  0.26100961417099272  0.27592710508822682  0.29044081335655197
  0.30587746779068031  0.32066740577225766  0.33651154858007276  0.35324442556465119
  0.37033988115854732  0.38751405875657252  0.40450988580061309  0.42128639645810734
  0.43839851446978273  0.45607818694696278  0.47353615726185694  0.49120424740462038
  0.50898797150174491  0.52773270391744498  0.54700517060919762  0.56700270356382565
  0.58624228691293490  0.60546129635824064  0.62514632715276519  0.64536659595093115
  0.66595432948942990  0.68686022473259900  0.70769815494764210  0.72877186974343711
  0.75124601201514118  0.77518365859294380  0.80005058499031301  0.82651703721713277
  0.85521378555026406  0.88598885789732951  0.92568098747363969  1.00000000000000000
  0.32098420105121411  0.35288884930312853  0.37788547525276794  0.39653252627596791
  0.40409678920957409  0.41119478928381742  0.41458690419270455  0.41825760374591886
  0.42229861762749404  0.42661717716218711  0.42978848992188118  0.43265907156470246
  0.43546013650608933  0.43987471849707976  0.44619945726908711  0.45339652361566124
  0.46048362164845941  0.46737870278476173  0.47368514320163768  0.47683529631717619
  0.47906770718451669  0.48147727466984119  0.48332210325908442  0.48505633538996934
  0.48725368013697962  0.48896621789742745  0.49075488345393214  0.49280038292893708
  0.49520581830010646  0.49717551573916663  0.49899514286265451  0.50079658082913170
  0.50330207539463168  0.50598094977607577  0.50882083743822781  0.51220844715902947
  0.51573078692610930  0.51880207491505292  0.52207311180937543  0.52519839734594198
  0.52947616162924527  0.53508512162642274  0.54405464369862711  0.55155113139184286
  0.55778735124360601  0.56392700462972190  0.56956336760439730  0.57394735336490676
  0.57737174842152661  0.58095695821430737  0.58460495361418308  0.58789705936168035
  0.59036478442117513  0.59279287125676183  0.59542093838956500  0.59846125845016551
  0.60175886021564395  0.60462563756564713  0.60703579798446794  0.60943796803874817
  0.61206154213650432  0.61547320832409347  0.61958342614076078  0.62387846284120219
  0.62835142290365986  0.63416526933759809  0.64043915074888902  0.64433618894358391
  0.64809870251325175  0.65189306681811410  0.65603551852393072  0.66093037657401366
  0.66547929836081765  0.66971409743180288  0.67469123851064394  0.68020819501984142
  0.68609898703513250  0.69194126197855788  0.69750308970073083  0.70293777047448902
  0.70870844942330358  0.71598819759517263  0.72371954505127356  0.73187028274000876
  0.73998880418522206  0.74975795866340678  0.76399586156193999  0.78432966353004319
  0.80584733105534279  0.82632185655372337  0.84612188864440385  0.86666461575425469
  0.88840849003562217  0.91264158879743829  0.94435869961333929  1.00000000000000000
 -0.00301347281603740  0.01248980826071493  0.02429239200759740  0.03467096328428608
  0.04420317301020026  0.05443790349834934  0.06589601481346558  0.07863319611431326
  0.09055221292462151  0.10077797558359114  0.10984557159798414  0.11918380373048339
  0.12904657455395319  0.13766630022691340  0.14516986393840070  0.15336214633641129
  0.16347367738832319  0.17504376246888406  0.18638657168494799  0.19736643361678363
  0.20843351614783875  0.21945446760699663  0.23029338607459124  0.24179773317903072
  0.25402525740382370  0.26667034059315531  0.27833249419489636  0.28869212365881819
  0.29862429834506771  0.30868347740707730  0.31871428345927966  0.32862670211619427
  0.33908087083185273  0.35026357992509971  0.36151715004524609  0.37300438223638821
  0.38540801107964723  0.39687262421715946  0.40730698815245298  0.41786559211700874
  0.42900017994679124  0.43979223990380062  0.45001255288184389  0.45985478217812620
  0.47079189960098827  0.48129738889124235  0.49100902832342830  0.50054018685776758
  0.51012211554426246  0.51983531472922018  0.52904369095888870  0.53819918096059494
  0.54839076416669008  0.56004604908447275  0.57262361887305047  0.58531592231608709
  0.59778127604418962  0.60965658325739469  0.62088681092053921  0.63026125295507029
  0.63981312643601174  0.64872019008365744  0.65770134994899021  0.66695575153620423
  0.67678428993475614  0.68653949414766258  0.69691863195681480  0.70862369042716122
  0.71956723992492000  0.73154140032453596  0.74383044091356187  0.75671369590010285
  0.76925986576553140  0.78149308852121546  0.79394361950750658  0.80765687331521641
  0.82027381254541409  0.83203347629419078  0.84334190006407694  0.85403283927591878
  0.86262838735299496  0.87160035382395962  0.88059561334213410  0.89006530464306355
  0.89940474871231069  0.90910550614166563  0.91904728301412730  0.92893773825935411
  0.93513971507213278  0.94237550694988759  0.94945581749139862  0.95591090405231349
  0.96670928724062266  0.97716370165370836  0.98810134344837586  1.00000000000000000
 -0.00274762309678952  0.01013415954731047  0.01995808674655867  0.03010848617882014
  0.04040866525454579  0.05095499848763035  0.06174656987154231  0.07307616445618423
  0.08456696003516058  0.09527288309951422  0.10472476897988865  0.11425451831736662
  0.12410197170045693  0.13549702197536329  0.14584094176924392  0.15698935783399942
  0.16788956520078110  0.17969503886625604  0.19017359710603438  0.19785569376949774
  0.20460687752459816  0.21099076438444483  0.21732551720266075  0.22354038277955227
  0.23120890500923069  0.24043850167926625  0.25016011236993685  0.26032784682241811
  0.27068124091558332  0.28177960174171535  0.29384453646476710  0.30585317899401954
  0.31776298197714903  0.32921559065753375  0.34029761306707246  0.35150328561607652
  0.36194049598717831  0.37323234038953856  0.38521470706692928  0.39613193519192158
  0.40690502124487327  0.41793641330370707  0.42793064594129665  0.43616091619644448
  0.44422276468770977  0.45253216481255149  0.46165513250227491  0.47169505297390890
  0.48282273929240926  0.49431359839404493  0.50588596959738708  0.51769529250166957
  0.52975545552356096  0.54084255020328176  0.55061685140039962  0.56032041034512370
  0.57066877002938032  0.58072341891114665  0.59097660281630549  0.60088387868039694
  0.61088437008974328  0.62080393955997759  0.63141395798619160  0.64298489418554772
  0.65425540223421030  0.66541005677896725  0.67688295954697042  0.68951448389799808
  0.70207734681672029  0.71355791785374001  0.72467700647982325  0.73596574958135519
  0.74758520582614685  0.75904211803585031  0.77026636536110393  0.78193387217098265
  0.79321622868728647  0.80336013320113164  0.81390562135548583  0.82456306351335751
  0.83470435816667332  0.84515061242678036  0.85631793531119615  0.86847619711610136
  0.88017950763480035  0.89053640624885499  0.90146115662223536  0.91278706906789808
  0.92413057476569072  0.93437864250678049  0.94442431689066397  0.95412551375983423
  0.96365630549686754  0.97418969630020147  0.98588857263616514  1.00000000000000000
 -0.00250110995488255  0.00984336984185842  0.02057588898838886  0.03181971265329050
  0.04306987368534302  0.05416591228367530  0.06648696193283607  0.08151984314845385
  0.09457817321639693  0.10596363019785204  0.11644117532181751  0.12680789683934982
  0.13768659796198734  0.15013771275386148  0.16346215622678079  0.17533255762643377
  0.18582543471619375  0.19606873000300817  0.20657199778464780  0.21723448043639743
  0.22712630798854716  0.23717869630752941  0.24779962948905590  0.25939363855900427
  0.27185350972393812  0.28411004245463184  0.29547326938045176  0.30615371228917959
  0.31699890791379570  0.32808646009551223  0.33861690704076269  0.34889991408818044
  0.35923209371375958  0.36976787950773388  0.37987364800079976  0.39001998573259428
  0.40032358687323205  0.41066426838034659  0.42181542177870857  0.43260476248506652
  0.44359422667763448  0.45470202785474523  0.46683151960801317  0.47835363184993795
  0.48893020935782172  0.49877745244493982  0.50889687225975333  0.51955127286478675
  0.53030366132144924  0.54136542717145253  0.55279144473307407  0.56444694378428029
  0.57607139534903695  0.58701896428675004  0.59757385579503774  0.60669983306265840
  0.61595480728652618  0.62243846721900875  0.62867869614941740  0.63504064481150868
  0.64096417021007723  0.65038804758803437  0.66434702621262598  0.67828235418675153
  0.69007623809683805  0.70139986523604780  0.71252198792152333  0.72393157373123673
  0.73542635748581608  0.74574535486853610  0.75552379232527767  0.76472232006807006
  0.77467055695504961  0.78465262040427419  0.79487020843494061  0.80493776634491110
  0.81467360872322669  0.82379553348392254  0.83270528798982257  0.84114792151523066
  0.84858749856094062  0.85634126912112585  0.86516836146302900  0.87588401563723872
  0.88777669111684498  0.90152997140939395  0.91493652238438150  0.92651173351273663
  0.93686597637135227  0.94734898262562006  0.95781153654729978  0.96710101453503239
  0.97531453661440493  0.98318366190804518  0.99161550319302194  1.00000000000000000
 -0.00207551801182007  0.00871203338264425  0.01836175980488893  0.02893898204545777
  0.03855197806616827  0.04888399016596726  0.05967623536522771  0.07223020009235076
  0.08438028045227361  0.09513421935194818  0.10523855444152723  0.11525455032998826
  0.12501813976297305  0.13452594274275631  0.14402231852259120  0.15379491954441191
  0.16429409585703036  0.17494971647148488  0.18567692652105017  0.19603662516199158
  0.20747615065682792  0.22111950529805705  0.23380144649082141  0.24419118274664187
  0.25393073939256450  0.26279784774643578  0.27198854705988879  0.28117792406903602
  0.29211207003809930  0.30522521833803945  0.31707902904324226  0.32688798486995219
  0.33728805095814135  0.34933905736475912  0.36319783168117198  0.37513188976868550
  0.38616123272660385  0.39606914187512238  0.40558528334222266  0.41497023249578074
  0.42468046412799321  0.43478459465832031  0.44433287564760243  0.45381185240261229
  0.46413491459086453  0.47573643841517521  0.48513249904251660  0.49403553057888999
  0.50257613304731941  0.51027162576274943  0.52089431214232529  0.53238625694277475
  0.54267012724577401  0.55123332578775874  0.55961141248535184  0.56896608540299431
  0.58036356688407331  0.59367092865607185  0.60557484370162584  0.61660465954406418
  0.62719014547552943  0.63786296809110976  0.64900979819350157  0.66027584722673105
  0.67121660272693251  0.68167584218434241  0.69245971817770691  0.70257608215981227
  0.71211710437150544  0.72193452311788464  0.73236834147016616  0.74324724559119526
  0.75457579686704446  0.76590211258558949  0.77850327538068742  0.79102263517777449
  0.80247755832528511  0.81253561346623959  0.82230145711738056  0.83184809294681517
  0.84197748131360040  0.85262425713129064  0.86294366918512799  0.87326601709634211
  0.88359451919898735  0.89462006970186170  0.90661894106483376  0.91891989161121834
  0.93107507744886164  0.94247638204751705  0.95197328523343694  0.96140676467291508
  0.97090772819644267  0.98089589540494293  0.99035768683233816  1.00000000000000000
 -0.00293779960755713  0.01179332315271322  0.02403813765260960  0.03765877008598686
  0.05007947145025326  0.06197222016599777  0.07262238795496129  0.08279351874029346
  0.09257066011856913  0.10153695528083020  0.11031185079104895  0.11903009905456458
  0.12882388580853388  0.13988114740095747  0.15236818712554187  0.16573438006423055
  0.17586830442046836  0.18573728078829985  0.19494097272421501  0.20454641990206959
  0.21416860667875154  0.22407130719327931  0.23447196485959701  0.24486422918987491
  0.25499187413210894  0.26447344510478094  0.27255895844391254  0.27973788899358815
  0.28723578238862280  0.29471194928399302  0.30039397480396451  0.30607151756030110
  0.31174657736122507  0.31940769898570848  0.32943870651533541  0.33959044726606885
  0.35007280855849948  0.36037364247574399  0.37052509819185547  0.38053871034988468
  0.39009344399013213  0.39928378168045486  0.40824248196413354  0.41783407961621744
  0.42773199696545994  0.43779692996192326  0.44745647707419028  0.45669413927492669
  0.46694397929151693  0.47809341917786741  0.49022935402166290  0.50280687023082804
  0.51654622871525113  0.52996375238906368  0.54255965828415842  0.55341774808642530
  0.56370247872789925  0.57480331436763543  0.58683252977155687  0.59873603582956014
  0.61049150289267151  0.62266517463093685  0.63461136092121728  0.64606142573557501
  0.65665663102172556  0.66731873773202766  0.67865520556228787  0.68973208621011284
  0.70050676946696988  0.70996689218162268  0.72179363417920150  0.73307162729510666
  0.74497753149907198  0.75628970447107191  0.76718540669459390  0.77859044134856903
  0.79094020786423969  0.80235555665935065  0.81344161260316683  0.82406808261439579
  0.83390036152905855  0.84324400537077693  0.85286135676846919  0.86324283333896956
  0.87415566597427008  0.88524231328287895  0.89648147675342860  0.90786377071576108
  0.91881806502976093  0.92945680286217180  0.94076434732304692  0.95320887153913025
  0.96510436572125557  0.97664005782142294  0.98825070314806784  1.00000000000000000
 -0.00139729873068001  0.00526558974475662  0.01334495310310875  0.02097481645674412
  0.02822258327666242  0.03527814943390395  0.04354551377967609  0.05250341744514730
  0.06150223432641229  0.07165641450944944  0.08185344829430027  0.09159471492567803
  0.10015753092834447  0.10980002182126232  0.12117764884579185  0.13222442134364509
  0.14295001562692744  0.15409833618015689  0.16438301026409441  0.17377274059875225
  0.18234021973973955  0.19258874254502834  0.20334691549854617  0.21520948504215581
  0.22817780058554632  0.24042051723414182  0.25284018228346022  0.26460234346748251
  0.27586353605331659  0.28686990904039755  0.29757709013315631  0.30834041000838947
  0.31902762620177150  0.33109957334042955  0.34244523369002122  0.35264755402628883
  0.36248205803397049  0.37224275516772781  0.38213597058689236  0.39216720252368875
  0.40299366708055823  0.41477820280899658  0.42698255673931795  0.43827633247438275
  0.44724629454799558  0.45449587602246877  0.46178744634641522  0.46942030392582046
  0.47859674590973211  0.48761421491572077  0.49677523637671017  0.50747651842568053
  0.51949480142345306  0.53059445562718222  0.54026652559811017  0.54897738528985529
  0.55736277935925871  0.56657897845091354  0.57662568181870888  0.58786896910339370
  0.59901068840156069  0.61025306386884126  0.62090287410342737  0.63067335257962853
  0.63979607314192566  0.64927890952870704  0.66041623400237071  0.67222670993201605
  0.68458056307354997  0.69687344613178037  0.70865730139996930  0.71984063402661902
  0.73183238953784724  0.74471370158542438  0.75568930935579492  0.76494741970390800
  0.77470935806302277  0.78587529723445559  0.79781524402058979  0.80889641753139974
  0.82023228622883648  0.83219632175550695  0.84433593104846993  0.85692935495461375
  0.86901349213978962  0.87992917836693629  0.89083894553611898  0.90320505230364367
  0.91587508862259259  0.92835113071339148  0.94050789026306425  0.95304047041293538
  0.96600728856674334  0.97794779341083948  0.98956745522593392  1.00000000000000000
   9.1417204183986442E-029  -1.0000000000000000     
  <DiscreteSampler_grid>
  Helicity
  1 # 1 for a reference and 2 for a running grid.
  20 # Attribute 'min_bin_probing_points' of the grid.
  1 # Attribute 'grid_mode' of the grid. 1=='default',2=='initialization'
  0.0000000000000000 # Attribute 'small_contrib_threshold' of the grid.
  0.5000000000000000 # Attribute 'damping_power' of the grid.
 # binID   n_entries weight   weight_sqr   abs_weight
    1   5326   1.155181119932553E-028   2.070644575682923E-054   1.155181119932553E-028
    2   24   1.096862078028300E-031   5.756754870705070E-061   1.096862078028300E-031
    9   20   5.080770383744746E-041   8.727821635867976E-080   5.080770383744746E-041
    10   20   7.141816084223796E-044   1.434660763823822E-085   7.141816084223796E-044
    17   5069   1.095506337345814E-028   3.786816307665303E-055   1.095506337345814E-028
    18   24   9.702264968549574E-032   2.944204697575753E-061   9.702264968549574E-032
    25   20   5.789731394089439E-041   1.346048838128738E-079   5.789731394089439E-041
    26   20   4.512725375897470E-044   6.280065014639714E-086   4.512725375897470E-044
    33   3585   8.530271027780899E-029   8.597945322281111E-056   8.530271027780899E-029
    34   21   6.530212380614321E-032   1.552193304889958E-061   6.530212380614321E-032
    41   20   8.191122279477791E-041   1.896940675326383E-079   8.191122279477791E-041
    42   20   5.339984140175057E-044   8.270271931158122E-086   5.339984140175057E-044
  </DiscreteSampler_grid>
