 -0.00226064155371515  0.00956148414707030  0.01921642423203163  0.02956961989974460
  0.03918141780534883  0.04973912612736151  0.06068861568681689  0.07155110758240626
  0.08211383375244374  0.09279540828916279  0.10330531368671771  0.11385455927856657
  0.12441689904345875  0.13521145301294965  0.14597149850145455  0.15670808030674299
  0.16750413885769122  0.17802879242696582  0.18837076860768401  0.19914814965910127
  0.20942348537161784  0.21996186511778595  0.23036587194257122  0.24180970359178344
  0.25307195922222603  0.26397858115926121  0.27470797596152818  0.28519149857708864
  0.29559835033907805  0.30587023189383089  0.31618686710653904  0.32659273783142867
  0.33680324292028885  0.34707726937088867  0.35745366045146887  0.36807532553031208
  0.37877069455847767  0.38964263021813034  0.40029864563664025  0.41098743854430586
  0.42179120541364329  0.43283534561138198  0.44370623533378745  0.45444109255431731
  0.46540288266944779  0.47637112285079125  0.48725235413340356  0.49798308933991242
  0.50866703302706018  0.51945826154648878  0.52976225430240120  0.54008292263014068
  0.55051493582155409  0.56114555376722153  0.57155678585956260  0.58191397587109317
  0.59256616808349505  0.60326390076525038  0.61352290687489608  0.62372588833787812
  0.63411916674658342  0.64462985053936295  0.65481409157383408  0.66484488128522612
  0.67503437026064772  0.68541672374240248  0.69585495366938999  0.70631840447293726
  0.71661123590855647  0.72676171405540568  0.73715784233537263  0.74760351450282780
  0.75847627590852429  0.76933494020556425  0.78013864874849626  0.79098524894744249
  0.80167651823739305  0.81232213214169302  0.82280872300628960  0.83317927820602800
  0.84371731794511362  0.85411385476237456  0.86455927439688651  0.87483605355970817
  0.88508631891133183  0.89541558055065662  0.90551104386709969  0.91580848253002844
  0.92610965904117382  0.93665988451651117  0.94706999862463215  0.95742404623581923
  0.96833712168353869  0.97897501367084483  0.98964755112701452  1.00000000000000000
 -0.00208661501617795  0.00933599631881319  0.01918706166120810  0.02954017766798729
  0.04001440207775352  0.05046181441677500  0.06101842872116515  0.07163735805123345
  0.08220071767635592  0.09282740092079339  0.10347684767170756  0.11385180139273865
  0.12395610220860774  0.13403134135721498  0.14411708037289894  0.15412831666791463
  0.16420009247838402  0.17460682034149708  0.18504847007837302  0.19542868505359276
  0.20592085230417445  0.21648635204824543  0.22702202057867549  0.23764625449765622
  0.24844797642128955  0.25920841227980346  0.26984660154106105  0.28033633868478813
  0.29093279787440118  0.30160370631912964  0.31220813403216757  0.32289535190231250
  0.33352725106191572  0.34427760350395892  0.35491084519008353  0.36550316087312390
  0.37629296934624540  0.38714583931791247  0.39782157375060823  0.40834665259704589
  0.41891432116773292  0.42965615489031772  0.44049281033631071  0.45145036345859818
  0.46252515330197047  0.47355723943907202  0.48465474958264665  0.49559174525175009
  0.50647884296869339  0.51724956153395196  0.52803078069172671  0.53874471929791301
  0.54927190372703372  0.55999423348464883  0.57094070263718033  0.58195375684056128
  0.59293660969940298  0.60393331963948349  0.61482177643257152  0.62562813076715529
  0.63626086738439913  0.64697501197512897  0.65743990827550336  0.66805209932052534
  0.67871140431438592  0.68923879498961038  0.69974374550465557  0.71020519867457943
  0.72093302439930429  0.73152812916209486  0.74201808635489097  0.75234485162994968
  0.76248156539666623  0.77269048691212594  0.78298527279427976  0.79322811227917267
  0.80350009921192300  0.81370595294410819  0.82384725399587322  0.83388581806602580
  0.84395954062914624  0.85425426188707765  0.86469334976424017  0.87489800775589832
  0.88531692002745710  0.89591350994350316  0.90674133846652827  0.91755684609656274
  0.92802384363761092  0.93840278926317988  0.94854551428474332  0.95861253736062579
  0.96868704470392131  0.97904804886035945  0.98941309310289360  1.00000000000000000
   6.9285997712093812E-022  -1.0000000000000000     
  <DiscreteSampler_grid>
  Helicity
  1 # 1 for a reference and 2 for a running grid.
  20 # Attribute 'min_bin_probing_points' of the grid.
  1 # Attribute 'grid_mode' of the grid. 1=='default',2=='initialization'
  0.0000000000000000 # Attribute 'small_contrib_threshold' of the grid.
  0.5000000000000000 # Attribute 'damping_power' of the grid.
 # binID   n_entries weight   weight_sqr   abs_weight
    1   2639   4.170545918396625E-022   4.385976400895722E-043   4.170545918396625E-022
    4   2015   3.405868440928423E-022   2.773425984842871E-043   3.405868440928423E-022
    5   2653   4.299257618393271E-022   3.015833771875809E-043   4.299257618393271E-022
    8   1782   3.394644666301858E-022   1.760579934068250E-043   3.394644666301858E-022
    9   2917   4.332848676942891E-022   4.783236708051597E-043   4.332848676942891E-022
    12   1974   3.526513956810639E-022   2.813208218529718E-043   3.526513956810639E-022
  </DiscreteSampler_grid>
