  0.87623799798565283  0.88650336367524496  0.88731217381542571  0.88806920050089355
  0.88879362586181243  0.88949569953680285  0.89017927024757437  0.89084793455335354
  0.89150421127705537  0.89214936864363525  0.89278372570080666  0.89340833552239818
  0.89402718154570948  0.89464364638590077  0.89525749739281568  0.89586628837560789
  0.89647112792649097  0.89707278799299539  0.89767522597670801  0.89827883080345206
  0.89888131386849468  0.89948098515765595  0.90007759763625894  0.90067113177984670
  0.90126660934687153  0.90186357432192177  0.90246374243624716  0.90306585119104865
  0.90367010190758268  0.90427736354939614  0.90488631517856166  0.90549666943503060
  0.90610979076646714  0.90672314373358509  0.90734029038372876  0.90796325547937906
  0.90858943826264082  0.90921754445888670  0.90984964978572103  0.91048647089904422
  0.91112822062682297  0.91177552180019061  0.91242802781440036  0.91308416634320577
  0.91374398324680794  0.91440973382610291  0.91508115053714423  0.91576118034883591
  0.91644870978394577  0.91714306171953541  0.91784555544742996  0.91855379902277023
  0.91927134168775793  0.91999938227616862  0.92073578572339754  0.92147986333544329
  0.92223297507488666  0.92299673800578130  0.92377378160480816  0.92456652397726902
  0.92537372991035127  0.92619823723441874  0.92703238641422936  0.92787724340686362
  0.92873883497093668  0.92961675041250547  0.93051241202702850  0.93142490421048485
  0.93235710605843947  0.93331167845065965  0.93428758914965149  0.93528709282239608
  0.93631072705947904  0.93736289841251541  0.93844715357381914  0.93956579434167853
  0.94072199508289966  0.94191541299483128  0.94315115874871469  0.94443555205669161
  0.94578081965723326  0.94718753425759838  0.94865841408089480  0.95020153214837211
  0.95183464586844047  0.95357073608128751  0.95542612263907845  0.95742251946925183
  0.95958963699984912  0.96199835903172370  0.96468870926583450  0.96774300983400596
  0.97137203626359292  0.97603297011822332  0.98269796745898585  1.00000000000000000
 -0.00185810076250113  0.00962407604151777  0.01953365261150520  0.02991922580129289
  0.04042960619646821  0.05107967623496722  0.06169171519915707  0.07235316276972867
  0.08309868260043249  0.09363209238007221  0.10398181894838396  0.11422168418439570
  0.12472671143149443  0.13533526372778021  0.14606111055205792  0.15660794530691630
  0.16711346217679265  0.17745712190167948  0.18763981490683745  0.19799807459587832
  0.20842589349410179  0.21906790132468221  0.22955493385751419  0.24002708093463532
  0.25043079772503135  0.26125830930385580  0.27201056757029435  0.28302874355436802
  0.29376424456730754  0.30459636272112633  0.31510452062048183  0.32555038262477648
  0.33600674383257234  0.34672228115616310  0.35752838033527756  0.36846288914751385
  0.37946591960000386  0.39040436191841504  0.40103201358938323  0.41131247337154248
  0.42160356536542326  0.43201941122443094  0.44248555259849803  0.45302462501364732
  0.46352013176573442  0.47398626020043461  0.48434240210761476  0.49472246451070456
  0.50542130205385305  0.51606193521219479  0.52638863624697663  0.53658487431759583
  0.54685040626118409  0.55738861211190549  0.56791893740786326  0.57846563773423365
  0.58906501320045035  0.59976933347142747  0.61019259548037974  0.62048674429783968
  0.63062628024904199  0.64115393663583686  0.65174530040647316  0.66237624220879798
  0.67314754865771231  0.68394541883627014  0.69452653120498764  0.70471618105193867
  0.71531238117836660  0.72606546630706170  0.73670549041521816  0.74715438173684812
  0.75740932892374924  0.76770032717996894  0.77783540435034892  0.78778583124985191
  0.79810490327625905  0.80856297759465579  0.81917518158616009  0.82971226547930876
  0.84016768045810619  0.85092594834383228  0.86179506416436880  0.87283966802084623
  0.88354813747960970  0.89414972253847025  0.90478861228416863  0.91545455424565492
  0.92618391082488061  0.93695510354634981  0.94756563955868600  0.95816356969252392
  0.96839156022652284  0.97904432590744184  0.98944991475564992  1.00000000000000000
 -0.00248633733165001  0.00985159711581010  0.02004787001528415  0.03072690804130006
  0.04143801664537129  0.05193724858416142  0.06236058230551235  0.07292677320486911
  0.08351030278632769  0.09385116350479838  0.10407227979448418  0.11423973167464659
  0.12438475184622977  0.13451377778349449  0.14473543863101934  0.15536425194037665
  0.16614426480169639  0.17699622639518542  0.18787015870360971  0.19840422547199471
  0.20917094798757280  0.21981048550523263  0.23051684556650989  0.24119209077993731
  0.25190018227065752  0.26274814968387122  0.27335808961860292  0.28425661098835053
  0.29510509154032766  0.30595111536579395  0.31654015795576335  0.32730717790666725
  0.33804439375664386  0.34878591885677529  0.35963100561639205  0.37037663321064312
  0.38116898483884265  0.39203956905412973  0.40317025158703518  0.41432663772411643
  0.42500467114609025  0.43549890633465188  0.44603693724593130  0.45653986721322298
  0.46690565060471095  0.47724739573444613  0.48779028364975846  0.49836258208087314
  0.50869143802408889  0.51876032810442063  0.52894751232163428  0.53889758479299787
  0.54918341825216677  0.55930783966407760  0.56949387191114487  0.57962413163582649
  0.58991138783648323  0.60028750772489803  0.61070150981101279  0.62108680762540802
  0.63162553618397688  0.64253009013790541  0.65314491198281965  0.66387859309770225
  0.67415187125837950  0.68491157141718673  0.69555101825061150  0.70601816512613824
  0.71647072888789687  0.72699867231388804  0.73780214468295913  0.74845005601517023
  0.75842783458898100  0.76839886119475231  0.77874551050269503  0.78931039796009506
  0.79971547184695968  0.81022992310637587  0.82063756678569832  0.83120174739877195
  0.84152445436282364  0.85189702959034885  0.86222267663461616  0.87265864614590705
  0.88313137448187506  0.89384556756747169  0.90427923505149121  0.91491349092326335
  0.92546119669802573  0.93595419681015757  0.94651260939312287  0.95689200899670013
  0.96755373327254368  0.97833061126906062  0.98918413760183532  1.00000000000000000
 -0.00246923028544212  0.00919819596228290  0.01900071085148787  0.02931100417494577
  0.03965706285589068  0.05016928840101390  0.06057594769418138  0.07123501271904513
  0.08198867794847274  0.09309560105511167  0.10403343226479707  0.11458525173310484
  0.12515278016606307  0.13585347439904255  0.14633639959991515  0.15643766972731352
  0.16645405904077459  0.17688243055010677  0.18744401603955846  0.19791979598287970
  0.20808110691579254  0.21827177539356224  0.22849218356302622  0.23882356326199669
  0.24925065032140625  0.25957439065613047  0.27003358966312446  0.28057305049147779
  0.29109479241011565  0.30169908526932915  0.31226142115455419  0.32298859674980746
  0.33373981307491174  0.34435549734062010  0.35513062428820341  0.36585570311120691
  0.37665120700851396  0.38721189673427225  0.39770082496856785  0.40820297945236111
  0.41866590523633174  0.42906248847065726  0.43940423394762618  0.44974063755548038
  0.46016169953890118  0.47083972045576550  0.48161109723720646  0.49239511491443710
  0.50309457784702094  0.51391009806943933  0.52467775429792762  0.53536961129472060
  0.54586226713330066  0.55648555036264979  0.56715447758077842  0.57790912366580294
  0.58825513490494397  0.59830860513679229  0.60851002122753484  0.61888276972916600
  0.62943512674368030  0.64000208670235936  0.65080682635243126  0.66131140999048921
  0.67197201785453431  0.68272134096239401  0.69344535573554955  0.70421478060964393
  0.71497915022796432  0.72601639823164299  0.73658772498553071  0.74716048107813460
  0.75778347464664342  0.76828863485421006  0.77870765364255246  0.78897347803336293
  0.79931869953633161  0.80942805141956520  0.81967389610854025  0.83012088931570283
  0.84099339082893132  0.85205055083706427  0.86288430438966135  0.87359500163749804
  0.88428984988775072  0.89489659718702630  0.90522721169645726  0.91559374408005789
  0.92607807686354271  0.93670335519073045  0.94728261624051691  0.95801301081721157
  0.96873319875777686  0.97936581599691297  0.98981372664593736  1.00000000000000000
 -0.00233232246551757  0.00912459666129898  0.01884803687481267  0.02900433065640113
  0.03928133418359436  0.04955799932593047  0.05971533173560620  0.07002598105827691
  0.08057135895714995  0.09097400759308194  0.10155377470473291  0.11221170777653944
  0.12275310360567446  0.13322497353538024  0.14358224109023621  0.15446042956550912
  0.16524622733344485  0.17612798705245619  0.18697082117831682  0.19753636356043927
  0.20818067595388301  0.21871194967159666  0.22915716955344639  0.23928071239070972
  0.24945101982080967  0.25968700661936023  0.27016244812507034  0.28077655396021339
  0.29175687574251152  0.30270246141550478  0.31360545477527341  0.32442476739596193
  0.33547038367506948  0.34624862649981686  0.35693612133619718  0.36749977057717664
  0.37819727665728564  0.38882836117970243  0.39941928759006401  0.41000759140375803
  0.42049128915093270  0.43092058638591840  0.44142390249595886  0.45212041138851661
  0.46284168921604496  0.47350918286961108  0.48412751549755489  0.49467196360974675
  0.50538853129627892  0.51611397632360745  0.52670690817557553  0.53726418498244455
  0.54781062368398614  0.55838925669154327  0.56874024461768025  0.57903826489950760
  0.58964199270606732  0.60019255187062426  0.61064535560361399  0.62089862910736304
  0.63116433673668038  0.64138914822458570  0.65164780143443757  0.66219618904114808
  0.67299652321269277  0.68405181086050881  0.69467031347834374  0.70532018279910658
  0.71593170699250042  0.72692922013701566  0.73760316113457458  0.74834158156383168
  0.75882893041336752  0.76920334969654103  0.77944452851652135  0.78982950170582922
  0.80041266955784263  0.81106910149802180  0.82174753252634136  0.83252881395509526
  0.84324836268857972  0.85380836739722188  0.86455866379786817  0.87535615653241750
  0.88632620491225855  0.89710224777501679  0.90742068958748212  0.91781559645819821
  0.92808639126030223  0.93857954191666249  0.94888138530278887  0.95918582775161076
  0.96945072167958823  0.97965187509526885  0.98979220521566136  1.00000000000000000
   7.9850956245229540E-033  -1.0000000000000000     
 T T T T T T T T T T T T T T T T T T T T T T T T
