  0.00192329916479637  0.03541173492194054  0.06054822421607417  0.08008790244241851
  0.09699202578473930  0.11235418820983095  0.12653765484681737  0.13986980513452338
  0.15245681938179365  0.16453964775427948  0.17608477862158672  0.18732067802926533
  0.19813166407937588  0.20871621265221363  0.21894497583048747  0.22899897807521963
  0.23877663305558672  0.24841163978324987  0.25784102942309045  0.26715792115735215
  0.27631806027163103  0.28535151648877338  0.29425219246226020  0.30302466193860911
  0.31171031377733954  0.32029315379177786  0.32880136224668610  0.33722351253815674
  0.34556070223899826  0.35384164519792061  0.36205618377522009  0.37022464229928481
  0.37834158419502251  0.38640946581813579  0.39443711189736347  0.40242207982970302
  0.41037233164646408  0.41829138682638112  0.42617950018955703  0.43403980744481807
  0.44187066249185836  0.44967266791563321  0.45745428749565187  0.46522176357167910
  0.47298318563495390  0.48074040731545947  0.48848961551926950  0.49623167065817431
  0.50397085987036128  0.51171699851461738  0.51946332941283224  0.52721763312351555
  0.53498327537717272  0.54276800323780539  0.55056697554462675  0.55837791738257170
  0.56620760997190767  0.57406028702497636  0.58193605630492617  0.58983659426475388
  0.59775645807872546  0.60570675527262152  0.61371408554225126  0.62178056938585169
  0.62991753911286974  0.63811001510990417  0.64634771189832696  0.65463852042605564
  0.66297814424762902  0.67139988136752649  0.67991485350488712  0.68851004675170302
  0.69720849912386740  0.70599585258800890  0.71490581556360833  0.72393466084598501
  0.73308737307342964  0.74238910616979858  0.75182739661714248  0.76147483002005467
  0.77127411406585089  0.78132885940230457  0.79154859248127085  0.80210903442294701
  0.81289312563977256  0.82409211435043028  0.83560800845650407  0.84767038076312229
  0.86022940310666474  0.87352263990498002  0.88768026181899129  0.90303456963501927
  0.91998355037796087  0.93966703203947077  0.96508081435071513  1.00000000000000000
 -0.00246485657987398  0.00954685442651944  0.01978029546087025  0.03041109062739648
  0.04105207149377173  0.05155930425521359  0.06207979920665546  0.07255673777101229
  0.08301314985203750  0.09343871801668538  0.10387141846916213  0.11447376618707926
  0.12509029950364339  0.13572114780437133  0.14626187170440924  0.15682072766720734
  0.16741898454627119  0.17794140655547663  0.18842423921526874  0.19889732910989394
  0.20939034197224063  0.21992338940510706  0.23041013996474666  0.24108198886249183
  0.25167930391088206  0.26231734331798040  0.27295452854193764  0.28358604436982349
  0.29419849215938848  0.30473345751884579  0.31519436150317431  0.32570325938981698
  0.33621483246440298  0.34681197152217158  0.35733842396605153  0.36784922824684801
  0.37838470554754072  0.38899680107046591  0.39968480031518255  0.41042890028707840
  0.42111817330825213  0.43164650522805836  0.44213565681963241  0.45257212875192249
  0.46296087159428079  0.47330841527844791  0.48369893642339856  0.49428567404231499
  0.50485861646350316  0.51548868273148984  0.52595558978649171  0.53645263206560190
  0.54685802934176952  0.55745474915678483  0.56796081096858642  0.57857755694787938
  0.58911124025824080  0.59968956331392720  0.61019921543049305  0.62067997883401860
  0.63111018078717418  0.64156721786856685  0.65209246172876378  0.66266579599128783
  0.67316527032132423  0.68373272962570486  0.69429568056252666  0.70489383486239032
  0.71536230207557561  0.72573588333687278  0.73609305072792119  0.74653860215874135
  0.75710683818064317  0.76770272264837824  0.77814424460402642  0.78862087100899370
  0.79922127440454371  0.80990708549155765  0.82045592601603967  0.83088763581277758
  0.84142175701976896  0.85193664162139071  0.86241557123019608  0.87280821509826245
  0.88332812295457597  0.89386792232359014  0.90448032312839288  0.91516611229896316
  0.92585196216686594  0.93645562264225712  0.94692901284884479  0.95745298820893499
  0.96812606188323569  0.97875722519308583  0.98938006645247478  1.00000000000000000
   9.8787438748115087E-008  -1.0000000000000000     
  <DiscreteSampler_grid>
  Helicity
  1 # 1 for a reference and 2 for a running grid.
  20 # Attribute 'min_bin_probing_points' of the grid.
  1 # Attribute 'grid_mode' of the grid. 1=='default',2=='initialization'
  0.0000000000000000 # Attribute 'small_contrib_threshold' of the grid.
  0.5000000000000000 # Attribute 'damping_power' of the grid.
 # binID   n_entries weight   weight_sqr   abs_weight
    1   20   1.770718545558516E-013   3.643650764691694E-026   1.770718545558516E-013
    2   22   6.488432076650062E-011   5.058965967815964E-021   6.488432076650062E-011
    3   7004   1.693132194967090E-007   4.451466907698062E-014   1.693132194967090E-007
    4   20   3.141221318508969E-018   2.001616201117983E-035   3.141221318508969E-018
    5   20   2.588140406406815E-017   1.152096340115572E-033   2.588140406406815E-017
    6   22   1.011011860049385E-010   2.051956256555815E-020   1.011011860049385E-010
    7   23   9.670610692911152E-011   1.962740756190529E-020   9.670610692911152E-011
    8   20   2.588140406406622E-017   1.152096340115436E-033   2.588140406406622E-017
    9   20   3.141221318508969E-018   2.001616201117983E-035   3.141221318508969E-018
    10   6967   1.708859053080987E-007   4.533470758125228E-014   1.708859053080987E-007
    11   22   6.505015173982145E-011   5.177671295378902E-021   6.505015173982145E-011
    12   20   1.770718545558515E-013   3.643650764691694E-026   1.770718545558515E-013
  </DiscreteSampler_grid>
