 -0.00000510336795995  0.00001635762187853  0.00005744434653170  0.00010732608675689
  0.00017495986717394  0.00024489355220308  0.00031628751661176  0.00039066759728864
  0.00046347984154944  0.00053781090166985  0.00061350015559887  0.00068951495060752
  0.00076606685314118  0.00084716183972363  0.00093254183900980  0.00101817588269864
  0.00110302179017704  0.00118715271581270  0.00127027457527111  0.00135518747145354
  0.00144510429910149  0.00154158155304680  0.00164567511434813  0.00175167150365131
  0.00186462147447678  0.00198545640780035  0.00210129682687798  0.00221983773877372
  0.00234043086132284  0.00245817861156288  0.00257397333628101  0.00270079024248164
  0.00283566357157290  0.00297871504179970  0.00313051827679172  0.00328690310894113
  0.00346799818609843  0.00366028924310759  0.00385965978909617  0.00406878902222248
  0.00428788083993994  0.00451180780661613  0.00474433105675530  0.00499073108085898
  0.00525305507204620  0.00553686560870657  0.00588022016653114  0.00631773128102215
  0.00684487768040345  0.00745175875110681  0.00816429095490532  0.00897440996115436
  0.00988291243674474  0.01088067168657819  0.01208665518124269  0.01359237924469768
  0.01545699429345243  0.01781039000825065  0.02044310725132316  0.02374285337754930
  0.02832391996862850  0.03363398954475823  0.03905084367200873  0.05050562454245842
  0.06834273372871330  0.08619471407480085  0.10589928868474860  0.12697678351879274
  0.14825037886604323  0.16923015755668414  0.19029803345052704  0.21503929042111197
  0.24008518641712037  0.26466922642388291  0.28820474761837633  0.31236145880783278
  0.33868279232969850  0.36637012785715795  0.39413525595785925  0.42402250079956566
  0.45642553564661892  0.48706519968191170  0.51729079840134151  0.54579754804187530
  0.57455130159249168  0.60375754708071361  0.63211852266842328  0.66237659677664795
  0.69499704953727093  0.72763174309108103  0.76103582362154476  0.79526938511824130
  0.83098045595189951  0.87141898311074140  0.92008738276293678  1.00000000000000000
  0.14240776825908363  0.14480135685280271  0.14527442416571157  0.14616495735009177
  0.14828278075706094  0.14970870645515380  0.15072453446202544  0.15291688669505746
  0.15505331124320973  0.15730697574938043  0.15910361693868019  0.16025007245983433
  0.16145074679998708  0.16349353605222747  0.16611326441005703  0.16818483798063497
  0.17299129292438564  0.17793095443048093  0.18258390997785554  0.18867713059126889
  0.19494000339305720  0.20131652602300856  0.20778407602860924  0.21316801094349139
  0.21797747702767001  0.22196323367784868  0.22533247890287508  0.22853195493094031
  0.23155845405145911  0.23464670400568297  0.23778908440257876  0.24064317716781536
  0.24343955551778193  0.24621917398000434  0.24937090266757861  0.25329329901623110
  0.25810807535428254  0.26363185194404187  0.26944969921352502  0.27489983653093986
  0.27994882461209952  0.28501047139101243  0.28974562999992248  0.29431548715329731
  0.29890197476874802  0.30355862376877563  0.30870827007454260  0.31419362922622879
  0.32056510421604772  0.32750254886817609  0.33479945253492405  0.34217717822456339
  0.34954489455267712  0.35681783037726311  0.36407287207657368  0.37085492893303723
  0.37642716805995147  0.38104494444114612  0.38585734060381133  0.39075608750517787
  0.39559799911686266  0.40028645233834292  0.40531865724815430  0.41214503331939994
  0.41941606237388090  0.42748048160685381  0.43633569364118974  0.44563513849017772
  0.45526192680557404  0.46464391384892434  0.47372263614102172  0.48303072683007597
  0.49216111866599299  0.50037171360887001  0.50835017413195582  0.51604643766519964
  0.52339735689497735  0.53140904781129661  0.53978572571354433  0.54849600842360657
  0.55611921491264338  0.56370836181902284  0.57170867324327679  0.58017748263007785
  0.59005952711057097  0.60100141056597478  0.61108770447328375  0.62300349519904286
  0.63921556172436733  0.65778396096736447  0.67788342170271498  0.70450068628056106
  0.74668746833171351  0.81201482974724792  0.89251192305114213  1.00000000000000000
 -0.00126865737147897  0.00582532538985023  0.01434463492551608  0.02174364652093684
  0.02950367820211082  0.03873968042254972  0.04835375502649003  0.05682388469455439
  0.06487568916258854  0.07438097462005235  0.08623149952671208  0.09802356524592951
  0.11186853327788093  0.12560666183172650  0.13714953718587125  0.14859452242934743
  0.16002149342099514  0.17111665749360749  0.18201305673564905  0.19384302537930218
  0.20647425053852933  0.21930239995286138  0.23296684326121300  0.24544861020343667
  0.25731864550601224  0.27072237940194410  0.28402503619072783  0.29610051919821029
  0.30665338854500834  0.31639019899972110  0.32590700497752673  0.33564802275075267
  0.34668482148413066  0.35884234840316864  0.37127486396565285  0.38367178250994016
  0.39537570381639420  0.40648390200831747  0.41765897423608117  0.42962084349106050
  0.44233896514930232  0.45472772443962767  0.46499629734044595  0.47342854867418022
  0.48216780924441410  0.49108951018684849  0.50095691903234041  0.51073331086005469
  0.52097617210725600  0.53128738776572948  0.54124879174770080  0.55004619518576636
  0.55909227103903225  0.56886231045438829  0.57928280940976751  0.59104464023442105
  0.60388045240405641  0.61662761509783348  0.62890427554913397  0.64100072314312162
  0.65257702908184945  0.66340978731249878  0.67483906540606076  0.68524858241462439
  0.69604135976829318  0.70815456696862333  0.72026971420630792  0.73013736161362530
  0.73908886163949827  0.74866441332933753  0.75779050153174277  0.76627148920370169
  0.77384309598418000  0.78015365568691686  0.78714125993688744  0.79393642972207568
  0.80070640642045365  0.80781298429123471  0.81556196556211569  0.82249391863909826
  0.82858142286636127  0.83606970345699450  0.84683582205234886  0.85886794439449088
  0.87073126442481841  0.88285441507185203  0.89524900492900239  0.90742988463894059
  0.91929301347668002  0.93039854210358452  0.94059995282090680  0.95119676467744707
  0.96136441355240265  0.97256329554577770  0.98467231349861950  1.00000000000000000
 -0.00366976820984809  0.01151394306742996  0.02568303475084405  0.03758211945692021
  0.04745493598166315  0.05671270182733146  0.06603742050724228  0.07562194072431246
  0.08426054530694213  0.09459524096535971  0.10477555606489634  0.11298477397075431
  0.12003961423343518  0.12790429342283841  0.13579474185857832  0.14395745422956058
  0.15349617179489827  0.16673198172068338  0.17951751937973176  0.19175775337628403
  0.20401175498520518  0.21597967926069608  0.22615518357816417  0.23478267534349839
  0.24246509637808933  0.25083763728447345  0.26060303531346163  0.27035778410449379
  0.27954358089463172  0.28853361448691506  0.29834091675554986  0.30891239333095150
  0.31925540020393617  0.32985756640583624  0.34172724846481894  0.35406926919590404
  0.36586783707607140  0.37751220317507450  0.38944895825100728  0.40156736402601823
  0.41306974125176293  0.42392169849298234  0.43444855984950420  0.44498028081761354
  0.45649517043062837  0.46833869287825525  0.47981814966589098  0.49132699754817055
  0.50347023136444147  0.51542283023210023  0.52773577585518472  0.53996772093027667
  0.55218521630891537  0.56476113348207646  0.57747585344862151  0.58865202030139840
  0.59803097148137385  0.60661543751284619  0.61487390371042261  0.62376054710548590
  0.63442828611427660  0.64586868188666136  0.65775887028592861  0.66962885987899634
  0.68137987506421738  0.69367977695704941  0.70708849710908450  0.71960935758859224
  0.73228953756596360  0.74546920444051912  0.75859275805057447  0.77088059890957161
  0.78141770841625169  0.79223188710874037  0.80319357140786629  0.81441160301965265
  0.82542172001413339  0.83635272157040041  0.84693803887748653  0.85796622027949543
  0.86983596684102982  0.88293519404029008  0.89667544828709467  0.90931450445795392
  0.91858255431950853  0.92552287722485316  0.93309749736166459  0.94052495300534822
  0.94719073925971886  0.95388180763620867  0.96046105123313585  0.96636575754165821
  0.97232273221135890  0.97819775091628769  0.98658742403616695  1.00000000000000000
 -0.00098018578732145  0.00541326414234610  0.01389115233942064  0.02300098610833654
  0.03217019753222733  0.04116002729793755  0.05158573065606605  0.06387789150218237
  0.07695235408103862  0.09012868611686917  0.10267001229152929  0.11421782488914528
  0.12453735985888827  0.13536065787020549  0.14691672389003799  0.15873218330281802
  0.17127046550510180  0.18296362409118899  0.19292833330978565  0.20227565611349546
  0.21216298177082507  0.22152284520963705  0.22971216413411949  0.23563775637130316
  0.24179377661611259  0.24796831010211462  0.25429742555898516  0.26162855936644014
  0.26706803453539979  0.27030779068221555  0.27453533243736733  0.28260910826396651
  0.28820109853016906  0.29460145332470167  0.30723178878132834  0.32095749023104220
  0.33312778329667142  0.34402396512288397  0.35309029290496191  0.36218357751438685
  0.37126545229782065  0.38084263122903272  0.39122054418610608  0.40257142374894800
  0.41088651645520319  0.42023405136522624  0.42982944748647445  0.43921461907474946
  0.44816133010829157  0.45810278102483459  0.46730857214637633  0.47679941831138362
  0.48661358499485463  0.49693457397271118  0.50902328140161301  0.52113294633968210
  0.53274575304096472  0.54412256447511609  0.55554166752605372  0.56678759790829014
  0.57792587414747931  0.58893316026285414  0.59983152405621143  0.61124285365856568
  0.62300420473285667  0.63603984985883877  0.64911787802367460  0.66207623139177640
  0.67446695482880392  0.68669436224501257  0.69942713169290927  0.71237282257619927
  0.72446782877171656  0.73680246596175292  0.74928629398527458  0.76141574259766298
  0.77576047472824372  0.78979255608673471  0.80250044736675763  0.81475848828290065
  0.82671583499765799  0.83817637473248263  0.84978931977529248  0.86032330591134309
  0.86909775551754409  0.87794538797897093  0.88705005699692518  0.89751667808743352
  0.91024575702662747  0.92400134248980781  0.93771916958521073  0.95080674730657511
  0.96301906087674505  0.97566233554404413  0.98843867415977127  1.00000000000000000
 -0.00306910177727362  0.00950787469344675  0.02173050908440043  0.03446828717203310
  0.04711608213485829  0.05868486844081149  0.06959298017744071  0.08078201083658812
  0.09224028902950095  0.10289718770060345  0.11101797424540036  0.11818857970873478
  0.12498496595775839  0.13102522756836152  0.13692765209698454  0.14520238668673610
  0.15409793443132422  0.16330689069652574  0.17311746997485400  0.18338386413271426
  0.19547781371927142  0.20854770293996813  0.22120006136541734  0.23396825049260728
  0.24634364600835501  0.25813769847154766  0.26941051574056812  0.28124635512833795
  0.29319969520001626  0.30403140785741783  0.31147313540634480  0.31692552387319900
  0.32359782082660660  0.33034161200677464  0.33709915222681530  0.34400768722595126
  0.35116109849259264  0.35828396621905134  0.36484458184960006  0.37021046623423481
  0.37565434996499669  0.38363238565810948  0.39267883659748132  0.40035673367576757
  0.40837342859587394  0.41710718385673773  0.42572570139289456  0.43451789448936823
  0.44435464132390762  0.45622770652175182  0.46954989580225431  0.48319068151823019
  0.49641952740003320  0.50945177688409204  0.52220044099574014  0.53457897381463404
  0.54757229952820086  0.55871766866137396  0.56924183180842625  0.57937837428380956
  0.59007867746512521  0.60176962652871924  0.61354717951678905  0.62615943609338542
  0.63906999287689659  0.65205862137838155  0.66471474133360442  0.67646799749187758
  0.68669966203222776  0.69527201387971149  0.70415292977639621  0.71548041837004406
  0.72901007706074927  0.74262377877367869  0.75542210517712816  0.76742055507184903
  0.77916226301553582  0.79182028416654515  0.80551171026528290  0.81975467567740634
  0.83331561224618311  0.84569422547872963  0.85750457184264206  0.86940359481805640
  0.88131278942431746  0.89269538022583272  0.90365482114107643  0.91412619772407022
  0.92447794325011845  0.93520928819341953  0.94588731376854263  0.95677827418644101
  0.96804694030526051  0.97950307839040285  0.99006434070032501  1.00000000000000000
 -0.00290654098535289  0.01072870060055550  0.02376008060825769  0.03594427061331729
  0.04732900892143167  0.05814464442378273  0.06935143845013242  0.08029584838992943
  0.08886090477673272  0.09689577256554360  0.10545351914649471  0.11442429897621248
  0.12313751982083358  0.13236481993122551  0.14419198470733946  0.15709604765807500
  0.16877255022179521  0.17949358291013334  0.19048225834368221  0.20113410628977990
  0.21283912164545538  0.22440198667733766  0.23623483976960297  0.24799214240905851
  0.26013297308486433  0.27250435108214510  0.28501996496530613  0.29650297141527659
  0.30687753546476698  0.31694131807215492  0.32600748949856839  0.33469042938586802
  0.34412619737060257  0.35519157327647816  0.36765151959888653  0.38059638230953596
  0.39297372493775778  0.40499847592629123  0.41556155302638320  0.42374274662129546
  0.43129687619079116  0.43933303494994175  0.44860935941223068  0.45843281309701173
  0.46752468552261200  0.47690056542666237  0.48708469764716694  0.49828548842585152
  0.50973219693823457  0.52050050147356219  0.53121499718627618  0.54257230241091836
  0.55289778749443086  0.56167352151866101  0.57371426009160320  0.58232417222174637
  0.59079098141926201  0.59968695671144712  0.60840480892137105  0.61758657644502513
  0.62846611737947566  0.63963839828196933  0.65115960650377624  0.66420055334453465
  0.67852063853319500  0.69170593646169498  0.70321024068342863  0.71419992630970064
  0.72469951925474074  0.73509659568396635  0.74523296372444126  0.75596354075885219
  0.76792211998311322  0.78083523287775647  0.79449129848534794  0.80781095558578009
  0.82244412901569164  0.83343601784637189  0.83970186166807814  0.84689845145316300
  0.85418407009782871  0.86025530886993762  0.86676916386235114  0.87336665914889466
  0.88010918607203403  0.88741518908959538  0.89484669701272879  0.90466540608133672
  0.91686971670573925  0.92890301071513948  0.94035179665464974  0.95204999425299874
  0.96362452377847663  0.97548524712488627  0.98687298203267404  1.00000000000000000
 -0.00184106256898296  0.00789558314333976  0.01789133519591879  0.02742720358568865
  0.03663890505972692  0.04673657496743672  0.05745380516405720  0.06888076808476101
  0.08105977057210795  0.09337211144947459  0.10375559287765609  0.11035149542242827
  0.11751070045022514  0.12486525241555492  0.13282913093319837  0.14148021188147616
  0.15267358099506750  0.16640085236098551  0.17993022757247706  0.19206928396301773
  0.20276058457754664  0.21300799036529047  0.22412804615244444  0.23646344247108286
  0.24830708469312984  0.25708841625351425  0.26535778219791867  0.27362016518253357
  0.28156778299637575  0.29161739455652330  0.30291221327766521  0.31384012757768986
  0.32435485819318111  0.33369798489043184  0.34338828531035642  0.35362840853473265
  0.36516030810469818  0.37835950284649911  0.39234928530740582  0.40631720871820032
  0.41980759204145895  0.43254057439670313  0.44451908078861041  0.45620868592960784
  0.46801029997091514  0.48018122997058860  0.49291296612819524  0.50521895329396338
  0.51674096069425279  0.52799380503307380  0.53941405508894724  0.55155235753265541
  0.56407600098426358  0.57537043495355267  0.58430980861644399  0.59379490590118522
  0.60412600940386929  0.61455948532091920  0.62500914158861243  0.63550615005867239
  0.64667185042909880  0.65734853996149301  0.66510875520949353  0.67163140429309842
  0.67815696471225206  0.68808407609462008  0.70085561995712808  0.71357455514786472
  0.72500122013409218  0.73597763308249953  0.74674132233432111  0.75801150736115419
  0.76806386333528087  0.77527459886134575  0.78205754764709212  0.78901135364640074
  0.79635526342468010  0.80378634046912101  0.81123914173068046  0.81846399426298810
  0.82558384216601421  0.83244756838161271  0.84262058388456318  0.85649728729174657
  0.86867128305488084  0.88066384348993865  0.89212803520513995  0.90409931421607748
  0.91675815143828587  0.93013960533984097  0.94400157547985442  0.95754640079708431
  0.96984486004589554  0.98092334418675908  0.99044263692988888  1.00000000000000000
   8.8017531141696609E-015  -1.0000000000000000     
 T F F F T F F F F F F F F F F F T F F F T F F F F F F F F F F F T F F F T F F F F F F F F F F F
