 -0.00621737481751817  0.03476981279954904  0.05990690446045614  0.07951754947000016
  0.09647251619900205  0.11186712001088708  0.12606744803479178  0.13941520333729374
  0.15199658078666448  0.16407490434843203  0.17560906410334595  0.18682202159449407
  0.19761694259464518  0.20818411712948826  0.21841387723729425  0.22846169386434670
  0.23824757426868329  0.24789908294172228  0.25735627239451803  0.26668074264856911
  0.27585081601760075  0.28489852274305016  0.29382540511166733  0.30262480109633316
  0.31133233695256052  0.31992831896293744  0.32844495613742275  0.33687319576299246
  0.34521266214087304  0.35350010449726943  0.36172502485453134  0.36990213606442945
  0.37802739581451045  0.38609253155918161  0.39412324361357309  0.40210125939934971
  0.41004368277476955  0.41794914664717442  0.42581664493283383  0.43366179478000116
  0.44148405969685189  0.44928603455616234  0.45706579656788165  0.46482721553221062
  0.47257832660990245  0.48032682848415681  0.48807132500919381  0.49581492444243175
  0.50355109461834624  0.51130854388698288  0.51906767441429891  0.52683384606998751
  0.53459778656746293  0.54237794703457209  0.55017181090875444  0.55797864566966493
  0.56580479514194770  0.57365441572728748  0.58152483191406434  0.58942912296652816
  0.59736629956132203  0.60533746213532280  0.61337005019458213  0.62144139165718271
  0.62956930448668902  0.63774608807876587  0.64596540568873706  0.65425221058729766
  0.66259716338978580  0.67102279102719398  0.67953252960779786  0.68811023957968431
  0.69677890832116451  0.70553999200004824  0.71442180829917545  0.72342786612710774
  0.73255447950172636  0.74184548145642804  0.75126911981071065  0.76091381064446095
  0.77070112234650967  0.78076485889188196  0.79098629916624352  0.80155098470881392
  0.81233554690476295  0.82354175554328424  0.83506838767343849  0.84714819209596570
  0.85970768822756061  0.87297815370133547  0.88705939524912369  0.90230776777417854
  0.91913449456997254  0.93867382127686438  0.96398367801771978  1.00000000000000000
 -0.00248162697765794  0.00953475781169431  0.01962784006673205  0.03014765747069124
  0.04074605412034329  0.05136489722488676  0.06198388994092487  0.07249271090613618
  0.08301591322516350  0.09344076828012247  0.10387956131386497  0.11437466318253432
  0.12478709393701866  0.13540128967113868  0.14592193857965452  0.15646091522900776
  0.16703490557263795  0.17758424980699580  0.18809696549048024  0.19841626753461880
  0.20883604687593402  0.21944620227418582  0.23004605714579551  0.24068600162558601
  0.25124202192163797  0.26182388013345098  0.27247648112446210  0.28314265337516831
  0.29376443418648185  0.30422371429324641  0.31459210725744269  0.32500709007994638
  0.33540419482476785  0.34596882033187193  0.35654730853457300  0.36716597544519647
  0.37773927818874226  0.38824998801799870  0.39880891210942443  0.40942196323360081
  0.42011191024396249  0.43069028779600754  0.44122461673971486  0.45167595650975673
  0.46211697211471342  0.47252710534293801  0.48300644738184156  0.49368773266314042
  0.50428432578051419  0.51489808166811435  0.52536105553559564  0.53598896794368134
  0.54657707885418894  0.55741848997894483  0.56812698635185910  0.57881017042980099
  0.58935866222134636  0.59994469391495886  0.61051838580784756  0.62099556458027083
  0.63143581460604070  0.64190140916873950  0.65239976310522363  0.66297616625214362
  0.67348360389167461  0.68399160428026773  0.69442548158124129  0.70495663479252568
  0.71541463627869328  0.72584607371947840  0.73629137596220040  0.74681582242387534
  0.75747457915320859  0.76812543966008051  0.77864180203176991  0.78914095688083474
  0.79958688465942895  0.81019691731506072  0.82070607311731347  0.83126173537121961
  0.84188409188187918  0.85252639882234971  0.86315641073669480  0.87365788200627237
  0.88417875732442064  0.89464164329382678  0.90510667285864221  0.91569940478191159
  0.92632539203523623  0.93694170579377434  0.94732118504760632  0.95777404576607761
  0.96834777218147994  0.97897728067623224  0.98948893457734821  1.00000000000000000
   5.9107043573197776E-007  -1.0000000000000000     
  <DiscreteSampler_grid>
  Helicity
  1 # 1 for a reference and 2 for a running grid.
  20 # Attribute 'min_bin_probing_points' of the grid.
  1 # Attribute 'grid_mode' of the grid. 1=='default',2=='initialization'
  0.0000000000000000 # Attribute 'small_contrib_threshold' of the grid.
  0.5000000000000000 # Attribute 'damping_power' of the grid.
 # binID   n_entries weight   weight_sqr   abs_weight
    3   22   5.204572719325604E-010   4.967818565812062E-019   5.204572719325604E-010
    4   20   4.612449012581293E-017   2.564290352019243E-033   4.612449012581293E-017
    5   20   3.115851188162037E-024   9.647688765907908E-047   3.115851188162037E-024
    6   20   5.596262870981220E-032   1.005472545889026E-062   5.596262870981220E-032
    7   6234   9.043442722527333E-007   1.270310938848693E-012   9.043442722527333E-007
    8   20   4.335784306261299E-012   2.274108681829382E-023   4.335784306261299E-012
    9   20   9.911323762703006E-021   3.153823103954390E-040   9.911323762703006E-021
    10   20   1.684672132559874E-026   2.820334714635036E-051   1.684672132559874E-026
    11   24   5.007973783276829E-010   5.707850433648934E-019   5.007973783276829E-010
    12   20   3.658195676041857E-016   1.608807018646622E-031   3.658195676041857E-016
    13   20   5.797024370100372E-016   3.339489800565503E-030   5.797024370100372E-016
    14   20   1.041181695962269E-023   3.480383118918994E-046   1.041181695962269E-023
    15   20   8.970581660868050E-014   5.211941025046634E-026   8.970581660868050E-014
    16   20   7.945063378450877E-021   1.562538854106851E-040   7.945063378450877E-021
    17   20   4.609395251128332E-013   6.821217607771286E-025   4.609395251128332E-013
    18   20   7.835912713995561E-019   6.101596913263311E-036   7.835912713995561E-019
    19   20   1.421585355820339E-010   3.759389275984574E-020   1.421585355820339E-010
    20   20   1.038829520861308E-015   1.442954465145704E-030   1.038829520861308E-015
    21   20   1.855151710997447E-017   3.675537112977143E-034   1.855151710997447E-017
    22   20   1.041181695962269E-023   3.480383118919001E-046   1.041181695962269E-023
    23   7742   1.110331937495517E-006   1.918543753380417E-012   1.110331937495517E-006
    24   20   6.525979393955719E-012   5.027139990624818E-023   6.525979393955719E-012
    25   20   1.433099188507520E-012   6.593659322675930E-024   1.433099188507520E-012
    26   20   7.795326037023565E-020   6.489788120262368E-039   7.795326037023565E-020
    27   20   9.319363016136850E-018   1.602927390235924E-034   9.319363016136850E-018
    28   20   4.974015286419088E-024   2.924249684455235E-047   4.974015286419088E-024
    29   29   2.380344673301432E-009   8.774242775126628E-018   2.380344673301432E-009
    30   20   1.937112943046479E-015   1.204713813816266E-029   1.937112943046479E-015
    31   20   1.157519272236048E-013   9.507685160572678E-026   1.157519272236048E-013
    32   20   7.535746893134879E-021   1.214353097135659E-040   7.535746893134879E-021
    35   23   6.775472774188403E-010   7.175296469858648E-019   6.775472774188403E-010
    36   20   2.268917698547457E-016   9.734478436363573E-032   2.268917698547457E-016
  </DiscreteSampler_grid>
