  0.00028110911384166  0.00032521502687929  0.00036433396569826  0.00039836184942834
  0.00044141233514340  0.00048733442753295  0.00051267862469837  0.00052417623282737
  0.00052852207552577  0.00053290546033365  0.00053755650352933  0.00054234241395950
  0.00054757533134386  0.00055344749424988  0.00056060649481468  0.00056776528871357
  0.00057502231883118  0.00058346944952549  0.00059808767124762  0.00061207639353328
  0.00062810381785174  0.00066741801334731  0.00071615419919763  0.00074477069767159
  0.00075800384108629  0.00077123698450098  0.00078447012791567  0.00079770327133037
  0.00081293808986050  0.00082821707790862  0.00084349606595675  0.00085877505400487
  0.00087420285401901  0.00089094532605165  0.00090768779808430  0.00092443027011695
  0.00094117274214959  0.00096172035037031  0.00099349214749665  0.00103487222670137
  0.00107315519154038  0.00110086310983280  0.00112811703728046  0.00115520880741482
  0.00118197804873999  0.00121265356708791  0.00124515391053158  0.00127651119703012
  0.00133014663827504  0.00138661569041082  0.00145999521033772  0.00153750917132782
  0.00162324701577364  0.00174840078488057  0.00189121673143178  0.00206277669652707
  0.00223611298206568  0.00234736521500602  0.00240343401234059  0.00244018751833465
  0.00247269476098076  0.00251046620831987  0.00258853903841511  0.00267783121016096
  0.00274044804102010  0.00282211374727365  0.00288190682752933  0.00292585310797453
  0.00298403491991558  0.00304876991849903  0.00309049604550695  0.00314434108912152
  0.00317016696241862  0.00321536425083851  0.00337558742197844  0.00358192545153434
  0.00380714462349071  0.00405133739697602  0.00434562786959780  0.00517626312811543
  0.00617125042911545  0.00747766454111603  0.00857500916867352  0.00956087669738680
  0.01075956185330612  0.01173871557399522  0.01293195096258974  0.01365642432948591
  0.01421385010950267  0.01510473906371343  0.01616484788021800  0.01808694036921002
  0.02457062648438783  0.03261178493728205  0.04875095291463836  1.00000000000000000
  0.00033307783364028  0.00077935257993802  0.00100397235888262  0.00117417841483368
  0.00134699417471339  0.00159612799200774  0.00189644075084042  0.00208460633293525
  0.00222900918572267  0.00237958572238962  0.00254364433435323  0.00270770294631685
  0.00290158581570206  0.00310506674658135  0.00331119930258643  0.00363766468282195
  0.00396413006305747  0.00418521880776733  0.00439190649733660  0.00459859418690587
  0.00480528187647515  0.00501196956604442  0.00524918877933088  0.00548787835736953
  0.00572656793540819  0.00596525751344685  0.00620251875077226  0.00643208059861824
  0.00666164244646423  0.00689120429431022  0.00712076614215620  0.00747622784560628
  0.00798733370618447  0.00848381229356333  0.00896584833937375  0.00944556544129975
  0.00991979786990795  0.01033582478297637  0.01057856038765544  0.01077961972166932
  0.01091460608266563  0.01105253609615271  0.01123002859216617  0.01146824448578978
  0.01177888014032747  0.01205079573458948  0.01231985743990802  0.01263619006152066
  0.01308253196237450  0.01355078422987077  0.01395518342068586  0.01418984910420478
  0.01487412481424294  0.01573757203130525  0.01686281566177021  0.01821502369171029
  0.01905619449441113  0.01917526098594614  0.01927234094669247  0.01937094557133460
  0.01963533397478408  0.02006982076108162  0.02054313332635785  0.02100391154236026
  0.02152867635227391  0.02220226998889407  0.02300853177962586  0.02376767323330426
  0.02452064010705441  0.02497458898515244  0.02521284672332914  0.02554460296849928
  0.02587645809296137  0.02648568070458895  0.02715350228976688  0.02778952041346024
  0.02844849522234608  0.02926147726161056  0.02997740088435684  0.03055900372297061
  0.03259265481771551  0.03555307325114046  0.03786621209444536  0.03953524494757474
  0.04114525773137566  0.04382127449538424  0.04718408629309580  0.05171509497764845
  0.06100553898591433  0.07460091064441579  0.08945923872626575  0.09937176107256993
  0.11451987923064025  0.13012459266818896  0.14729531669732779  1.00000000000000000
 -0.00000000000000423  0.00000000000000577  0.00000000000001577  0.00000000000002577
  0.00000000000003577  0.00000000000004577  0.00000000000005577  0.00000000000006577
  0.00000000000007577  0.00000000000008577  0.00000000000009577  0.00000000000010577
  0.00000000000011577  0.00000000000012577  0.00000000000013577  0.00000000000014577
  0.00000000000015577  0.00000000000016577  0.00000000000017577  0.00000000000018577
  0.00000000000019577  0.00000000000020577  0.00000000000021577  0.00000000000022577
  0.00000000000023577  0.00000000000024577  0.00000000000025577  0.00000000000026577
  0.00000000000027577  0.00000000000028577  0.00000000000029577  0.00000000000030577
  0.00000000000031577  0.00000000000032577  0.00000000000033577  0.00000000000034577
  0.00000000000035577  0.00000000000036577  0.00000000000037577  0.00000000000038577
  0.00000000000039577  0.00000000000040577  0.00000000000041577  0.00000000000042577
  0.00000000000043577  0.00000000000044577  0.00000000000045897  0.00000000000048323
  0.00000000000050785  0.00000000000053320  0.00000000000056013  0.00000000000058732
  0.00000000000061680  0.00000000000067455  0.00000000000075298  0.00000000000083210
  0.00000000000091084  0.00000000000099204  0.00000000000108222  0.00000000000118510
  0.00000000000130978  0.00000000000144675  0.00000000000165086  0.00000000000183740
  0.00000000000201551  0.00000000000218944  0.00000000000240096  0.00000000000263394
  0.00000000000290014  0.00000000000323713  0.00000000000351448  0.00000000000378831
  0.00000000000407695  0.00000000000438449  0.00000000000518792  0.00000000000640610
  0.00000000000809740  0.00000000000939157  0.00000000001014564  0.00000000001088746
  0.00000000001202221  0.00000000001341472  0.00000000001478268  0.00000000001772627
  0.00000000002188972  0.00000000002765523  0.00000000003444507  0.00000000004370018
  0.00000000005436581  0.00000000007245990  0.00000000011566429  0.00000000042521440
  0.00000002978019977  0.00002805465996369  0.98265493194138509  1.00000000000000000
 -0.00675895849094511  0.01701222306386715  0.03896290140801846  0.06064511634759369
  0.08229235339343473  0.09857008200115044  0.11309075751267593  0.12735766581923733
  0.14141609817773265  0.15430733436025534  0.16500395100867224  0.17563896247623853
  0.18350647607563539  0.18705576639193980  0.19247735621682383  0.19699225494717321
  0.20077036276077340  0.21496188053868787  0.22957545085629208  0.23844591271936186
  0.24172803944770566  0.24287559577249551  0.24402315209728540  0.24517070842207528
  0.24631826474686513  0.24736972854362910  0.24841641265640715  0.24946309676918518
  0.25050978088196324  0.25191566108244451  0.25344192992554243  0.25496819876864041
  0.25649446761173839  0.26349485489619356  0.27026011075730705  0.27550027336525057
  0.28066469172223124  0.28949237864023836  0.29382237999658667  0.29763703582330076
  0.30162907454522742  0.30473492743137409  0.30968748668861762  0.31431197321091681
  0.31819341541794222  0.32142884546645667  0.32480839078973817  0.32825974361208521
  0.33437920180311337  0.34458373693120620  0.36065856273380764  0.38328954307837465
  0.41064908052026727  0.43635952668239314  0.46026980949153717  0.47377604624105601
  0.48332921276142732  0.49259523261832566  0.50008839302636798  0.51101966614111494
  0.52491662540596773  0.53810575669935590  0.55092042627567728  0.56358250087425221
  0.58204908609318284  0.60315491881379557  0.62582573934675922  0.64869171758649369
  0.66655260697021479  0.68393467390516471  0.69869596481370344  0.72112880322148631
  0.73887474778248874  0.74963222212438674  0.76049063024605945  0.77214159597135512
  0.78472925116633419  0.79437614156362446  0.80359924465907839  0.81360598149553287
  0.82622192611251233  0.85202530483056427  0.88533226501368700  0.90844705704103679
  0.91663558144218316  0.92372869299852089  0.93052025583986997  0.93744782262062820
  0.94323821746173409  0.94931554742256041  0.95890062501075857  0.97075846313984993
  0.97863240293944664  0.98583457655902063  0.99291728827951042  1.00000000000000000
 -0.00835491740898703  0.03985326383668335  0.06376328119169745  0.08398147538254408
  0.09925429433696889  0.11382171103758157  0.13355918413803525  0.15217346520597835
  0.16948606141770281  0.18311164375106623  0.19484682660505698  0.20488430087714091
  0.21272405809413053  0.22019900188241570  0.23078596606827961  0.24233195825360485
  0.25761358476142032  0.27445689643527404  0.28359944295299688  0.29261122342115803
  0.30147965024559503  0.30811820886621827  0.31609930789308549  0.32351293689629756
  0.32715650347212194  0.33082443280162677  0.33366035872148486  0.33846045953662501
  0.34186200867821614  0.34319548229022606  0.34452895590223592  0.34586242951424584
  0.34653876205782130  0.34708694389237121  0.34763512572692118  0.34818330756147109
  0.34857609322364713  0.34894896371438833  0.34932183420512952  0.34969470469587072
  0.35812103733025158  0.36527645111704965  0.37079066117046039  0.37602178538710990
  0.38238536892513997  0.39221843122717470  0.40008696571445851  0.40774143875653884
  0.41738213929594553  0.42736662985674584  0.44102998844640856  0.46105638283475897
  0.47801432519083736  0.49604330909647232  0.50824523810799194  0.52097578769803954
  0.53640909896062683  0.54613267026609313  0.55008901795102694  0.55254557810208138
  0.55500046849695672  0.55750036043553841  0.56138974900963234  0.56968341371155762
  0.57959017531309254  0.60194508929653512  0.62833444346505085  0.64136973145429244
  0.65300802254293022  0.66058684945782986  0.66816567637272961  0.67298606021931262
  0.67714913186776327  0.68200640945095214  0.68762758056953555  0.70302343271690082
  0.72825640008233006  0.74656994962096812  0.75827314915618993  0.76840237911772746
  0.77848420101578464  0.78636168061008604  0.79212107010715660  0.79832623871494790
  0.80408035637339481  0.80961049787642125  0.82181009645621250  0.83770510572620149
  0.85681227711480190  0.87463008428091860  0.89432253735820122  0.91636623401117467
  0.93171704868113536  0.94932178410997603  0.96997396140687486  1.00000000000000000
 -0.02011622786063180  0.11420505728379292  0.16713196346714473  0.21839851937651081
  0.28358312188743506  0.36662214150731165  0.45664601323903359  0.49811260019210535
  0.51911568746258563  0.53030279156511440  0.54109292285974653  0.54748738758998450
  0.55351330947239452  0.55968667287114338  0.56691745416208672  0.58380518607553455
  0.62519507847589695  0.69560948153015123  0.75692194617460229  0.78753697902666597
  0.79247568191422957  0.79736185360362333  0.80219597107818486  0.80669876454284772
  0.81302003947831281  0.82169873550763162  0.82449630148119024  0.82728209994641178
  0.83005984815399392  0.83284813309205141  0.83806998428897417  0.84179218172019532
  0.84541370806558014  0.84887931514639481  0.85369019179677053  0.86115044783132233
  0.87811470519570978  0.89111065576720372  0.90136378193889277  0.91119682248953238
  0.91744541175803895  0.92381075945867552  0.92750287980783275  0.93056964894817673
  0.93205851155975017  0.93399782608761939  0.93600034218459849  0.93783894482812447
  0.93967837447292502  0.94257409589655916  0.94499630743028018  0.94788921848218044
  0.95037471658870720  0.95262077646959775  0.95477270492532906  0.95735896802779419
  0.95949737782929700  0.96141378934332833  0.96234455380143002  0.96302901907804683
  0.96392201972504998  0.96489708187131473  0.96553864327394856  0.96641361211790089
  0.96722581051340595  0.97010435776218795  0.97071696054006995  0.97132956331795184
  0.97194216609583373  0.97255476887371561  0.97309214161698443  0.97362849216918934
  0.97416484272139425  0.97470119327359916  0.97520545931328473  0.97570333925490027
  0.97620121919651570  0.97669909913813113  0.97763691372408990  0.97847979350086833
  0.97988820019571876  0.98072065029826516  0.98147059908443846  0.98263003995119225
  0.98398407502053398  0.98530842676814079  0.98667430769322850  0.98800698385483721
  0.98894417577902094  0.98959478797197720  0.99024809805882430  0.99094205064391727
  0.99217532842525236  0.99375153983527675  0.99682695248463105  1.00000000000000000
 -0.00892355113455049  0.01578856994894600  0.03776654424058489  0.04523162566328597
  0.05267652907849310  0.06010235670402285  0.07194692489403509  0.08260168074943099
  0.09017636841697346  0.09462684538875150  0.09971414074567936  0.10641494297827717
  0.12257688644321638  0.14148737405688847  0.15214893056168238  0.15853359519923071
  0.16335153238521982  0.16841790859968714  0.17536364640797603  0.18088880150664033
  0.18714114296756032  0.20152831855666248  0.23324401559148572  0.24883375627625190
  0.25767742854945819  0.26653997561097348  0.27692674207708162  0.29074345733268464
  0.30470007022088724  0.31574788843773405  0.32387710241006129  0.33698071772276933
  0.36632394687199177  0.39947462189137523  0.40884838699120751  0.41564530423739454
  0.42142921941157857  0.42375241677040598  0.42597417157905348  0.42812343436417638
  0.42936977063066001  0.43164893000084431  0.43433166474861251  0.43559235622163062
  0.43685304769464867  0.43811373916766677  0.43947891999709698  0.44090684069320280
  0.44233476138930855  0.44376268208541436  0.44505199063076434  0.44624585427589208
  0.44743971792101983  0.44863358156614758  0.45359600576967452  0.46276586298958633
  0.47520424282023094  0.48658089361155971  0.49665692707838838  0.50792877402391801
  0.51413343925584631  0.51836224052654578  0.52245137503667638  0.52664565789847517
  0.53999438230803087  0.55132009413204119  0.56335249175289959  0.57613402770140110
  0.58949878476903184  0.60537207254396574  0.62707421427327215  0.64239096796014594
  0.65912750554380484  0.68835113314336405  0.71899853236430533  0.74685914175059964
  0.77342366846593968  0.79634930761571310  0.81497171653977485  0.82696894553645395
  0.83469738812219785  0.84004651510129669  0.84631606133217541  0.85901187126917167
  0.87199876319638814  0.88008392963100479  0.88832512611632175  0.90997277934020171
  0.92574607340626947  0.93833651847049449  0.94855397231442740  0.95799746884591053
  0.96746482390036792  0.97698282176434881  0.98649344814127371  1.00000000000000000
 -0.00282637330164587  0.00662158268671839  0.01783853269421420  0.03085753880119796
  0.04232146549386168  0.05678699248331370  0.07230751394216926  0.09365725813826639
  0.12416566163828795  0.15124661846340742  0.16538565384500001  0.18222836714739310
  0.20008456819329115  0.21050453696801172  0.22637452502404162  0.24560173860140819
  0.26334153913297076  0.28464471810569958  0.30523090399053243  0.31815779433075875
  0.33152039753187568  0.34882108245511867  0.36800917208231859  0.39002952834337523
  0.41778081947051027  0.44254710347635362  0.45495634685152653  0.46554357838700655
  0.47544422721238788  0.48306311686780584  0.49566235400628506  0.51071728148970130
  0.52237959863027694  0.52766115683953285  0.53163715163236314  0.53405207522357567
  0.53619963308830254  0.53827153838932540  0.54498577506208390  0.55164737066325287
  0.55842175891618118  0.56250146912430798  0.56557171148661067  0.56911150447915670
  0.57444820823817944  0.58337700112697333  0.59507264491916445  0.60405832695338146
  0.61152537119695061  0.61874954724989573  0.62372997512030437  0.62713423981751981
  0.63078256071053163  0.63404745532982865  0.63684093779522688  0.64065205952077697
  0.64593463876208768  0.64906168606440506  0.65204739603765349  0.66105886661954272
  0.68593905873551231  0.71444193201651285  0.73408189634268073  0.75050360202149224
  0.76033133885415272  0.76870405431833233  0.77261166360787437  0.77759205337419246
  0.78432019129663744  0.79166366201130312  0.79760636859838308  0.80268622175138260
  0.80793872058725658  0.81290150044958487  0.81784315106983607  0.82160672639926757
  0.82573068671251193  0.82956441065313236  0.83267773100652842  0.83579105135992449
  0.83890437171332055  0.84222866604361712  0.84800897589773960  0.85378928575186208
  0.85956959560598456  0.86534990546010704  0.87040225813625238  0.87529471988171081
  0.88018718162716925  0.88507964337262768  0.89447452366359248  0.90958518167946212
  0.92321423446889417  0.94097648226602637  0.96641181370790230  1.00000000000000000
   4.7246976595049660E-004  -1.0000000000000000     
 T T T F F F T T T F F F T T F F F F T T T F F F T T T F F F T T T F F F T T T F F F T T T F F F T T T F F F F F F F F F F F F F F F F F F F F F F T T F F F T T T F F F T T T F F F T T T F F F T T T F F F T T T F F F T T T F F F T T T F F F T T T F F F T T T F F F T T T F F F T T F F F F
