  0.00027785185694670  0.00039532345512330  0.00047987670584695  0.00055769178022661
  0.00063604735640962  0.00071906348765597  0.00080706590978968  0.00089645959777664
  0.00099041959661931  0.00109552233573011  0.00121817262190083  0.00136135738995418
  0.00152066589974812  0.00170010785093312  0.00189887549171643  0.00211509250720277
  0.00235256042543782  0.00260855530518419  0.00287729712412113  0.00317156005108760
  0.00351523355290490  0.00391670623011456  0.00436129590080981  0.00479246518124115
  0.00520257108933436  0.00564758587696833  0.00618296399000204  0.00685743878288751
  0.00763496119061728  0.00844447977453680  0.00912549066384244  0.00970870179655073
  0.01031307794739269  0.01093067055663965  0.01159415518960970  0.01231812876476292
  0.01320904645713760  0.01415520995808020  0.01521259566100051  0.01629643700354216
  0.01738023874704527  0.01857599214190553  0.02006219165782400  0.02192148523853215
  0.02401279767520068  0.02633174259880523  0.02910403063219926  0.03251002370888568
  0.03641953868872148  0.04009270881535806  0.04433117036438342  0.04904246375943343
  0.05597875389025865  0.06379103059031771  0.07134326952949238  0.07886202305765856
  0.08654941642567010  0.09481465092265644  0.10511510743382164  0.11540017631820360
  0.12545399276945635  0.13628155078121337  0.14579043284475066  0.15595125110837407
  0.16926918192307469  0.18665460953106505  0.20377662518400119  0.21897567221604544
  0.23431290579829589  0.25185060783858926  0.27017533609315381  0.28907294230382485
  0.31111346213884938  0.33371197044885448  0.36292188194015379  0.39681332079810611
  0.42455981782403646  0.44908110089017605  0.46999189536225744  0.48811465487310313
  0.50632910160369127  0.52836739121208187  0.55288998725880423  0.58052346696146373
  0.61429610724566308  0.64884362470414880  0.67976798806613814  0.70689212699461601
  0.73535374579274826  0.76484774609915795  0.79538638343103263  0.82844823386146060
  0.86074945787062929  0.88729792397909424  0.93839495045044674  1.00000000000000000
 -0.00500398656338016  0.02260082488233047  0.03933757331987153  0.05183388250991697
  0.06281374388823253  0.07327686145890933  0.08662885971827232  0.10004729713640800
  0.11175768374828812  0.12162901328730896  0.13031554587709898  0.13847545141832740
  0.14717223837199972  0.15704223190194372  0.16756638586298597  0.17903082301982087
  0.19063364784818559  0.20354262554409511  0.21334091316593098  0.22153621355649855
  0.23091732733481438  0.23975747389839280  0.24845721674798740  0.25768340128791412
  0.26638688276845607  0.27327967660448205  0.28094270714149067  0.28911367028083135
  0.29732516879904519  0.30726930414105386  0.32020031929978510  0.33325974760116212
  0.34455630041989177  0.35330265923535253  0.36229607119596602  0.37134578505707538
  0.38133754476900034  0.39247153711208793  0.40422574495708724  0.41713075392906951
  0.42901025498651185  0.43948646264258312  0.44942358444497221  0.45957090602051087
  0.46964187065180646  0.47954076572189247  0.48985260112838769  0.50117537855967809
  0.51269822907183815  0.52330176257685201  0.53303033057902927  0.54298225805549782
  0.55177383199256413  0.56003127016287213  0.56824028292619566  0.57595022139488883
  0.58536417353418124  0.59657138491600537  0.60803582001330669  0.61525008844943463
  0.62239808071539604  0.62914692391541394  0.63658916095061702  0.64537871186391127
  0.65448585108551838  0.66414618154886340  0.67546646960931778  0.68733525191460332
  0.69890436819276547  0.71030346472432893  0.72217093795623211  0.73339188309767389
  0.74449225693077892  0.75610175705272720  0.76787159578627628  0.77930529432562778
  0.79033309764421800  0.80164423083732994  0.81339047093322314  0.82479140858175060
  0.83666916451766515  0.84854712512616659  0.86032671704591779  0.87241389893896260
  0.88541685578491092  0.89834946423587791  0.91081138931954897  0.92216332553584679
  0.93317806776603052  0.94335630601577625  0.95373398258193287  0.96411110572965475
  0.97329072799170258  0.98206895432990959  0.99106909354010775  1.00000000000000000
  0.00000002625266170  0.00000006140391462  0.00000008445152967  0.00000010772173655
  0.00000013363245078  0.00000016312712489  0.00000019678595829  0.00000023538179890
  0.00000028026043390  0.00000033321934801  0.00000040126302088  0.00000048843193735
  0.00000059336474609  0.00000071205415289  0.00000083378786567  0.00000096747631760
  0.00000114705610768  0.00000133480713856  0.00000151224548332  0.00000174173603970
  0.00000200498523694  0.00000227387190223  0.00000254673690761  0.00000283430481255
  0.00000316923086084  0.00000353228565046  0.00000386088397753  0.00000419787897818
  0.00000458066127594  0.00000504164168407  0.00000555580144101  0.00000608478359924
  0.00000689738674682  0.00000767106468892  0.00000862132556337  0.00000996932906107
  0.00001150816933771  0.00001326805958095  0.00001531043338519  0.00001760764825416
  0.00002025226282663  0.00002335392592604  0.00002679608039402  0.00003035089003328
  0.00003440277944435  0.00003872037128669  0.00004264320078427  0.00004720890451944
  0.00005235820642705  0.00005856960753997  0.00006664021483270  0.00007477933444365
  0.00008399171914809  0.00009431525567896  0.00010674922482749  0.00012142246495888
  0.00013660330271423  0.00015194598338160  0.00016917782041636  0.00018821512336702
  0.00021074268369518  0.00023766206081423  0.00027003769934018  0.00031063055287989
  0.00035112031157704  0.00038519428932573  0.00041968506894395  0.00045541387920331
  0.00049855050068571  0.00054967193268687  0.00061763300683414  0.00068986741590126
  0.00076255971270175  0.00084088814229999  0.00092640170344513  0.00102034814507222
  0.00113675536288005  0.00128818804183510  0.00145947285739541  0.00164154664327142
  0.00183879003719518  0.00205124638827975  0.00230928520138360  0.00262983446388209
  0.00299647576661153  0.00338527144630813  0.00381572658057764  0.00430592967946837
  0.00488752259366646  0.00551646820542851  0.00623123700671330  0.00694655654701100
  0.00782649966985692  0.01211664591961538  0.39771561817024315  1.00000000000000000
 -0.00035608034387075  0.00014687153033791  0.00107462011995546  0.00250435383264371
  0.00405402666219011  0.00565372479228757  0.00723253271024800  0.00916513589213869
  0.01167947727277304  0.01470355324786538  0.01816127946305549  0.02215701741303065
  0.02687493843621219  0.03226321460932453  0.03797159408765836  0.04525228634471443
  0.05573130878429525  0.06677661650955360  0.07867176939084315  0.09206296397882169
  0.10766370492881812  0.12490743123065268  0.14561002489690800  0.16910926824264871
  0.19359021964511769  0.22079095404644933  0.24932598158232869  0.28066250412193683
  0.31935643662689828  0.35769347912955979  0.39805244546417518  0.43866848604770603
  0.47667254984185081  0.51183822796526146  0.54397660314072283  0.57636914312864584
  0.60889444728067943  0.63831013231274125  0.66385016367020144  0.68698062972301566
  0.70923691736839023  0.72863634227276852  0.74618327391553396  0.76251061076506144
  0.77933209321171715  0.79448867871090501  0.80801291223376182  0.82101394840177910
  0.83437377304153759  0.84571566545690147  0.85508338072868773  0.86396014480639072
  0.87293123086137314  0.88166893061181029  0.89003607492629710  0.89798147491033120
  0.90551668508747196  0.91254637687900342  0.91894448322785116  0.92474948648871724
  0.93023191398009530  0.93555821816219131  0.94027983086779354  0.94456594160672769
  0.94853213207370535  0.95243125481433011  0.95647288865949887  0.95977641202279640
  0.96258370795303339  0.96523937685929095  0.96782490104164332  0.97032370088182718
  0.97280093744576768  0.97522610185754621  0.97743989528597341  0.97944934421938301
  0.98131622200830304  0.98299232898869582  0.98456871049657713  0.98607088131881837
  0.98750969182659210  0.98888156688761608  0.99015306317710206  0.99136065191496825
  0.99242171949516256  0.99333997935789087  0.99420108204405855  0.99498450072175670
  0.99565550076069431  0.99634067734572729  0.99702436250575210  0.99765593232157712
  0.99826789727890186  0.99885817617914696  0.99943160211950366  1.00000000000000000
 -0.00193676490955213  0.01055055063444778  0.02164877654635036  0.03279653275393742
  0.04426367020292217  0.05530222778157883  0.06583441657968532  0.07616104351671178
  0.08638029030346921  0.09657306049434310  0.10704614469946333  0.11794201958758571
  0.12903942411122810  0.14020165876410112  0.15095779045642654  0.16104114796400365
  0.17151954267328592  0.18198775022815836  0.19370718303675283  0.20633706389141421
  0.21952675521263415  0.23338539487239904  0.24755408614714311  0.25931680561397574
  0.27029071636769009  0.28053169571887759  0.29027802234553185  0.29996023212617462
  0.30907097704381942  0.31924765939277561  0.32816066334584110  0.33746807773973753
  0.34665660695119122  0.35348534577983337  0.36087309457910849  0.36892669240484993
  0.37658857610741547  0.38401797062537524  0.39354426983401281  0.40303458667890446
  0.41133628767861852  0.42003333463072096  0.42915854192357167  0.43949313660865197
  0.44994022456545174  0.46069518685680855  0.47207399848833836  0.48320436119870835
  0.49246519860443583  0.50136263976984963  0.50968816928123750  0.51815461187915735
  0.52712398132131966  0.53579678340026260  0.54404862967096612  0.55278089931986807
  0.56172084911986886  0.57106711507614949  0.58136076099722667  0.59115652472726576
  0.60157936658290456  0.61149458175991944  0.62227937223962537  0.63328432646779376
  0.64549610227205845  0.65897925594375262  0.67059115061391317  0.68156886649248849
  0.69174248094366930  0.70265714604539631  0.71360875607174867  0.72546140019669236
  0.73762063059660810  0.74957305715049083  0.76041278478549124  0.77254681783844947
  0.78459034797010063  0.79567725174349924  0.80607545864361885  0.81714893303964375
  0.82840042294262595  0.84019544249205347  0.85226272583157248  0.86360502313979137
  0.87410385054767836  0.88546116012853149  0.89720836457760544  0.90957888040340917
  0.92304076956420622  0.93641055266329043  0.94903592472890352  0.96021759134126050
  0.97030908195406829  0.98012229754787905  0.98962547969021208  1.00000000000000000
  0.00249294556898667  0.06815238298228622  0.10375743271714628  0.13391031123553829
  0.16353917291692086  0.19282545608980228  0.22316347736048039  0.25067207920741602
  0.27817911391494882  0.30288599897698459  0.32289930848675114  0.33977844457925022
  0.36020967965089512  0.38025296456363217  0.39784520909685894  0.41232007963599643
  0.42421836490339054  0.43585410162669369  0.44910851921541017  0.46101388033527196
  0.47141232645195269  0.48246291363512706  0.49444906339048778  0.50693768160956643
  0.51970641638410697  0.53159412129812278  0.54302514196246776  0.55248381857696049
  0.56196520121748927  0.57121408239799065  0.58089225342116091  0.59182426205099359
  0.60366842198539972  0.61583082648652587  0.62765001124667075  0.63786254663125808
  0.64753978754317543  0.65617466866387819  0.66411696710531387  0.67152724316684553
  0.67879487323971044  0.68636973121466360  0.69406343846152163  0.70164627040012995
  0.70898226649860696  0.71583898616886199  0.72232836821503932  0.72822215684686986
  0.73433041816189371  0.74035195242101792  0.74761630467009144  0.75323626897652940
  0.75764924135780010  0.76210647959659461  0.76675114149812651  0.77149126688020109
  0.77856169737092096  0.78619382258025661  0.79331358548356190  0.79995193971774892
  0.80646715303403693  0.81304339198238607  0.81886595478999935  0.82487515776013987
  0.83103547116729914  0.83724902215180430  0.84343745331740083  0.84909584624286394
  0.85472450211246787  0.85990984391897796  0.86508260753560717  0.87012839081323945
  0.87500864457820837  0.88013320430481656  0.88563401955351828  0.89115626420790905
  0.89662421498936640  0.90205370857938172  0.90739396780789872  0.91249212614438913
  0.91749802534293090  0.92288747148744255  0.92830843597376833  0.93374574781115938
  0.93907296100424731  0.94454635622289485  0.95048792164295659  0.95604917364280895
  0.96209098876421995  0.96786600784564503  0.97340293309639037  0.97880329487510331
  0.98404723035078157  0.98929243272473777  0.99458643165869121  1.00000000000000000
 -0.00274208535867514  0.01103072522478580  0.02232254023093342  0.03331718631784079
  0.04466406505491909  0.05696437942007500  0.06992659381508129  0.08265076635073534
  0.09566609935469086  0.10728783678203693  0.11775308646823973  0.12779259281490613
  0.13566304610676203  0.14491452246277231  0.15552808389523404  0.16699174080959045
  0.17862978563671683  0.18977944707745520  0.20091409883113473  0.21244912098280910
  0.22377834653828690  0.23458865501768286  0.24453077690152017  0.25389895094165599
  0.26351719587606026  0.27251218351778489  0.27960128119727251  0.28670769950273267
  0.29370352672621808  0.30045795406471459  0.30699998865215428  0.31387264234451751
  0.32105167920377470  0.32842329320187358  0.33691714725709565  0.34867697426037952
  0.36018736966341047  0.37295695723022015  0.38568505739872100  0.39694407672148740
  0.40601407913167115  0.41492891279050548  0.42483751584068941  0.43420119008153435
  0.44331521013530167  0.45140131557485047  0.45958147256019616  0.46973423251995372
  0.48071494654831615  0.49123936442631222  0.50149625692224675  0.51104603819918648
  0.52092354634882432  0.53213145894700165  0.54458372586258286  0.55743335453098730
  0.56960148744164874  0.58134154948461902  0.59304290971718721  0.60397915805265212
  0.61416536178659098  0.62412768036309774  0.63380284432007228  0.64391576166213560
  0.65542655772633263  0.66842210571084459  0.68177080307527460  0.69463855051614221
  0.70668452279119809  0.71813906738975974  0.72943212047583772  0.74115507803596492
  0.75408286590378404  0.76746861078977158  0.78076012030313935  0.79346143296323191
  0.80589808342401559  0.81942802387800584  0.82823245198645790  0.83650277693488462
  0.84445864808879301  0.85248727997130547  0.86147906459002277  0.87468456504270475
  0.88662388849553342  0.89656665191857587  0.90679374912326771  0.91757586875525809
  0.92938087704434014  0.94067872899010463  0.95340170769084043  0.96553593190423903
  0.97589589999018300  0.98485395197597503  0.99250324274138468  1.00000000000000000
 -0.00187885824555000  0.00927400989549238  0.02018738203257293  0.03146777034342553
  0.04353723291903670  0.05557321174813344  0.06756879497475797  0.07800646755333805
  0.08843281857195728  0.09927221379253762  0.11177289764328056  0.12482904239423107
  0.13820701756666826  0.15126272132762722  0.16278228940897990  0.17267494271401151
  0.18110294886113595  0.18971741159878461  0.19803223251125687  0.20687072324561376
  0.21671934863485870  0.22679096087729164  0.23613765462848352  0.24630223807977028
  0.25674649365583230  0.26692450898885617  0.27647243079650136  0.28543103255772256
  0.29461432066426724  0.30501245713555214  0.31545252725124612  0.32465262948126777
  0.33208985079664793  0.33758686878724115  0.34325258020735105  0.34826221681531316
  0.35358352867300752  0.35999095521954821  0.36676916557018802  0.37601671348826382
  0.38877860925602303  0.40145093129526960  0.41466414422994902  0.42888787680186097
  0.44406423505627735  0.45932210038675197  0.47375510701503321  0.48731053805720603
  0.49970891237870591  0.51152261741748450  0.52260838299498591  0.53313831370721954
  0.54317423749673643  0.55335114472268421  0.56373038886137117  0.57415396797757923
  0.58459796839690559  0.59478200155039096  0.60495479759333914  0.61533914481012408
  0.62608652721587155  0.63781394174143813  0.64920828309031520  0.66089734527799748
  0.67164953044250963  0.68156997244068573  0.69080472760519074  0.70004095078085804
  0.70923706136381759  0.71882512223996009  0.72941819658190621  0.74157977016075916
  0.75522067206687271  0.76788766706400269  0.78043010200766982  0.79274881817345755
  0.80423937642912713  0.81595712440786994  0.82628891505845958  0.83665530584494241
  0.84583484946376297  0.85538624741210134  0.86474665996731537  0.87575793468044905
  0.88765921344465726  0.89829390953459232  0.90731907323636707  0.91625536285822218
  0.92596464756436658  0.93627510119626289  0.94671580081176177  0.95733084160180959
  0.96878242364334133  0.98016003955261122  0.99035586630912820  1.00000000000000000
   2.6499205728508603E-009  -1.0000000000000000     
 T T T F F F T T T F F F T T T F F F T T T F F F T T T F F F T T F F F F T T T F F F T T T F F F T T F F F F F T F F F F F F F F F F F F F F F F F T T F F F T T T F F F T T T F F F F T T F F F T T T F F F T T T F F F T T T F F F T T T F F F T T T F F F T T T F F F T T T F F F T T T F F F
