  0.00006397685704010  0.00006824082824042  0.00007080577235631  0.00007266268052914
  0.00007407148984263  0.00007537215869446  0.00007659136896574  0.00007773827864125
  0.00007881225112067  0.00007984734790133  0.00008079807714714  0.00008164070169555
  0.00008241737272208  0.00008312794986808  0.00008379480886676  0.00008443841790110
  0.00008506615227463  0.00008568531404296  0.00008630460610752  0.00008693700186920
  0.00008758630684744  0.00008822141183236  0.00008884609814320  0.00008947561497900
  0.00009010951588154  0.00009071893522153  0.00009130445881497  0.00009187402394739
  0.00009242972105861  0.00009298435626613  0.00009354834270177  0.00009410199135294
  0.00009467709560764  0.00009521219666811  0.00009577096394756  0.00009631296644894
  0.00009683548213940  0.00009736989275486  0.00009788938623925  0.00009843576606931
  0.00009901478641728  0.00009960338467169  0.00010015277732100  0.00010068429625363
  0.00010123223736433  0.00010180267605435  0.00010238666057315  0.00010295830402917
  0.00010352668285621  0.00010414550434841  0.00010476851425595  0.00010538962173781
  0.00010601908774611  0.00010665697717068  0.00010733870185762  0.00010801444429182
  0.00010869754277997  0.00010937894118959  0.00011004935549775  0.00011072848128145
  0.00011139564775720  0.00011204857514365  0.00011271085044198  0.00011340793623707
  0.00011414501967067  0.00011489303794000  0.00011564940311151  0.00011646666653154
  0.00011727880827067  0.00011809240772657  0.00011890765521059  0.00011967483830461
  0.00012039050174586  0.00012108675454879  0.00012180414256168  0.00012261454702053
  0.00012348843183515  0.00012436846387590  0.00012526047263539  0.00012620561701029
  0.00012727546099064  0.00012852874442367  0.00012989922089961  0.00013132725708194
  0.00013283295550985  0.00013438438692049  0.00013603478165912  0.00013783025606715
  0.00013982390732611  0.00014217157876021  0.00014578022867721  0.00015087022275724
  0.00023318179459312  0.00094756661204763  0.00700164916825044  1.00000000000000000
 -0.01012341999704071  0.05600578909653076  0.08602214026254240  0.10815034557690283
  0.12652713411676841  0.14346301963253097  0.15865478933439001  0.17269901975694996
  0.18598965410826634  0.19818475964436269  0.20889403011526941  0.21763223424554939
  0.22576153976839097  0.23348606860328461  0.24124442620012690  0.24937899489322496
  0.25784372322553306  0.26537197144795882  0.27223570038987294  0.27963060328865730
  0.28705041180195273  0.29505746389887122  0.30346047717758040  0.31191758322670826
  0.32020168162372575  0.32848005204676012  0.33682800658710987  0.34523249612913498
  0.35317733775569615  0.36062682672476887  0.36798730339380875  0.37554264114358460
  0.38218147256599400  0.38854747246627303  0.39478384088109020  0.40087337799973410
  0.40768318150352761  0.41444552257466533  0.42142047819471795  0.42843324916216391
  0.43501983636013208  0.44118078617928380  0.44711169038939980  0.45303117485488154
  0.45993895430208975  0.46852589732427119  0.47731994045285653  0.48486601035672705
  0.49165887546768877  0.49801632838275756  0.50414833730344633  0.51041783812534347
  0.51685894205897498  0.52375620855928084  0.53093764097244556  0.53778430538517030
  0.54465177651861540  0.55182627996254041  0.55914821124091518  0.56733212255516086
  0.57575950567077239  0.58408395869030150  0.59226789310242089  0.60029375610157010
  0.60883413179870305  0.61871975435644677  0.62841236127456046  0.63850769855576273
  0.64850772195531925  0.65805440128376369  0.66673426486427911  0.67426688797671341
  0.68072548106457142  0.68711857290614253  0.69349795568786199  0.70060884385674671
  0.70962751308218119  0.71920512574063844  0.72826819122368869  0.73670778813369597
  0.74504207733960670  0.75423786873399212  0.76379232676415509  0.77375338551658968
  0.78346389804202843  0.79431711921289760  0.80755699284332383  0.82039680069977716
  0.83318231266120346  0.84452878384666752  0.85492004408990840  0.86588141516089367
  0.88170563551730163  0.90244085585593670  0.92911933157011872  1.00000000000000000
 -0.00150409635745928  0.00924908016630833  0.01840605521904045  0.02744091947428735
  0.03635959741976984  0.04493431839734745  0.05430291540918085  0.06250260326333237
  0.07812522393930554  0.09087297719735211  0.10044922577875874  0.11135095164296779
  0.12242947764690550  0.13427462807426524  0.14635090149028265  0.15796803345868865
  0.16872630457432242  0.17796770790874838  0.18779693602739783  0.19724325300332257
  0.20686246049062001  0.21698069431612754  0.22714529250876672  0.23641528247495891
  0.24568764054419082  0.25592071459953991  0.26703024254759533  0.27775720404138610
  0.28784421618169592  0.29826904561543344  0.30910042351944544  0.32001058027760171
  0.33080291877037771  0.34136280202421843  0.35229723530333351  0.36422290630707305
  0.37644347504054698  0.38780757751667189  0.39856006539606353  0.40927927901312416
  0.42013632582188543  0.43130324122523572  0.44299972663006887  0.45571324613565900
  0.46920467746875022  0.48470491012795014  0.50016933360065452  0.51337858912244339
  0.52518899319416268  0.53748460570447865  0.55013465209140677  0.56216490558417731
  0.57267356828620686  0.58265538951310458  0.59284500905491777  0.60294513380502190
  0.61272505875489602  0.62220782153979348  0.63232512353845882  0.64454727720528981
  0.65620498253076953  0.66789352164590043  0.67858969308975647  0.68971485332309534
  0.70132019540001311  0.71299274151878556  0.72452622327948590  0.73595206097017474
  0.74723413741631284  0.75817685246280164  0.76852922768185306  0.77811333820897333
  0.78750975205486173  0.79789875351489581  0.80861217815207376  0.81929507007133540
  0.82965309520643127  0.83847882654789696  0.84737325292755517  0.85639498476698395
  0.86566206098455267  0.87545413014397067  0.88485752328280254  0.89334078728507782
  0.90211222516723177  0.91117863220148154  0.92061059024365777  0.93064620017259914
  0.93993482059707756  0.94837531319786406  0.95714069250017841  0.96550864565643979
  0.97462816961067045  0.98336521431521629  0.99169155070579074  1.00000000000000000
 -0.00296400311964340  0.01082876201819824  0.02339939322751003  0.03547879121294544
  0.04809927590005052  0.06130402288251315  0.07282905335432584  0.08403187983510041
  0.09480019383477464  0.10506658329345740  0.11509917190344973  0.12515377181012499
  0.13524035639680121  0.14559453123685212  0.15568837346286138  0.16560351137316759
  0.17535406229918801  0.18570497820342935  0.19727364110550241  0.20970197782943847
  0.22267689388648121  0.23540578626137890  0.24729693574758607  0.25875571551590759
  0.27132856674021544  0.28550410747121496  0.29923368691967367  0.30861118356966943
  0.31780957704653034  0.32647148579690100  0.33534358048447988  0.34372522988454729
  0.35205412438558076  0.36066988819908102  0.36957709415800227  0.37908150292474047
  0.38939517861222533  0.40058910507896112  0.41274864072184642  0.42518843744268986
  0.43734464789592487  0.44928257563331958  0.46033901897187091  0.47077492631680462
  0.48133825710169487  0.49263366689136501  0.50345835345662027  0.51220942032869199
  0.52107135974856522  0.53009851441203226  0.53834120559662035  0.54652019186156109
  0.55408719874540768  0.56203803240691164  0.57585073346092563  0.59157795385042711
  0.60567102223088165  0.61813692735254000  0.62896290460410809  0.63907110663190392
  0.64967505209132670  0.66158664706195813  0.67382991547827842  0.68575166433716594
  0.69819614054678603  0.71076992023108654  0.72280542408711146  0.73535325723058587
  0.74852889675015688  0.76169818356222774  0.77533415158370855  0.78825815992481618
  0.79831198774214274  0.80725002802669288  0.81576826549428205  0.82398123432268999
  0.83346437032168152  0.84325578007709934  0.85323528576852692  0.86268644671914829
  0.87208052669308711  0.88108889403387902  0.88964120221439669  0.89730367361047092
  0.90443522130413845  0.91203805520139181  0.92105354228274283  0.93012358644902793
  0.93907158686012382  0.94767856217736379  0.95613880190474509  0.96439504041771662
  0.97299950807347801  0.98206928049831044  0.99129084882618246  1.00000000000000000
 -0.00447083203286576  0.01130837987660963  0.02593619924763415  0.03936993701429748
  0.05148362487329656  0.05994029383845067  0.06740574330453362  0.07370162910192440
  0.08011678361278479  0.08717227566012521  0.09513934141390004  0.10375679187663325
  0.11244924529489136  0.12089574539036729  0.13019169021458940  0.14076859129737085
  0.15086353672470082  0.16017495041846952  0.16902655313123835  0.17822914193308717
  0.18767544710960851  0.19681808653686567  0.20592594858718316  0.21707758865353777
  0.22862145221499747  0.23957589057835460  0.24892174600756686  0.26086058881397939
  0.27332128912911785  0.28574842285743790  0.29733285834086109  0.30802170886014801
  0.31930359474659659  0.33095322153608225  0.34167873549062949  0.35229642242712433
  0.36366345730415878  0.37473562520713788  0.38519190606445602  0.39603051240194626
  0.40761716892583788  0.41932618444644637  0.43075478837999165  0.44228249256002783
  0.45353651589775229  0.46432467719324461  0.47435696400717953  0.48495932521790935
  0.49562834482030255  0.50711852385917167  0.51616066056401211  0.53810225848901649
  0.55273933865696778  0.56539949717997418  0.57818661239458469  0.59116359209843505
  0.60555763317198863  0.62091868689057383  0.63537450286262431  0.64849935615526078
  0.66109676620767310  0.67403676245899591  0.68625745362831969  0.69707860498377860
  0.70785396663429001  0.71802437761934013  0.72704924346236366  0.73556249267675167
  0.74458264799358420  0.75354027610724317  0.76239212485944807  0.77127060299826200
  0.78069421576598474  0.79043196096351021  0.80029217554589804  0.81075145647691904
  0.81980035085838365  0.82931820969360381  0.83894021329189206  0.84848323996382269
  0.85719852322208534  0.86554993196403385  0.87410038455622729  0.88314815143130221
  0.89201148885827930  0.90075377418815539  0.90903292183123230  0.91698209702752531
  0.92434474120016485  0.93165905165157326  0.93929980224988985  0.94730788187817683
  0.95738489985698993  0.96846182544585480  0.98206722102856903  1.00000000000000000
 -0.00289996464934431  0.01070320159430664  0.02258498491728274  0.03369719883813681
  0.04484176896524000  0.05596091441554014  0.06614851108886079  0.07521581624838443
  0.08429187919761590  0.09321165675760161  0.10206559519181012  0.11060572449712050
  0.11879438470279538  0.12711394050574076  0.13572731090697060  0.14350089740798413
  0.15095182172359628  0.15861804631121029  0.16710776133631058  0.17592065676130009
  0.18446226671260202  0.19280430216387043  0.20037535247264093  0.20748175638707542
  0.21524743307373709  0.22404648485947409  0.23378291458668429  0.24542199933162687
  0.25617797980763973  0.26605601632073611  0.27612412296766281  0.28576713030250223
  0.29693450698102919  0.30966013006964105  0.32240545287540440  0.33496843980512025
  0.34680890328774822  0.35813418962537757  0.36831432304380357  0.37888766249647710
  0.38962597647906994  0.40007241699146107  0.41018897934565490  0.42058361863439492
  0.43118850911504730  0.44125105917054064  0.45122290700692591  0.46171165786160312
  0.47262511320423362  0.48279595110878959  0.49212755401367714  0.50094417906367883
  0.50982612058198851  0.51903071397255185  0.52907763819152664  0.53926739812998914
  0.55052496427734665  0.56261783863334358  0.57460045320045638  0.58696764813165747
  0.59884383749306669  0.61035100676252219  0.62120372653653877  0.63296857532005546
  0.64497875491225953  0.65778282421153511  0.67003784574102299  0.68170635547168790
  0.69385668259281275  0.70494218978636514  0.71533354204593336  0.72687215382539572
  0.74044193146239901  0.75514154014003687  0.77013626314498784  0.78461159900645461
  0.80005943378940225  0.81516221753863338  0.82843050107955019  0.84166913479124150
  0.85445898141640619  0.86747730228722852  0.88086633668683456  0.89363064977259965
  0.90444067352921775  0.91378106381675372  0.92408772077508283  0.93391274152859793
  0.94194632873168649  0.94917715214792586  0.95704604991912212  0.96598148511392101
  0.97491919279284500  0.98377111701934594  0.99217726672678364  1.00000000000000000
 -0.00018065934393307  0.00098707833981980  0.00181989068592299  0.00254539994781293
  0.00332127466746418  0.00410687545396156  0.00485323538032739  0.00558723546768967
  0.00631541100331414  0.00703380216566588  0.00773556612690381  0.00844940314324760
  0.00916454974620550  0.00987616938676265  0.01057921726840406  0.01132160833352948
  0.01212087160807930  0.01294528171791423  0.01378251003159619  0.01459643200029614
  0.01530136642575542  0.01591504765002022  0.01646394508863978  0.01682229565210345
  0.01717045332127023  0.01751188807830964  0.01786722382521742  0.01827405935631692
  0.01887156579289457  0.01939722287125368  0.01991492439621444  0.02086479695679922
  0.02130436517126832  0.02170736187139361  0.02212931786008257  0.02252525970597150
  0.02279776092164770  0.02307026213732389  0.02541876973313726  0.02803237995582574
  0.03153776591552069  0.03551605558818850  0.40000391393121765  0.96080097094414585
  0.96166741209178386  0.96256578797697923  0.96353816115673918  0.96451053433649925
  0.96625088438695894  0.96843338733825901  0.97059435258045323  0.97180549039833775
  0.97301662821622226  0.97418247122723589  0.97468827692611426  0.97512526806756550
  0.97556331147198672  0.97600884728625625  0.97661206065219675  0.97703187294298810
  0.97814698473262585  0.97922021895862255  0.98004923984609604  0.98117518619026134
  0.98222198165868124  0.98284074314112446  0.98327420745593697  0.98362679550061261
  0.98397360918909704  0.98434318190118719  0.98473162217026666  0.98508111803215104
  0.98546399102891857  0.98593877988093126  0.98640274401130401  0.98685601901185582
  0.98732767908617292  0.98782527924500818  0.98830960778698873  0.98882544276303463
  0.98944150098848349  0.99016664201976667  0.99088048709969256  0.99153935489325118
  0.99218974124965997  0.99282064594733233  0.99343839091456987  0.99405619143766022
  0.99468089327179676  0.99533817278161019  0.99602651757077521  0.99676595679067959
  0.99756472831725973  0.99839610004172985  0.99920903112827841  1.00000000000000000
 -0.00257715787407147  0.00991263161948466  0.02053063957483231  0.03008135909086521
  0.03986462690992303  0.04998269031185833  0.05958352908755475  0.06923888900838890
  0.07859116238803450  0.08877134415491370  0.10017322410750934  0.11125604146853908
  0.12124092177940531  0.13117009274642313  0.14098088458518723  0.15185955090474376
  0.16289571402014899  0.17296162807462273  0.18277650630410450  0.19293502682737110
  0.20459122880448266  0.21439532807848660  0.22353192321668844  0.23253081474775886
  0.24188990932780102  0.25131236733870055  0.26058847321714135  0.27021961374906261
  0.28048951983497378  0.29108397530569280  0.30213680796665143  0.31369015208247875
  0.32534806406282629  0.33708972500770273  0.34846339191132675  0.36083301366528819
  0.37439001988608844  0.38699172614552074  0.39892826779935803  0.41017776570713327
  0.42183926294148677  0.43314756991373621  0.44155475622838430  0.44862531011072582
  0.45569402643833329  0.46416163006318045  0.47341586581599865  0.48222757765068630
  0.49102081159047106  0.50036260723583292  0.51154800520724431  0.52251591933488906
  0.53286118416657280  0.54292947891694188  0.55371880969075660  0.56488367204417411
  0.57599319391788384  0.58895396779434339  0.60308487468066663  0.61478166138834522
  0.62471881835371501  0.63447559028748068  0.64420620205501933  0.65402413221195221
  0.66345750128977821  0.67471252181012087  0.68807182666060507  0.70169322727219063
  0.71400089954926038  0.72528998860435534  0.73563597655046897  0.74526909403031638
  0.75536652965040285  0.76667362070635325  0.77824807300233112  0.79252319552012351
  0.80728246251311497  0.82088134862356654  0.83267316831417837  0.84358693014346264
  0.85417930179369916  0.86434769554342550  0.87512112600765390  0.88564545661394789
  0.89546979654903436  0.90523029389372189  0.91525112442584844  0.92497430666362490
  0.93410006042831795  0.94320377571653824  0.95224779916357194  0.96116586347418065
  0.96975687058514815  0.97803961540223749  0.98910000645803320  1.00000000000000000
   1.0900146810688515E-022  -1.0000000000000000     
 T T T F F F T T T F F F T T T F F F T T T F F F T T T F F F T T F F F F T T T F F F T T T F F F T T T F F F T T T F F F T F F F F F F F F F F F T T T F F F T T T F F F T T T F F F T T T F F F T T T F F F T T T F F F T T T F F F T T T F F F T T T F F F T T T F F F T T T F F F T T T F F F
