  0.00002709741343993  0.00030654333304214  0.00054944448215993  0.00069632155167216
  0.00083395656926104  0.00101620705178134  0.00126530702514071  0.00152852015751268
  0.00176081599855745  0.00197238868866137  0.00219248068936316  0.00240750001699238
  0.00268344515504275  0.00300915862888858  0.00336203945442317  0.00370298932990285
  0.00402362201312318  0.00434948386834721  0.00464430490622837  0.00496010708412101
  0.00532906577463776  0.00580477170410093  0.00635084394926395  0.00687707262345014
  0.00746066126019625  0.00805493918068513  0.00873391732116246  0.00931578811792595
  0.00993300139942466  0.01053850321799678  0.01121284878658706  0.01193240090612379
  0.01269241231841153  0.01349673104436269  0.01442587802734201  0.01550725941023555
  0.01658967360106691  0.01752440422296282  0.01821480056693974  0.01876763837239987
  0.01943724339193497  0.02018619585458931  0.02082312447899288  0.02145485542685979
  0.02214171634416599  0.02291591286916924  0.02368243374793596  0.02430724406889928
  0.02523274487061086  0.02662282767409375  0.02797315647211950  0.02909408655226683
  0.03020669537659440  0.03148181334649208  0.03279262248004767  0.03417551032546760
  0.03556653775735800  0.03718101212873608  0.03921820238516711  0.04160174407412731
  0.04442098977562835  0.04744972410750438  0.05062562786575835  0.05362162511299527
  0.05607066743421762  0.05822237748191544  0.06036430353238236  0.06249898265049233
  0.06458082483766131  0.06671982340212465  0.06908270786199142  0.07138099477957929
  0.07394953927970345  0.07702089270459711  0.08130836228530400  0.08731978199406497
  0.09499131858784747  0.10402103030109387  0.11382730011856443  0.12389949470201508
  0.13405303695310963  0.14311928876156715  0.15189673458729000  0.16253828208051210
  0.17700899279845900  0.19731781111774246  0.22225369275516940  0.24368024519159862
  0.26620651561197106  0.29197447550093536  0.32317966274650994  0.36068708685122691
  0.42468765853109691  0.52275309583450447  0.69653771584862822  1.00000000000000000
  0.00001098666703941  0.00001618338750913  0.00002041752361784  0.00002864527544496
  0.00003802413694380  0.00005225298629135  0.00007713431904902  0.00009348109252595
  0.00011267734993859  0.00013806711701311  0.00016633554049298  0.00019565406706385
  0.00023257333539610  0.00027080357776900  0.00030844297595183  0.00034298673010931
  0.00038037701254452  0.00041340103890347  0.00044481424506308  0.00048365164927699
  0.00052702111477239  0.00057738332242429  0.00063393314257833  0.00069075171224924
  0.00074981591785141  0.00080477011106355  0.00087210989108776  0.00095656261776155
  0.00105966778735803  0.00117413404357862  0.00128231558460508  0.00138010610955660
  0.00148304381155398  0.00157863881134264  0.00168569931080438  0.00181313724306002
  0.00195145210417508  0.00210407405968726  0.00229595303212471  0.00250767533599506
  0.00272763141343828  0.00297528685991732  0.00323768752428292  0.00350305143845769
  0.00379541701618054  0.00411279703534543  0.00443781968717886  0.00470437284498877
  0.00491777926004324  0.00512671480771390  0.00536177593727901  0.00569269155121963
  0.00597626092677126  0.00619699460857634  0.00643044685498913  0.00684597299116851
  0.00737571255038792  0.00799598379646249  0.00876587684461716  0.00965244020463160
  0.01059706515199009  0.01152750153145396  0.01249963070909710  0.01369351510360351
  0.01505106370135951  0.01676108869620640  0.01866634209655036  0.02053216035756260
  0.02238217204999499  0.02448015668573461  0.02653258384423287  0.02866995226406172
  0.03091808109165299  0.03297770836506222  0.03525498174034945  0.03813730870958174
  0.04186798916593049  0.04619322190494615  0.05109700636226880  0.05849896696714469
  0.07060637124315718  0.08988052187929438  0.12245130251814615  0.15152104558052593
  0.17338822899189060  0.21889209767336321  0.24515975856948991  0.27142741946561660
  0.29769508036174336  0.32396274125787006  0.41462582631163858  0.53170066104931046
  0.64877549578698224  0.76585033052465423  0.88292516526232601  1.00000000000000000
 -0.00000111126407557  0.00000745394285344  0.00001460609810523  0.00002034804577894
  0.00002487067974358  0.00002925983206993  0.00003335761115501  0.00003695728821120
  0.00003993395691225  0.00004324421545642  0.00004679475368523  0.00005028528805924
  0.00005495072308143  0.00005975113653978  0.00006493204910903  0.00007036788282785
  0.00007434988564236  0.00007795314590504  0.00008103923763851  0.00008427673307320
  0.00008636986320190  0.00008865758006641  0.00009125653260526  0.00009378739243810
  0.00009630636859330  0.00009958850764448  0.00010279780874833  0.00010624347976837
  0.00011055466575318  0.00011566239071433  0.00012080751649191  0.00012598250008208
  0.00013110384652578  0.00013574801025059  0.00014044708304490  0.00014535882330505
  0.00015026994603539  0.00015666719513872  0.00016447895202006  0.00017274008355967
  0.00018087558187822  0.00018925113450106  0.00019811425153913  0.00020720575227870
  0.00021936156049198  0.00023037763019491  0.00023998002472872  0.00024894767486251
  0.00025718687160272  0.00026431606954528  0.00027227109745073  0.00028129694151967
  0.00029152119435310  0.00030124895701629  0.00031129688764276  0.00032167800248517
  0.00033203873548525  0.00034423028664075  0.00035652235323264  0.00037009906614022
  0.00038515067725007  0.00040066427614680  0.00041519201950676  0.00042997624710226
  0.00044493556071400  0.00045991116493506  0.00047464572894324  0.00048980375479116
  0.00050654609073156  0.00052536016105130  0.00054472313461662  0.00056831335797274
  0.00060079694899387  0.00063831350996394  0.00067255606885296  0.00070917283094063
  0.00075692653549364  0.00080771763639441  0.00086160894220644  0.00092198866489302
  0.00098968921012367  0.00106892187221866  0.00115474488181868  0.00124033329561450
  0.00134773289390301  0.00147182468355630  0.00159734816046405  0.00176665334705512
  0.00193598331700491  0.00215465013788811  0.00244443633541364  0.00285289257497613
  0.00337741373757445  0.00414153848222072  0.00547140191946930  1.00000000000000000
 -0.00004486261569162  0.00016111708483776  0.00034467249821479  0.00054384548107503
  0.00076225215893393  0.00097661611000956  0.00119343057467015  0.00141231960134289
  0.00161073664362038  0.00181675969380151  0.00201039637249253  0.00217979077784701
  0.00235117427331299  0.00253312675511648  0.00274988425612075  0.00302295466640971
  0.00330351505913640  0.00358732802296504  0.00387849385188304  0.00418915172920834
  0.00453169374362576  0.00490675151458247  0.00525078323575968  0.00551570029176876
  0.00579194726699802  0.00607638886799474  0.00635384945127268  0.00663340177858116
  0.00702805336442378  0.00743597949730230  0.00782931633958187  0.00825033032178068
  0.00870820535891932  0.00921429063530727  0.00977674475941215  0.01034218540656785
  0.01091068103923195  0.01150800093624021  0.01216331488624231  0.01284366450767234
  0.01345021383406989  0.01411059766680374  0.01482922106496301  0.01554210540437707
  0.01618638046073004  0.01680693845336956  0.01744508278863647  0.01816688072786822
  0.01895840455768613  0.01983137379813635  0.02084585585634333  0.02192293919980389
  0.02310631910049899  0.02447354214261187  0.02586977282420851  0.02726919195240201
  0.02870595351932605  0.03005681459092712  0.03131158423784355  0.03272371701179359
  0.03414538793879836  0.03575257225436898  0.03751316745859621  0.03926386134356492
  0.04113199820886585  0.04382790008614406  0.04772414388028651  0.05183133500978296
  0.05683595511597362  0.06185909947381224  0.06669351969194749  0.07097869616754759
  0.07521721227768001  0.08016752549832466  0.08531908074034297  0.09138292955282885
  0.09807900243992920  0.10556748836866187  0.11399304095255879  0.12198829809171459
  0.13147541506352062  0.14284119082151880  0.15698069997602596  0.17288005799982573
  0.19003208344196609  0.20764371462429276  0.22432418623252012  0.24489128495862444
  0.27215472105574467  0.30841555124142694  0.35666428279342194  0.41543509578102644
  0.49079808309417289  0.59616311317558579  0.77596064608575532  1.00000000000000000
 -0.00284539086412432  0.00941005784951746  0.02318986389308944  0.03664753306807227
  0.04947340564957937  0.06232669485989580  0.07487453043718137  0.08694827427645674
  0.09900775516151024  0.11148446052933762  0.12477375226407028  0.13862506343848671
  0.15285476116500976  0.16736502677458448  0.18222100133974023  0.19767839458345057
  0.21199068730197909  0.22258897305285968  0.23131694132509445  0.23943682043205761
  0.24718615217736006  0.25803381114266599  0.26885872214761802  0.28194930145185937
  0.29574312468862124  0.30756656828235041  0.31877031978134113  0.32920441960311730
  0.33941497246585589  0.34539125543900395  0.35079245765315553  0.35585814130459109
  0.36095347741193723  0.36607085531899208  0.37401045539607530  0.38193751248152180
  0.39130481361624070  0.40019244292161671  0.40948548089700260  0.41888752256090450
  0.42763028896875416  0.43735761485385499  0.44780036821119634  0.45811926753912080
  0.46895846344613007  0.47877302582084807  0.48560536728005566  0.49178943912583090
  0.49923791483124103  0.50720756478475204  0.51572900597011062  0.52488409734609254
  0.53351207671063006  0.54250032335120701  0.55436433835721410  0.56681096746104287
  0.57765654851619930  0.58797363262896185  0.59944943836538289  0.61205518035937845
  0.62620397382045434  0.63901966675361777  0.65039104902198908  0.65977764203584766
  0.66952250937230029  0.67982090723756694  0.69131118329104713  0.70318917111494139
  0.71725069587713686  0.73139015847158850  0.74436677308196353  0.75628473450331435
  0.76771476217897983  0.77918144425647928  0.79178163467979268  0.80642055685156655
  0.82216077548961264  0.83898558779359422  0.85476855537937901  0.86064753987141618
  0.86676665874979031  0.87413759859199802  0.88217673026376653  0.89046382415992320
  0.89884988405688071  0.90583899441335358  0.91244084803322545  0.91992905608294417
  0.92850309125718644  0.93734269646735346  0.94595050162079408  0.95445473558823202
  0.96416035341973605  0.97566456409056479  0.98846986949752047  1.00000000000000000
 -0.00226358777848588  0.00986060570043039  0.02136305101172198  0.02979430599794683
  0.03666914093923947  0.04365930663701131  0.05152749962669135  0.06042284444556016
  0.06700027800551597  0.07386499559247625  0.08031663081849126  0.08664963418471146
  0.09351201684487917  0.10070810458474118  0.10821496781634919  0.11544493898272162
  0.12375771726660062  0.13509623179031571  0.14706310476439399  0.15926654109509755
  0.17216625535126212  0.18750383695881812  0.20204690619675400  0.21499374929998413
  0.22803419032141176  0.24264397053365400  0.25713498774292542  0.27053452320875820
  0.28386690215260507  0.29524769684378827  0.30572173349708792  0.31649857876889137
  0.32942132502723692  0.34147313544247249  0.35205220944993465  0.35958076660139088
  0.36502247458253867  0.36997553836969732  0.37469077459746514  0.37930310214486285
  0.38389301460928127  0.39264370952923944  0.39938585241140617  0.40685945864036738
  0.41456915141217116  0.42399192068111102  0.43495970966349995  0.44409053045797986
  0.45379309164110193  0.46402664016099587  0.47410801440423961  0.48331490659073428
  0.49201228897605609  0.50212494493241777  0.51569300665412943  0.53065940351926455
  0.54253847028012114  0.55406828808333031  0.56476422335287035  0.57575411908674934
  0.58769909856410851  0.60126472845545709  0.61433634431568995  0.62715766501028514
  0.63946618604037286  0.65065412935625622  0.66160550713842881  0.67400034703989509
  0.68648418645374520  0.69738633803623806  0.70740228226061441  0.71811209772368034
  0.73018130758470856  0.74167325434248821  0.75245094119983669  0.76389144358569772
  0.77630128692022227  0.78784882214255725  0.79765009546909982  0.80830762090794972
  0.81949153538151676  0.83308061797981703  0.84821734705455176  0.86470440005478499
  0.88235680820835261  0.90066155880530130  0.91643782380689820  0.92474132586761382
  0.93232018530283778  0.94090083025104254  0.94955661929929069  0.95744328062973572
  0.96465354552041671  0.97149783352259445  0.97883080717611026  1.00000000000000000
 -0.01252731630425810  0.08294538213042382  0.15719100724000468  0.24724024088885987
  0.31250261684913661  0.36033059262494427  0.41358030072973345  0.46402315155584295
  0.50062219896600146  0.51447250355161445  0.52811220982930140  0.54129762047792340
  0.55397574063282695  0.56634282998683494  0.58827348396661805  0.61052235495394536
  0.63206209437397654  0.65321253191344208  0.66944529744282411  0.68114771217565562
  0.69318294121012325  0.70462618309742586  0.71451179406098986  0.72382472328156267
  0.73368655000603344  0.74469577178353474  0.75317912765056272  0.75990841786574048
  0.76687572102814072  0.77467849706154446  0.78194776394091547  0.78889450058682986
  0.79516987759201396  0.80104749027551525  0.80656519555012740  0.81205221496628310
  0.82038522058758279  0.82805980966183446  0.83495537603488723  0.84105773842529175
  0.84684286629540095  0.85215816177753900  0.85760980209725579  0.86344919115679264
  0.86888448281014441  0.87343019721576309  0.87776010219685019  0.88195631534980923
  0.88646456286755937  0.89117841929210251  0.89574866672943099  0.89975305705242492
  0.90303413427195622  0.90609503126331215  0.90946259654857198  0.91314286503264774
  0.91652916524728101  0.91897334116101537  0.92140070831174770  0.92378802069490640
  0.92612133222591642  0.92870973448640148  0.93120083872714032  0.93364322430735325
  0.93624736937427133  0.93860066869599779  0.94077425904947076  0.94293890028828242
  0.94501474691793075  0.94698933354683446  0.94886056339254554  0.95050018246500023
  0.95211525431679156  0.95371456125529019  0.95528262991009705  0.95676396558187105
  0.95818368318083924  0.95959557711358945  0.96082474222781578  0.96202028540790485
  0.96321883655040319  0.96444032695603965  0.96579529541843545  0.96716436903734593
  0.96852932080926546  0.96987120604117494  0.97117299573895943  0.97245426546584024
  0.97374527581958714  0.97519713756752779  0.97671121418133833  0.97822996941277895
  0.97970867155295949  0.98110823114125567  0.98204822721969121  1.00000000000000000
 -0.00442559296317449  0.01547380020404631  0.02784433312266747  0.03850019139221626
  0.04919758498356330  0.05910797023605807  0.07096891995186971  0.08438793683377620
  0.09771892276140376  0.11054339460688010  0.12329322610674022  0.13633318849888076
  0.14972437502593558  0.16222267846048480  0.17288402896272340  0.18322213271848289
  0.19281674703772211  0.20575129282310736  0.21487025336482188  0.22319637855181529
  0.23123020479088172  0.23887877183155773  0.24619861096359769  0.25338694735632311
  0.25774485347111697  0.26298620902998088  0.27058949929467246  0.27787606359516970
  0.28410785270711575  0.29045747489470797  0.29751327359446628  0.30370744527112958
  0.30918064203910922  0.31635557732785746  0.32687639724628098  0.33773367456065057
  0.34692675897212177  0.35415812095463589  0.36052014421893486  0.36728588304982174
  0.37299392035873802  0.38369077705457499  0.39281394797454078  0.40067967585354103
  0.40846333173303911  0.41732281018434531  0.42515928466199510  0.43251404166523305
  0.43931727952880145  0.44665197545868740  0.45357291286883639  0.46293766111553891
  0.47657084871333294  0.49283158422263895  0.50558431878226850  0.51943288344928562
  0.53326400453319878  0.54767518238181234  0.56259651757926998  0.57559998193402429
  0.58725876767848029  0.59775556777718908  0.60843232424897198  0.62056667128709164
  0.63450927533953416  0.64927098565072161  0.66396467812588333  0.67855307619838623
  0.69358730951045067  0.70911822179329298  0.72485706271181383  0.74030864492726278
  0.75146717796135476  0.76224847252367145  0.77229371462953966  0.78455179200047787
  0.79671597724456855  0.80815486233115130  0.81765386581037514  0.82594869816744920
  0.83475830164816212  0.84374311936826873  0.85363177342866581  0.86474586786684071
  0.87644036964311423  0.88884796025937851  0.90047204646293033  0.91015481700765999
  0.91987572452248501  0.92927031921990622  0.93910984769607031  0.94932763873643899
  0.96099795472023741  0.97376083369605848  0.98717700850624157  1.00000000000000000
   4.4605690270826584E-010  -1.0000000000000000     
 T T T F F F T T T F F F T T T F F F T T T F F F T T T F F F T T T F F F T T T F F F T T T F F F T T T F F F F F F F F F F F F F F F F F F F F F T T T F F F T T T F F F T T T F F F T T T F F F T T T F F F T T T F F F T T T F F F T T T F F F T T T F F F T T T F F F T T T F F F T T T F F F
