  0.00588900830793996  0.01603547043592871  0.02660592491678020  0.03750510098290847
  0.04877993428452370  0.05975451012450536  0.07057924831050941  0.08132546511416215
  0.09189124161815446  0.10242325157758285  0.11283730517559029  0.12312100931787931
  0.13322770473376699  0.14312159944665925  0.15282698040415932  0.16227312242484973
  0.17145017367595844  0.18048443700115949  0.18941732304763106  0.19819955543300441
  0.20698535613442159  0.21576282783026415  0.22450586358526042  0.23339410742563649
  0.24224154597025005  0.25099680143574715  0.25973172020377311  0.26836101290353831
  0.27693846544402273  0.28549659430879148  0.29398212990450434  0.30238759837456419
  0.31074209052641000  0.31907250856968905  0.32736422686318623  0.33558315954010487
  0.34375565985117251  0.35196209685001406  0.36009797096491414  0.36818835862719923
  0.37624928373224648  0.38433407871775593  0.39256625719436472  0.40075380791076737
  0.40889215123791872  0.41700813986060509  0.42514042786447909  0.43334173392008324
  0.44159533167760540  0.44978285222939718  0.45795341416947061  0.46612236157466186
  0.47434481291511049  0.48288976154066132  0.49144148987489078  0.49993844932130455
  0.50841451459047149  0.51686594942157849  0.52530478845234607  0.53394483484043309
  0.54258695725270434  0.55125402787471667  0.55993838984097732  0.56863355443900043
  0.57736722824577347  0.58619274269242727  0.59515138931959177  0.60428640686443147
  0.61342043462511509  0.62261575639966016  0.63184130834038577  0.64110310619488742
  0.65050908178730560  0.66020000647557664  0.67012641642380466  0.68012193408041488
  0.69017067697245593  0.70032872831389559  0.71049544094338191  0.72094969518427543
  0.73198501074978517  0.74348862120366777  0.75528900012415934  0.76734029577984575
  0.77958194659872571  0.79212676163993767  0.80503592638002508  0.81920407279534724
  0.83504735870227831  0.85117925956713936  0.86800338185411208  0.88604710052640234
  0.90656946668682292  0.93164761391452000  0.96238986470764976  1.00000000000000000
 -0.00224570897759091  0.00949360381988092  0.01989469595925413  0.03017680881405107
  0.04074149306775127  0.05135964761486449  0.06191607283578259  0.07194374482383682
  0.08174043739831414  0.09191486595341614  0.10221431768604089  0.11255900295011714
  0.12291373817963000  0.13356008169568345  0.14421620435334895  0.15474717796551532
  0.16541433518154700  0.17622347323341053  0.18735590174905714  0.19843069209275344
  0.20948547271175280  0.22000698639813296  0.23046540675997196  0.24120220221104924
  0.25183975511412598  0.26212636294434521  0.27256310035801157  0.28317494213601424
  0.29363239190604495  0.30410213095035526  0.31436572534616902  0.32443517132699989
  0.33448402881622669  0.34507457432462685  0.35559191844152155  0.36536686766602705
  0.37525531640118998  0.38588513794731594  0.39648682629112469  0.40714201354756835
  0.41762158644791764  0.42847162844495806  0.43923165843008000  0.45011970099358245
  0.46100723765745011  0.47122108792971545  0.48141135931147100  0.49143752660471512
  0.50203160174489048  0.51261686270347462  0.52330177205288864  0.53411599363341111
  0.54470382902335379  0.55598182733965895  0.56698046302587424  0.57791882793481553
  0.58846730738727482  0.59895916760839363  0.60931466260934519  0.61985059592453129
  0.63035096113064970  0.64094929999878869  0.65164722888780668  0.66237317927441897
  0.67291843967033849  0.68328447114723401  0.69394796883442433  0.70482741419056050
  0.71589451089710687  0.72704778111760138  0.73810911352629682  0.74900108964124501
  0.75960363038574108  0.77019919335025777  0.78077020311639045  0.79126715464357422
  0.80139071910201398  0.81125722932385913  0.82120248990600786  0.83107133848817616
  0.84110591039321669  0.85138447857782829  0.86209746955783517  0.87287754811705021
  0.88315290553652392  0.89326484789956395  0.90370460344914627  0.91431088168501262
  0.92461834894637773  0.93474739824054287  0.94522900401642806  0.95573284591779917
  0.96616565104342156  0.97655196541253109  0.98802680979040591  1.00000000000000000
   3.9601592269071214E-008  -1.0000000000000000     
  <DiscreteSampler_grid>
  Helicity
  1 # 1 for a reference and 2 for a running grid.
  20 # Attribute 'min_bin_probing_points' of the grid.
  1 # Attribute 'grid_mode' of the grid. 1=='default',2=='initialization'
  0.0000000000000000 # Attribute 'small_contrib_threshold' of the grid.
  0.5000000000000000 # Attribute 'damping_power' of the grid.
 # binID   n_entries weight   weight_sqr   abs_weight
    1   20   1.362717598771080E-015   1.502607921055794E-029   1.362717598771080E-015
    3   30   1.669879671519514E-010   1.373926428663939E-019   1.669879671519514E-010
    5   20   1.865520135271500E-012   1.398473791352331E-023   1.865520135271500E-012
    7   886   9.275978496740123E-015   2.712238167885953E-028   9.275978496740123E-015
    11   20   1.717956483446906E-011   4.035799113059907E-021   1.717956483446906E-011
    13   20   7.387411007579842E-012   1.994685698651114E-022   7.387411007579842E-012
    15   13065   1.530437809239374E-007   1.242586523231573E-013   1.530437809239374E-007
    17   67   5.090667833080704E-010   4.120710564147648E-018   5.090667833080704E-010
    19   20   2.942437664886108E-011   3.177109708613739E-021   2.942437664886108E-011
    21   20   2.295785470813427E-012   1.982362905824284E-023   2.295785470813427E-012
    23   20   3.034546003057431E-015   1.275182052600026E-028   3.034546003057431E-015
    27   39   2.461073833452806E-010   2.540600990155736E-019   2.461073833452806E-010
    29   20   7.321726307575768E-012   1.950600204495797E-022   7.321726307575768E-012
    31   20   1.386251691794681E-013   1.398207916225275E-025   1.386251691794681E-013
    33   20   2.376328525436395E-015   4.446418755260408E-029   2.376328525436395E-015
    35   20   2.523993946978654E-018   2.355706753072756E-035   2.523993946978654E-018
  </DiscreteSampler_grid>
