  0.00506664437288543  0.00516703320665954  0.00525960906446817  0.00535003750944966
  0.00559997403171399  0.00586968300797547  0.00613400834761491  0.00639719189595517
  0.00668227403685973  0.00699043850495621  0.00732093618625112  0.00767468331001020
  0.00809664945099467  0.00858768286013794  0.00907886915068390  0.00957012075235749
  0.01018967276970222  0.01082870182669220  0.01150440044699249  0.01222238459956387
  0.01299453479803798  0.01384109199872974  0.01472932808185860  0.01566252750875441
  0.01673334824815740  0.01784954991522344  0.01903678688159890  0.02033100309015724
  0.02183226161930304  0.02344922607052192  0.02518682982060379  0.02706311508181220
  0.02910407662519702  0.03139930733054411  0.03390213208541378  0.03665943483272016
  0.03943928885170787  0.04279259384180895  0.04673096294103000  0.05098088849166855
  0.05551068268143251  0.06040958695630161  0.06617844718616427  0.07315197147503441
  0.07988792446516595  0.08706163161627803  0.09549625577053993  0.10414436949433076
  0.11404084966025352  0.12422682725785611  0.13516207200888361  0.14605300875023211
  0.15695413298113203  0.16849365848478157  0.18067842305006979  0.19263074584623147
  0.20363744181671459  0.21512829498260697  0.22796974059260483  0.24284660343118342
  0.25726864821245476  0.27185537373844537  0.28693436939198247  0.30271351642742816
  0.31887722307950378  0.33553359829177448  0.35194001680879256  0.36811024407964821
  0.38463618775218594  0.40105307977865562  0.41690299639812828  0.43272393406624748
  0.44924367882932920  0.46603585901955785  0.48322468660563506  0.50101342894686229
  0.51881936088057601  0.53683634402930447  0.55457274476069185  0.57239174996599151
  0.59077673539905085  0.61055686844602997  0.63034801633096327  0.64965510137967364
  0.66952221929169708  0.69024999663422282  0.71221015615998684  0.73445207388954648
  0.75675475790701663  0.78107822664790794  0.80548155963415957  0.83090563478317259
  0.85888330413460490  0.89038959411566221  0.93125286809621999  1.00000000000000000
  0.32189809694095550  0.34785927559944102  0.36683882942205592  0.38581838324467083
  0.40479793706728573  0.41811560982516588  0.41863658637625173  0.41915756292733752
  0.41967853947842332  0.42114537425796533  0.42329996864957053  0.42562818732159535
  0.42831508302425314  0.43136709190565242  0.43568765656097486  0.44470514078010709
  0.44847074030588108  0.45057965877886408  0.45288063213363039  0.45613053825796407
  0.45860792503031750  0.46049202557504426  0.46238976766375822  0.46454552818145162
  0.46700206382980675  0.46979913469589574  0.47244532496596037  0.47498040378184403
  0.47830416008373905  0.48178720600832659  0.48380152185118097  0.48518887720032716
  0.48716214762811438  0.49053969253820434  0.49910091274780466  0.50762816374057884
  0.51594667031487096  0.52419429717962451  0.53084804396260354  0.53653148016753094
  0.53941756947328989  0.54289717148742223  0.54753974672235839  0.55262269063422753
  0.55556435811341276  0.55797007623223671  0.56042559678377857  0.56309624950882808
  0.56554131071684399  0.56809505305738484  0.57049473378408488  0.57353087211888354
  0.57698771053134412  0.58088961567004338  0.58463554520789118  0.58792301120295820
  0.59141937392354005  0.59504701912530999  0.59888236763848324  0.60296194459731145
  0.60630174614220933  0.60935695331829876  0.61226402209206421  0.61528244502332885
  0.61860657090283588  0.62188743926685175  0.62549325966881075  0.62899879468280095
  0.63285370770849192  0.63874822575028645  0.64744424668181955  0.65770340441895470
  0.66367724952389695  0.66896411567854330  0.67538518836486428  0.68138209491415280
  0.68579216312258040  0.69062185294505229  0.69656068992582587  0.70190116838304317
  0.70781778661952433  0.71772132898163676  0.72809216151591305  0.73795499275733545
  0.74824489236654534  0.76064086667558317  0.77624149289434285  0.79433478628280052
  0.81399383764402966  0.83309469512976164  0.85275167950978292  0.87305182090523514
  0.89413375227825032  0.91720514336272085  0.94681824302580520  1.00000000000000000
 -0.00258242622497439  0.01140054550050174  0.02304663477720559  0.03465962159757239
  0.04559658663718472  0.05626304860358346  0.06828367202646943  0.08169836307579199
  0.09457571880486546  0.10457009803448292  0.11390412471415767  0.12303246144864106
  0.13279196731340442  0.14482348710347320  0.15735236089345964  0.16953510235478442
  0.18221095532990303  0.19436342448460397  0.20570583197201420  0.21720265287821466
  0.22904353207527423  0.24131435893326714  0.25283550945564631  0.26238648668809528
  0.27177942544594202  0.28092381575729791  0.29046695111285475  0.29999108104115824
  0.30897721099928366  0.31724123128452614  0.32640031000670905  0.33511083670051950
  0.34411028214319811  0.35405198063460463  0.36384586544989517  0.37572453017856272
  0.38677910783504749  0.39782487052621851  0.40849999045623131  0.41881448798915027
  0.42887978540661909  0.43941716130140712  0.44884235584600624  0.45822876806989643
  0.46774641356372071  0.47897602033411218  0.49110393544614961  0.50381657094897003
  0.51521862927116191  0.52652909633906197  0.53686872656937756  0.54644364057052031
  0.55590223947528072  0.56550124560091530  0.57772508823457613  0.59000980888443455
  0.60181195400090648  0.61235814205498973  0.62205804635585549  0.63195595869612553
  0.64174054251147106  0.65116113603670245  0.66025872298017696  0.66968288495255268
  0.67953307080197967  0.69036157715155622  0.70145485152141995  0.71183485546257541
  0.72306536515427045  0.73464024992374477  0.74649065964918526  0.75845145356104604
  0.76928143894360912  0.77923770927252833  0.78832451711188567  0.79619411617702140
  0.80346724180406870  0.81115285743263554  0.81963148859945845  0.82833958820269571
  0.83757420967703333  0.84730050342631524  0.85853165020474320  0.87102593817090090
  0.88359639223989939  0.89642157569302872  0.90943083910170530  0.92272240923643267
  0.93592918109963597  0.94679353520395915  0.95533752127361593  0.96385611627075729
  0.97199746929795716  0.97949548535542230  0.98958900434177055  1.00000000000000000
 -0.00208674417431304  0.00923213262121896  0.01833219562511099  0.02727622469061834
  0.03607815662977122  0.04508281899509281  0.05426957523166044  0.06411056570665145
  0.07448274514410824  0.08522784312780057  0.09590214535582554  0.10619910884195718
  0.11546337872377044  0.12434106464035614  0.13430503476691369  0.14526766083997411
  0.15642231661713052  0.16758168582116695  0.17842340510985774  0.18941016738373601
  0.20262959658720467  0.21453401357852994  0.22491859923539223  0.23440671259616713
  0.24445646574134633  0.25331722291031961  0.26248096792217740  0.27230807566893883
  0.28184283195646703  0.29432313003239347  0.30655075357981043  0.31811753165042139
  0.32866004498557244  0.33924276202796649  0.34944667543341718  0.35925615810325295
  0.37017893202537450  0.38140558809986069  0.39242463996194249  0.40365019815452946
  0.41570368435549154  0.42820015711850434  0.43999598509464932  0.45032823458492316
  0.46019051299983410  0.46846903392672429  0.47715825328033717  0.48718639215070209
  0.49763573127991328  0.50770117707238449  0.51827158195524459  0.53030171401067716
  0.54315685859311047  0.55371641345209366  0.56389555462002738  0.57369380839782758
  0.58387027261296787  0.59460059688767253  0.60606454040375557  0.61706654347321455
  0.62713416582437831  0.63705171833926844  0.64774650536558298  0.65943629185107300
  0.66884493106697263  0.67901521710738322  0.68883786363282307  0.69974211001209485
  0.71236331326120061  0.72512368181777687  0.73752137087052538  0.74891148452475720
  0.76015416965208116  0.77161986783195347  0.78317659186494182  0.79425066085578255
  0.80443434941105529  0.81425644196326330  0.82437281052717304  0.83541674405702526
  0.84695120070172314  0.85870472785388441  0.87060913190115019  0.88270319394943886
  0.89446747345192679  0.90378047281684093  0.91308010345217938  0.92228375780635896
  0.93121968450879622  0.94148338516288288  0.95017451039356338  0.95820618874886632
  0.96688809400522635  0.97680993474602018  0.98792353532315680  1.00000000000000000
 -0.00310932314007447  0.01173187410803212  0.02368520580167564  0.03483201063075269
  0.04550862692457785  0.05548966703367213  0.06591529876180331  0.07633498975456250
  0.08709819258702579  0.09650615727944049  0.10521613125928600  0.11271536564860339
  0.12234762491061218  0.13368128663343229  0.14458587635325457  0.15408662877093982
  0.16317385119545963  0.17324669776555487  0.18458613932887583  0.19533313913186034
  0.20623724643431912  0.21793857943680534  0.23141343097726100  0.24495775758355812
  0.25509456121643687  0.26118117087294651  0.26724273828813500  0.27333979040375400
  0.28302046308372486  0.29386074318396460  0.30364590543149095  0.31356596965321376
  0.32609123414632157  0.34002527853188291  0.35357604518288410  0.36559183939278800
  0.37775902432106095  0.38985890844102361  0.40187933943844056  0.41333683589839215
  0.42473045351136851  0.43602999501024814  0.44783490366573486  0.45995089711710596
  0.47101416237166172  0.48088114796147802  0.49097180932373707  0.50031189124567432
  0.50868022075443486  0.51755558475063568  0.52488731815906353  0.53342969101946791
  0.54283269316231630  0.55313353655605213  0.56319324000844606  0.57378525850817308
  0.58401151651859806  0.59339293030482043  0.60305831178655656  0.61369166721179602
  0.62529445817913876  0.63648504964698938  0.64722130645588161  0.65855177749742955
  0.67054128343339559  0.68309851376262543  0.69570398095928199  0.70769227588316841
  0.71955123149312628  0.73082808303411140  0.74159159137404917  0.75240491563606182
  0.76325576775202864  0.77546933791898942  0.78932742849426418  0.80282945260010363
  0.81509040812989619  0.82581406614080610  0.83600932705134690  0.84637820580957268
  0.85752264649983345  0.86634088538423082  0.87332756371204123  0.87965407337707247
  0.88586804386429774  0.89282209880177910  0.90308330774052981  0.91307890242616729
  0.92252084688120173  0.93258929271844970  0.94446251508286005  0.95690722432136144
  0.96867186879875145  0.97914160692540420  0.98974565337927978  1.00000000000000000
 -0.00380438951113996  0.01219185301800303  0.02516604639571715  0.03753071831909268
  0.05043400907067939  0.06316033082070800  0.07561011698115022  0.08829786396408448
  0.10092319841725753  0.11282163800132144  0.12322767966698314  0.13326951781033633
  0.14397495310539737  0.15555023611108862  0.16640251271370898  0.17621501321754399
  0.18566399131805800  0.19540694567305633  0.20607800232657830  0.21720457259616976
  0.22872944206290138  0.24078148550747247  0.25235804674663476  0.26291201151301835
  0.27258732453595536  0.28104651886870263  0.28946934300611449  0.29840202238774793
  0.30777755926667383  0.31747592300384281  0.32733627345331334  0.33399344721938146
  0.34096353702435517  0.34854933348157768  0.35625526572801913  0.36585533916478019
  0.37717992261766886  0.38796910311122662  0.39824359490050693  0.40821907519880735
  0.41849366234809260  0.42924723524844988  0.43923117870549838  0.44925682802515460
  0.45988146337058555  0.47168976300047982  0.48401624351980432  0.49625176834231816
  0.50832076412363814  0.51993831200349894  0.53062637030617132  0.54116874768743284
  0.55226830281121631  0.56293346253537246  0.57209185235681070  0.58134938017499760
  0.59145305721953156  0.60042935017866284  0.61190965272449616  0.62305239743278273
  0.63382244854160996  0.64402387480625700  0.65370784388206471  0.66117396199227840
  0.66950721039498462  0.67803999509318824  0.68789786381609075  0.70057280785148790
  0.71404274234382314  0.72715329528359030  0.73987268283913765  0.75260925451272342
  0.76367810330588703  0.77398587931175489  0.78439483577438074  0.79591526992225625
  0.80732801737976267  0.81789616654982711  0.82741070897124580  0.83723366478204408
  0.84694379099913775  0.85637242611435216  0.86567129680090893  0.87501762184795062
  0.88519159794413382  0.89540816860468830  0.90646454700401724  0.91935258221592142
  0.93489527168262310  0.94783452831822468  0.95831671692096099  0.96807421907106994
  0.97700690500860210  0.98481592423565423  0.99232440442433756  1.00000000000000000
 -0.00343075571835338  0.01481277832478720  0.02898550260084448  0.04191293425217699
  0.05578137415430314  0.06931855554365976  0.08147823720820006  0.09342556952762482
  0.10486204547191710  0.11543096436424810  0.12572482314531205  0.13625319662876795
  0.14684531925425617  0.15682982281393101  0.16699852892656544  0.17790160913192798
  0.18906661948432832  0.19866193860859785  0.20679397129641805  0.21428072160641173
  0.22079438199689616  0.22914891343404831  0.23779544711203141  0.24642639843050662
  0.25558221100625894  0.26513440808081234  0.27490376501598612  0.28546943459534257
  0.29571268515159366  0.30511282021950148  0.31385887962208947  0.32139623881931689
  0.33128599218679700  0.34200036904036407  0.35185377162432713  0.36074721917226760
  0.36717542863776598  0.37378465202204930  0.38169364955968765  0.39125252023916013
  0.40267375133469774  0.41343404504523579  0.42429741363947304  0.43530131831362862
  0.44649790486177987  0.45696191701507460  0.46795025968561094  0.47845916833336538
  0.48917452421289798  0.49940361404734768  0.50964370305643292  0.51972837456047982
  0.52883979676402126  0.53870580274069824  0.54840357775053727  0.55775294035435963
  0.56642435773022493  0.57453944136772150  0.58183612891282543  0.59230490862333629
  0.60244921830477050  0.61335099721316133  0.62510365564224790  0.63771234961631007
  0.65002655129952480  0.66193724993294467  0.67407172853419028  0.68642988381880721
  0.69890677028840809  0.71145651626011552  0.72423911622036208  0.73696231898704712
  0.74880044441062199  0.75986443797165681  0.77084338264831809  0.78259430449678591
  0.79415255178109445  0.80485119865815913  0.81509297721842644  0.82469162065892898
  0.83487410610621127  0.84573885858617959  0.85641351753153505  0.86682735109924158
  0.87667049650843187  0.88675598961257340  0.89741873972948172  0.90837652976030070
  0.91882024996027523  0.92954665110223711  0.94178424270294669  0.95356824506092031
  0.96465128501581365  0.97557470706937177  0.98720230049697355  1.00000000000000000
 -0.00304226441291538  0.01049156412801378  0.02276896570017399  0.03563687944837499
  0.04936909410546911  0.06354810206777678  0.07822033198969983  0.09223894385204051
  0.10587781032634980  0.11940328796714617  0.13215702421452621  0.14430672767350883
  0.15601877183017671  0.16736758649893480  0.17838166893190896  0.18920641145015563
  0.20014188732429641  0.21051110178438059  0.21903395066895043  0.22639637738034477
  0.23414722572319274  0.24258124547538740  0.25130672976410190  0.25970044239206386
  0.26840949980318374  0.27758524022956899  0.28688314676327192  0.29762454527867543
  0.30912901944460830  0.32127402200868499  0.33302489776062577  0.34496804136200249
  0.35407639087972259  0.36260830505239722  0.37110877609630721  0.37978620424072823
  0.39037035835418865  0.40209069991643653  0.41276785430566582  0.42274864350111019
  0.43259348194300462  0.44322921364993861  0.45495655214885777  0.46692532443962892
  0.47911273376296676  0.48974269009209981  0.49828758368345177  0.50671498867896736
  0.51557544503537289  0.52587929515717247  0.53654065955669539  0.54643133786978693
  0.55591202890134683  0.56571083119503940  0.57642598135955470  0.58659586790871354
  0.59781351598341415  0.60902198615169612  0.61997422480299480  0.63105010055920019
  0.64105895300974403  0.65103528903965846  0.66171778997740760  0.67317864206774825
  0.68549345208579016  0.69843197590455930  0.71108139709056528  0.72275965550491073
  0.73431585333061511  0.74519891906702451  0.75729917097066812  0.76961577926150626
  0.78309788775585509  0.79382896057799024  0.80261835375266255  0.81054109679690822
  0.81810215900267591  0.82687841302285048  0.83726120246000846  0.84659335227716859
  0.85698767885937399  0.86646050668836472  0.87640570074912827  0.88508230831613655
  0.89395976490279294  0.90268792131163278  0.91090630554479080  0.91920115735421282
  0.92833658366152505  0.93861204471788806  0.94944776476513892  0.95986324330891426
  0.97002958648822912  0.98085607319718870  0.99092546312433938  1.00000000000000000
   3.4016923405516069E-040  -1.0000000000000000     
  <DiscreteSampler_grid>
  Helicity
  1 # 1 for a reference and 2 for a running grid.
  20 # Attribute 'min_bin_probing_points' of the grid.
  1 # Attribute 'grid_mode' of the grid. 1=='default',2=='initialization'
  0.0000000000000000 # Attribute 'small_contrib_threshold' of the grid.
  0.5000000000000000 # Attribute 'damping_power' of the grid.
 # binID   n_entries weight   weight_sqr   abs_weight
    1   5979   3.980521134529379E-040   1.609382729592908E-077   3.980521134529379E-040
    2   27   3.149858605058206E-043   7.218219747704776E-084   3.149858605058206E-043
    9   20   2.169981347018351E-052   1.777402012033518E-102   2.169981347018351E-052
    10   20   1.237573944214412E-055   4.958976343485213E-109   1.237573944214412E-055
    17   4779   3.224138225849531E-040   3.329052967464379E-078   3.224138225849531E-040
    18   25   3.636728375733072E-043   4.499574517422733E-084   3.636728375733072E-043
    25   20   2.767963594436217E-052   5.041958529442540E-102   2.767963594436217E-052
    26   20   1.151853519858430E-055   6.960230382786407E-109   1.151853519858430E-055
    33   3222   2.812980752031357E-040   1.211573713640694E-078   2.812980752031357E-040
    34   21   2.466615126413652E-043   1.837906542504319E-084   2.466615126413652E-043
    41   20   2.303561784435549E-052   1.684157791598654E-102   2.303561784435549E-052
    42   20   2.405941574734512E-055   2.528096910895283E-108   2.405941574734512E-055
  </DiscreteSampler_grid>
