  0.00004869014472118  0.00034645202377989  0.00046725980089162  0.00060872298360540
  0.00078988440528958  0.00105914006074950  0.00133527004503159  0.00155008617827878
  0.00168376119107064  0.00184192292440740  0.00202150697197338  0.00221235185415929
  0.00238559921385993  0.00270210933627945  0.00316582679822500  0.00362511333300820
  0.00402182405821600  0.00450257760288981  0.00505047777043963  0.00558917696675145
  0.00604748951722253  0.00652369171045379  0.00721541933001304  0.00806652925989352
  0.00884142928233551  0.00952029431410136  0.01026826318706539  0.01114051157825860
  0.01217248490091823  0.01327959968459319  0.01429405910047434  0.01534168699409818
  0.01661499243817014  0.01791341501893851  0.01918115571856700  0.02050139334001453
  0.02203164215893174  0.02422092139897569  0.02647798050848854  0.02874975613903272
  0.03091169773520256  0.03291676531616367  0.03510446820587954  0.03749865044891890
  0.03976543431989005  0.04240109214404748  0.04478785913891177  0.04714185150491632
  0.04936254517837431  0.05177860465920619  0.05427134832902952  0.05683190518428835
  0.05964512867628369  0.06301669516828950  0.06706348045447429  0.07106190679166396
  0.07502935984721787  0.07915939761074071  0.08357464561478112  0.08817012542418957
  0.09256510913885752  0.09776052859127222  0.10438359626281132  0.11211237338075976
  0.12031247157025460  0.12916873031520937  0.13864416523827627  0.14742559767967711
  0.15641267547001739  0.16659996587629969  0.17863822682953032  0.19244590481652046
  0.20832691085967794  0.22454275479087923  0.23937418243857397  0.25675451860074627
  0.27333589680008713  0.28932642110644730  0.30837828392524747  0.32955622496357512
  0.34950573372768484  0.37155906292939772  0.39526326777347964  0.42854044748075826
  0.46565636297688845  0.50667699046318793  0.53434630649882642  0.55585686604570839
  0.57762599629882949  0.59672150208827346  0.62358795718045068  0.66981918258552009
  0.72146711568189392  0.77830234163246204  0.86490470702197120  1.00000000000000000
  0.00007479451291715  0.00047789267502348  0.00067397678472706  0.00077137272677710
  0.00085403890396709  0.00094495603162006  0.00105017210097653  0.00115571231225791
  0.00126189590568184  0.00138561149083255  0.00150917258148603  0.00161311569629383
  0.00170969903895329  0.00179721258887432  0.00192107530631831  0.00207116947011779
  0.00227588393745485  0.00250505831098714  0.00277539319551825  0.00320948951522756
  0.00373495430301603  0.00393730680664456  0.00417275455119750  0.00438925145548836
  0.00456627713297101  0.00474440890489449  0.00492042905611074  0.00506596006610864
  0.00519690587848360  0.00561871514815926  0.00647090979371265  0.00753254870960548
  0.00837868791114751  0.00901432600278324  0.00956321711955493  0.01013560313398180
  0.01080296550054960  0.01169759859784363  0.01261079542682880  0.01369683510566300
  0.01526906721987578  0.01718871196981495  0.01953699604181379  0.02163398873552289
  0.02289004330427593  0.02401318130988367  0.02565885791201114  0.02767298651929421
  0.02992107415711187  0.03239098443332988  0.03512966367174721  0.03909346245937927
  0.04357312875592837  0.04900977587054303  0.05627633051799911  0.06427606890766716
  0.07289992057776194  0.08079522437335360  0.08977220670602729  0.10072326202178174
  0.11238068822004087  0.12722167328600453  0.13910841252031020  0.14960233661395533
  0.16149219712179613  0.17559431297512207  0.19182053518962897  0.21269222382941233
  0.23455736680371420  0.25533582608738431  0.27561726506862722  0.29365640634543211
  0.30836323091430373  0.32054505153481205  0.33332203216965217  0.34698826739962335
  0.36417923149919529  0.38166900080024763  0.39995205276729834  0.41975722251677094
  0.44204098974798089  0.46535671097083947  0.48997561248551386  0.51699589720292616
  0.54616336519892106  0.57794080260853820  0.61374612856816357  0.64286653918675629
  0.67104067108897214  0.69893318635308987  0.72692447188801113  0.77092506319402332
  0.81815185227627840  0.87640697719151994  0.93646432906934796  1.00000000000000000
 -0.01202507746049622  0.09426832053790846  0.23126738887221060  0.29825019567970457
  0.32461881017191596  0.35579019214246499  0.38661743158701067  0.41211313137044431
  0.43634061074104241  0.45247096548655230  0.47279112331427331  0.48847699698745972
  0.50736766421436186  0.53389591361440769  0.56366703697508558  0.58238562256114534
  0.60129304844938292  0.62252971732796436  0.64191919120694096  0.66375474037457227
  0.68374730236304493  0.70124400224374106  0.71413589761160967  0.72848356911097445
  0.74516181606619847  0.76254513623334674  0.77667671142776995  0.78757330113353707
  0.79569929326341815  0.80362388684476460  0.81188498100472173  0.81741858995956174
  0.82176655705859081  0.82577887738233757  0.82978396496321383  0.83422232084416670
  0.83818518478319581  0.84211685129064773  0.84847513111385453  0.85339401221950362
  0.85880062131902946  0.86496201324385757  0.87150197755058834  0.87699648974279232
  0.88252981091274896  0.88787289953292481  0.89297322889199093  0.89886352708229200
  0.90363096331296899  0.90835303826892888  0.91270423772034204  0.91677778516814024
  0.92080295595515782  0.92489659325462348  0.92889004152479671  0.93188355715773885
  0.93472352117842605  0.93742696799200331  0.93997807938472755  0.94282566238737664
  0.94577617605811304  0.94843870729429536  0.95076681616722103  0.95300483380381518
  0.95484251314006929  0.95670977282993575  0.95862434551164077  0.96023242484244764
  0.96222052306647710  0.96466313996109876  0.96720370918378695  0.96954079213831368
  0.97158015800603093  0.97351167269003469  0.97537678125292071  0.97732172740967760
  0.97923438945120478  0.98100932759574400  0.98270122276170635  0.98417427041860661
  0.98576488894534176  0.98734700448187618  0.98881246757825625  0.99022524043529236
  0.99180537828510174  0.99331652301470730  0.99480346407780762  0.99600608515379563
  0.99691572276543228  0.99758909943578911  0.99809384706525039  0.99851636746849803
  0.99894219154198105  0.99930269591212273  0.99965384521113554  1.00000000000000000
 -0.00270798026157588  0.01224858148912797  0.02540380991608450  0.04254779979648660
  0.05973869212159290  0.07462756027556630  0.08718251585504819  0.09911073768810712
  0.11094863617282687  0.12174272885500342  0.13275020079911995  0.14509679361862751
  0.15724634111770311  0.16819295365710440  0.17778035120719313  0.18561890061818559
  0.19262894060381450  0.20131400355707446  0.20889486261756510  0.21867116462127781
  0.22930166488630818  0.23857917275342347  0.24661268369142422  0.25584473190728063
  0.26486004432475568  0.27524259541208235  0.28621855198275836  0.29652773775361529
  0.30616138190363451  0.31610919575097590  0.32702516374659679  0.33633649261916021
  0.34451313813235712  0.35416609443950392  0.36696756765407901  0.37933959958594354
  0.39122916133428959  0.40454961673768297  0.41865951556589592  0.43151821653358235
  0.44313977944459776  0.45515755385611717  0.46736856986978237  0.47975803174966541
  0.49242385271436695  0.50478883445008682  0.51579040214664984  0.52526507516934218
  0.53431059381837409  0.54468992679502326  0.55844873974253162  0.57220175818249008
  0.57863995177244743  0.58505619196477887  0.59120965349869969  0.59788272571532675
  0.60441024470058635  0.61187962568023302  0.61962791091823088  0.62613925035238027
  0.63005677960689133  0.63398847874746411  0.63786020256749332  0.64181198938461059
  0.64948065527977861  0.66163583971457407  0.67725496209295888  0.69042775977763005
  0.70055886184914073  0.70956501755683143  0.71882458827218942  0.72874546478241486
  0.73799789482004940  0.74657074026463977  0.75390093393133328  0.76166132970993083
  0.77040004724295319  0.77948580195036477  0.79083471498949898  0.80537250315513598
  0.82036424250316620  0.83537504076043467  0.84882885354477233  0.85868412522226212
  0.86816194657652779  0.87741181550283009  0.88690082783455149  0.89693929197272459
  0.90819892545595260  0.92240505802358008  0.93794979823162872  0.95165269200616665
  0.96343861173742007  0.97550095381518487  0.98723616203014886  1.00000000000000000
 -0.00161677035004095  0.00470497151545537  0.01030952271105383  0.01553971440693476
  0.02059310280653752  0.02628230337932985  0.03164810381243716  0.03773817057019864
  0.04364191854108733  0.04880748214023910  0.05369744150626871  0.05846557078872729
  0.06279956276936197  0.06714821377030337  0.07439585298971940  0.08296168678773311
  0.09030942380555619  0.09696450381129409  0.10495520951056367  0.11302006292952411
  0.12078846233854780  0.12763881064015772  0.13719740290972449  0.14869697651275082
  0.15927162950632934  0.17677817478256599  0.19309506255349856  0.20822188732947811
  0.22260000876719221  0.24091467967157829  0.25926622494944118  0.27693473826674136
  0.28583278631736553  0.29206017387951472  0.29856551146305793  0.30617149791202930
  0.31390696173520566  0.32563890832282294  0.34073675690600469  0.35584377013392920
  0.37412571868083289  0.39753161111917551  0.41577590866300490  0.43271501131145274
  0.44758419383756959  0.45814841401453960  0.46836226436230427  0.48138586198061428
  0.50189945391889990  0.52250884140912257  0.54095663289931184  0.55745591429617314
  0.57308844059347019  0.58615957581399514  0.59866238315412124  0.61231185360173468
  0.62426531717954303  0.63778715384550222  0.65177741067572892  0.66458897844554854
  0.67779658078169058  0.68782331312177880  0.69672433183006699  0.70593240294831450
  0.71627929340412388  0.72473502857445360  0.73175170505580112  0.73872449382820993
  0.74667403323088022  0.75620911178011252  0.76698588970631298  0.77846879911404121
  0.79041627218468924  0.80160429923608911  0.81045901456018643  0.82073861871040610
  0.83159183165895711  0.84269669422897120  0.85241213630391677  0.86150666730126890
  0.87132403060997865  0.88117068012051847  0.89281172234300366  0.90262061378728142
  0.91229062251627213  0.92282628692441593  0.93363483939309733  0.94341071992562553
  0.95253738810097432  0.96072304364063565  0.96786472908055832  0.97495395933063433
  0.98177028676018718  0.98794546404729133  0.99393320009093555  1.00000000000000000
 -0.00437116625463334  0.01452836383303016  0.03405243868043762  0.04681718844542995
  0.05689816785876666  0.06458610419733450  0.07173842725258664  0.08037346855254521
  0.09065918247093670  0.10179410949961298  0.11448489674756435  0.12782159123266484
  0.14108642694245385  0.15476122193813419  0.16790717919456222  0.17977326260973839
  0.19090810084864135  0.20201410018491706  0.21443062415237982  0.22669771957623053
  0.23697273325420093  0.24696741988381846  0.25753251041838626  0.26781785029638411
  0.27923053498629019  0.29072360465046598  0.30231964850929099  0.31292691205627177
  0.32138720178863506  0.33086602373019403  0.34120561671193661  0.35219162826610373
  0.36667618897969645  0.38196597176321728  0.39382299645027430  0.40574345845004428
  0.41763355239424527  0.42491507104626192  0.43443051690718332  0.44370550059831371
  0.45317528886057462  0.46284443907458045  0.47257322755929693  0.48424669322319369
  0.49695428475078435  0.50871531461518438  0.52083834306097176  0.53351888047774854
  0.54432523976244396  0.55475755473261534  0.56314456243258859  0.57061652037655108
  0.57709563955632615  0.58383976811806126  0.59123161091635512  0.59941775541410658
  0.60840075413162109  0.61792836232186454  0.62669564552386570  0.63560047902430628
  0.64092975381730444  0.64481260527423145  0.64866939234359944  0.65231617078403648
  0.65623875389532482  0.66378236076392527  0.67160336186750802  0.67897536443371631
  0.68787458025645354  0.69896819118894737  0.70916687840578085  0.71973010978701168
  0.73285669146851029  0.74460835509613710  0.75474873223638239  0.76345390329360796
  0.77158465451606340  0.77874152460698931  0.78870570504090720  0.79890863035127835
  0.80768294830534348  0.81715781459406678  0.82803347433725527  0.83899615423149732
  0.85046623835203694  0.86193996525182737  0.87490666193333000  0.89032159169520775
  0.90635481199124757  0.92237776487474221  0.93686111864850274  0.94926405475494813
  0.96202456321517771  0.97535744620917830  0.98804813568067063  1.00000000000000000
 -0.00099918676102497  0.00133078345666152  0.00535567636289885  0.00963314101252709
  0.01368216761357194  0.01727828118618954  0.02067355481397378  0.02396352387646710
  0.02775279163663944  0.03205373866558324  0.03663423330916381  0.04153061532743751
  0.04653029956005029  0.05188896663246345  0.05747443850549758  0.06297747261615529
  0.06835061848456442  0.07267471902120376  0.07631358538379372  0.08014138840158908
  0.08431978343563575  0.08895520280103794  0.09350356052604444  0.09809300600316283
  0.10305894177570650  0.10787157985114292  0.11280155001351795  0.11834778339459665
  0.12483294865763681  0.13250571535907113  0.14051226707448092  0.14851263559514713
  0.15736275501018623  0.16696549480887946  0.17516734057378938  0.18365879827107387
  0.19209930056861940  0.20160741618792816  0.21130929928577230  0.22099382652168054
  0.23027635607485022  0.23929492023818258  0.24776728745947735  0.25763582070566315
  0.26646251822465072  0.27675768880884055  0.28719903920070061  0.29896708705815095
  0.31178726128515838  0.32537551032157708  0.34047322732106100  0.35702103659808276
  0.37242994240759320  0.38795924500273804  0.40060263365564458  0.41224926084068525
  0.42455320903150889  0.43773333834021472  0.44850594683858697  0.45955161642390213
  0.46972104698403810  0.48015243958444137  0.49122185559217868  0.50299435708966833
  0.51440569623570342  0.52518478938946911  0.53815758947209502  0.55597542891658891
  0.57630572424744364  0.59774129135845366  0.61702586197768761  0.63574840219671969
  0.65630740324179238  0.67204018869677318  0.68949048596115425  0.70895000645596540
  0.73099533096194313  0.75491625166788889  0.77496424258891639  0.79269737602753287
  0.80852310486201795  0.82376460152306774  0.83702502090738551  0.85243414519289784
  0.87385015851594317  0.89246392211965486  0.90840144341426887  0.92374770374324289
  0.93881194984894500  0.95376910737627651  0.96632302640083534  0.97626753723529025
  0.98469944151080102  0.99082619498571634  0.99560152207411545  1.00000000000000000
 -0.00158134506231190  0.00763638426673008  0.01658810707206979  0.02590824346748059
  0.03478645458815580  0.04152568235973270  0.04704951075534965  0.05246103234996498
  0.05727155783657659  0.06169303555525040  0.07051275646360829  0.08018191106976230
  0.09219763199191411  0.10698542900529517  0.12331266325307887  0.13892263430072083
  0.15138161771945258  0.16432430111175447  0.17148643521668708  0.17821696197446635
  0.18517690357250485  0.19221245359501041  0.19934570495602461  0.20962333648815812
  0.22142754827732478  0.23249748209662455  0.24348916118450648  0.25639615734217058
  0.26723884367347173  0.27702805048461293  0.28724171609292493  0.29847769362001314
  0.31070582689932258  0.32175401128353204  0.33117828514394743  0.33985970413836047
  0.34791743762054711  0.35616722577827709  0.36539366306804616  0.37644177808798340
  0.38912063177456724  0.40025067719845087  0.41202817239427370  0.42572971828743128
  0.44189460631324468  0.45859163296445382  0.47170299142711331  0.48337094507550254
  0.49317474191131749  0.50173434361358382  0.51030362970605148  0.51992937408562623
  0.52807754044719390  0.53619038660701335  0.54434540741595927  0.55308656540045631
  0.56317579365095227  0.57394245888863604  0.58546803633385580  0.59702700237862261
  0.60890732333774700  0.62029287285131307  0.63228600079069475  0.64623564989139282
  0.66160376557157452  0.67571460701474617  0.68870433630276895  0.70113437378889121
  0.71066196523154823  0.72085767418623592  0.73206083572079095  0.74487450482905748
  0.75948226955421039  0.77162491129357547  0.78339710898738235  0.79488591976135592
  0.80578863961898683  0.81535580377453876  0.82310268294997480  0.83033524302854356
  0.83787994814949707  0.84691016112481821  0.86104644869149805  0.87401143098485723
  0.88275078632944437  0.89047086149375265  0.89825008168835785  0.90764159809027312
  0.91781571597580391  0.92935654086674113  0.94167549228670877  0.95464623359567635
  0.96691515104212056  0.97819354122076518  0.98872611960954915  1.00000000000000000
   3.4781096452658937E-012  -1.0000000000000000     
 T T T F F F T T T F F F T T T F F F T T T F F F T T T F F F T T T F F F T T T F F F T T T F F F T T T F F F F F F F F F F T F F F F F F F F F F T T T F F F T T T F F F T T T F F F T T T F F F T T T F F F T T T F F F T T T F F F T T T F F F T T T F F F T T T F F F T T T F F F T T T F F F
