  0.00461770517561208  0.00557984167223887  0.00659115801172584  0.00765372177815836
  0.00889776533716925  0.01018336066554046  0.01151004104805642  0.01343968344882397
  0.01560253256570569  0.01812632788933094  0.02109352052757784  0.02437526398359252
  0.02784201424830468  0.03085038351412885  0.03413269365380144  0.03764047510591974
  0.04111417788118734  0.04488481363695522  0.04915824261763757  0.05310992553142799
  0.05768346579399724  0.06358271639220876  0.06979889827566782  0.07579111220134636
  0.08216840956643409  0.08913730807222368  0.09590083095248662  0.10233152173376796
  0.10895286951360490  0.11673649601160227  0.12489056605464322  0.13303560821376240
  0.14114424759299996  0.14928644956549234  0.15795011224843231  0.16739930946352649
  0.17669519812118289  0.18570766922700668  0.19621687783865918  0.20767521164241715
  0.21845094405055143  0.22878320186644291  0.23923860878088696  0.25051569860613826
  0.26300775570620383  0.27521414114866682  0.28663075272676380  0.29675227876880239
  0.30527675339632798  0.31425648943290319  0.32238347990545235  0.33275736723804133
  0.34517652633321949  0.36233233456250752  0.37730005097040303  0.39046420799893988
  0.40342985675162468  0.41756578455795196  0.43254721929496404  0.44824921307550664
  0.46225957075492374  0.47278869421410974  0.48187761532922091  0.49217183233085515
  0.50519913430459562  0.51804081931601509  0.53257295209103073  0.54681223827236625
  0.55979934315330326  0.57196348102262939  0.58477080437210338  0.59872128102107924
  0.61301459214741116  0.62753461300251467  0.64217830582288282  0.65689978261316562
  0.67237673960678424  0.68862757004434294  0.70169222537952625  0.71289245825954972
  0.72366851836571300  0.73661040677138412  0.74970255662150820  0.76398550149500633
  0.78374510256891572  0.80323024364579787  0.81458361746926489  0.82467069565969997
  0.83553626779139356  0.84823128788952973  0.86190394929475178  0.88013071900235929
  0.90115604387534065  0.92248775933098137  0.94644383834306589  1.00000000000000000
  0.00001761976110003  0.00002136822106814  0.00002206763915975  0.00002247859091529
  0.00002288672407326  0.00002322783662093  0.00002355885575611  0.00002388464974011
  0.00002417641613016  0.00002445860494776  0.00002471016112570  0.00002494776108268
  0.00002519112721867  0.00002540473378666  0.00002562558852998  0.00002588922549074
  0.00002611354304372  0.00002632679041342  0.00002658185890291  0.00002687286930829
  0.00002718640650890  0.00002762933637712  0.00002807052199617  0.00002847867345570
  0.00002880645593482  0.00002910128332739  0.00002945130616077  0.00002976706630234
  0.00002999163240323  0.00003021518757675  0.00003044297789928  0.00003066631006672
  0.00003091355954908  0.00003129842280976  0.00003176364427647  0.00003229580447377
  0.00003286880542751  0.00003344406328216  0.00003406907868088  0.00003488838244806
  0.00003576314166728  0.00003691827293389  0.00003843028089978  0.00004027986513084
  0.00004261207624110  0.00004499052604561  0.00004697883411603  0.00004862815734085
  0.00005004015858757  0.00005102833760876  0.00005182964642816  0.00005257966939774
  0.00005330374287488  0.00005398161311899  0.00005464724867043  0.00005535367564402
  0.00005616830862237  0.00005707048600267  0.00005787673572279  0.00005861397492171
  0.00005926925407640  0.00005981012225043  0.00006021714792636  0.00006064211367708
  0.00006101323816179  0.00006134932285858  0.00006170729826055  0.00006210245305392
  0.00006256984867348  0.00006321638499291  0.00006388822155379  0.00006457327615186
  0.00006534943111912  0.00006610090604444  0.00006670839905569  0.00006722283659740
  0.00006775943033248  0.00006835994949141  0.00006895308015718  0.00006947030270235
  0.00007103579268877  0.00007270621533338  0.00007364028713052  0.00007463261805820
  0.00007563236277383  0.00007667600845630  0.00007777030636644  0.00007888904916536
  0.00007990111813089  0.00008082273992868  0.00008168528718990  0.00008275955711734
  0.00008414587287785  0.00008544542367750  0.00008578245533164  1.00000000000000000
 -0.00275489579863823  0.00750988345549269  0.01688088844073196  0.02591119230934411
  0.03491112404788396  0.04338399496715977  0.05279416371859817  0.06232832084753029
  0.07193198719400326  0.08249032092109349  0.08989774508163126  0.09708545119520509
  0.10444215573685742  0.11062178215658081  0.11687499586094920  0.12344906893742695
  0.12881220468120569  0.13406504964152277  0.13891532728783196  0.14429726078515123
  0.15020668420303496  0.15910982777382487  0.16751584139738432  0.17341334801070987
  0.17868434998435770  0.18356321459261546  0.18875395949534293  0.19465403480070709
  0.20245938617541642  0.21085232938096860  0.21689077618649005  0.22203692736911718
  0.22721961475998903  0.23213515554404185  0.23721586210964346  0.24467002483336409
  0.25267652438895766  0.26065408670064849  0.26914004373908978  0.27721507594274764
  0.28468323223012543  0.29186129716318898  0.29875661802774750  0.30519164105367969
  0.31193874082202266  0.31945865175917049  0.32847401427047868  0.33845843866202469
  0.34805199101030482  0.35778225307761019  0.36835042588618844  0.38013411160200528
  0.39245415382454768  0.40513192474285004  0.41402883859837564  0.42275283872159941
  0.43035988696958488  0.44005888721369740  0.45018424865201989  0.46057564728718148
  0.47168129838014089  0.48285519704822449  0.49596562170481995  0.50811223509958514
  0.51952498750443932  0.52972720116070227  0.53968350576572732  0.55014316785180661
  0.56104313965021757  0.57153516962574680  0.58101705355282030  0.59076059246450685
  0.60137268628631735  0.61210867442336914  0.62321007194733558  0.63496779012010418
  0.64992695501289655  0.66591134133422192  0.67901809489151355  0.69330702835318236
  0.70857382461853435  0.72159752293139268  0.73563056149574668  0.75326543011325675
  0.77153753645770773  0.78718914867199496  0.80419119591427768  0.82430731354428977
  0.84380261385741784  0.86423161151480299  0.88465653323309612  0.90381166554945025
  0.92356417415443859  0.94397314519887543  0.96952122953620978  1.00000000000000000
 -0.00136260790084143  0.00632656045124221  0.01474223851689051  0.02166171178692171
  0.02920315890241230  0.03933605634570794  0.05079249204186420  0.06031166413981058
  0.06716119811895697  0.07271853214873589  0.07861809192569066  0.08708111531510229
  0.09811672862185697  0.11031775770544364  0.12178980444592621  0.13173999458891206
  0.14006021194443216  0.14804353623022667  0.15647944527079019  0.16505641342708852
  0.17275870322077416  0.18034199116193592  0.18901058974708279  0.19741590110374022
  0.20518219010752298  0.21306446009408075  0.22171812267418203  0.23186386679468629
  0.24298187823943898  0.25296816645693948  0.26143481784800093  0.27010431836147131
  0.27915259013857568  0.29005670703897246  0.30229341658825865  0.31539557568252774
  0.32781041533067051  0.33902725220427504  0.35086682115351331  0.36206406854433243
  0.37233320486981908  0.38215026590798817  0.39266171484359835  0.40380963568797346
  0.41456537937361360  0.42567137200577165  0.43683545820582903  0.44718023264417334
  0.45897411831980511  0.46914263199052075  0.47807116920028003  0.48679993672094840
  0.49738357719775200  0.50927561050956383  0.51975582105066176  0.52860432422572901
  0.53761241895857581  0.54635660390137963  0.55596581357167296  0.56418556322721947
  0.57301365376542257  0.58208787247099181  0.59287425968384333  0.60403584127312160
  0.61686216644684322  0.62802547408130971  0.63858628473320622  0.64970446996027720
  0.66029654339034893  0.67075480972583168  0.68252069537043902  0.69528337547847974
  0.70828317796427165  0.72132639763677731  0.73666752159646720  0.75572935640547390
  0.77372851364530981  0.78902148135656192  0.80290418363709648  0.81661216376709467
  0.83036236263038699  0.84507099620585113  0.85680170931498412  0.86834391737794625
  0.88041492498383356  0.89304172019131189  0.90644643953153470  0.91931703800988163
  0.92974352283126993  0.93995326623727071  0.94867886079471397  0.95875772323127029
  0.96938684233626682  0.97981387654200247  0.99009204857151856  1.00000000000000000
 -0.00356904557578223  0.01943627918075853  0.03532569869008344  0.04982932713187116
  0.06377361385886324  0.07695626578349218  0.09048641480343105  0.10645764647888817
  0.12346209946389279  0.13957075950638095  0.15644146068402420  0.17401548528342289
  0.18894379605939357  0.20189760620405617  0.21360399099292449  0.22689123721998625
  0.24445270323425808  0.25812104720701723  0.27021471317595674  0.28111491595043892
  0.29399427586641058  0.30782385797054651  0.32170829232888093  0.33443831792501499
  0.34658169695403590  0.35865945792673798  0.37160378469031358  0.38608139275582060
  0.40001363908990117  0.41297745844183315  0.42600807799671875  0.43876312369676485
  0.45050800129845925  0.46080335989021159  0.46960243071444085  0.47787832648030204
  0.48730098414446499  0.49753175270844896  0.50687866686158878  0.51581495268110145
  0.52534836709313415  0.53407593600115644  0.54318003649112223  0.55415850855961923
  0.56436996749595381  0.57797545175871257  0.58838736200896691  0.59747856648583475
  0.60520330785579624  0.61275748329679380  0.62194587714572547  0.63177932200216014
  0.64090986541500816  0.64971947803743768  0.65660025230169594  0.66357647056471414
  0.67279102106899735  0.68529340143194595  0.69593348624565177  0.70529261057777815
  0.71613620665737721  0.72713000286880369  0.73759932315479626  0.74673644726013633
  0.75976132851305667  0.77163344527951738  0.78227068207628681  0.79185488786282798
  0.80107456928535703  0.81047746378936858  0.81943077644303230  0.82818601796947611
  0.83621706598723933  0.84356503860516274  0.85169463655313771  0.85913027952780163
  0.86867059149025783  0.87888440102043253  0.88617775061777859  0.89301081161948237
  0.89913652722122905  0.90415686556682395  0.90999946969416723  0.91594383866050444
  0.92202039222010124  0.92811825025013139  0.93353055207174251  0.93879402701350745
  0.94436446647938932  0.95007156628945844  0.95599129359690538  0.96316668014914497
  0.97186742755762201  0.98081194499895008  0.98998789739935800  1.00000000000000000
 -0.00247953634218944  0.01272222494630048  0.02415902963690062  0.03424094698813895
  0.04384333002462989  0.05302775498049710  0.06297959510115739  0.07458181138085346
  0.08695529661141038  0.09938939175428482  0.11078238099666181  0.12262939131161364
  0.13421410881818452  0.14715338341730838  0.16010775245110045  0.17214293739243058
  0.18277832875794425  0.19323407486911243  0.20443469842771339  0.21556221654113530
  0.22740216355092005  0.23943333751944287  0.24978283083566269  0.25907220907332162
  0.26931329760599043  0.27829229254496335  0.28827267891637459  0.29840343713381762
  0.31051153748356669  0.32320820120585847  0.33561686660683210  0.34958093891873460
  0.36075945111592017  0.36854382674158348  0.37478548585066601  0.38129603533402512
  0.38867515627369115  0.39594577321294366  0.40880048915880768  0.42240126735214190
  0.43588830549642799  0.45005745539483744  0.46491426525525203  0.47896262066049089
  0.49071353475624119  0.49976359899500478  0.50865253915081632  0.51796756003910960
  0.52645915896116857  0.53589749572333545  0.54586288330261912  0.55690506724511524
  0.56821391880606154  0.57820110656402546  0.58798552709873486  0.59755620575333479
  0.60690784276632026  0.61637617218505214  0.62430824401947893  0.63288062836574754
  0.64181346729170241  0.65290560819692156  0.66436689614526290  0.67718239425600968
  0.69057347427186855  0.70430205847610339  0.71636839513101969  0.72515804321795974
  0.73297709271949507  0.74163519109398235  0.75136750739805824  0.76335341850207195
  0.77635883525497640  0.78921032544347414  0.80260979824173173  0.81408114319300584
  0.82201507951057118  0.82940304987561275  0.83724299379354650  0.84584403566645328
  0.85400228363566033  0.86184887981757596  0.87032590224348194  0.87963608859010967
  0.89000754389246095  0.89982440260044749  0.90962734989279570  0.91898936037279300
  0.92916674481691985  0.93875598962378315  0.94965395615291259  0.95883469224836726
  0.96783350307095739  0.97724891810170822  0.98881264694545101  1.00000000000000000
 -0.00603257836312266  0.03662667508462839  0.06422435487556136  0.08852168442792803
  0.11204773789056700  0.13992631450046583  0.16513556009980820  0.18662924800529401
  0.20729810405564822  0.22591893908503477  0.24009410072058329  0.25323623658013400
  0.26772056782649678  0.28196781529298365  0.29462005786532430  0.30342579266033737
  0.31123062998973966  0.31866715049942629  0.32616682744278286  0.33442411149201873
  0.34200203359056525  0.34986748896263653  0.36077349385881546  0.37368816844204317
  0.38600345484461634  0.39963315108228187  0.41439844828312072  0.42789202425646750
  0.43924475857922135  0.45028363049899933  0.46051546696076795  0.47065743274973837
  0.48117964382564687  0.49161450907528292  0.50276190143223820  0.51422092321627488
  0.52525045200632281  0.53599538838276928  0.54587781551953518  0.55508806454990356
  0.56450262798509310  0.57348010116748838  0.58131347191519711  0.58923271968313740
  0.59701965586710903  0.60567970391141990  0.61626736384980296  0.62699653773796094
  0.63626944575684752  0.64572215024189072  0.65653022804444627  0.66795655953752131
  0.67929988795211782  0.69017719739457517  0.70064693797373379  0.71052411724568310
  0.72070842554876824  0.73145779882686723  0.74158002000692513  0.75090865371684068
  0.75968385008700312  0.76803298556359323  0.77664248867170904  0.78450159351966642
  0.79154248925928228  0.79829581901317459  0.80429150295342733  0.81203961526017732
  0.82066162233828077  0.83059560268789390  0.84263580571119623  0.85415391115138195
  0.86342842376808204  0.87155965965051863  0.87914192034084715  0.88651195798173743
  0.89391608882976437  0.90087077657855041  0.90785487844492763  0.91530791255176058
  0.92372181949846122  0.93222993692911826  0.93916432118931714  0.94408110719713334
  0.94847562523583495  0.95247364490334951  0.95657721353744807  0.96078898767865262
  0.96503700180056995  0.96922483002993431  0.97332370898952292  0.97762665194304510
  0.98276179223813043  0.98861273561244400  0.99439293861798539  1.00000000000000000
 -0.00176711749236359  0.01016876064528444  0.02136329657960674  0.03325154995404792
  0.04575187439791888  0.05815447556005379  0.06867837369092356  0.07972102032627304
  0.09092906955590432  0.10391704999686514  0.11376526140573542  0.12251218481863695
  0.12864104283124450  0.13533361334244012  0.14257562447219876  0.14993316132009923
  0.16289907785665678  0.16985543026873234  0.17883885424552828  0.18707353919855260
  0.19740631155545185  0.21019204245390763  0.22346922773284378  0.23635558348101085
  0.24911440836768611  0.26197624720635071  0.27380349668351911  0.28480585543720688
  0.29623332407218039  0.30796255382194831  0.32028341710956648  0.33258442834007435
  0.34377024275727602  0.35494541450618744  0.36500107542483962  0.37370832882601313
  0.38171560287897349  0.38979274704621975  0.39931992315991616  0.41125974007699506
  0.42236659677563271  0.43204187599366140  0.44251499934660576  0.45357918711357575
  0.46498275568227526  0.47545748679244543  0.48530896628369913  0.49477060775600373
  0.50362236000528049  0.51072462956294973  0.51947333433381271  0.52794554158527029
  0.53587584729300186  0.54315695709922751  0.55019277800189459  0.55772019169561093
  0.56607448221930512  0.57483200152700342  0.58222899227195946  0.58918542354429626
  0.59629242568674690  0.60488360634628691  0.61666858046187745  0.63018305986909873
  0.64199913473716852  0.65358419396674117  0.66504780354270210  0.67474800661183987
  0.68422379789749810  0.69357873571918049  0.70343891291280380  0.71391059298257509
  0.72613972616389055  0.73794496144417521  0.75020586433955294  0.76238303197744950
  0.77308226477209063  0.78371004492204888  0.79474154601912450  0.80669870586033665
  0.81877446014609045  0.82953965150292053  0.83916749447523853  0.84829614420517341
  0.85792844794217327  0.86899177766433344  0.88006001759850583  0.89037095126212884
  0.90201563074022595  0.91554469380556802  0.92944317241960694  0.94332633732837923
  0.95804622678297480  0.97221801212906767  0.98533986336125889  1.00000000000000000
 -0.00243336609101241  0.05407120781591068  0.09622599409313416  0.12647290806961475
  0.15003685060589966  0.16787489929738655  0.19072340884604544  0.21247336106963782
  0.23578712067596314  0.25855714651323819  0.28215830018292909  0.30187395202541212
  0.31487798012005985  0.32729250148042399  0.33902675170331864  0.34997436040968577
  0.36166484797533499  0.37684273965112769  0.39308063160052509  0.40769153523832258
  0.42207949724571131  0.43745908287278401  0.45276502346852476  0.46896850086210412
  0.48711875974901087  0.50636431290734596  0.52431930937784643  0.54066701465968758
  0.55866757837388614  0.57700758621499837  0.59743959212762299  0.61522519775225182
  0.63336077468862417  0.65001687238542227  0.66526207582033692  0.67696193995310061
  0.68763468752522150  0.69809555330013640  0.70942594845328888  0.72062498014527976
  0.73152742144565985  0.74353931955788211  0.75600933699328332  0.76866308915538584
  0.78278686282995180  0.79721587951445527  0.81156952505474012  0.82668674989849589
  0.84151059906960468  0.85312259383555722  0.86398780767346606  0.87476782117777119
  0.88512672638617040  0.89397541026164329  0.90208311805366370  0.90988287507410770
  0.91731954747211752  0.92350658600119806  0.92931790889335997  0.93500877222050949
  0.93978551772192342  0.94379185831645962  0.94785476217177245  0.95204333511040018
  0.95621473758448372  0.95991954912158450  0.96317372656956945  0.96619731133884446
  0.96892131232502865  0.97133247577072501  0.97344725408302246  0.97531488236394037
  0.97696296286552220  0.97840752999471325  0.97960771015231896  0.98058150633583674
  0.98155159323955576  0.98241107382442738  0.98316594212721786  0.98390214674031795
  0.98461897269783805  0.98531791458277562  0.98592608164147155  0.98652410709453719
  0.98709139881350061  0.98765710149101460  0.98821954556661507  0.98875935242602453
  0.98926389070679899  0.98970905719172220  0.99008212461488854  0.99045960704969727
  0.99084015032767447  0.99106787900100879  0.99123853978783216  1.00000000000000000
 -0.01137701835273746  0.06101348516001826  0.08586277885159874  0.10328942865376910
  0.11471042140546595  0.12218337561363321  0.12887566624561653  0.13577591495743563
  0.14286778338527886  0.15031630082364678  0.15863242802826244  0.16638088418493385
  0.17366242292411652  0.18019854211156960  0.18780645297896584  0.19562277385977270
  0.20265978596128970  0.20907926304168542  0.21555810511651760  0.22233071086811826
  0.22935435036106350  0.23672325940450589  0.24465695761291875  0.25180614461601225
  0.25925705471607374  0.26665695063944089  0.27352354932113410  0.28088385889189749
  0.28764343352427113  0.29440582230478279  0.30124335751790898  0.30749995432455435
  0.31321584283071607  0.31908310457841765  0.32440781507478200  0.33048552762332883
  0.33725007343623875  0.34474241062389610  0.35156595096386095  0.35861733875483204
  0.36515242920586910  0.37156460550270681  0.37846386270658716  0.38584478924365806
  0.39390005437860565  0.40195553335095741  0.40973008716050607  0.41809193417588530
  0.42934412263931515  0.44170885895020351  0.45277509233355356  0.46220075651371956
  0.47074404688606480  0.47867168162153734  0.48538029413272177  0.49238917699103180
  0.50047563785680682  0.50765923578718541  0.51328652882774317  0.51848187193831363
  0.52344953995247123  0.52936608388031015  0.53588655420530618  0.54268683418464836
  0.54973161003554427  0.55673614509517477  0.56298686438880596  0.56918691467319826
  0.57544963197223498  0.58163421484432420  0.58696620035810998  0.59164761787847375
  0.59687467140906014  0.60573943189365520  0.61487895599100650  0.62380467623301949
  0.63130544077940187  0.63787774887439874  0.64463256577358796  0.65277262861594754
  0.66299457183532251  0.67191973221083534  0.67966301398592832  0.68811567872364032
  0.69869682238525466  0.71026542140114335  0.72099941026095715  0.73181509635619801
  0.74659688970431748  0.76372586033992118  0.78001639083775054  0.79526843442706385
  0.81347524430640106  0.83098136578408666  0.87000296321892168  1.00000000000000000
   6.8691140591692804E-012  -1.0000000000000000     
 T F F F F F F F T F F F F F F F F F F F F F F F F F F F F F F F F F F F F F F F F F F F F F F F T F F F F F F F T F F F F F F F
