  0.02362883555155762  0.03480472318823893  0.04702201236844269  0.05961199210101099
  0.07248644026918397  0.08473644143604175  0.09666985066174243  0.10875211918623960
  0.12196091731215575  0.13247868635187815  0.13907050464133075  0.14512715165903650
  0.15225426440060602  0.16051257857662027  0.17014575864384518  0.18089457623030936
  0.19096580531910695  0.20168121638461606  0.21336676784490718  0.22474825330142265
  0.23404207089904433  0.24424458355810341  0.25186867053238710  0.25685857571237852
  0.26349345848922678  0.26863413632484268  0.27414464280413847  0.27986414990757813
  0.28614246979396279  0.29175741427181695  0.29709481809547073  0.30278968825079644
  0.31010329362240185  0.32169798977871911  0.33420141783128643  0.34187057554435940
  0.34769409857423772  0.35399234911781158  0.36167649698245380  0.37065563974218674
  0.38006834910087417  0.38876983883900190  0.39535984850120071  0.40608076894215095
  0.41833300298652687  0.43175095943712727  0.44725749957003430  0.46172474925207840
  0.47566591078901005  0.49024086618360407  0.50380677400027696  0.51779654853817003
  0.53118979574864089  0.54527400883670407  0.55937749560504346  0.57451585350987555
  0.59036446293621481  0.60498729681002927  0.61861640364177961  0.62998271381884596
  0.64015987556541865  0.64832403125971882  0.65522297883976910  0.66288182414685570
  0.67069913531880265  0.67845314192767503  0.68609414179564565  0.69445158477200830
  0.70122687361896197  0.70754695634966158  0.71507882941525291  0.72564981705846832
  0.73684986228088556  0.74985575427688023  0.76683093364508514  0.78067590836135148
  0.79265281795625708  0.80585936017286230  0.81732684503869824  0.82597060710994674
  0.83480700354322246  0.84348695850300059  0.85215509595949457  0.86089752364487016
  0.86855558230969421  0.87706361673332800  0.88718185758480639  0.90077696511842331
  0.91499227679741302  0.92612702949610981  0.93518398494172283  0.94491978102421004
  0.95465537567237457  0.96391207822667779  0.97087750992086730  1.00000000000000000
  0.00023846542538025  0.00025698755609183  0.00027176011905755  0.00028201366382426
  0.00029013356157830  0.00029794582001812  0.00030640842123728  0.00031454476244426
  0.00032410271047450  0.00033306820365346  0.00034174044993170  0.00035111777874628
  0.00036146403124953  0.00037423183381347  0.00038942540858623  0.00040682356918950
  0.00043024099059585  0.00045949942304087  0.00049028610666920  0.00052624434609044
  0.00056640318330398  0.00059631776986623  0.00063451296829311  0.00067573635343715
  0.00071851138757172  0.00076038953150616  0.00079813399727717  0.00084430149698301
  0.00089505587349644  0.00095417278112122  0.00104097367656568  0.00115014802454037
  0.00125002887055502  0.00134866812760330  0.00144560714122658  0.00153719514506733
  0.00165782288555588  0.00186425587749214  0.00215790779680507  0.00251643897679783
  0.00299725925198689  0.00376752850281688  0.00513319412868981  0.00723849558274187
  0.01006758959473085  0.01404528947689018  0.02277688265041447  0.05902925949120986
  0.06958794585648170  0.07608541237684288  0.07786769566198944  0.08374195077941862
  0.12317456842479670  0.18696083475105671  0.23667245658947689  0.27653876945725070
  0.28845617538838902  0.30866638715193218  0.32712803721701628  0.33870325890816089
  0.34897427390706215  0.35993823079494663  0.36925183455987154  0.37710466698929473
  0.38487716164509206  0.39841396574124399  0.40865065475292156  0.41724379695852792
  0.42547548320286271  0.43482623879220617  0.44446178851391871  0.45614224717459095
  0.47376843697371157  0.49977033441515106  0.52883119048954996  0.56310283007847339
  0.58442585580451289  0.60397278052265080  0.62155472089599073  0.63811005265627485
  0.65576731480227257  0.67364905621574556  0.68749920998601133  0.70122845979460280
  0.71491434430220113  0.72864839762885558  0.74653680011030665  0.76386922288096504
  0.77803824110848252  0.79747854897786097  0.82681853218499168  0.85615851539212251
  0.88922652711827099  0.92615101807884725  0.96307550903942341  1.00000000000000000
  0.00000000791469228  0.00000005616605967  0.00000010441742706  0.00000016513682682
  0.00000023474483359  0.00000030867585194  0.00000039034092276  0.00000048218160650
  0.00000058588000336  0.00000074769396671  0.00000093034049601  0.00000113011166788
  0.00000133611599018  0.00000155398066470  0.00000180191495740  0.00000214244886120
  0.00000249287859929  0.00000292324255854  0.00000344096869427  0.00000402929604008
  0.00000466904090090  0.00000535665902423  0.00000619273740172  0.00000734821571164
  0.00000863570401123  0.00000996983839128  0.00001144386711408  0.00001306178529985
  0.00001498273583252  0.00001707308493330  0.00001939192182126  0.00002207909636550
  0.00002685803288590  0.00003362688953752  0.00004141808948188  0.00005077736892388
  0.00006117048700563  0.00007328509221485  0.00008798288924039  0.00010022049122110
  0.00010943786674580  0.00011775932637761  0.00012780966746029  0.00015269176335215
  0.00018918740241765  0.00023693065656608  0.00029187240037524  0.00035562763811941
  0.00043229276311792  0.00053850284117086  0.00062134402015692  0.00069926782584627
  0.00080354720502728  0.00102489192858133  0.00131084451002657  0.00160291821801413
  0.00187789797718520  0.00220218009579754  0.00273894800226537  0.00335128315713247
  0.00422885799929984  0.00542954590872075  0.00674108492344453  0.00798359900114293
  0.01030818175729001  0.01416930080015687  0.01598311359203602  0.01793267277343586
  0.01956854950024532  0.02092613001770150  0.02158827622432866  0.02225042243095581
  0.02290606853964497  0.02354026852084181  0.02417446850203865  0.02497110807004410
  0.02725346342516440  0.02953581878028471  0.03181817413540502  0.03501574912663057
  0.03787000939973697  0.04022719580080807  0.04228249837475726  0.04615531391929649
  0.06084622283664467  0.09905826474195135  0.11517744316276043  0.60601153484730697
  0.87427352254269275  0.91797343988661262  0.94383752860463777  0.96710490615088585
  0.97833815182246697  0.98627923422887132  0.99332015753665515  1.00000000000000000
 -0.00336040820132886  0.01023370124034042  0.02247052068335040  0.03404718412513375
  0.04737918646550267  0.06410894652800003  0.07860096369752971  0.08957410828592309
  0.10072434243396904  0.10923850211547043  0.12040788913604565  0.13257508546342142
  0.13867576455474059  0.14496499982091193  0.15131192528839607  0.15837465190288058
  0.16675087433358698  0.17702814111590820  0.18905884416021082  0.20338283860291420
  0.21759040842172989  0.23059811091919441  0.24303665306172295  0.25623995120845661
  0.27089285154828008  0.28769206240647938  0.30561297614493305  0.31997973056108481
  0.33022191655909650  0.33809467124308812  0.34613296252456860  0.35392815630527691
  0.36097163677821997  0.36769123311511975  0.38027190726733617  0.39804731669465304
  0.41336344579943313  0.42378784996583030  0.43221125486488893  0.44032534319944217
  0.44818287500263082  0.45756231321048674  0.46612325184796222  0.47400254989435425
  0.48069468636705626  0.48578289883288378  0.49323792690961848  0.49964500451964228
  0.50679266922566701  0.51491949723500541  0.52185097908901967  0.52787153239405116
  0.53490978326923466  0.54306396106833543  0.55132830111530551  0.56006590184224470
  0.56948782574854806  0.57710621691150776  0.58423626572951715  0.59483755370280000
  0.60839951050917185  0.61986940614118968  0.62989503437411387  0.63927303108902167
  0.64804692183402590  0.65608379894050994  0.66410096351576497  0.67378396920129402
  0.68459563283100966  0.69585395813165063  0.70638974493148554  0.71820662384175482
  0.73098926340026771  0.74391207398318293  0.75837733309273747  0.77272472790056124
  0.78352603638239149  0.79202713463114682  0.80049077924192047  0.80966157549810236
  0.81913153043609854  0.82885809269197752  0.83907545927705396  0.84935819659063949
  0.86011881230615606  0.87170881561710212  0.88449090269339226  0.89827319556095386
  0.91193943461557336  0.92477059771216397  0.93689443113415471  0.94852312754972801
  0.96151758148299482  0.97455223539118008  0.98628297488170680  1.00000000000000000
 -0.00501562671303619  0.01844248219862789  0.03479129222404810  0.04788199566763927
  0.05896382317937270  0.06858830274096728  0.07655360462729435  0.08580846317397661
  0.09319132653386684  0.09827071975720185  0.10279623001783443  0.10844337270088589
  0.11458157248433722  0.12014671604609931  0.12550921322404177  0.12984766764498926
  0.13458951748630127  0.14014624803317699  0.14595484976011744  0.15360879276455383
  0.16220440973527647  0.16869003298736221  0.17488962845712799  0.18102043203778204
  0.19065886843753163  0.20333661673022019  0.21506198504124194  0.22621004173666548
  0.23713653171117821  0.24646363507877087  0.25629302910452267  0.26662132667219052
  0.27606041286918476  0.28568155084837804  0.29543332263712280  0.30577135703332825
  0.31398774664594481  0.32099834628724594  0.32766590846461319  0.33369138724612918
  0.34950765040874049  0.36477119646679790  0.37827143342990105  0.38950536681132086
  0.40003869046967228  0.41072370559802651  0.42081982468987822  0.43128790120925259
  0.44312197149842381  0.45669993940671549  0.47041269865020546  0.48353674971165761
  0.49472966504195132  0.50823567990590357  0.52171949134770867  0.53550131546849955
  0.54846902749721815  0.56153444844585487  0.57509202742359444  0.58830795829196647
  0.60209363674148508  0.61575664369492511  0.62893826333357317  0.64222857813605339
  0.65869400111782817  0.67622937946473494  0.69191620286280675  0.70534847227896558
  0.71756971001033487  0.72945329059332120  0.74231354210638556  0.75412366878891823
  0.76364948364891272  0.77333592767299197  0.78190235941329356  0.79022971588222746
  0.79861734812372864  0.81142967103688590  0.82306974056709759  0.83448493918707245
  0.84333930843858529  0.85197488858180870  0.86025630937701980  0.86954047119892564
  0.88179558377508627  0.89349830481173464  0.90506412292080785  0.91608817166649725
  0.92440599861202455  0.93194177259698874  0.93990315743142061  0.94943039056049516
  0.95928698058081252  0.96845246119233208  0.97924447007760940  1.00000000000000000
 -0.00641038049577510  0.02827548103127412  0.05676483893852289  0.08506132120616597
  0.11379511866364179  0.14108544519327432  0.17291372345484773  0.20273773213648896
  0.22661413652507606  0.24955357465503261  0.27512066958702569  0.30102604134087946
  0.32633467396225624  0.34866475459114604  0.37043575062125800  0.39303869066285724
  0.41363081868365759  0.43245465083240575  0.44621984446459600  0.46042855943380140
  0.47991097210978106  0.50150980966741476  0.52089495348387493  0.53807316998953969
  0.55617004070573395  0.57590883280594196  0.59630786826936921  0.61189995318293822
  0.62646467419187113  0.63948931677775367  0.65282167128725932  0.66602083526070444
  0.67941232411408881  0.69317062485506686  0.70618216608828466  0.71860324311169632
  0.72989993629645566  0.73730112089915234  0.74496222816306257  0.75192863873557914
  0.75948952303501949  0.76858112051096017  0.77689469221917118  0.78319525860584038
  0.78825074571357634  0.79286937585748429  0.79790293151938319  0.80438404199433666
  0.81056719466495231  0.81774187641718077  0.82451912595666355  0.83082093774186305
  0.83913842156469687  0.84937043020055181  0.85714692772060064  0.86305720264313590
  0.86850804229568224  0.87403681266477296  0.88026440767542713  0.88640270428618573
  0.89186872738601286  0.89704639302547995  0.90172793521053163  0.90545211525488234
  0.90817973486838199  0.91056737650415831  0.91282045559519576  0.91508696973506143
  0.91816388808771954  0.92220819502535911  0.92802952603160149  0.93276241916849001
  0.93702267629789304  0.94104298826131405  0.94457005751118561  0.94766287701043095
  0.95049969111637478  0.95338370119941218  0.95677841852180634  0.96061527680085634
  0.96470863129068440  0.96879235733455615  0.97222024722510947  0.97604578830152799
  0.97981350261640299  0.98311281857230626  0.98631675450035183  0.98896202874597450
  0.99104434027101740  0.99279608939483932  0.99429254803616118  0.99569124980694079
  0.99696374379383546  0.99801776665905217  0.99902153407692007  1.00000000000000000
 -0.00127335212798737  0.00517335003204518  0.01390932038694667  0.02279575707334621
  0.03226606893786705  0.04257296488464262  0.05546816398621768  0.07276795531733361
  0.09124617964205946  0.10659625166163228  0.11952341243654131  0.13121664534488051
  0.14218858441276172  0.15088267924995791  0.15938779004270737  0.16754787435053747
  0.17505262651355635  0.18238447213364981  0.19046077259199432  0.20037278309542483
  0.20970276696561618  0.22048804096828009  0.23189246488206716  0.24373064148889986
  0.25425261871044186  0.26476353168448158  0.27408971647777192  0.28326189067844737
  0.29150414235077066  0.29932749274152298  0.30719598913322427  0.31616015389147506
  0.32568888396271128  0.33434040791861258  0.34275910902460344  0.35174929892041767
  0.36253590447139383  0.37371489968757449  0.38683032633978731  0.40019828349792702
  0.41585777105056687  0.43198995924735606  0.44343693345501572  0.45192080874839935
  0.45969120531111979  0.46652409518520083  0.47287643100355647  0.48064977889189736
  0.48975291060111303  0.49980029106955037  0.51175511965624565  0.52167346367796597
  0.53116181937548435  0.54041972609190414  0.55047077758040341  0.56070581865132296
  0.57109042392989695  0.58181942757949578  0.59312896781823077  0.60874297750502537
  0.62063472150382526  0.63130572474622071  0.64163297400639241  0.65201122406065803
  0.66380168421992436  0.67715811489942923  0.69198886616561295  0.70627085103677534
  0.71814495328172212  0.72920099571382557  0.74053147047421719  0.75273350412359286
  0.76959424567852341  0.78860109103904585  0.80469482096665845  0.81913239289505235
  0.83078567156770711  0.83897270982453875  0.84389670777282122  0.84845947569153979
  0.85306131985719191  0.85850223060518904  0.86535461686001336  0.87300270535430824
  0.88186854145519333  0.89040162835366543  0.89810555426667094  0.90970338713979504
  0.92009056605097994  0.92797086692368869  0.93830805024754349  0.94977467962965734
  0.96171781109223486  0.97179478638952455  0.98318906701789333  1.00000000000000000
 -0.00412426066067916  0.01523589675084969  0.03151045515847828  0.04483052840903011
  0.05544426711253951  0.06460806897246106  0.07068541914022515  0.07675642937997335
  0.08312881513649580  0.09016973838255468  0.10198202310919365  0.11502249520030923
  0.12842547376126304  0.14215284100255909  0.15577582867439932  0.16788877782324316
  0.18052332024577603  0.19011995989170613  0.19729152861821705  0.20657271835639479
  0.21634718833735128  0.22961229986548121  0.24090138113475021  0.25216401044589715
  0.26432307864741189  0.27676365560604133  0.28884960419954425  0.29625113943105191
  0.30384069959755022  0.31378645174990094  0.32369027017145552  0.33226741055519776
  0.33944210088843729  0.34663998027573989  0.35378641314839826  0.36353276154476050
  0.37360081803589407  0.38377839938375485  0.39636191335985543  0.41118417999436635
  0.42673904759055081  0.44301942928109500  0.45821840275884379  0.47180436439938428
  0.48345943597492080  0.49382186177189252  0.50411409145557362  0.51507799685378064
  0.52821008033149752  0.54185701923861695  0.55500000637234714  0.56746539938189400
  0.57927312990907565  0.59265801894118897  0.60435552467378995  0.61425949975674687
  0.62314079556062618  0.63091825440249860  0.63708979222526341  0.64338464817483909
  0.65163423021087130  0.66046633118549347  0.66998760721600170  0.68276839446679971
  0.69614431085782991  0.71001115677102811  0.72260937017464510  0.73476791742111125
  0.74577305937029525  0.75626820861323840  0.76623391175675015  0.77659672440195815
  0.78972946360320828  0.80561706776136122  0.82120838785498451  0.83253582218237732
  0.84144594201641398  0.84925378774522708  0.85698946567107503  0.86532327725847458
  0.87095462891255127  0.87439037614332327  0.87806707459612732  0.88183536389862072
  0.88565628937687413  0.89265294508921222  0.89747705457841476  0.90298929442940046
  0.90876620924110629  0.91451097581803875  0.92275932742540612  0.93196937267506663
  0.94534138626707387  0.96351178407422355  0.98273359372011737  1.00000000000000000
   1.1985358262256366E-017  -1.0000000000000000     
 T T T F F F T T T F F F T T T F F F F T T F F F T T T F F F T T T F F F T T T F F F T T T F F F T T F F F F F F F F F F F F F F F F F F F F F F F T T F F F T T T F F F T T T F F F T T T F F F T T T F F F T T T F F F T T T F F F T T T F F F T T T F F F T T T F F F T T T F F F T T F F F F
