  0.00494322483877399  0.00538394759619223  0.00583456873299223  0.00630010496434847
  0.00676384936759611  0.00723730660132153  0.00773614456192061  0.00822693970979935
  0.00876038043515174  0.00945681829986304  0.01011387187401749  0.01077356736808975
  0.01144499419213808  0.01211145571235600  0.01286185962240631  0.01365970194475161
  0.01447871564092781  0.01534827106027445  0.01627981895724779  0.01735493373238872
  0.01851279722131771  0.01974760222514857  0.02099303414289259  0.02241901494109685
  0.02399149537103938  0.02556026325644125  0.02723789467314633  0.02922148276892729
  0.03122073027784445  0.03347522251828521  0.03570106176241317  0.03805618926150890
  0.04025427987051881  0.04389684866319987  0.04849275745464433  0.05346071613617225
  0.05857881100223737  0.06404477465784628  0.07010346876079848  0.07640796347159987
  0.08339310715767520  0.09092001725795978  0.09826557478595821  0.10612334931580455
  0.11444472637866089  0.12343756055434447  0.13319819244562786  0.14316566821740645
  0.15351257085326236  0.16345940667131795  0.17420463438105788  0.18579100402611129
  0.19761972067000502  0.20870066327024261  0.21959252699717272  0.23111952851527939
  0.24380082193895813  0.25760174087595294  0.27182062621864045  0.28619741408330329
  0.30033709947651549  0.31415545926596522  0.32815510160818590  0.34259764414081911
  0.35824988780945327  0.37352272431692402  0.38823549962524828  0.40182709493101615
  0.41628661626417296  0.43144052358206031  0.44843327425754415  0.46526769067140283
  0.48107293228433307  0.49753299731337675  0.51487087156780176  0.53294520610076312
  0.54930159538293133  0.56514101000380923  0.58135935612102818  0.59865743531064342
  0.61627723605068996  0.63376048530030571  0.65072684836184091  0.66815853198479191
  0.68664609972054547  0.70695175307062164  0.72778579979866054  0.74992417188544236
  0.77382689998428067  0.79890945507122135  0.82211297295433661  0.84575070844764788
  0.87173181579675962  0.89985470777898768  0.93604350656527990  1.00000000000000000
  0.37836146746390603  0.39174417965541480  0.40380307014713840  0.41339629235717312
  0.41938982909951206  0.42067780113939363  0.42430774176007519  0.43081499432778958
  0.44000579649559085  0.46002218455423927  0.49009477444622057  0.49915230409507411
  0.50325017252840298  0.50934387929163605  0.51527837270610599  0.52380709878828779
  0.53014722413984638  0.53466201354830867  0.53839923262237199  0.54237817659521359
  0.54584259812835789  0.54907864802271167  0.55239572601508879  0.55572749455310955
  0.55897096584815387  0.56207121936882498  0.56553065034624983  0.56909099844503697
  0.57166685707918474  0.57416825826944051  0.57701791171362604  0.58090789764107043
  0.58389861264629694  0.58662779255393571  0.58961235589285288  0.59249142941577082
  0.59533715272598997  0.59817062551315425  0.60098105439925686  0.60397690017881001
  0.60947474237361665  0.61678968731208450  0.62271718214301275  0.62678592117748466
  0.63007678347818108  0.63271875528029675  0.63521275425010537  0.63771825528242299
  0.64031959686070516  0.64314196794669443  0.64682746705886573  0.65211344326647758
  0.65792354132482511  0.66322572545293679  0.66706613887869914  0.67093886035244177
  0.67485237329869752  0.67919361603494577  0.68350773263679798  0.68741558360651622
  0.69161803451616333  0.69605721779199392  0.70025984756095438  0.70437561438155294
  0.70834026144757578  0.71182127834910758  0.71461038028846235  0.71760661996623254
  0.72065559921576783  0.72371356928143205  0.72738787357355228  0.73297674100324473
  0.73939018362090514  0.74725693506425483  0.75533068756243404  0.76363714170133978
  0.77266094524066564  0.78228098636146526  0.79230834825612584  0.80262218383244865
  0.81247422281139048  0.82157060577135954  0.82995771188592427  0.83824854968898554
  0.84671717573837957  0.85581273732508356  0.86555871804504214  0.87556491041627105
  0.88554666261292947  0.89592286327418102  0.90665299555148160  0.91823510576336320
  0.93090467364653207  0.94569072355147865  0.96613284759546614  1.00000000000000000
 -0.00380032973262319  0.01393334021984712  0.02406030888173894  0.03423959187201183
  0.04362386194483181  0.05317046196403928  0.06281128629612968  0.07138237773508403
  0.07928695340707051  0.08687616944976845  0.09566059920004726  0.10468827632562074
  0.11389321673591338  0.12245021667524372  0.13229652457931371  0.14353776178643887
  0.15447394367823275  0.16547472023145052  0.17642213454563430  0.18756077753706016
  0.19881345155114585  0.21018249015121426  0.22193114018386723  0.23332400440455714
  0.24378995991294256  0.25413121298763552  0.26526748243690351  0.27612721207886631
  0.28650159978082979  0.29736669425071011  0.30971619966597919  0.32280879531050272
  0.33513984223364929  0.34618434794388481  0.35674969266274253  0.36710633808841309
  0.37657652341626258  0.38550768220721005  0.39532515581963340  0.40669501137872899
  0.41848091381783747  0.42984395432858363  0.44186120007962748  0.45434049993034031
  0.46537526023185383  0.47601232245062824  0.48544440004586248  0.49578256115671177
  0.50576062700180091  0.51624734231545588  0.52631073908056025  0.53634461018043988
  0.54626597745161343  0.55673100953188615  0.56655503994788792  0.57666825647062914
  0.58708688355771221  0.59782990564389060  0.60917466483219362  0.62079465580718385
  0.63253601012131766  0.64461450355097449  0.65717868828906167  0.66973525241209708
  0.68124707510424998  0.69222046289120409  0.70321399561024056  0.71374393439712025
  0.72343961679214530  0.73275948450209127  0.74218021977332760  0.75190225912469510
  0.76185524646479774  0.77274582877535514  0.78501472374083148  0.79703960808948193
  0.80792344116029757  0.81846205690322138  0.82931975656226375  0.84077689901334463
  0.85192325764065835  0.86216691841420601  0.87099442580048325  0.87927477296346201
  0.88766599151709968  0.89651256570163551  0.90677340273861506  0.91781527283045528
  0.92889588905113696  0.94051018407930198  0.95295395101890479  0.96311932787949195
  0.97228002471484187  0.98192321768444091  0.99104352646185045  1.00000000000000000
 -0.00201495555726346  0.00781747538531999  0.01671594474564836  0.02559754575940991
  0.03387878536047401  0.04249272622673932  0.05193570412935248  0.06199793920029306
  0.07152942896305713  0.08103704208723660  0.09094536383439869  0.10111923188583247
  0.11081354735489882  0.12027452195316357  0.13056304519346498  0.14187889544691126
  0.15281336882637606  0.16316639326194524  0.17373437469656433  0.18519215921363835
  0.19877650115760329  0.21330862291400665  0.22515254402943807  0.23531193265814368
  0.24475467865631592  0.25427102313205180  0.26439071067758568  0.27474582728610075
  0.28439577632040852  0.29347728726613426  0.30462033954434253  0.31536321339472334
  0.32774982475525616  0.34034881450353477  0.35359829878692783  0.36658252899970029
  0.37882098360438421  0.39002592165827710  0.39999329714747639  0.40923931936007202
  0.41953563130862881  0.43047711679364487  0.44100933062662767  0.45098553785942896
  0.46030001260033060  0.46986743656819357  0.48014262110117001  0.49185864432698867
  0.50406617384007080  0.51530278481036640  0.52638602086852460  0.53787486385874550
  0.54979230838024096  0.56212487505829267  0.57412265896373527  0.58522863217043442
  0.59371834571067295  0.60335736105901316  0.61258787409729265  0.62163551290714791
  0.63095026420242706  0.64051634562340298  0.65104951813618406  0.66287735871844355
  0.67377871781146137  0.68252563670926159  0.69099100412679149  0.69923081037585344
  0.70827685785454297  0.71793535480731563  0.72753360253866173  0.73802403414880413
  0.74948158905425433  0.76050140231663677  0.77141270794916239  0.78281831324916851
  0.79490026718978490  0.80690517558339903  0.81900862291068610  0.83128181741922336
  0.84236668389681713  0.85487684635827521  0.86949584102041877  0.88311685473476709
  0.89518085425593452  0.90678238338677630  0.91846239121491147  0.93020980452861268
  0.94227255783244357  0.95344459786244429  0.96236150535465992  0.96958967379219019
  0.97720581566640830  0.98461444496953876  0.99208133805472265  1.00000000000000000
 -0.00173862530939949  0.00680905326705475  0.01494337001266057  0.02420297794361956
  0.03501140641098562  0.04554890089431674  0.05568261140050369  0.06555351567929903
  0.07668387338182513  0.08712221947245946  0.09916954202611386  0.11131568783624327
  0.12362203486619452  0.13235145141254678  0.14024699208918390  0.14889291928136039
  0.15829339649461843  0.16770491251207714  0.17719027780141819  0.18464475465102209
  0.19462413189033081  0.20518104575384508  0.21500336794299835  0.22586268141284890
  0.23490252286979058  0.24462406941492743  0.25372591429177621  0.26148076216681099
  0.26953098903166545  0.27861584688258823  0.28833488600613061  0.29903152152072826
  0.31129478838500130  0.32335677118919665  0.33509951308765029  0.34701365482359275
  0.35895353772897426  0.37131503869299198  0.38387418657707489  0.39430308327474811
  0.40395575195254269  0.41293368257123536  0.42197258941816213  0.43216316258977511
  0.44389933355757716  0.45508360117571289  0.46566993029116049  0.47621157021983340
  0.48773536349592661  0.49855142233252980  0.50889141723411535  0.51913650830527047
  0.52967766537466343  0.54078829064553458  0.55241392238802722  0.56390020385066641
  0.57556562757564234  0.58698523631744981  0.59738995915135595  0.60739266688821625
  0.61782710131887264  0.62957575604097094  0.64151270221618761  0.65356645237515232
  0.66523118445025520  0.67682839378607385  0.68876078120233908  0.70001333651199116
  0.70944785642576802  0.71833359169452504  0.72696987751280961  0.73613974316651187
  0.74601575890212779  0.75638775352523868  0.76720644420727513  0.77822436099432035
  0.78869053032007208  0.80125226220452594  0.81427213333798898  0.82767264146589326
  0.83847078692793420  0.84910302662070802  0.85913146332244283  0.86824458416364736
  0.87763778575172724  0.88696003658521105  0.89465048393286084  0.90415674105311861
  0.91540840841037918  0.92847961869281070  0.94169567900388251  0.95387257429893157
  0.96591281407769802  0.97803434912294418  0.98927453155299205  1.00000000000000000
 -0.00263121827573908  0.00919262027916071  0.01951346652416596  0.02935895945548624
  0.03911536776004924  0.04785942480833869  0.05626600199634130  0.06476801664464606
  0.07437386309411527  0.08499796263604921  0.09558290386885751  0.10488187193053759
  0.11277188575466605  0.12209330165490860  0.13124388751033400  0.13935368682552890
  0.14722884946992751  0.15546410721485107  0.16429912068480507  0.17426701650949294
  0.18510769172461372  0.19658223055312238  0.20833435202769654  0.22074051238932677
  0.23315186677165367  0.24492966996346571  0.25507271631080880  0.26434119582592952
  0.27370503859441081  0.28355114857086267  0.29361407726620598  0.30289834029905760
  0.31222963328508480  0.32206656810072598  0.33287911101601286  0.34518782395852832
  0.35856080514592370  0.37223121357483224  0.38661822077053443  0.40105432464788199
  0.41440219906425729  0.42714593648502291  0.44030659183013693  0.45295700809333100
  0.46410594649421327  0.47404348149882275  0.48331122511034907  0.49340166609002800
  0.50335625965614761  0.51399844961275498  0.52504802518717875  0.53673231691938184
  0.54836610378475548  0.55944539295275098  0.57059659924715311  0.58192962342846788
  0.59278054343448250  0.60297935351529919  0.61260558579587709  0.62214539423953030
  0.63248806515224532  0.64303605736399627  0.65416981226199555  0.66493724145729693
  0.67628707484312867  0.68672384353705596  0.69604674121829246  0.70476613662391785
  0.71318206653513450  0.72212565164540798  0.73151614556866806  0.74027155195854277
  0.74875112989258852  0.75809833304831475  0.76719949142143939  0.77680327277028804
  0.78685242605968342  0.79710366742261263  0.80696128842908033  0.81708661431488605
  0.82753441903703162  0.83912746486204082  0.85087897347353159  0.86245802850095299
  0.87421090102353272  0.88651332841866914  0.89897075329513876  0.91068640900447895
  0.92201149661326687  0.93360294011636336  0.94581438480755953  0.95825367835734021
  0.96926560874829404  0.97939089533936619  0.98997083762177085  1.00000000000000000
 -0.00240907364809901  0.01066295782528884  0.02217112217488681  0.03406476139348211
  0.04582584773541439  0.05698528218099787  0.06920412896524321  0.08100998211382768
  0.09333310952270070  0.10485600139191076  0.11572896754557653  0.12643148637852009
  0.13507024990142757  0.14355279748638047  0.15171873390641802  0.15975849364987132
  0.16806039263798833  0.17748890066813267  0.18615533058482192  0.19666802068179431
  0.20844237891697931  0.22148412125792935  0.23409062000812619  0.24522676651604958
  0.25594147818580132  0.26650550687951863  0.27725279906710726  0.28719857147128663
  0.29698907979104738  0.30655983274180515  0.31670282126045346  0.32754736815083052
  0.33877542681765477  0.35051741704624267  0.36359518655553669  0.37629886046562688
  0.38748377441336734  0.39826012066728300  0.40895922205455598  0.41947508980901083
  0.42894102801509260  0.43787414577973632  0.44685103199863230  0.45646760146133347
  0.46612204179988570  0.47614134261237551  0.48708295270626245  0.49840200043968241
  0.51029296349589692  0.52245739224859478  0.53575805183976444  0.54819603596386046
  0.55914816913083432  0.56910724633632626  0.57810279375945872  0.58703275153554668
  0.59625084091727154  0.60627034332529284  0.61606523646797273  0.62547630869705673
  0.63525660252080640  0.64544711578209513  0.65603272624687614  0.66732043286571918
  0.67918271075574943  0.69155559900622376  0.70449646545486577  0.71728389228520728
  0.72971651300080242  0.74191692093029415  0.75383761433873719  0.76581305977378045
  0.77686253296558194  0.78777134275153304  0.79817526309718689  0.80869057306705128
  0.81853310835420323  0.82897873423333113  0.83836357989616794  0.84806559745891863
  0.85759356355687577  0.86691201924568129  0.87553750564243682  0.88373305030175753
  0.89207387318657505  0.90164763028475348  0.91238651588712560  0.92255611820441630
  0.93070044054952383  0.93891656060344353  0.94755216258986663  0.95774675354966021
  0.96763518844251162  0.97754569167173011  0.98918555047711143  1.00000000000000000
 -0.00194979779388248  0.00738699781443178  0.01577623231250342  0.02503559491821835
  0.03315850726375232  0.04141566493841971  0.05072616195798225  0.06118283589585946
  0.07309564030874113  0.08365754632841300  0.09424910300499079  0.10490217567233390
  0.11739533753077885  0.13134084143346361  0.14547584812067973  0.15852989670707382
  0.17118407168703470  0.18397321638923173  0.19601771608644281  0.20695273922270513
  0.21763040232804026  0.22857036440388956  0.24079308814084854  0.25484883285133253
  0.26799614743469313  0.28035929224633455  0.29200579447395925  0.30420003890911240
  0.31681539841765333  0.32924116123157821  0.34142661463117990  0.35391288200729110
  0.36333969204575250  0.37185276894771285  0.38068920447041399  0.39025242847779429
  0.40221126772026500  0.41327374082307272  0.42279464084837692  0.43224119761043589
  0.44184442028511567  0.45074970586162527  0.45929420836992702  0.46746708167566492
  0.47607866810648081  0.48532915747030786  0.49458916530567282  0.50434926733813479
  0.51555450309899109  0.52523442610485505  0.53380084531995953  0.54285676021012563
  0.55312182541052379  0.56425961770042043  0.57506837537115274  0.58451217501788499
  0.59248537736613072  0.60039314609727390  0.60790145453457722  0.61629509774303237
  0.62469776260903420  0.63353534841807169  0.64232916057886658  0.65296364409352192
  0.66475983664951643  0.67585383298632495  0.68656388531491019  0.69726285957727119
  0.70852194347004127  0.72021485812387631  0.73229880183078067  0.74446181653450794
  0.75482344920633937  0.76399474607349482  0.77392314112313021  0.78377254035418609
  0.79283103451693648  0.80110820710003094  0.80960086615391791  0.81866952922944303
  0.83123252129511838  0.84189046692716907  0.85316633077135851  0.86485767621282672
  0.87672565250557533  0.88845365941330900  0.89984489789703892  0.91141453017556484
  0.92347103688931775  0.93536148973526057  0.94659990334920030  0.95800341805279299
  0.96912484855261083  0.98023760324707077  0.99045208306129806  1.00000000000000000
   1.7648664890985088E-038  -1.0000000000000000     
  <DiscreteSampler_grid>
  Helicity
  1 # 1 for a reference and 2 for a running grid.
  20 # Attribute 'min_bin_probing_points' of the grid.
  1 # Attribute 'grid_mode' of the grid. 1=='default',2=='initialization'
  0.0000000000000000 # Attribute 'small_contrib_threshold' of the grid.
  0.5000000000000000 # Attribute 'damping_power' of the grid.
 # binID   n_entries weight   weight_sqr   abs_weight
    1   5065   2.402347231490126E-038   6.436847832978998E-074   2.402347231490126E-038
    2   25   2.979043319882186E-041   8.929720715624907E-080   2.979043319882186E-041
    9   20   2.628145254640695E-050   3.641014799560508E-098   2.628145254640695E-050
    10   20   2.408772551548899E-053   3.822959702162680E-104   2.408772551548899E-053
    17   4419   2.306332086330245E-038   2.404677279564963E-074   2.306332086330245E-038
    18   25   4.153131848664366E-041   2.381564669548699E-079   4.153131848664366E-041
    25   20   3.401007143425923E-050   9.273232838163116E-098   3.401007143425923E-050
    26   20   2.309977976475771E-053   3.150527600201334E-104   2.309977976475771E-053
    33   4480   2.332325217617424E-038   5.402607825784970E-074   2.332325217617424E-038
    34   26   6.007885978181886E-041   2.976066014657426E-079   6.007885978181886E-041
    41   20   2.599373430211948E-050   4.656219321785500E-098   2.599373430211948E-050
    42   20   2.146299894827023E-053   2.627051711625428E-104   2.146299894827023E-053
  </DiscreteSampler_grid>
