 -0.00000341650896198  0.00002434447234879  0.00003976166051623  0.00004764105175537
  0.00005604252683221  0.00007001759543915  0.00007964781678738  0.00008546541696958
  0.00008797915152874  0.00009028862696336  0.00009262805678846  0.00009514898143310
  0.00009806734747841  0.00010177427637935  0.00010594996295523  0.00011129718223874
  0.00011594913663660  0.00012274562721768  0.00013064956763728  0.00014174385586095
  0.00015651219728074  0.00017443585284461  0.00019391180557684  0.00021385451031194
  0.00024299474948330  0.00027349586920049  0.00031582062638436  0.00037053648385526
  0.00043362105627205  0.00050024413472875  0.00057667359483909  0.00066220647452659
  0.00075473363935458  0.00086064797047201  0.00099346687326129  0.00114438747957533
  0.00131620974478264  0.00152101524326863  0.00172261852314052  0.00190546834144053
  0.00212515086023957  0.00237652021599806  0.00269461111097567  0.00299034076956338
  0.00330293643927984  0.00369508120529541  0.00424727541822467  0.00482890308918974
  0.00538511475397634  0.00600398107579456  0.00675934217224690  0.00759021166893907
  0.00844075320473191  0.00937437525890873  0.01047745360131777  0.01167914618260894
  0.01277130656577441  0.01363554785838466  0.01454909104912548  0.01557374612643699
  0.01672539031182153  0.01814539285198572  0.01986137509981687  0.02178546388210094
  0.02384759677829739  0.02596675772443335  0.02805126982988010  0.03025658543344407
  0.03229603036362606  0.03403892190096144  0.03578892323662370  0.03864694788319396
  0.04245537163988939  0.04688843068497617  0.05187024975979926  0.05771148281949665
  0.06348661516198306  0.06931581191243720  0.07548372492244232  0.08245080477067887
  0.09110719842907135  0.10192948847756017  0.11711026570859734  0.13633158753361987
  0.15845339588366253  0.18241483248131157  0.20779286512167500  0.24007939929369371
  0.27526181437577996  0.31790532243903191  0.37324657919999266  0.44123836469148292
  0.51695129714522881  0.61267883194332251  0.76343319120028863  1.00000000000000000
  0.00008715065621916  0.00019125719554031  0.00028426620381396  0.00036788348065430
  0.00045172044974429  0.00053421276406602  0.00062126229470560  0.00069176501588979
  0.00075405902810736  0.00081674946039744  0.00088567321130514  0.00096740055483395
  0.00105788711056773  0.00114145641059823  0.00121935957460943  0.00128318956223054
  0.00135912548382241  0.00144217673531913  0.00153929600031372  0.00163398556042852
  0.00172617453465163  0.00182080143233369  0.00192049932795445  0.00201706056214194
  0.00211665980062017  0.00226085447869474  0.00241732931636832  0.00257534095758993
  0.00272805221376138  0.00288393257264606  0.00308343702289450  0.00331615604537268
  0.00355693639197660  0.00381002589005177  0.00409824620086404  0.00436102698467709
  0.00460669835761712  0.00487173359813360  0.00517461347973424  0.00554814496141657
  0.00599726604942438  0.00649512574541038  0.00702342237141156  0.00756465290369130
  0.00807704137492270  0.00873403473975972  0.00949648791591280  0.01042746416726026
  0.01140133603088367  0.01238543309481234  0.01338708605339778  0.01437507111024500
  0.01546930681103182  0.01676396821435441  0.01815090454793728  0.01934390052114168
  0.02041478985198363  0.02161660785767277  0.02293016307803853  0.02449574778093250
  0.02663155531656318  0.02930642067018407  0.03210899535172135  0.03445455732323536
  0.03743941047938496  0.04123463637042234  0.04500553441540399  0.04897585379701939
  0.05379826209107064  0.05892123876803971  0.06389011619380235  0.06925815640074282
  0.07518765087670197  0.08241200702819297  0.09072795448907746  0.10243577645417357
  0.11618426835740214  0.13262310673801903  0.15234635052160217  0.17348229969132420
  0.20022058375623095  0.22566652303445703  0.24819191453795295  0.26846495965977291
  0.28609062865164209  0.31102198580664581  0.34553617622306437  0.39067933321225251
  0.45757315232956852  0.51935600679869587  0.58041093639806451  0.63981626858784313
  0.69417228942404896  0.76734094180022294  0.86600655348654210  1.00000000000000000
 -0.01144924204289246  0.03399871849121822  0.06712550549644655  0.09613392709933324
  0.11620758573587059  0.13746783633485279  0.16690044051413677  0.19773399806739411
  0.21979295183934863  0.24078081880097987  0.26519294874467314  0.28919807148031484
  0.30487005079548002  0.31349494047290294  0.32189241012207742  0.33131277724773367
  0.34195007769374530  0.35417245655965290  0.36691048644911767  0.37933854726870503
  0.38939691526389125  0.39839955045739084  0.40743468190367060  0.41696680195665009
  0.42663412033974302  0.43463467681703966  0.44483794794195280  0.46180384626740911
  0.48047822087718550  0.49704869098402515  0.51018251871903419  0.52132265661808852
  0.53418558141771444  0.54943090917198401  0.56170465653384405  0.57254509012690680
  0.58235186450322041  0.59076812780474008  0.59947357868385975  0.60768728576993303
  0.61632342694946762  0.62483624522532422  0.63319678667518997  0.64158699006585174
  0.64891598128306238  0.65649087561431629  0.66566265409122649  0.67553154712759089
  0.68588655061456183  0.69723167392765295  0.70683889969538938  0.71279174249890120
  0.71903162212407701  0.72489429741461864  0.72897605098064577  0.73283096895473843
  0.73763835372641740  0.74526411210302534  0.75421673691185098  0.76368413955214565
  0.77347590530495969  0.78304939878204727  0.79161825215425252  0.79881857283433788
  0.80591703008436377  0.81306582054677012  0.82033648729725428  0.82819614675733000
  0.83710162455468706  0.84608687287747619  0.85429980584787901  0.86219736941547576
  0.87011449917065664  0.87874534782525782  0.88773570202345009  0.89674812887911282
  0.90573702482122986  0.91358106192198207  0.92017481130160728  0.92621325559951684
  0.93162331811343524  0.93680107772496113  0.94143060210437912  0.94519744298744612
  0.95012577207503690  0.95543013522729914  0.96043948276057989  0.96566309899312763
  0.97055345304755780  0.97498438545560906  0.97937521665556138  0.98396884663774653
  0.98863744498466932  0.99276597245193454  0.99641552780723175  1.00000000000000000
 -0.00395550151748862  0.01281118197988942  0.02389885522400517  0.03261974780695771
  0.04016828359709974  0.04790112033109919  0.05771258478714594  0.06610499251310055
  0.07396223484361680  0.08301342474066208  0.09456826393933170  0.10696419384184133
  0.11809852932165554  0.12872840419117376  0.13961384527137724  0.15279444956267219
  0.16706251499631775  0.17933147525812532  0.18980255231721130  0.19960309976414797
  0.20818351087875298  0.21754128977244194  0.22753566545188070  0.23686430625525740
  0.24406291233192232  0.24960072947273088  0.25573207916634594  0.26315396180689221
  0.27210899812632100  0.28182507794468137  0.29323880250648166  0.30539962324965214
  0.31686961705557287  0.32942808811729424  0.34178747961562850  0.35252145634141868
  0.36324579679869407  0.37439431691548108  0.38950176360100436  0.40203922307642564
  0.41223270791959465  0.42204158910946499  0.43193909682163345  0.44119969776279822
  0.44880874543406629  0.45594450954733401  0.46424185987814981  0.47381886160381242
  0.48397235173491709  0.49399922874794699  0.50366501205437986  0.51464254015910149
  0.52766566049687258  0.54160815138471896  0.55740019669174112  0.57520858292343968
  0.59321976629713302  0.60857752211992722  0.62043731235671229  0.63070420772008640
  0.64014351965023186  0.64950892934303917  0.66191343200507935  0.67572850290423481
  0.68799001858405973  0.69793274175621056  0.71081205007450821  0.72450246079873848
  0.73818934843448047  0.74965413810226822  0.75948460957312625  0.76845471810332722
  0.77733336824778709  0.78430197002244351  0.79083239867305355  0.79773472909652365
  0.80518117845928239  0.81474276279094071  0.82620522809529184  0.83880529914284030
  0.85060581370312216  0.86174109154337319  0.87281698091508442  0.88378188953705350
  0.89370417181949935  0.90290190365285827  0.91204001677400059  0.92096859157811650
  0.92862161483128525  0.93690698950114526  0.94521656520498953  0.95361911370009322
  0.96293717741952567  0.97379122130993168  0.98650714660150896  1.00000000000000000
 -0.00731989642277088  0.02713043520502498  0.05059742910143723  0.07357518825093072
  0.09131122244449134  0.10657833555588023  0.12105406732007473  0.13436687842196726
  0.14605438556126024  0.15763062106858511  0.16786711974330482  0.17919933734121549
  0.19313899151636268  0.20649582922475138  0.21680642757916313  0.22645456963923591
  0.24083343973545884  0.25789916689380171  0.27655086256701078  0.29717827442191252
  0.31650965338360487  0.33654393936854810  0.35619241943870417  0.37270334376561798
  0.38709726224912278  0.39834743905228132  0.40554695425896714  0.41354285300083460
  0.42217359229409324  0.43222615680259335  0.44408152618320218  0.46348454025770847
  0.48343737121832647  0.50109494824311962  0.51647223040720691  0.53077791461344803
  0.54409472213984922  0.55678706024344959  0.56981050887876805  0.58583752837980885
  0.60343936795575126  0.62018628423706912  0.63477323495351790  0.64802479133906554
  0.66210553040403508  0.67839121526926760  0.69708006872297490  0.71541379495157953
  0.73086648034292589  0.74066089545874492  0.74971789375782760  0.76005680319397428
  0.77112821113633845  0.78184006628169700  0.79166816850291899  0.80454155912083114
  0.81743578396682959  0.82851915872938653  0.83861646470099793  0.84838647883713292
  0.85873819196605294  0.86968623268558776  0.88077115636273828  0.88976996930473096
  0.89562476372065880  0.90159011819511237  0.90694974536633410  0.91292156892497700
  0.91947531713685948  0.92568185395435110  0.93160723450943062  0.93727547243615750
  0.94294942087480937  0.94804165251072259  0.95358414470845854  0.95810744910850587
  0.96183517906362392  0.96563667354967297  0.96926864097940491  0.97262953943619024
  0.97590680373337835  0.97903241654372242  0.98208529660368737  0.98495898283834948
  0.98744172205901404  0.98947577097390216  0.99120588746662552  0.99269331736787070
  0.99405345164873160  0.99532593622996413  0.99644351913992857  0.99739975269685344
  0.99809110527449818  0.99877365430040910  0.99938682715020455  1.00000000000000000
 -0.00234758776588721  0.00882305336313519  0.01710465349675589  0.02562973702548594
  0.03538544003440919  0.04386585717375127  0.05067628855299410  0.05864896960458955
  0.06875444576582936  0.07936292990910770  0.08978924173568063  0.09872102437806372
  0.10790333732729362  0.11720992062633166  0.12771851795846748  0.14045214202003747
  0.15499312681931671  0.16945796839284213  0.18510139057531635  0.20331120788493709
  0.21578085567310182  0.22738556016987338  0.23702866228106584  0.24578159093182644
  0.25387597106967297  0.26147901511432547  0.27440859196722778  0.28800761546769343
  0.29997023374323467  0.31227351389194158  0.32419255912003958  0.33618712378959742
  0.34967493951681811  0.36217666494495476  0.37426254380719959  0.38671658087012467
  0.39938394196048832  0.41291074185939280  0.42687329403505453  0.44042430022939266
  0.45328054302883808  0.46308910823342453  0.47180931876234566  0.48046276531409510
  0.48934772048083447  0.49818055071501771  0.50619395188239191  0.51432163658026864
  0.52559649861770297  0.53923909110175694  0.55269991233031113  0.56439765494176974
  0.57586253798832876  0.58573441651369096  0.59398055846653963  0.60353192807042422
  0.61390799892342673  0.62496254440434129  0.63415923759832082  0.64054961874570859
  0.64663977124956962  0.65216984800749211  0.65960642614413256  0.66967395703424748
  0.67986476476035984  0.68951225352945766  0.70060464089094809  0.71009767389791190
  0.71983015021983132  0.73030355019426541  0.74214050777096607  0.75314889207395574
  0.76427346832857523  0.77646981270333759  0.78734877418376037  0.79649339281563303
  0.80543372232578758  0.81544969178950877  0.82646359836446126  0.83648957800300938
  0.84448731027738388  0.85184268161890819  0.85927379665046488  0.86695340643158636
  0.87664723791830368  0.89210211964830199  0.90784445707024675  0.92090236146329096
  0.93138203435214284  0.94162691507516172  0.95124641329640214  0.96051048916916615
  0.96857261593835675  0.97836145597488122  0.98811741042446699  1.00000000000000000
 -0.00002782183658344  0.00001686788514164  0.00006155760686672  0.00012276476902298
  0.00019108463561124  0.00032709820746984  0.00050146126228580  0.00080298216311059
  0.00113059035866713  0.00193936847488431  0.00322444729108588  0.00500562187143250
  0.00769105371344548  0.01259926060908052  0.02256738424902897  0.04287324391523045
  0.06851558270560630  0.10039168325211223  0.13727983824594231  0.18444837508981388
  0.23978803135763230  0.31029409438680494  0.36154181180005329  0.43357247643359009
  0.52045760282321929  0.58394337384677042  0.62861866176848369  0.69478823769041154
  0.75536045658236073  0.79064233609772172  0.81681727230531254  0.83805530150703511
  0.86012859048249135  0.87716441947992363  0.88840720574878462  0.90018883939045502
  0.91033391116051721  0.92153520488518215  0.93209995975846871  0.93986827744283807
  0.94643219443254989  0.95255800986914396  0.95799552937008214  0.96310112922906588
  0.96883747087288030  0.97411115214116428  0.97877132825825763  0.98209790114244266
  0.98460596694191205  0.98626916040508250  0.98757899974534680  0.98883666108088841
  0.99007033624029506  0.99121585909821563  0.99232306942510806  0.99334697063289801
  0.99426285435587658  0.99504687431057781  0.99570473523920233  0.99622650692265557
  0.99662973797364396  0.99695421537461826  0.99725807910292108  0.99754217425901304
  0.99780238136213051  0.99804036622827119  0.99823549020140090  0.99840011772365922
  0.99856163810685350  0.99871640292447850  0.99885929471724200  0.99898809556639034
  0.99910461547285456  0.99921309582079754  0.99931259316552223  0.99940031707326404
  0.99947185442604258  0.99953304276036437  0.99958834055632806  0.99963879053319316
  0.99968504732568553  0.99972397871298369  0.99975991081124005  0.99979434904308284
  0.99982719998864045  0.99985237439255681  0.99987471109593518  0.99989505110162535
  0.99991380730282164  0.99993033176976664  0.99994461219248154  0.99995691325981384
  0.99996839094492018  0.99997932560654745  0.99998966280327373  1.00000000000000000
 -0.00181061979713578  0.00835212676533601  0.01693701685957666  0.02750731000095116
  0.04042476959167104  0.05493842378713082  0.07011718832643668  0.08514909592333131
  0.09876410843320280  0.10991420530747474  0.11940558678932428  0.12803974730668988
  0.13525606081807015  0.14225787202373361  0.14937817707252882  0.15751570354012800
  0.16647826596363385  0.17579119453470987  0.18507567581604800  0.19420319218896956
  0.20347379815477226  0.21410014390609478  0.22461591605866904  0.23480489501815618
  0.24601176345481190  0.25641569153471455  0.26616758556498243  0.27698628961620458
  0.28848903237543921  0.29822389761223383  0.30950017326721019  0.32027510308221258
  0.33083630414742610  0.34071355610451820  0.35019844411145346  0.35958937104976579
  0.36935042633706766  0.38081217185336158  0.39461850554809930  0.40588851084274191
  0.41629554641202837  0.43109511482256718  0.44592211264733311  0.46087420383318817
  0.47430217899985333  0.48697801548109249  0.49952562576784959  0.51219453380391766
  0.52724188301725172  0.54246591785128562  0.55341715682326209  0.56340880398957949
  0.57362842802637748  0.58463185641576620  0.59476939070592338  0.60560253134280018
  0.61522884968269653  0.62360289591011353  0.63157988371421692  0.63814103435358394
  0.64615643777712017  0.65811387082509565  0.67134143285723336  0.68418847314324094
  0.69778331228859825  0.71256553072112139  0.72525840123247920  0.73480760992459315
  0.74160563690898940  0.74903348040132856  0.75628110467430276  0.76241007897297697
  0.77107435301881566  0.78006117257233865  0.78933847922267220  0.79929028493313303
  0.80922820444116883  0.81916721107877422  0.82921327981915272  0.83792976999762658
  0.84594240563290646  0.85387263996256912  0.86272448196778573  0.87259302191199306
  0.88473351558030688  0.89770358672586126  0.90750150254545636  0.91500311701612380
  0.92275835535258288  0.93023792360147339  0.93869856074800129  0.94953370466991860
  0.96236057821716403  0.97490418638698051  0.98681308926039690  1.00000000000000000
   4.8007433729828222E-019  -1.0000000000000000     
 T T T F F F T T T F F F T T T F F F T T T F F F T T T F F F T T T F F F T T T F F F T T T F F F T T F F F F F T F F F F T T F F F F F F F F F F F T T F F F T T T F F F T T T F F F T T T F F F T T T F F F T T T F F F T T T F F F T T T F F F T T T F F F T T T F F F T T T F F F T T T F F F
