  0.00028838229885209  0.00032647738839601  0.00034997006076005  0.00036685766435050
  0.00037716526000032  0.00038267831426543  0.00038953914768522  0.00039845071569517
  0.00040752990781750  0.00041611203866607  0.00042507917612667  0.00043812287223255
  0.00045256726405713  0.00046507351459433  0.00047680644983773  0.00048888431634754
  0.00050124468271413  0.00051349921611007  0.00052545303369194  0.00053738906447649
  0.00054997215555938  0.00056366918923859  0.00057819691700191  0.00059266956357966
  0.00061167834202710  0.00063081650550648  0.00065075337779065  0.00067119571817174
  0.00069271941824202  0.00071619065066302  0.00073991982873750  0.00076019517116328
  0.00077668693420346  0.00079359243116851  0.00081001834825697  0.00082668873448230
  0.00084536233213965  0.00086514970695639  0.00088847984124434  0.00091303167323619
  0.00093998021280650  0.00097026405925686  0.00100476821835802  0.00104535100813775
  0.00108853231670816  0.00112996192115322  0.00117604860678937  0.00123082425442846
  0.00128609552864980  0.00133643483265464  0.00138766129275742  0.00144276254207907
  0.00150608668444525  0.00157629498056265  0.00164736571247527  0.00172007831645595
  0.00178429001705040  0.00183998036534306  0.00189153253911937  0.00194476205470144
  0.00200874690425075  0.00207854039725744  0.00215069030332839  0.00222293824350582
  0.00229716849488108  0.00238667737916090  0.00249936823126698  0.00262070214843668
  0.00273538546249645  0.00284016362964516  0.00299135217178849  0.00314673373952961
  0.00328825650162731  0.00343866284065053  0.00363435071232611  0.00391621284842079
  0.00419964248451959  0.00442130682293060  0.00464078516132987  0.00491617900216640
  0.00518403909008467  0.00546351070965867  0.00595401416266421  0.00662159379206535
  0.00738358908176077  0.00824949216329092  0.00927269796168808  0.01059056281248623
  0.01229553394745939  0.01451364947500478  0.01787869783972827  0.02329141203092161
  0.03349188606638250  0.05312300081810777  0.12524623889947073  1.00000000000000000
  0.00009700531990953  0.00010547367653983  0.00011798676422265  0.00013030161876553
  0.00014277695968716  0.00015357664468763  0.00016335402335638  0.00017596397401264
  0.00020354059767028  0.00024890360745140  0.00031989589191098  0.00037947755037916
  0.00043334617729680  0.00048616995629655  0.00053774762841259  0.00060340800631739
  0.00067836302087217  0.00075500730252711  0.00082598524883502  0.00088687777379319
  0.00094437107680997  0.00100152269847249  0.00106049755927713  0.00111914321541831
  0.00118799203817585  0.00126731258214043  0.00135529199346531  0.00143874387071393
  0.00152585157677070  0.00165444787116095  0.00181289588533819  0.00197386647058601
  0.00211851583692515  0.00224817232114369  0.00237169448367668  0.00248772678884969
  0.00263189391258523  0.00283217235196902  0.00307118397900013  0.00333107461900640
  0.00361498640396972  0.00390612737467527  0.00421610384199388  0.00452640583698178
  0.00488896516778978  0.00528175686759699  0.00573031016321394  0.00612908444277648
  0.00650786672264022  0.00692168879786681  0.00735008439610566  0.00784806233393178
  0.00834096514645942  0.00878016546241922  0.00924850474229594  0.00980498947181943
  0.01050103322433013  0.01109209690145110  0.01182688751460485  0.01267026224052517
  0.01376457760364114  0.01521165359158915  0.01677728592933655  0.01816791477145532
  0.01956038441673387  0.02119688424566981  0.02307049211810311  0.02585234725544958
  0.02893002899253019  0.03227216285516762  0.03563823454562771  0.03925419661561187
  0.04297698467704091  0.04754175990468280  0.05295548686474721  0.05928703460758332
  0.06712954085359535  0.07659254400695366  0.08731492818690667  0.09996685381653581
  0.11442218732413045  0.13020430750232839  0.14815985805656370  0.17218962756746403
  0.20431660111664382  0.22187335242597395  0.23971351308040750  0.25739054644240594
  0.27515893872485575  0.29684985151630627  0.32521864929853139  0.39390702651314524
  0.51189937758614390  0.58174192031072902  0.70446504350358674  1.00000000000000000
 -0.00000038739174096  0.00000454428885187  0.00000883675136195  0.00001321796381609
  0.00001715946399427  0.00002074603542379  0.00002431498494462  0.00002726098809548
  0.00003030238051680  0.00003392617884600  0.00003750034037233  0.00004104321124580
  0.00004478332002847  0.00004895233066818  0.00005298443177002  0.00005707648296577
  0.00006126827397756  0.00006604805497607  0.00007049302935040  0.00007489494189259
  0.00007924525441689  0.00008381302738611  0.00008866859380407  0.00009365884943850
  0.00009879045025821  0.00010443834906725  0.00010962116724658  0.00011422835043930
  0.00011862863420628  0.00012320960375931  0.00012807298261994  0.00013321423340709
  0.00013824367288537  0.00014316113671516  0.00014846927319570  0.00015424255867481
  0.00016130677111393  0.00017133463235359  0.00017583049463954  0.00018060341098833
  0.00018568751346520  0.00019100449922697  0.00019670899637160  0.00020242628333311
  0.00021026375703528  0.00022062512800024  0.00023173205655707  0.00024251106532535
  0.00025420148014054  0.00026678727815187  0.00028012303590173  0.00029307919951543
  0.00030652893009957  0.00032076267851074  0.00033481409828611  0.00034780764727789
  0.00036000504382586  0.00037215900705772  0.00038424759683702  0.00039642131342261
  0.00040942712288609  0.00042271276105640  0.00043709415496560  0.00045247033709015
  0.00046917613303599  0.00048751365105540  0.00050671752735560  0.00052510918977827
  0.00054331090046422  0.00056328947365437  0.00058545821960459  0.00061370756854887
  0.00065308444536197  0.00069221826838253  0.00072364023750488  0.00075723295343047
  0.00079454006345065  0.00084127282851925  0.00089421159571176  0.00095397109148957
  0.00102453333726578  0.00111277845082269  0.00120200424408554  0.00129180291621525
  0.00139287085428928  0.00150766032738107  0.00160202261389201  0.00174740532384159
  0.00194602632163269  0.00219270855629798  0.00249426179324011  0.00283346661951647
  0.00326562833527270  0.00380561079716229  0.00455547998410907  1.00000000000000000
 -0.00027549379922055  0.00123522515974612  0.00381114480889471  0.00598250839296662
  0.00785891312672698  0.00949366136432466  0.01120870742482231  0.01316256229558534
  0.01507522591850850  0.01736860042157478  0.01998271727008427  0.02299456502486095
  0.02645186490858310  0.03015097846123306  0.03405985837144990  0.03755225160798317
  0.04069699351945286  0.04380797615277544  0.04693775882040405  0.05013173571841738
  0.05337084951469522  0.05659089784935054  0.05967795632771888  0.06347967039461970
  0.06817249648287162  0.07300303847206173  0.07780018247825611  0.08258225279680401
  0.08727198384350651  0.09222171520124225  0.09751138514851729  0.10247193394525234
  0.10751208650449698  0.11272815498918827  0.11834319413143483  0.12447207318857685
  0.13118217986654607  0.13949192006607672  0.14844817822163375  0.15834576702460323
  0.16844426146761513  0.17750135388162114  0.18507270881683169  0.19222013025025292
  0.19968680997114271  0.20776748074369805  0.21540534358147428  0.22258931601484011
  0.23012795377338693  0.23726824666920698  0.24502430426596450  0.25277045393557285
  0.26034562473344069  0.26823144774274738  0.27800520587486199  0.28813892984803108
  0.29583536653590203  0.30090126854204613  0.30575124119033886  0.31061479107849177
  0.31563155995928721  0.32099637106243961  0.32625175442097032  0.33733285345187514
  0.35185763727900454  0.36555479520222256  0.37716822801853678  0.38813832975002871
  0.39965426581052704  0.41024449002362395  0.41922939459821557  0.42716195797056788
  0.43670388253069659  0.44734657259779248  0.46029643693166555  0.47498077951156126
  0.48869125918490974  0.50023298505992608  0.51762200292676375  0.53786217049353613
  0.56395346555733716  0.59026031393793177  0.61377725604058198  0.63541905903802132
  0.65894054625115894  0.68419358478034253  0.70883807220180040  0.73268291375686279
  0.75797599266385673  0.78412513801502270  0.81369887782130867  0.84909117394863387
  0.88307698594468897  0.92253950261731410  0.96600779861734953  1.00000000000000000
 -0.00304845944914330  0.01087583535023276  0.02365909793574948  0.03074902001578875
  0.03720215308283816  0.04431296338551842  0.05249871140326804  0.05879449388981235
  0.06299215843159128  0.06630196077516251  0.07330284356645682  0.08337148701203997
  0.09355158036003246  0.10288161639125791  0.11279802289214105  0.12286589508064262
  0.13689999136598471  0.15019610195163507  0.16178559027544306  0.17351616649985879
  0.18713763391989668  0.20176393830438111  0.21582262274697445  0.22904494939003761
  0.24214043639882846  0.25561979560306858  0.27035462568058743  0.28487638697778173
  0.29601926366390691  0.30739828415498904  0.31899902995465024  0.33162429055731485
  0.34469977244731759  0.35685952322455994  0.36789226383208073  0.37836699366879201
  0.38885590857285124  0.39861196377692604  0.40826106925257966  0.41651838071173336
  0.42594955406850149  0.43638472355781727  0.44791148239781964  0.46163281387078914
  0.47233829000349542  0.48295219534720429  0.49505506581405267  0.50687469706410904
  0.51871147468535039  0.53135491384361533  0.54347304393728191  0.55481685230095579
  0.56735334997354070  0.58011361185433519  0.59050755759013995  0.59917084084184802
  0.60841084420116920  0.61838295067438687  0.62738381737271731  0.63542383628041899
  0.64555033191097932  0.65742370653142557  0.66880514042636230  0.67926970745018467
  0.68872517869158911  0.70034624372572063  0.71330177791226768  0.72563642993116861
  0.73668348346509305  0.74601673744636188  0.75486612299404210  0.76512017832940726
  0.77556789812479054  0.78615644342886049  0.79728000599825466  0.80891246174272735
  0.81998664227332885  0.83036291097097015  0.84072276471882923  0.85088572656324557
  0.86390292488480158  0.87518418399803055  0.88535091432135282  0.89521711604635223
  0.90767319454260686  0.91770853990965229  0.92724917373373350  0.93668371500507164
  0.94540070923289066  0.95353744734025547  0.96014397152778119  0.96705013062757683
  0.97444615125914047  0.98213649424685201  0.98953830938470655  1.00000000000000000
 -0.00191501646864286  0.00873371765932065  0.01734996611960583  0.02630413848790551
  0.03556285405389938  0.04081155592267752  0.04682817044672145  0.05391438763946865
  0.06087667164983895  0.06744770962593021  0.07478261618330466  0.08540838664942273
  0.09807206222527844  0.10889227908311895  0.11716012892602938  0.12570708052735671
  0.13506794131263150  0.14486003503551526  0.15544736988931623  0.16552540623968851
  0.17416099106558286  0.18252927362139454  0.19224945567308366  0.20151517642771510
  0.20917906806906270  0.21610921921197987  0.22378169247685983  0.23253177299676012
  0.24337090125545538  0.25377689244513618  0.26335828018057345  0.27372976348825478
  0.28586686335856176  0.29843431598216436  0.31056944314101798  0.32370416180345535
  0.33548141671522991  0.34508542306636242  0.35338071083878581  0.36248526096058986
  0.37215524735122096  0.38629499310447979  0.40062608185479964  0.41317147606057558
  0.42426767957863826  0.43484522784687596  0.44432160395227055  0.45432993445701930
  0.46460116463022638  0.47596681798614726  0.49007104107372368  0.50467878330102534
  0.52061189362750016  0.53625760737356554  0.54964590386149448  0.56238896289202156
  0.57561778739900982  0.58906657253263106  0.60030542041896218  0.61331472941930898
  0.62804587612352347  0.64039639053979303  0.65075878387170927  0.65766046957954694
  0.66489457029252197  0.67083727905379209  0.67855012618940502  0.68718015602241689
  0.69841386410909512  0.71110361637232344  0.72363228424680881  0.73616962141290809
  0.74579007617014537  0.75462394368480579  0.76426180835617552  0.77385433412998916
  0.78388043180597444  0.79435319466924736  0.80474199042047700  0.81512901394717974
  0.82476821628605446  0.83370727497267727  0.84277565795882137  0.85147759425545855
  0.86110463785076474  0.87285573518486459  0.88577836434287827  0.89838835678824702
  0.91155934650484860  0.92518117760418717  0.93952082308680473  0.95389868527257649
  0.96613750037662216  0.97682919062055751  0.98729857037254132  1.00000000000000000
 -0.01566940707841568  0.08548969055592243  0.16639656864912672  0.23136325711344458
  0.29594528653092939  0.35248220194882107  0.40187817240778717  0.45094793073392753
  0.48284433548342037  0.51222093218664011  0.53382696457991574  0.55252287219470986
  0.57259591591590231  0.59183640486410816  0.61045252920185711  0.62940613773174392
  0.64848919177387732  0.66495412142148902  0.68037558256186137  0.69356298717699838
  0.70466627274205240  0.71520634014350759  0.72168669262557883  0.72589157173116836
  0.72896875326001143  0.73220590481981573  0.73573841477102087  0.74214747053679730
  0.75015267103902639  0.75799810223480979  0.76522396448099428  0.77196523754726543
  0.77867467670045887  0.78525614768931185  0.79157551455135233  0.79764175695150574
  0.80424470132173398  0.81058626163696235  0.81611643243546617  0.82116284148640251
  0.82606466960935043  0.83159898039789137  0.83717284189482022  0.84208939376469372
  0.84648556441805001  0.85068941755302863  0.85506210222825774  0.85948210761344146
  0.86385053846265125  0.86817264063940647  0.87234791539341816  0.87601443900293452
  0.87902253635717953  0.88166286255398219  0.88420873329719973  0.88667807830045897
  0.88910104003696144  0.89163666182601020  0.89419193963059473  0.89642415352789151
  0.89826786017662341  0.90021503643915235  0.90222546203170584  0.90431153151649879
  0.90715579288701198  0.90984992883310956  0.91241240617134067  0.91487978321430163
  0.91717668347545356  0.91927383838464483  0.92119454406049162  0.92314720854765253
  0.92498962007961372  0.92684404574393164  0.92867948029964165  0.93045716470427708
  0.93221855858944969  0.93399874618759871  0.93545673155347486  0.93675842202209159
  0.93808857973388093  0.93941275952269321  0.94081189525562547  0.94235653671973807
  0.94395495104085336  0.94553661279908818  0.94690001294890958  0.94815630759459724
  0.95012598846085139  0.95262203190050487  0.95515627930763325  0.95789656862164752
  0.95888533207820503  0.95975249169253074  0.96058208874599194  1.00000000000000000
 -0.00242180737101036  0.00778101164985697  0.01911583219484595  0.02747964896721240
  0.03389913769369381  0.04035669803409068  0.04709882530607421  0.05475367108377795
  0.06173737527014051  0.07027497098086354  0.08197399074767486  0.09265690390726052
  0.10315386888852748  0.11360022647567192  0.12276900545365439  0.13393780551841314
  0.14426774321178484  0.15633197082855196  0.16753288717774401  0.17540908715787920
  0.18212621111993127  0.18829372313487611  0.19497241049443093  0.20279040082851377
  0.21240127094010813  0.22249216630152366  0.23248839520833170  0.24389073594992972
  0.25419411304753264  0.26335721435708997  0.27194416069133687  0.28092952708434765
  0.29060818213053807  0.30042739967270804  0.31160072243291403  0.32024799908262519
  0.32755582043458781  0.33559182969371393  0.34522525211410005  0.35628101551931568
  0.36632143316463750  0.37291441928741020  0.38000264869584716  0.38888921407625276
  0.39855574088877732  0.40995235878144365  0.42109636993102628  0.43378093832828069
  0.44766601740246964  0.46055047786899489  0.47315477523457178  0.48677727496242312
  0.50199737530696320  0.51754932663325970  0.53203800101091547  0.54590735877537166
  0.55943869426993709  0.57234763142514411  0.58506658275451229  0.59772710051895561
  0.60979262308648219  0.62373960834778697  0.63708731505627125  0.65337529437321606
  0.66535898800922122  0.67729785499392769  0.68685470859429087  0.69707397994368869
  0.70770223936125964  0.71869565377230038  0.73060831006778681  0.74389286572097835
  0.75663991497960814  0.76758445341879489  0.77759916676503915  0.78702334709868227
  0.79646694452886058  0.80674947703027289  0.81874135283155181  0.83145193740925327
  0.84215104086413839  0.85174508514889669  0.86106251355936581  0.87089629871435303
  0.88047376742451988  0.88810781230686642  0.89533733731473408  0.90443286230966968
  0.91544711620571106  0.92637443607846082  0.93678536214991981  0.94638918347584366
  0.95634076811868962  0.96851105650775049  0.98313998019076998  1.00000000000000000
   2.3421307855490297E-009  -1.0000000000000000     
 T T T F F F T T T F F F T T T F F F T T T F F F T T T F F F T T T F F F T T T F F F T T T F F F T T T F F F F F F F F F T F F F F F F F F F F F T T T F F F T T T F F F T T T F F F T T T F F F T T T F F F T T T F F F T T T F F F T T T F F F T T T F F F T T T F F F T T T F F F T T T F F F
