  0.00487340889994172  0.00528226794948797  0.00558686660052987  0.00619292202593363
  0.00711267910236885  0.00807404966365251  0.00909052768518929  0.01027055560979769
  0.01194148134878783  0.01383850880792791  0.01594825953287798  0.01842077440655291
  0.02132360277459969  0.02453671973636796  0.02804638314661097  0.03175653412554884
  0.03544724720925406  0.03988570997049351  0.04523288780777318  0.05128559714972968
  0.05767288680428023  0.06388793157434711  0.07022377378207809  0.07705067541534288
  0.08489275021095927  0.09336951045032189  0.10334236664461928  0.11280954754035445
  0.12260994557895410  0.13475460158066316  0.14428102323079378  0.15252467462245559
  0.15992764957018693  0.16843883303809029  0.17811530838991679  0.18847893158086165
  0.19881684363422786  0.20964410894689733  0.22065274565754922  0.23226370210511646
  0.24478636415521363  0.25493368996133697  0.26274322559224578  0.26950097815944496
  0.27610383928635024  0.28450063366269779  0.29202753240949758  0.29984449517069922
  0.30874720740029393  0.32040677494324332  0.33450256852774568  0.34724420624326013
  0.35980650665308311  0.37257968552382020  0.38511901854919794  0.39837849483839122
  0.41104672066427567  0.42263785214222499  0.43289016838470035  0.44402909225842646
  0.45590812986466178  0.46867651896247176  0.48219583009868389  0.49641784406396561
  0.51368180001812691  0.52775108087856160  0.54077911823233149  0.55297686801927570
  0.56877536172127952  0.58196505523685316  0.59264162633795892  0.60320688328013006
  0.61048452721058866  0.61800154072374147  0.62601642707956306  0.63501000625613846
  0.64458393963726190  0.65412697799295361  0.66300724509356113  0.67731647991249488
  0.69837937977814679  0.72040451279734208  0.74022690102936228  0.75896762519411776
  0.78130020598357586  0.80484911486458222  0.82400646656513299  0.84089126461876262
  0.85861206109172061  0.87664542876294416  0.89460455337025346  0.90818084448472147
  0.92011744523530881  0.93695502050790680  0.95893189333865048  1.00000000000000000
  0.00001791021199574  0.00001864227499469  0.00001934820533476  0.00002010695928124
  0.00002107336728184  0.00002178510300308  0.00002263548336849  0.00002336559460577
  0.00002374311944785  0.00002413342875986  0.00002444470922751  0.00002480952491036
  0.00002514599130406  0.00002550479822397  0.00002583521648411  0.00002620407941011
  0.00002659053904768  0.00002706112414026  0.00002756646851534  0.00002800699326556
  0.00002835722498946  0.00002876273979018  0.00002917120277830  0.00002950800405167
  0.00002982527845287  0.00003022155965523  0.00003068382406685  0.00003126621244330
  0.00003196925628299  0.00003248557385258  0.00003292519057096  0.00003336434405362
  0.00003382933987894  0.00003442841388870  0.00003517354284500  0.00003640225648936
  0.00003791893833951  0.00003974079668025  0.00004208620127004  0.00004454551843099
  0.00004700399347934  0.00004930209461347  0.00005125484582727  0.00005263487309624
  0.00005326365612352  0.00005385381366864  0.00005438297644452  0.00005487495692657
  0.00005541292022853  0.00005597629738274  0.00005657846439618  0.00005713592719281
  0.00005764714842220  0.00005814413957983  0.00005864412375808  0.00005917037038181
  0.00005978281102491  0.00006029586078401  0.00006080575559025  0.00006138925403213
  0.00006196966066813  0.00006244149518446  0.00006288370855790  0.00006343130284511
  0.00006396308656861  0.00006463957260442  0.00006529448794995  0.00006577649164020
  0.00006627178754390  0.00006678393268719  0.00006713568633433  0.00006747452056126
  0.00006780939283649  0.00006814597789550  0.00006865779111111  0.00006927473742465
  0.00007002088448200  0.00007082192806088  0.00007170285713232  0.00007276226445777
  0.00007398917536982  0.00007507234314177  0.00007551911411810  0.00007585956439272
  0.00007620149006169  0.00007656245622332  0.00007681262439714  0.00007709621729160
  0.00007743196843701  0.00007813806607294  0.00008028987710677  0.00008210495324577
  0.00008310847904140  0.00008368253154486  0.00008377291151307  1.00000000000000000
 -0.00774469964758111  0.04216001452761234  0.07329266001115885  0.09283871683068480
  0.10909264355893966  0.12676112860868477  0.14735756674528805  0.16488639744928868
  0.18031781725980423  0.19544868467001536  0.20990909366319652  0.22457411249134931
  0.24087704163783583  0.26209686756947126  0.28045906958906808  0.29739236610378578
  0.31270647628018977  0.32737113069496715  0.34003904314231909  0.35280921146410898
  0.36553722948834211  0.37799505169943071  0.38836423546073540  0.39641322224568881
  0.40333775994112769  0.41147863080290009  0.41946044296793888  0.42706428703592125
  0.43416141967213656  0.44308164617662432  0.45496021455261015  0.46852695219239998
  0.48342693257647751  0.49498270350791529  0.50603865821310356  0.51787091612713643
  0.52843411681500230  0.53705046496664921  0.54458030372550170  0.55313532235446150
  0.56375538597902097  0.57491103767638707  0.58368191928591029  0.59394468059601824
  0.60408890657383063  0.61502896866373080  0.62538877318595465  0.63578666240313775
  0.64584688036492133  0.65574942469409314  0.66612354136393603  0.67645065100082036
  0.68689837921245700  0.69638987842916678  0.70462057716505844  0.71363832890409773
  0.72271594934719074  0.73316960268865627  0.74530503465547437  0.75725753826761144
  0.76807717329306624  0.77648721523697506  0.78324401284540368  0.78932988135494608
  0.79524181183652398  0.80024154502295997  0.80538489479132347  0.81069167296348554
  0.81651207153720828  0.82492665471934290  0.83416935987343310  0.84080005656454948
  0.84796480088383452  0.85442739501594778  0.86089767819523932  0.86768009576276717
  0.87442404541185592  0.88083165221182114  0.88670127087176887  0.89304115693889163
  0.89937793976249181  0.90636641732005929  0.91401715592077448  0.92197930346052559
  0.93049647549050307  0.93802361256241462  0.94618586632399559  0.95462526519952884
  0.96178688840183735  0.96765498495095270  0.97344487491961618  0.97936292658527035
  0.98430266979416026  0.98909963158216108  0.99404901375899124  1.00000000000000000
 -0.00258806804738118  0.00911263098893733  0.01952117050266814  0.03026320215732931
  0.04256513784092179  0.05448933181911848  0.06552410944827952  0.07653775740477319
  0.08776859085224925  0.09976555456105804  0.11304475862817065  0.12778380568612846
  0.14256544157366044  0.15687410087464462  0.17057881998855468  0.18305060323056122
  0.19369329971414645  0.20376957753356578  0.21349026899689477  0.22190197038157775
  0.22948370826026998  0.23742602188506431  0.24475934546724981  0.25273997727969383
  0.26056375189848402  0.26772823785919880  0.27535519813107828  0.28421202892256159
  0.29514180930573891  0.30838859649079042  0.32210975212223314  0.33425454980861757
  0.34491180094000190  0.35509756419486210  0.36437714776244651  0.37509112519326454
  0.38766823731700351  0.40025684394680072  0.41404216911343228  0.42877563092359028
  0.44251447241522407  0.45588800685894626  0.46853362617255462  0.48112594460017105
  0.49672264492788126  0.50845571981477311  0.52032550441319558  0.53231451141272468
  0.54464302141755028  0.55615247584760796  0.56550536146245933  0.57445455252120181
  0.58400451357445837  0.59340356756327439  0.60202916857037336  0.60921559471594111
  0.61599060710679521  0.62394049735129520  0.63259848311618772  0.64214076594906266
  0.65142984373769852  0.66078255784131379  0.66995383522773544  0.67920404445813143
  0.68512909197226557  0.69316532665859310  0.70268503692830397  0.71560060256431068
  0.72893680065233202  0.74174995913154962  0.75364938062223041  0.76648568787925764
  0.77733956895754541  0.78768834862745996  0.79759162161996455  0.80609710877932317
  0.81478134683317349  0.82441493926774589  0.83505395964127738  0.84636694328644890
  0.85850999776328640  0.87096826574045128  0.88202414087317671  0.89170579275639050
  0.90130724766030168  0.91167105604694931  0.92203983665120903  0.93262573487624045
  0.94265736527878974  0.95134845122998790  0.95911092457549996  0.96637128786022219
  0.97328287223797538  0.98157699104342566  0.98954619270133859  1.00000000000000000
 -0.00111474498571696  0.00549542158395297  0.01154081883801169  0.01760851453338308
  0.02450193109596732  0.03154800502018672  0.03861860091037379  0.04608710396290883
  0.05382847005430216  0.06127241104870892  0.06964885209364001  0.07957832121627842
  0.09059942396823427  0.10170524625402638  0.11265836633632920  0.12466201680174116
  0.13323582225542330  0.14210041718406180  0.15020007844447081  0.15823786291826966
  0.16730836712155850  0.17650369644431516  0.18512365747316567  0.19328792148857132
  0.20225150354481022  0.20930923560649639  0.21541225028017744  0.22250477312173939
  0.23119232417355245  0.24113243741738349  0.25047651910843183  0.25785584633649933
  0.26470880555102883  0.27293157662638939  0.28238512429898283  0.29316156943241478
  0.30377747352834750  0.31324597045914598  0.32189496131117090  0.32964954201274149
  0.33942182706007723  0.34818801186262804  0.35544138273411258  0.36216106166112649
  0.36862948727741063  0.37887997209262952  0.38738713842010047  0.39481809995849532
  0.40146223573193535  0.40801197500158654  0.41523070431058529  0.42456332082144232
  0.43594815952865162  0.44745366217987675  0.45729971249507900  0.46759303877717739
  0.47831917425907078  0.48985206753128496  0.50253393033536653  0.51404483369397702
  0.52379703557135504  0.53270112218799526  0.54219107238379127  0.55256422278132677
  0.56386111752448131  0.57593032225678309  0.58724556141134543  0.59801935755948032
  0.60877800338622245  0.61959616476735324  0.63060475189890219  0.64089797595291031
  0.65028795707393294  0.65900733406833112  0.66796375442746347  0.67873846501911961
  0.69380318342110714  0.70946629649434723  0.72316990254197822  0.73564460141027344
  0.74899069802332352  0.76347499091212589  0.78508230928598322  0.80602073146596487
  0.81935629849841918  0.83230176247748378  0.84529133972707016  0.86086860410066046
  0.87677379330164262  0.89261715154066945  0.90848452961783177  0.92564950605437568
  0.94180433254076812  0.95814636273023646  0.97684949455067460  1.00000000000000000
 -0.00294377490471840  0.01184546521802837  0.02406624308225939  0.03623041927193726
  0.04816602504537191  0.05919184152337733  0.06727586941626125  0.07428034470456205
  0.08252154315745536  0.09200578909324400  0.10153809054053249  0.10970529039937905
  0.11713182931949484  0.12552916762152375  0.13641481644006370  0.14788426276367048
  0.15969090941507516  0.17035229993238360  0.18088098051166118  0.19046522726475884
  0.19784279187990422  0.20465258102432810  0.21131759941394562  0.21825663229508613
  0.22652342998086200  0.23792808996992446  0.25084853302443083  0.26406766738729742
  0.27518646820137704  0.28199652695532756  0.28877013419893455  0.29663617709434698
  0.30519814551999169  0.31230478446242249  0.31899544319489892  0.32594388561430260
  0.33439500419258195  0.34839573163755833  0.36307557303385624  0.37640435621775004
  0.38736782919738494  0.39731894510122534  0.40599839894778450  0.41423829599457868
  0.42253943898915614  0.43072271300188242  0.44084085028388126  0.45321812941396944
  0.46483191517128197  0.47576207957744482  0.48646199034478699  0.49864825452710981
  0.51039563051792036  0.52219683646534243  0.53406149507341327  0.54567124505147369
  0.55607565846707729  0.56623113551946203  0.57605432079507168  0.58544084374963812
  0.59427998366418200  0.60455231108471552  0.61439235250766588  0.62358216653972198
  0.63285198273127685  0.64249969586690880  0.65320071527728452  0.66488112021577561
  0.67640253808625606  0.68698010788332575  0.69727647306676077  0.70769364533743828
  0.71849952538270523  0.72985031320685612  0.74221680642986421  0.75495823995299138
  0.76665439119119916  0.77622033509600930  0.78590958278917999  0.79502708474701711
  0.80541976336901500  0.81836949840590734  0.83192939921813269  0.84480940660760062
  0.85735387143642527  0.87031812595228375  0.88478122840758522  0.89827018383344737
  0.91086383482628597  0.92306203321695413  0.93499357039209674  0.94769377680888356
  0.96283988713893531  0.97602569329747435  0.98756587253652073  1.00000000000000000
 -0.00251249641395739  0.00836109860455781  0.01782618906312656  0.02639019712804007
  0.03371062571733115  0.04018854189502655  0.04603930383401970  0.05203352173952237
  0.05910065843822444  0.06707855911465993  0.07518459185324841  0.08224853357644477
  0.08814542813366071  0.09394432135454120  0.10059970441352796  0.10825053410133477
  0.11623546200963515  0.12420987332237356  0.13154083235971820  0.13815428323532339
  0.14413113023090260  0.15214086172872512  0.16160672541412638  0.17200014774811268
  0.18234066981500199  0.19267520008925912  0.20377981118998856  0.21253289655423813
  0.22070222527731231  0.22800306638737930  0.23258884318537218  0.23658261384988744
  0.24138805676360897  0.24787837875927027  0.25596020728563612  0.26504603869175641
  0.27290739600525304  0.27914837046224245  0.28481785051876674  0.29014884201768371
  0.29647930644927623  0.30405020427347884  0.31222954589988727  0.32117472547457426
  0.33171878958015322  0.34193644422206548  0.35095418651511995  0.36010340720208617
  0.36877667468250697  0.37766289964012595  0.38615864950056117  0.39498247502497175
  0.40429322018239972  0.41377999178828795  0.42255159970484141  0.43035729651174187
  0.43828291288025356  0.44582506204384126  0.45244560780715554  0.45862051127705644
  0.46514402452160969  0.47382708579033656  0.48405712190242645  0.49373057954698557
  0.50366301473935016  0.51515894329762912  0.52713304437072284  0.53900153579678767
  0.55009061660789560  0.56147846878890006  0.57333594536728816  0.58370540292886508
  0.59368163273939556  0.60471977022949486  0.61463562707760744  0.62493498945967851
  0.63569484019165912  0.64779647286087649  0.66147551370601942  0.67549875588122277
  0.68865577997313043  0.70157152545269663  0.71691176084869312  0.73342124949974719
  0.74714892820405776  0.75857332056724025  0.77053531650182627  0.78777409961805722
  0.80812393436743735  0.83160983598644134  0.85695863513238246  0.87658809413443362
  0.89588075775697684  0.92216047474100615  0.95845432637664829  1.00000000000000000
 -0.00462035685650660  0.01339014234255758  0.02734660925817306  0.03886152696102704
  0.05023581836276945  0.06143749693740828  0.07327711905806782  0.08258140484298875
  0.09278967030790192  0.10407566446567608  0.11583191770634439  0.12612247857876396
  0.13642138140378232  0.14646279979635785  0.15443864339130167  0.16182100760116588
  0.16871877598763477  0.17601025638527795  0.18305991918642595  0.19188328803181651
  0.20255168910227511  0.21711910724221103  0.23090345291904124  0.24490261066139335
  0.25843826278795684  0.27103445296442880  0.28246748629122542  0.29361622083361438
  0.30295076144853289  0.31349497372754043  0.32419491124467376  0.33518637798118395
  0.34647547642961529  0.35731600579678913  0.36686245549724683  0.37609493744354072
  0.38539916057834572  0.39505178568430260  0.40461423358913418  0.41373897993004116
  0.42292604530858591  0.43397430388736619  0.44511106210292867  0.45849894020421389
  0.47219821079213881  0.48334525382957688  0.49187596650610566  0.50045738129874939
  0.50991357022123684  0.52106173455819826  0.53203477676335753  0.54302409233912796
  0.55670268141866486  0.57104863942567885  0.58478559764126725  0.59611399981566626
  0.60757795864178432  0.61916063405975841  0.63243511508119954  0.64582042193671130
  0.65860135318196666  0.67002362024047657  0.68104868442480948  0.69012469354530337
  0.69605661315570622  0.70207248156429158  0.71000661292037781  0.71883320982549981
  0.72795088343584669  0.73716550148476911  0.74621250867069544  0.75719255656867701
  0.77021456161557877  0.78191655557968720  0.79249415443120996  0.80397842304409284
  0.81378137249430438  0.82279292657153968  0.83153967674366147  0.84113326951981571
  0.85266299961643932  0.86371580847780782  0.87347504845725399  0.88288437249937102
  0.89193794127337400  0.89968775401330725  0.90706296249483842  0.91678832961788448
  0.92654125441781010  0.93541208954433375  0.94448031251676401  0.95558648380409805
  0.96806001907133643  0.97983395757153657  0.99048743444751908  1.00000000000000000
 -0.00479952045919591  0.08079821964554743  0.11174613034058560  0.14075299102058603
  0.17091005181541918  0.19927101680466164  0.22228372427446899  0.24223337665316683
  0.26247044043155082  0.28303559233620995  0.29965266912541927  0.31330234938375501
  0.32757697763949140  0.34679760101381923  0.36698899543092767  0.38591368567900597
  0.40094197765641493  0.41627587504507851  0.43150484395756583  0.44716386762504701
  0.46268214367840715  0.47719590861734745  0.49100483061450900  0.50619739656587270
  0.52566567846881440  0.54726002499822335  0.56590683777415962  0.58309467624988343
  0.60077954552267265  0.61590631601766299  0.63089877456313026  0.64426271632539611
  0.65661285688774762  0.67054751059113193  0.68785258779286707  0.70286586547315866
  0.71874717393307330  0.73482200931930386  0.74923969925244671  0.76164298291431420
  0.77158131706840938  0.78096168358682416  0.79014259488020566  0.80134630880964852
  0.81362678458482696  0.82465097409103560  0.83568454199076547  0.84623414952385967
  0.85885865426344155  0.87070988592793019  0.88099827060577640  0.88964251275215778
  0.89709655177218184  0.90473882923290549  0.91153485575474635  0.91848449699645396
  0.92539017045421057  0.93244809157005792  0.93868530374679149  0.94344549857104920
  0.94756565462790043  0.95175543135727225  0.95602558617164757  0.95950240531937214
  0.96190646455496509  0.96447535439881216  0.96676715598063923  0.96911003933552875
  0.97105238791176940  0.97290664145520134  0.97448430087375482  0.97595599018425694
  0.97737387136646958  0.97876110000759531  0.98019704065140978  0.98127962203983277
  0.98227554147907337  0.98316890358997566  0.98399922336940349  0.98482708634521265
  0.98548010196593328  0.98606864353762103  0.98662114187860062  0.98714361710456100
  0.98766337447319585  0.98817651617959956  0.98865725301078122  0.98904562025143938
  0.98941606491674594  0.98976134124956039  0.99009342677987777  0.99040621026662468
  0.99071682762303881  0.99101803957756573  0.99130208362592986  1.00000000000000000
 -0.01150189118805591  0.08347643642085199  0.14016538835728096  0.17779748414624852
  0.19638627184965518  0.20721035046311573  0.21738489598549582  0.22653046545251443
  0.23394411289812386  0.24184090013978279  0.25003052904479484  0.25788510883561655
  0.26523576691126138  0.27259022475577743  0.28249522170991331  0.29194966292219982
  0.30095145916511323  0.31013908921523470  0.32035419648446750  0.33076316533980898
  0.34030870661735541  0.34918865843020896  0.35761736322252002  0.36534380296159830
  0.37194154985871586  0.37784100071861909  0.38344208165656674  0.38918378756720967
  0.39442510602856135  0.39838176708544731  0.40235717730478610  0.40693274893885034
  0.41138070127077581  0.41524054780900166  0.41903363054754389  0.42290627865049601
  0.42710555213629425  0.43156429666953489  0.43603242928174940  0.44040034662601141
  0.44454092720121530  0.44812568376480905  0.45163624524790730  0.45498220936373218
  0.45927232187554501  0.46535447232999666  0.47245828967050962  0.47960394220998814
  0.48640602629854990  0.49280837533573280  0.49918746820570553  0.50604301187171685
  0.51283406114505958  0.51872807714382851  0.52515942649561054  0.53091584983118989
  0.53624267809131887  0.54300078188986001  0.54996452861615130  0.55717653271213918
  0.56393638109917410  0.56935141380379650  0.57469805452145117  0.58064169407196708
  0.58590140495389142  0.59105859487778900  0.59607867699311223  0.60102669214041882
  0.60595925810390028  0.61114784556540291  0.61707516872173007  0.62368813494977560
  0.63103212439783285  0.63892815487264443  0.64721572684214035  0.65481866616397000
  0.66277085770551025  0.67096037570288014  0.67984806825656230  0.68831074873597509
  0.69576129572551915  0.70336205789871209  0.71093306262233502  0.71884958643871200
  0.72787577586099272  0.73768138263861704  0.74775667216039110  0.75764844768597672
  0.76880072979157410  0.78307772412380106  0.79663148941772499  0.81201849989792019
  0.82801172553627012  0.84674746098904941  0.88551108356824570  1.00000000000000000
   2.4784941625278421E-012  -1.0000000000000000     
 T F F F F F F F T F F F F F F F F F F F F F F F F F F F F F F F F F F F F F F F F F F F F F F F T F F F F F F F T F F F F F F F
