 -0.00000000183244641  0.00000001112189755  0.00000002643131473  0.00000004014094194
  0.00000005418038937  0.00000006909503704  0.00000008509163705  0.00000010211916201
  0.00000012053740276  0.00000014152896440  0.00000016305084092  0.00000018538982467
  0.00000020913237469  0.00000023401371205  0.00000025931442489  0.00000028533666708
  0.00000031238162823  0.00000034136775473  0.00000037363112220  0.00000040937724436
  0.00000044668119170  0.00000047965290528  0.00000051302091699  0.00000054592370293
  0.00000058299059955  0.00000062463257937  0.00000066742929486  0.00000070844920515
  0.00000074454424885  0.00000078100439151  0.00000082233042485  0.00000087230894567
  0.00000094348035425  0.00000102615044472  0.00000110411047985  0.00000118355920281
  0.00000126513415541  0.00000134591973945  0.00000142384904667  0.00000150044458611
  0.00000157449081837  0.00000165022621218  0.00000172739458290  0.00000180887318491
  0.00000191573899677  0.00000202189539159  0.00000212819103196  0.00000223744601782
  0.00000235216238941  0.00000248697304180  0.00000266148176582  0.00000280922275197
  0.00000294182418229  0.00000308147117164  0.00000322624186200  0.00000335857460832
  0.00000346915328167  0.00000357610012728  0.00000367761470313  0.00000378507719920
  0.00000389751700952  0.00000402266542986  0.00000415554919283  0.00000426822886818
  0.00000438479443483  0.00000452410233220  0.00000466657241456  0.00000481131936129
  0.00000496170058099  0.00000510781819981  0.00000525055732863  0.00000538363655439
  0.00000552312681384  0.00000565887518209  0.00000579785853140  0.00000596328804209
  0.00000610416380172  0.00000628664271738  0.00000650228808138  0.00000672848569857
  0.00000694628183019  0.00000717880031489  0.00000750200493860  0.00000791660862715
  0.00000841154757767  0.00000896318541364  0.00000974445920702  0.00001034618526771
  0.00001090569369751  0.00001154023950224  0.00001215305682852  0.00001358622462790
  0.00001557186287825  0.00001707249927962  0.00001921212635679  1.00000000000000000
  0.00081411502952290  0.02304379729185752  0.04244058529764808  0.05903471700707370
  0.07522345198569694  0.09155076552996641  0.10675520930174821  0.12006585790898654
  0.13157135532191203  0.14245567510387971  0.15359402853766710  0.16455515694533421
  0.17488917425041131  0.18525261480191324  0.19366253632656502  0.20292708128348810
  0.21359094727228503  0.22549060540197044  0.23745982777620753  0.24902503038225543
  0.25756784279594169  0.26479144261755844  0.27264101232822074  0.27967143809463940
  0.28722614637882804  0.29668884304112159  0.30752075050733146  0.31888461818400482
  0.33039712627675694  0.34234053713628981  0.35169826552462702  0.36245618776728755
  0.37192703803642341  0.37834075475305312  0.38396013974922161  0.39041128731814123
  0.39727971121193972  0.40336650622753656  0.40883155461161141  0.41487889029228886
  0.41999500833107062  0.42431074765214322  0.42962794713770913  0.43474120452411413
  0.44230850994200815  0.45265731840699180  0.46409912731835123  0.47433386282333756
  0.48604244377353728  0.49766083795952482  0.50846228148944317  0.51833926217471504
  0.52747750988911546  0.53683773872473139  0.54786579440078353  0.55934069306528889
  0.56786502181666965  0.57478978560842253  0.58244808304907025  0.59136607472021696
  0.60151384094817117  0.61362662967732806  0.62637136432751483  0.63893361096559131
  0.65135976936798101  0.66360588661375286  0.67619653168349025  0.68849017547209912
  0.70153282832618824  0.71367723824598150  0.72387274754761155  0.73397534922901475
  0.74413869155800705  0.75442697579940654  0.76397613603017644  0.77409781588298809
  0.78615389732371888  0.79813454879886092  0.80914793776684979  0.81919115157561850
  0.82618304978828272  0.83393829582183665  0.84192433678870471  0.85107977991204353
  0.86208031676165064  0.87063241591539486  0.88009102426343422  0.89388680865741221
  0.90533352816567270  0.91635643535149658  0.92866244180196056  0.94096282301045464
  0.95335380491985988  0.96439732434398728  0.97970712250395708  1.00000000000000000
 -0.00375373036819620  0.01265961274052934  0.02767041125398132  0.04256889739218316
  0.05585916683203825  0.06887540851103584  0.08134043549435364  0.09362231587799355
  0.10634192010063680  0.11823276693466560  0.12971254499948251  0.14145031395500490
  0.15447955554090889  0.17098253002176175  0.18772240237929441  0.20569687059442662
  0.22088012908713911  0.23564275820311784  0.24857145495044614  0.26043255657460002
  0.27224758138073346  0.28358944586217061  0.29616333579321619  0.30717915384417982
  0.31718619614747207  0.32796244394919349  0.33738896300095172  0.34708154724083407
  0.35788437413401442  0.36819329626450525  0.37764452163983603  0.38671414467215709
  0.39637333811311581  0.40777612314602796  0.41881709259495165  0.42831921067741074
  0.43818307850483168  0.44883838127300701  0.45929527388138153  0.46906707905557515
  0.47844339871119490  0.48769805248528270  0.49897550851965589  0.51183228680800352
  0.52398640529322493  0.53576005444690833  0.54789106360373951  0.56104293563363128
  0.57412844100819382  0.58603077557844108  0.59659863760507759  0.60710165392120585
  0.61755756718924837  0.63161469504220769  0.64337315306456688  0.65461510278234536
  0.66583314108780101  0.67716165026936492  0.68838503528921147  0.69789948816918179
  0.70672188279616144  0.71482396650677127  0.72322966932210120  0.73279559844494491
  0.74261579387146837  0.75231531719710920  0.76158136689915101  0.77131012595157589
  0.78321916784133028  0.79644847081762782  0.81085766166217599  0.82349694458960876
  0.83493372189904813  0.84570447570146901  0.85564172114390291  0.86531014821202257
  0.87573729120903476  0.88646593947351016  0.89741445045693846  0.90771712746819910
  0.92039231027808843  0.93284998211714754  0.94091378933596492  0.94611380598519756
  0.95146971154277105  0.95634145123496395  0.95957870615926821  0.96315624118323162
  0.96744207346661648  0.97281745628600480  0.97800239333143235  0.98267118672186071
  0.98696355398647895  0.99230665471744572  0.99652351476864831  1.00000000000000000
 -0.00308253744832969  0.01186829086733410  0.02391071078095026  0.03467620640169937
  0.04498108991723934  0.05553890230849994  0.06702077704504993  0.07942178167985246
  0.09127338315034447  0.10237941635771773  0.11383690524709830  0.12522340301924673
  0.13651775956542900  0.14876162064131332  0.16250150977197966  0.17591711674693880
  0.18789539361502530  0.19981407570168572  0.21069986449299832  0.22166095878760472
  0.23254004640772341  0.24366029035262052  0.25511165268850067  0.26657098803381962
  0.27698404693153450  0.28595488253447099  0.29487542048389709  0.30350091298676535
  0.31469858242454818  0.32732294183959776  0.34009525583167594  0.35223088649979373
  0.36328143399549273  0.37273628220455290  0.38110151745151921  0.38920035976579653
  0.39595722519364707  0.40310267868312916  0.41310193135087508  0.42430898781682647
  0.43536296546956887  0.44669283090797679  0.45874874323447329  0.47205714781573160
  0.48323744788404677  0.49357205630537521  0.50322065332298660  0.51264844910523022
  0.52342508729157744  0.53533097416665365  0.54791266110956283  0.56062761949306572
  0.57282925472746737  0.58409053417082890  0.59497428662270424  0.60668970046737147
  0.61951470520443930  0.62884833103526561  0.63460815367821188  0.63953870855161044
  0.64432190811640122  0.64958763563524069  0.65490104410396999  0.66098705519515955
  0.66651825272320819  0.67188592348972742  0.67857353883912752  0.68484761579792452
  0.69065282541900430  0.69945360943277279  0.70975659738271046  0.71963263752816176
  0.73025337028144233  0.74209159552203774  0.75422447400673487  0.76619751368287314
  0.77758505823695390  0.78959678409294631  0.80216775933438489  0.81536105630001487
  0.82906276578714011  0.84098290626354022  0.85191287019200723  0.86252294345211089
  0.87359507699422945  0.88492267213590969  0.89647512946878349  0.90814223073146372
  0.91997905137527225  0.93202980188717577  0.94365121928648366  0.95506695191186186
  0.96575000550761025  0.97625373680236371  0.98840635553295930  1.00000000000000000
 -0.00124675210968163  0.00471422648445933  0.01099469510138359  0.01728896398826931
  0.02339893983830550  0.02920013233458256  0.03480447355289402  0.04052649111934484
  0.04684039683443993  0.05426324435511828  0.05954742777694691  0.06369033835475622
  0.06738705558713198  0.07095967406709967  0.07408143619042762  0.07717066554033888
  0.08118520070289058  0.08486342906042185  0.08814836161167963  0.09191723015845502
  0.09579657604817719  0.09987877957161452  0.10487413401677328  0.10933197008257252
  0.11351231489935477  0.11771349110262037  0.12158562242139601  0.12578986754916796
  0.13190833871720051  0.13859817838568919  0.14553288270756187  0.15276162754144706
  0.15999524138577659  0.16775473601371704  0.17638751134051153  0.18481845259492041
  0.19270521241744773  0.20100113367615388  0.20917134584408831  0.21781567548648828
  0.22666974347758492  0.23543685821427862  0.24389002686462458  0.25180454625130844
  0.25960556511586619  0.26787946883599073  0.27631225769244394  0.28461992665870106
  0.29246559055549193  0.29991979324383028  0.30837690581309662  0.31758272692664907
  0.32680739425493521  0.33748762520411435  0.34852157694790131  0.35889082716940629
  0.36927601723557385  0.37905315286976621  0.38903454165750773  0.40047812445004277
  0.41317324688417428  0.42546415482931094  0.43719606984951415  0.44892065770577094
  0.45926916424183589  0.47026379822094933  0.48327123637702113  0.49627994959249233
  0.51170248238637162  0.52672697814169422  0.54097640355682863  0.55285735386730406
  0.56480708742379049  0.57519057685650177  0.58597745576792071  0.59558845984377595
  0.60488198452333386  0.61623154145513592  0.62890548977210647  0.64424992823120941
  0.65998852840694988  0.67928016234307942  0.69905518124049904  0.72063122463267315
  0.74289489885765092  0.76606868226187674  0.79025099953862565  0.81216184608210185
  0.83302486133714471  0.85496737852361027  0.87956502626234900  0.90350897437240574
  0.92928540371818724  0.95431237918332201  0.97645179218183609  1.00000000000000000
 -0.00436506651981936  0.01296732174478978  0.02219982036155857  0.02807662350956689
  0.03440189730928965  0.04071380117369629  0.04601792444597941  0.05194064730608382
  0.05801242546097922  0.06356429274214216  0.06922435315417448  0.07594720812590086
  0.08331983188579276  0.09364309810289838  0.10529453114546364  0.11690485182425289
  0.12867946917185225  0.13860575318947618  0.14781567420135280  0.15703849399428604
  0.16614074740602464  0.17593808507043893  0.18673377755471895  0.19841081270681257
  0.21016348714689984  0.22298543898063772  0.23685566881801140  0.25065447431905624
  0.26198548783416065  0.27336084857294102  0.28331942985627229  0.29218904204190993
  0.30058493718244178  0.31164941331390644  0.32327077923745934  0.33634112860805015
  0.34703115852925553  0.35970164550679479  0.37277894804852474  0.38407478782363336
  0.39495394394222494  0.40607437062977964  0.41766382936856694  0.43067280573085653
  0.44338363329368541  0.45564527231165702  0.46707864208826788  0.47841286505003994
  0.48985007983552403  0.50139822913880017  0.51304538903884900  0.52335711503872195
  0.53198066220820994  0.54071827097608671  0.54930840896359467  0.55943403687964377
  0.57155198708812427  0.58410816322969872  0.59707176396355610  0.60913893175583855
  0.62076982456333507  0.63150855534762684  0.64093666289633411  0.65063471689514141
  0.66110734711664210  0.67311788193977629  0.68717096792584875  0.70125681519111671
  0.71499046860738169  0.72667638702882176  0.73700803582301611  0.74731963989349048
  0.75733828766371480  0.76956486598853491  0.78151577033047659  0.79214399964565463
  0.80197637053632198  0.81236012522320655  0.82328023757458457  0.83421796609546961
  0.84435499472899611  0.85427302445999309  0.86401884932877504  0.87387736816981099
  0.88470663751193401  0.89458070851492955  0.90461243519314860  0.91496376710414828
  0.92564734955362737  0.93726397933596373  0.94891600804033838  0.95942681968265942
  0.96935016999229184  0.97881754314538805  0.98951701817932414  1.00000000000000000
 -0.00330016529292728  0.01334196462870357  0.02835368773100121  0.04105851754236471
  0.05158945240819909  0.06452002428544643  0.07640368425583811  0.08794510525846036
  0.10128415503618483  0.11485649125479859  0.12976555128539741  0.14351741808785320
  0.15823327482190236  0.17221112267169622  0.18569397920390418  0.19734296119009742
  0.20859780091798419  0.22042834132401026  0.23318980633340441  0.24563748310466535
  0.25710436157361916  0.26825763415538395  0.27836707273021905  0.28948109907387248
  0.30107476330950145  0.31309976292758029  0.32518228172598040  0.33648279210046261
  0.34703308542392047  0.35740609709293064  0.36867704249853878  0.38022570398035632
  0.39105599537936575  0.40134766655910387  0.41160215629506480  0.42264380090460701
  0.43408347998218494  0.44462023670221490  0.45631729734730619  0.46565399022221143
  0.47732315018168958  0.48829711819632837  0.49928359878724055  0.51061782184814775
  0.52170331754447308  0.53413911153092564  0.54612207467809826  0.55751337719128724
  0.56894912306006118  0.58084141999787930  0.58667117831807503  0.59305925137198257
  0.59925290932446806  0.60477583596903783  0.61093151456875572  0.61704188408805583
  0.62304953730633728  0.63013645225082104  0.63633321675980770  0.64114114041804726
  0.64719058464345514  0.65722920303739985  0.66877152754138169  0.67909129038353055
  0.68980289385594817  0.70046177716497215  0.71081310334009851  0.72139913315504145
  0.73294637092045645  0.74565469072853208  0.75669173136253787  0.76756670686033335
  0.77781733210532567  0.78755139550880526  0.79669647733195748  0.80513993786205040
  0.81466178372408959  0.82614664909242363  0.83688078962466572  0.84784735087205854
  0.85825613140661916  0.86880937939277403  0.88008733952031581  0.89027025547025251
  0.89983062335074526  0.90824161878822507  0.91610069934666249  0.92480400003769958
  0.93439003258525244  0.94383372010885791  0.95360761048232767  0.96352887804743959
  0.97214579690468073  0.98087370955901054  0.98956432635639369  1.00000000000000000
 -0.00194531186729558  0.00720915008584148  0.01744691056538278  0.02786854521104913
  0.03802317085418939  0.04896766280938396  0.06385825618908554  0.07771488204266502
  0.09123819101024717  0.10502018182857935  0.11655539526691530  0.12854801869234911
  0.13953424029922026  0.15128444433978114  0.16199530570356654  0.17236597155203937
  0.18265350934009850  0.19323348665970641  0.20347801622746303  0.21346815204272629
  0.22258354973685324  0.23325755102954540  0.24330599742953779  0.25289469944944237
  0.26258360739796083  0.27312050599268950  0.28395792218981020  0.29432567411195598
  0.30546362828235429  0.31751671711252610  0.32912257250066751  0.34035261435266423
  0.35195082318657178  0.36335084121342370  0.37508108912004190  0.38634537698716337
  0.39425146924013471  0.40329870615616614  0.41203980241159049  0.42133274200741944
  0.43299582453658925  0.44741960177879680  0.46428161019290437  0.48126379156250948
  0.49775192240503058  0.51299737183006189  0.52653099502848499  0.53897905142403568
  0.55120729230718479  0.56210120390300988  0.57285826585765787  0.58321672377046141
  0.59302518428472550  0.60213328748735861  0.61099898074534831  0.62045577345015346
  0.63070861938487077  0.64160497739442435  0.65295635368828042  0.66554688751666913
  0.67707859788607649  0.68868508031887532  0.69888934262241709  0.70788876578404691
  0.71695641530170595  0.72589988693624685  0.73797275579505617  0.75018034675525569
  0.76320160402410864  0.77620055718526371  0.78830362968848200  0.79994108655677942
  0.80947359646138239  0.82000722357557987  0.83131099471719294  0.84062062627574030
  0.85016638772482378  0.85576660544815808  0.86078367318853910  0.86677336828688067
  0.87296642660058399  0.87864477441294042  0.88438581754530632  0.89011684236972599
  0.89570019692654734  0.90181265576668412  0.90787721373310704  0.91353099977540497
  0.92104358712777123  0.93145670271934000  0.94249557298306452  0.95350799737523662
  0.96460025982685182  0.97543936290994748  0.98653681387135206  1.00000000000000000
 -0.00442563325244341  0.07842593463296918  0.12084293039568006  0.15880051325077091
  0.19155265197932655  0.21927540924434760  0.24558391200692650  0.27550310884649293
  0.30582404027825733  0.33876215344169092  0.36773709023427326  0.39259471236510962
  0.41767991371269986  0.44658181965451083  0.47283088146295049  0.49395001944988931
  0.51275906157059326  0.53355232097036998  0.55659210056168851  0.57994409382647150
  0.59928226783192673  0.62131106652733381  0.64261186173219498  0.66532002402670565
  0.68759360919554013  0.70739920673279000  0.72347624370913843  0.73988001333562492
  0.75807701838953823  0.77787262247719469  0.79543936480967503  0.81281626204036517
  0.82916371347114282  0.84392292883988351  0.85655384251384270  0.86892213364006121
  0.88163897829188242  0.89198469250723511  0.90126887106835396  0.91109972955519125
  0.92138877582216194  0.93180960660795464  0.93996266576479981  0.94648708465744413
  0.95248902037204330  0.95751022038464917  0.96067599846704921  0.96303039941152424
  0.96518977213042911  0.96702611568364316  0.96874474493111784  0.97044658741945711
  0.97189015762895559  0.97305066000227602  0.97405673853476393  0.97514300481538629
  0.97624871031211613  0.97729699352032051  0.97830327711157450  0.97921918719782797
  0.98010466458525158  0.98089423639610129  0.98156773807556574  0.98214710419796747
  0.98274975744055570  0.98335256873493493  0.98391824631017244  0.98439524187299221
  0.98489053845874874  0.98539723014396219  0.98585301639247958  0.98626043484055037
  0.98662548347682499  0.98696267970111740  0.98730009226973936  0.98763598364905547
  0.98795231936663830  0.98822246128905633  0.98846920481408074  0.98870856229665072
  0.98893518149686599  0.98914168617733422  0.98934397671893159  0.98952398512961004
  0.98969449752209615  0.98985814592533461  0.99002204538894545  0.99019539115247024
  0.99036995413082907  0.99052859234328383  0.99067403492175166  0.99079719961896806
  0.99091195769852891  0.99102841096418104  0.99114866878042496  1.00000000000000000
 -0.01131335324460011  0.05376830256688844  0.07078188813703098  0.08230679605446094
  0.09116217505078135  0.09903968517810822  0.10545938210362010  0.11145447552414373
  0.11682260674810810  0.12272346299212969  0.12994835668754057  0.13733500599147405
  0.14458839291311698  0.15161822336335168  0.15784398027946189  0.16443873934176542
  0.17115105750424539  0.17769927048098819  0.18436103383815419  0.19091520448479338
  0.19717622067283860  0.20312319966463341  0.20897417583954445  0.21464274083687315
  0.22019036456388857  0.22551563599270794  0.23031335010504195  0.23228461515333546
  0.23498894195501577  0.23823025141898987  0.24222587727952541  0.24607378507465832
  0.24979403084268295  0.25366852854887317  0.25781822583723202  0.26160097885989053
  0.26552771414170639  0.26897171899513717  0.27239972626226600  0.27609799202011392
  0.27971667202772338  0.28270489869586879  0.28595932842756611  0.28960159337989116
  0.29437085410170910  0.30136680181274028  0.30913789913107903  0.31702238941567101
  0.32487206538893498  0.33319082420362678  0.34149889228532837  0.34992805361971985
  0.35830769670462459  0.36664787748719241  0.37509802576624468  0.38373136338536962
  0.39223508835427223  0.39966170553760788  0.40703499373938529  0.41410601845011874
  0.42197904833794647  0.43166560921805969  0.44149069536056068  0.45233059205778609
  0.46221331011589828  0.47061669680819579  0.47878230061601357  0.48713702884178239
  0.49652371422386016  0.50492735465061167  0.51336543010629665  0.52297823744486005
  0.53467890668980189  0.54730015005816313  0.55980642918141232  0.57040369851857475
  0.58016599174864358  0.58957980693167633  0.59969468584191687  0.60975445244668636
  0.61895331524407393  0.62758339490293313  0.63537965533168750  0.64338811335503665
  0.65275570745671807  0.66469776966361149  0.67771629454863369  0.69080367742764393
  0.70415237729201985  0.71780540645425017  0.73381251339929465  0.75379153341811900
  0.77939228877632905  0.80936633036833194  0.85046063659102156  1.00000000000000000
   9.1962898897528556E-010  -1.0000000000000000     
 T F F F F F F F T F F F F F F F F F F F F F F F F F F F F F F F F F F F F F F F F F F F F F F F T F F F F F F F T F F F F F F F
