  0.00498719704938963  0.00516480569730547  0.00536029642901678  0.00567416898297262
  0.00600148420534559  0.00634974032619951  0.00669623218033636  0.00704536614709608
  0.00740464541165306  0.00777383416429225  0.00814927924493440  0.00853150897404910
  0.00895305473926915  0.00939432167060395  0.00984498618463250  0.01033761442261522
  0.01085892411917560  0.01140067486066206  0.01195822400775810  0.01263091990667560
  0.01336104615934042  0.01413889093806106  0.01502714498653204  0.01598832836620594
  0.01707427590550193  0.01815726599043247  0.01924224124407745  0.02038115135502369
  0.02161663430424879  0.02293915733402782  0.02432437139638219  0.02578341726404523
  0.02735825322102637  0.02908292859903066  0.03090974157898641  0.03279643362877870
  0.03488187308807224  0.03730221716869667  0.03982104293262904  0.04277947623178563
  0.04749172817638778  0.05182046168671198  0.05639823407834631  0.06165107815552933
  0.06784461695120110  0.07496848043614189  0.08249344920795336  0.09104899462878269
  0.10002858120177600  0.10943549238434924  0.11921460911729974  0.12997551553674941
  0.14075632342103506  0.15241789734511721  0.16447782630626484  0.17628572632044226
  0.18724214969469047  0.19816247940191037  0.20936650155668432  0.22130170844845984
  0.23422418693076696  0.24767955634155284  0.26259769849864806  0.27761009009750170
  0.29171531954813595  0.30506181249309511  0.31934712905043749  0.33554213729331012
  0.35092881836208273  0.36698538026221650  0.38400336046397288  0.40111230884389498
  0.41809199664513563  0.43510967673956819  0.45348236497818001  0.47158914642892197
  0.48981762626022912  0.50956286355035563  0.53066804065127227  0.55087694911300422
  0.57054115627256785  0.59063118957730854  0.61013384245493163  0.63077674086952962
  0.65240545523352056  0.67558208537797071  0.69881831845780173  0.72262396663931472
  0.74566338420150136  0.76835865925461955  0.79455526022636946  0.82366458200712012
  0.85426836022239294  0.88820529658697400  0.92912964461575176  1.00000000000000000
  0.30134872682180253  0.32666607510984735  0.34959039747259946  0.36301591534064687
  0.38081947435778046  0.39965317977818821  0.41705448291515185  0.42834275294767094
  0.43363265290450292  0.45080503084059420  0.47682420554885646  0.48954278190592559
  0.49395465078229361  0.49830570850094541  0.50241142202117628  0.50625823312151619
  0.51049267184244052  0.51556854332517499  0.52161419230883532  0.52634278520198741
  0.53147115302017611  0.53627689378181853  0.54091778689018055  0.54562665800986165
  0.54900302998154893  0.55337036309735532  0.55964052088933625  0.56604712563645232
  0.57159239296361952  0.57688344417448445  0.58185253309392726  0.58652488315569828
  0.59024854105773383  0.59300706450231966  0.59580678784031993  0.59859847320704895
  0.60102711671947617  0.60327476196009100  0.60529871226463905  0.60737622034967553
  0.60935756015816622  0.61157112690811521  0.61429736475527497  0.61739264308475761
  0.62106803490953899  0.62577764896488308  0.63075082004731642  0.63430539113400408
  0.63707769938525394  0.63960192104520008  0.64206199074674986  0.64467616180993637
  0.64763515255369364  0.65036703742360580  0.65238253589084982  0.65455138658130763
  0.65697878381769315  0.65948277190041282  0.66220460148803684  0.66470617065024828
  0.66716398124285581  0.66968943685833426  0.67233527995735798  0.67512520789783059
  0.67812657781616037  0.68193666091591709  0.68587402910728790  0.68999773794743047
  0.69425457877567487  0.69838694948081648  0.70248742831505273  0.70631503700268816
  0.71063395724225498  0.71579770010239030  0.72060589797357866  0.72574321810782227
  0.73120813174245192  0.73757424020622164  0.74479994905045366  0.75191787157554657
  0.75894981867570643  0.76677782152025531  0.77636918740740635  0.78680258641514755
  0.79788084315872498  0.81050242161685138  0.82289394878823274  0.83699440333218966
  0.85189582287884635  0.86708431620548809  0.88223828586335207  0.89807947427615642
  0.91489130247318973  0.93297893327699888  0.95705390313469163  1.00000000000000000
 -0.00330889627760746  0.01134155470208131  0.02425331442625529  0.03852043147961270
  0.04975346104215236  0.06010346985014618  0.07066403867861444  0.08320932689658729
  0.09392789704488673  0.10383272343816252  0.11428366380790007  0.12649576640659616
  0.14038030353455314  0.15621940781475810  0.17022505315250991  0.18305440946368440
  0.19286249793791474  0.20178198874067532  0.21127949103040128  0.22093620228145266
  0.23062139809525836  0.23935520712310998  0.24771542510791028  0.25813903105857888
  0.27004318396313132  0.28338847092138281  0.29736900062965888  0.31116731482007759
  0.32424161140619229  0.33617650498304857  0.34589097155368537  0.35567081389368449
  0.36553553302235831  0.37502334410399241  0.38440702202392091  0.39359279394407637
  0.40215048987089796  0.41178333627227987  0.42211902674510476  0.43203166138491150
  0.44163554918654679  0.44953828196714540  0.45724046296807563  0.46580014627658012
  0.47461893990821535  0.48348246861597993  0.49268502466454539  0.50335605106433545
  0.51527861064438241  0.52752395723848888  0.53955945206337652  0.55097291362148504
  0.56122239737456525  0.56981238715216920  0.57836977635855391  0.58757781068578718
  0.59673568460725468  0.60531656829940150  0.61346401994013955  0.62072485756438911
  0.63055885583838833  0.64190164032801167  0.65290666732140545  0.66437123674551835
  0.67551535744501423  0.68753565693905960  0.69914216185692746  0.71081131483757143
  0.72276764333050136  0.73648792456397538  0.74800017930667184  0.75803471478086815
  0.76773829568731267  0.77614132906195921  0.78300810311359625  0.79382209008899751
  0.80382407399491718  0.81237413888294940  0.82107161145459961  0.83007623773617978
  0.84148577296156302  0.85315395722742859  0.86394276228849154  0.87271848064377011
  0.88158353113050902  0.89008693186697030  0.89856823151980469  0.90747569891404545
  0.91727300463829775  0.92804628961089952  0.93887770539302629  0.94887590163696056
  0.95903921398397807  0.97056345488371698  0.98388677244175027  1.00000000000000000
 -0.00145785360365429  0.00692546861029673  0.01406427428698490  0.02197729702077384
  0.03078042600199837  0.03944512411613504  0.04777548424922248  0.05658276597395789
  0.06584474941406905  0.07669311855813496  0.08752432600262090  0.09868449474951951
  0.10943273666689587  0.11916976397436241  0.12668649811708235  0.13330048613172576
  0.14016621709375954  0.14775935176487631  0.15642883915046824  0.16534472390045521
  0.17451280292014543  0.18370552384634764  0.19321358258110682  0.20373663248257956
  0.21556364101361786  0.22785625071315013  0.24005826319619000  0.25186190282906296
  0.26287968063211903  0.27404726236593241  0.28484428052284816  0.29599372469649932
  0.30694178514281856  0.31716595320309982  0.32717689965984320  0.33617952928229927
  0.34525867873955307  0.35606938922074316  0.36807043597300826  0.37948988956242558
  0.38923353623780438  0.39838474245417244  0.40790293299234609  0.41710972248095618
  0.42664666971564696  0.43761111078121939  0.44979733624240437  0.46304716237705423
  0.47577721709101845  0.48937009236504342  0.50268701449699371  0.51513238135512773
  0.52750839014928641  0.54004750400754276  0.55187971052239326  0.56258530880977531
  0.57325832397835330  0.58301203201648444  0.59338873941622183  0.60568557695342540
  0.61913800856878054  0.63235763445369353  0.64533501183023467  0.65862557802402588
  0.67150331925466644  0.68359551381683048  0.69527382949066507  0.70682711060154069
  0.71757732524176221  0.72709782044646210  0.73672622168356761  0.74702231969794675
  0.75757110838936070  0.76952062616354644  0.78114653472832019  0.79382098501984644
  0.80618412428747777  0.81883328236480302  0.82985244708385297  0.84159307270559447
  0.85231896161108933  0.86240217739597325  0.87199352191851776  0.87956386729134328
  0.88691755844046560  0.89537330868924947  0.90415090732336578  0.91240836632371580
  0.92134630793259065  0.93057304237302418  0.94115871473913326  0.95343117163284063
  0.96612521591105127  0.97798333231317969  0.98905087160595939  1.00000000000000000
 -0.00307961931720268  0.00825523266514742  0.01879988683006360  0.02956717594852574
  0.04185570592991383  0.05555584469652059  0.06788909188137109  0.08000147535378080
  0.09255512115178842  0.10534862689333165  0.11650438513009245  0.12735128946937505
  0.13880306620923694  0.15096771408378701  0.16267930409669348  0.17343388827859493
  0.18276507265069705  0.19182625248863058  0.20032441299346657  0.21089813645787722
  0.22308617838310760  0.23607622300915537  0.24836992012363834  0.26031719530341069
  0.27357836631917348  0.28671401996146784  0.29788520071024344  0.30706831109142413
  0.31619900297271358  0.32627259318888591  0.33632436865721210  0.34623860571992687
  0.35613051342736618  0.36681240335508453  0.37866037489392645  0.39057081272739086
  0.40315735036624289  0.41537994583330856  0.42532231016032351  0.43408149745534930
  0.44266157270750767  0.45153286690262101  0.46049382154250385  0.46873214432478194
  0.47646261460408385  0.48619296296106901  0.49776730684730880  0.51016456299564816
  0.52252073842751690  0.53475757891164610  0.54573675645372322  0.55581954657672195
  0.56584733596917203  0.57627968535812357  0.58767515418812810  0.59810777907273938
  0.60836821630454030  0.61820775539045580  0.62778476908241809  0.63774895868476866
  0.64987113377714201  0.66547496820257790  0.68019300635968161  0.69403004106766697
  0.70679297365757698  0.71790324647215464  0.72844253270720050  0.73992660988557657
  0.75134729285207813  0.76091465757827270  0.76984777536678484  0.77876617106091062
  0.78832178585228529  0.79692121838895014  0.80479189326555090  0.81260679787462475
  0.82028478875114585  0.82834259114868714  0.83562167019630484  0.84281105442041493
  0.85016258223915930  0.85980999718675288  0.87144042672901145  0.88173911425982032
  0.89102409356344869  0.89969958787934867  0.90857672523075717  0.91888430540666555
  0.93018281741044362  0.94273915433789413  0.95360657669145843  0.96354921832072571
  0.97286910602316845  0.98190970500668795  0.99122488925857488  1.00000000000000000
 -0.00358217537503262  0.01081845044733634  0.02142512412940496  0.03118450657920570
  0.04141704663967366  0.05014001316128001  0.06120750731401219  0.07298949198405748
  0.08496537293414834  0.09614301384527948  0.10575867752173929  0.11357567778421923
  0.12173671796388516  0.12979713265527454  0.13727315210637642  0.14442226294454427
  0.15295382262890023  0.16189020027559947  0.17236431268739702  0.18309297488831097
  0.19333774223378289  0.20308375697998099  0.21247124997038616  0.22165120356060636
  0.23079208132542878  0.23986951762254360  0.25003497057494245  0.26185310717489185
  0.27442556904336929  0.28738327235623840  0.30072406789851702  0.31366564757076743
  0.32572325443470823  0.33748898861918403  0.34870566038616280  0.36019214123376148
  0.37019001560802528  0.37944660040439104  0.38745889943207668  0.39541198558095147
  0.40334320852108940  0.41166410281714244  0.42033014749128889  0.43038394163738380
  0.44095159699328251  0.45198772525823017  0.46300024851047739  0.47359619871301756
  0.48532548713446722  0.49659563108080129  0.50926057273705794  0.52222345158635985
  0.53573183843683136  0.54999218498544666  0.56363911800758559  0.57807975586789206
  0.59228815048016359  0.60598372505203613  0.61845064174792919  0.62934975203594046
  0.63949703748285702  0.65021230560066257  0.66157995102694367  0.67267828270898988
  0.68313731849755677  0.69394018716167249  0.70611443780506233  0.71889561425845627
  0.73182313590441728  0.74329974648396235  0.75541002989511319  0.76642840574378535
  0.77611387312793412  0.78409776919500784  0.79215463511440909  0.80055556447773102
  0.81079272647324896  0.82201706773277028  0.83247508026044659  0.84091849510154970
  0.84844309724035438  0.85715589769485356  0.86706884037308563  0.87654477328526137
  0.88513537446804591  0.89346557996242260  0.90259995541194160  0.91259515185981466
  0.92367130770955486  0.93560802727236825  0.94933780828167280  0.96206707411481873
  0.97288437742547096  0.98217815900295191  0.99126733593721150  1.00000000000000000
 -0.00369842248136377  0.01210460060083663  0.02478743854197365  0.03623916379827219
  0.04714516586521061  0.05787514696071933  0.06859666550926179  0.07887680380880339
  0.08900372354344983  0.09850721122720972  0.10722710748958358  0.11487478564850155
  0.12274869101431392  0.13120507288001979  0.14020273615305154  0.14975246560454231
  0.15958136740186754  0.17079553889621213  0.18390644799953731  0.19624088844957810
  0.20832725829098453  0.21958332987135432  0.23064260922909430  0.24186532536715377
  0.25469839214941342  0.26742991354447504  0.27718103054635757  0.28439885446400975
  0.29152814803863786  0.30000274181733039  0.30857202488852309  0.31759915775125408
  0.32667826692632695  0.33767424303364529  0.35235746588904371  0.36526549425531663
  0.37618990113371986  0.38643114634295883  0.39618960288366339  0.40614330411438510
  0.41519835346167011  0.42322945320709771  0.43156596109737688  0.44096104122727586
  0.45146776332856636  0.46115200376728038  0.47377748869318043  0.48626714588246350
  0.50080331754431429  0.51416562804115840  0.52731927832338144  0.54013621755574248
  0.55220911126738248  0.56416686611957778  0.57609394041449991  0.58706245595223239
  0.59703712998149228  0.60645419423271973  0.61543746050484638  0.62453441196416792
  0.63454939218741724  0.64495294366139999  0.65619605247960577  0.66551820029927600
  0.67496222107910564  0.68419120206071049  0.69489335210345371  0.70758985474710745
  0.71879896183797753  0.72911442173209351  0.73928707933956550  0.74945435013575123
  0.75789198609310848  0.76578888884698726  0.77420813378597131  0.78414449623734583
  0.79297618146363125  0.80159969177397172  0.81020146556850725  0.82289282895211813
  0.83712087118937462  0.85070938953890640  0.86363802778948062  0.87627368520517590
  0.88875176770982034  0.90091799404592521  0.91227026610619188  0.92071654903827949
  0.92883038251999639  0.93731066499390692  0.94579298138989631  0.95568512737515199
  0.96606904618614442  0.97731672294717564  0.98874475057861722  1.00000000000000000
 -0.00377340868306632  0.01188630120588625  0.02539640539074775  0.03738490071598819
  0.04813889878631548  0.05832832975987171  0.06854922531763555  0.07810712741629428
  0.08641666205913982  0.09495705435997023  0.10408869007022364  0.11329260477047606
  0.12183599290159586  0.13015418581167001  0.13803267497133159  0.14553277867302628
  0.15237809170932626  0.15925510641531418  0.16669580768184994  0.17657105698799846
  0.18701908689975794  0.19702639479739573  0.20739651577377979  0.21854792689537239
  0.22951322240947458  0.24043364527704439  0.25162562289740598  0.26399087119724113
  0.27646542874523428  0.28852119112759522  0.29949067756259390  0.31012712528378511
  0.32088511534829611  0.33127608520367097  0.34376415165598440  0.35540832771894565
  0.36724103358814725  0.37923471958189769  0.39131579463095933  0.40349798970510714
  0.41578037578634353  0.42841585340842214  0.44048397508608972  0.45056324953342602
  0.45935494785621284  0.46840557746370121  0.47701279152357534  0.48658514748587045
  0.49720692802104643  0.50990718197218965  0.52468943610587060  0.53885113685503716
  0.55276081159327140  0.56522600500021913  0.57657838591154376  0.58746986608315266
  0.59865185582859193  0.60942411298551313  0.62228576954576575  0.63519247694273862
  0.64685430103826624  0.65781322437052103  0.66790634529288295  0.67788394215253434
  0.68815651357610763  0.69878296769515502  0.70946537617084693  0.71760628862702491
  0.72606419487767859  0.73521171855994638  0.74434649029944200  0.75272086502676516
  0.76034052445698463  0.76581378118134968  0.77179224040944461  0.77933396350815731
  0.78901334432435100  0.79947069555233752  0.80877100676584746  0.81876367725118693
  0.83007033485864157  0.84070072322726397  0.85111493095349822  0.86199518764438088
  0.87407493393823099  0.88717356983163564  0.89955545054560948  0.91316133857355719
  0.92617829693610154  0.93975529164073068  0.95213245414436454  0.96362379988040947
  0.97355082832442252  0.98252561081302603  0.99156033244711628  1.00000000000000000
   4.3524378226229638E-037  -1.0000000000000000     
  <DiscreteSampler_grid>
  Helicity
  1 # 1 for a reference and 2 for a running grid.
  20 # Attribute 'min_bin_probing_points' of the grid.
  1 # Attribute 'grid_mode' of the grid. 1=='default',2=='initialization'
  0.0000000000000000 # Attribute 'small_contrib_threshold' of the grid.
  0.5000000000000000 # Attribute 'damping_power' of the grid.
 # binID   n_entries weight   weight_sqr   abs_weight
    1   4313   5.668068333993821E-037   1.482108977126839E-071   5.668068333993821E-037
    2   36   1.798838041718555E-039   8.050938144181695E-076   1.798838041718555E-039
    9   20   8.437392059662319E-049   6.307344090488489E-095   8.437392059662319E-049
    10   20   1.219435072967044E-051   1.287826804206891E-100   1.219435072967044E-051
    17   4351   5.813012921552467E-037   3.310601645435424E-071   5.813012921552467E-037
    18   28   2.089468805683165E-039   4.756289975429375E-076   2.089468805683165E-039
    25   20   8.025710081687149E-049   4.663348371016894E-095   8.025710081687149E-049
    26   20   9.630597244846261E-052   1.269333846744692E-100   9.630597244846261E-052
    33   5316   6.394485001363517E-037   6.186949433900697E-071   6.394485001363517E-037
    34   29   1.973577048229147E-039   6.505932777261579E-076   1.973577048229147E-039
    41   20   6.701730298553720E-049   2.760856968832916E-095   6.701730298553720E-049
    42   20   9.596455188261865E-052   5.466907288023479E-101   9.596455188261865E-052
  </DiscreteSampler_grid>
