  0.00006257552098526  0.00018667365571028  0.00025780474251934  0.00033307343788942
  0.00039406074551404  0.00044021837616764  0.00049115790557631  0.00054495291204987
  0.00061041861295215  0.00068519305185082  0.00075997722167762  0.00083497803910014
  0.00091312417125344  0.00099440460130395  0.00107465246477727  0.00114770782628335
  0.00121935093033298  0.00128453891359039  0.00134929429760715  0.00142339187735406
  0.00149340451605044  0.00153706964712605  0.00157324396416977  0.00161495970097165
  0.00165992620990638  0.00170749326058095  0.00175298945159944  0.00182553951192403
  0.00194358876447099  0.00207381010750476  0.00217611234034241  0.00227600199096586
  0.00236758545125755  0.00246802246979058  0.00257312157917492  0.00268358186030768
  0.00279213660397585  0.00289532087830377  0.00300964023594082  0.00313780881362182
  0.00329834528440146  0.00345344600448808  0.00359568922875620  0.00375469207915693
  0.00391920244485111  0.00408774289144981  0.00426593315775127  0.00443492325262557
  0.00459076208935730  0.00474716867694802  0.00491145597493087  0.00510281421346618
  0.00532663832580967  0.00558366012360282  0.00586008783639985  0.00615493297559111
  0.00644091869260418  0.00669231296408268  0.00695090891890175  0.00721004121254206
  0.00741830825959707  0.00761515695566209  0.00783328781224809  0.00810958447773642
  0.00841175133597674  0.00872454436679905  0.00916662684465518  0.00975127827364817
  0.01036299765354471  0.01104196538199158  0.01176731341747132  0.01259779123133002
  0.01354179691912000  0.01465669957837081  0.01580424312715822  0.01668081422254988
  0.01735351417383695  0.01810875340059907  0.01902909310452049  0.02010056363242979
  0.02143051434629595  0.02296984891688163  0.02550781810593909  0.02798593016094365
  0.03124446823944048  0.03482746889877228  0.03849922035411612  0.04245154449463936
  0.04887678612119743  0.05756463920141609  0.06784071141186621  0.08016492958483226
  0.09547743794412548  0.11923645846749158  0.28408472385251482  1.00000000000000000
  0.00024466818333136  0.00091538733791178  0.00118044707789608  0.00142595245010446
  0.00165290545275061  0.00185223088188540  0.00203611553323452  0.00224997476376032
  0.00250385049825725  0.00279156993640215  0.00308235312781565  0.00330867842266333
  0.00351671444286250  0.00374524662457289  0.00398540531690427  0.00426878190565780
  0.00462871052660871  0.00502226155562640  0.00540397072090360  0.00579606606274811
  0.00627989552274522  0.00684384902911120  0.00737697395405250  0.00784101318225279
  0.00827638733984185  0.00873699481760040  0.00912266692574660  0.00936775099129976
  0.00963438822998155  0.00995915865347654  0.01029594703761531  0.01063204220607401
  0.01095067748257128  0.01135906401901861  0.01194479037132573  0.01250574505162300
  0.01305972785356313  0.01364309517900357  0.01432985622470442  0.01517364381865855
  0.01619841511398664  0.01719424365985091  0.01818583443281823  0.01912079605499977
  0.02010606171574571  0.02118646589158743  0.02245431265684382  0.02380046290687223
  0.02539300046525801  0.02703297229078298  0.02840764817916832  0.02953316548236739
  0.03070417705548452  0.03187003109131427  0.03326900407873176  0.03482501226867319
  0.03661392253368961  0.03890066402288472  0.04134216612757308  0.04351686911562540
  0.04579395981914922  0.04836546224122384  0.05136251499218190  0.05496775582171816
  0.05890114615469551  0.06336868970852728  0.06736304322806255  0.07081110256309248
  0.07420333083190835  0.07731426095820820  0.08096319697493164  0.08524280338414196
  0.09021713130290251  0.09645267548953892  0.10380725160092349  0.11044140540341525
  0.11539496681315162  0.12027968970142081  0.12634419330666874  0.13292844433598533
  0.14013004040917357  0.14771526506091812  0.15799424678797944  0.17159569811387865
  0.18842955965100178  0.20612805843600657  0.22437529039331852  0.24233586801672083
  0.26501025996794630  0.30090371289495343  0.35255996109794424  0.40069242078505451
  0.45785514415484829  0.53931781452701799  0.68882097659200625  1.00000000000000000
 -0.01674497602236144  0.11000318864573809  0.18282780376676469  0.22065015444708155
  0.25610382345902227  0.28697916441648980  0.31425936834370594  0.37344369343142597
  0.43323807027743361  0.47985148440191783  0.52420976491420213  0.56224894393213387
  0.59166356272883702  0.61862165405116765  0.64534655108456551  0.67204673508396140
  0.69506736664242619  0.71436060631699205  0.73240529907118412  0.75151691370413254
  0.76780357585354564  0.77998740560972324  0.79177956523446813  0.80227386330906603
  0.81012931731062254  0.81761631037425864  0.82594438692629257  0.83433549796572848
  0.84210139173024445  0.85023294849662967  0.85843762326901862  0.86585377756105542
  0.87244412849051178  0.87873143725120539  0.88511569956769109  0.89089893305347834
  0.89672198191475272  0.90268588527746174  0.90819099607587528  0.91243608705629753
  0.91607246696830447  0.91989173786551615  0.92385624998637939  0.92757990449279248
  0.93078685401204253  0.93374177010639725  0.93675933114005228  0.93995896645246280
  0.94309237830997428  0.94593911806755537  0.94883156463050689  0.95157057338811157
  0.95399447123082437  0.95652788451796422  0.95921877797500210  0.96195117125433738
  0.96459886913398174  0.96708787426702481  0.96949731256547544  0.97172653886158922
  0.97379262583218129  0.97579954046925377  0.97776973627904329  0.97969521046277719
  0.98107744914720585  0.98238364107630038  0.98362505901756248  0.98476480937303190
  0.98580748103942828  0.98664974610005773  0.98722317182044472  0.98777388408568745
  0.98825260009009197  0.98874983584659681  0.98937476737936692  0.99004289447249039
  0.99067130643895762  0.99133620472722539  0.99196075381228943  0.99253920065882850
  0.99312807978834772  0.99370068293847491  0.99427187126038474  0.99482356635445812
  0.99536675324172474  0.99596273019428494  0.99649996174302524  0.99697646009169216
  0.99745793340133260  0.99790488429673241  0.99830301176648439  0.99866148570677549
  0.99899164157615750  0.99932037219454373  0.99965573935229757  1.00000000000000000
 -0.00257110029405308  0.01087892335075032  0.01957092464247754  0.03066531405464873
  0.04094129079646822  0.04955059568067682  0.05835143240589770  0.06695617779922117
  0.07703265105937775  0.08693425176569421  0.09717274685028393  0.10702036806172381
  0.11771794496919796  0.12829984301727990  0.13776716102537623  0.14749137881117044
  0.16142470234815756  0.17811237687384684  0.19639987963248917  0.21418379009761254
  0.22704422478854552  0.23632258406167087  0.24567676430539126  0.25484313024804950
  0.26408855028757888  0.27236329865215231  0.28009749850104099  0.28906723686515046
  0.30300402359962086  0.31444637792756547  0.32596927723979519  0.33673339855713197
  0.34699506288196352  0.35689631808466904  0.36531103913359131  0.37341153303214036
  0.37992993411278631  0.38697770992242136  0.39395608673310667  0.40089677512996569
  0.40760870628853307  0.41771077339679885  0.43198499463530632  0.44677911005257381
  0.46121920735875832  0.47526879876075168  0.48880170792110994  0.50200176044715961
  0.51400951776389348  0.52430373312984713  0.53468843521373544  0.54537622878413305
  0.55691540692531749  0.56862429884802645  0.57932625894148826  0.58917764675695106
  0.59872474583724700  0.60837707285452092  0.61845363452447244  0.62913647834834385
  0.63938621613075208  0.65140779328690046  0.66331772733350436  0.67396140253192516
  0.68412246656033471  0.69317501169768592  0.70175318748766358  0.71087836311665942
  0.72023808887513108  0.73015280067680699  0.74135009747141645  0.75310883862389100
  0.76373829800377668  0.77356141107202370  0.78270071411376230  0.79169421594343925
  0.80096351739028293  0.81117542642230533  0.82275457769892812  0.83750792256804996
  0.85085951189175568  0.86261583310654666  0.87218044609362422  0.87985397550801625
  0.88794574007537297  0.89645522824602775  0.90379717475560761  0.91101507666581272
  0.92074211356862401  0.92967425606976972  0.93716499989867075  0.94522150225501733
  0.95506072376123663  0.96793989170266059  0.98314257384854609  1.00000000000000000
 -0.00001763686731594  0.00007586106798741  0.00021435587673832  0.00037681354245297
  0.00054206964156301  0.00070072810640917  0.00086278905386907  0.00100875404679223
  0.00115511741412601  0.00130240428475795  0.00144975028512416  0.00160012068207713
  0.00174711880335953  0.00190119542524412  0.00206867471170193  0.00224542442023635
  0.00243201880457289  0.00262960684866157  0.00278902222371096  0.00295391644930034
  0.00310440823859129  0.00326086127899285  0.00341727470008391  0.00356977968215073
  0.00371948081791898  0.00386628243547956  0.00402126826444758  0.00420734513487367
  0.00441562348043226  0.00463100489675325  0.00486601845858533  0.00512552863625107
  0.00544462004372438  0.00580469424998774  0.00622438197865561  0.00666008889993557
  0.00707794691207258  0.00754639654993695  0.00807369580105275  0.00864175749012779
  0.00923400686260923  0.00980289945704574  0.01038234516155040  0.01099151563776989
  0.01159509309075380  0.01218090545393982  0.01282746423200766  0.01355646584107136
  0.01426623386047774  0.01498490144348145  0.01577465525203102  0.01659846503689608
  0.01743069461163928  0.01833266274760037  0.01933305335277746  0.02045132482214425
  0.02165438287202811  0.02288095353836427  0.02417722785208317  0.02562217243587704
  0.02726204965391173  0.02908053501421389  0.03093748817543898  0.03295156053135740
  0.03509818254957137  0.03734340875983634  0.03960172054004248  0.04211078510327883
  0.04513405683179264  0.04844026624961031  0.05217563989836629  0.05600806204571326
  0.06038513748485073  0.06566334186229056  0.07244923521764782  0.07921738472327335
  0.08601443909319434  0.09308199374809928  0.10139552076432488  0.11068879696184224
  0.11981569189239299  0.13019916990388131  0.14350396969069876  0.16079922060845617
  0.17919454985718616  0.20338088798509879  0.24203426007653564  0.29251001083123940
  0.36173732328232777  0.44512717518711442  0.59084222159885902  0.86173585286695298
  0.94356399866412466  0.97457672899653613  0.98913621464322865  1.00000000000000000
 -0.00274775822431141  0.01167473041481797  0.02229240209816005  0.03382294786324205
  0.04271898421138109  0.05065625988046980  0.05991513548023620  0.07184715660249737
  0.08339854706028782  0.09333395333621008  0.10458290791639939  0.11669279769434858
  0.12735826513812212  0.13675138418422100  0.14819981801858939  0.15996834381802694
  0.17101894604730469  0.18392674085661903  0.19462364922103884  0.20344208726649102
  0.21152604429956842  0.21884752494472190  0.22692049526086333  0.23603331073194184
  0.24575190950574943  0.25659941432884353  0.26888113475706815  0.28157998511199916
  0.29543258607676620  0.30892146014025751  0.32091465946697811  0.33105771360212188
  0.34010133984453772  0.35069200608191903  0.36051837047831581  0.37139009007398965
  0.38123675830156262  0.38852395295271630  0.39510329934286048  0.40252259057870937
  0.41170937479630093  0.42120121678733469  0.43459632006790527  0.44887211675864974
  0.46404087336662325  0.47818159743561334  0.48946585196189885  0.49956437423105449
  0.50976674292985125  0.52022272696751659  0.53183246561989983  0.54304581550522391
  0.55443697278734505  0.56491311040982473  0.57498874735904160  0.58549450441901374
  0.59599747301101802  0.60763096276529271  0.62215627389683703  0.63844536818716635
  0.65601077328112800  0.67390301915613060  0.68914340073199754  0.70085189701724049
  0.70866185460325970  0.71510113703899880  0.72158373799875275  0.72781542490281370
  0.73444677529937374  0.74240355712337691  0.74736910442616755  0.75275701185095889
  0.75843506101831981  0.76415738867675431  0.76965500596185765  0.77630276095984518
  0.78609916495458498  0.79777797288095731  0.81089669715422241  0.82534538261339541
  0.83833879844854942  0.84829619763691588  0.85669835388146864  0.86539508405900167
  0.87390924561514960  0.88348873668317762  0.89573962748772273  0.90841653739285777
  0.92325308376691750  0.93493304840826319  0.94373294879083824  0.95212992210152181
  0.96045834705703803  0.97073627159682752  0.98423015005268177  1.00000000000000000
 -0.00020076725367633  0.00197318486162348  0.00425361898250493  0.30142759965998323
  0.99327092916613424  0.99340661281427112  0.99350968511019400  0.99361922089841026
  0.99375176146038224  0.99389132280516601  0.99401619534556596  0.99412094127477812
  0.99419583168031456  0.99427128237336471  0.99434277960891271  0.99442779922593216
  0.99451099317110558  0.99459114500818790  0.99466494889549950  0.99474834382812627
  0.99483745259182887  0.99491809878354953  0.99499234754324684  0.99506719118718157
  0.99514452300306178  0.99522641345329432  0.99530242555838289  0.99536774599203059
  0.99542947590694375  0.99548659796298189  0.99554297744337217  0.99560110344422648
  0.99568032377584348  0.99576389514481434  0.99585359132454809  0.99594360068783949
  0.99603432316498586  0.99612032471687872  0.99619803708361798  0.99627788628756719
  0.99636231525020236  0.99644673451720223  0.99651845370897252  0.99656663546333002
  0.99661170094486284  0.99665746012985612  0.99670604844922195  0.99676020485170813
  0.99682103409474598  0.99689030975746351  0.99694920154883504  0.99699165450778271
  0.99702660494747841  0.99706387872994995  0.99710779253513249  0.99715377493604218
  0.99720492295043495  0.99725910247304983  0.99732421501052659  0.99739318247672770
  0.99746123810587328  0.99752657253565558  0.99758763856626409  0.99764275553118187
  0.99769302776026181  0.99774468231981472  0.99780105211782999  0.99785852317668511
  0.99792000184705865  0.99798647674037588  0.99805102831287962  0.99810690425770154
  0.99815498524161927  0.99820716193420467  0.99825734670744370  0.99830621852888457
  0.99835676500258297  0.99841575778640901  0.99848146446568420  0.99855177583314114
  0.99862440341176584  0.99869971938338131  0.99877542121964336  0.99885141270359301
  0.99892616829213421  0.99899748707109759  0.99906570981485476  0.99913590825358478
  0.99921099656452739  0.99929354168097706  0.99938433987595299  0.99948433533357606
  0.99959206277231760  0.99970801627216210  0.99983920100208423  1.00000000000000000
 -0.00426468385677418  0.01369645709082878  0.02916613907208455  0.04411294944019924
  0.06004310706292797  0.07660866647941023  0.09173121824065918  0.10500222875015192
  0.11625876908146703  0.12196782636001478  0.12734827443763472  0.13303518150762167
  0.13887358212022036  0.14442573684656917  0.14967326210555751  0.15727631307275014
  0.16769014181978670  0.17840166241790015  0.18869011271603894  0.20168952206604709
  0.21659280355372443  0.23061340059914834  0.24294610140982653  0.25496285662352974
  0.26794412656462069  0.27951460087296071  0.28902266618160144  0.30096399334948998
  0.31319139539246205  0.32599635243545494  0.33902096545432014  0.35077619083903383
  0.36218430145077718  0.37262020555996384  0.38153521142900260  0.39038447440617174
  0.39957519016339516  0.40836570929462379  0.41828735172189591  0.42850210920947324
  0.43757108218795948  0.44678643450126887  0.45630520589998369  0.46580351253289620
  0.47527849518866361  0.48566938801149506  0.49700552439603285  0.50795324452409885
  0.51882424563931817  0.52949146255325397  0.53959233670670148  0.55051613718580816
  0.56002124699748812  0.57075462841894997  0.58312895020773714  0.59670590315682515
  0.61026568989395058  0.62504446367751920  0.63992503835305359  0.65216446819438800
  0.66376936869416858  0.67508492642717410  0.68516802890524553  0.69434521896495383
  0.70379470214454387  0.71373856832804106  0.72453981469046758  0.73612748254181737
  0.74664493073340510  0.75582237131390562  0.76422140129793925  0.77670054517057519
  0.79047392065826305  0.80162800802352541  0.81188007899966852  0.82287736036809400
  0.83433655875110035  0.84140711369240673  0.84893222716610628  0.85614632578398320
  0.86201432031817460  0.86716434455856695  0.87140436421198764  0.87695413895178698
  0.88519765828836694  0.89605359870849843  0.90358852034087733  0.91194677259599732
  0.92109495675897313  0.93237810473061067  0.94490990175709244  0.95676987932107727
  0.96717299890416053  0.97844316746349547  0.98909747040576090  1.00000000000000000
   5.0818491377987171E-016  -1.0000000000000000     
 T T T F F F T T T F F F T T T F F F T T T F F F T T T F F F T T T F F F T T T F F F T T T F F F T T F F F F F F F F F F F T F F F F F F F F F F F T T F F F T T T F F F T T T F F F T T T F F F T T T F F F T T T F F F T T T F F F T T T F F F T T T F F F T T T F F F T T T F F F T T T F F F
