  0.00502848001830539  0.00510807043804679  0.00537308445505309  0.00570796073635791
  0.00607678729711366  0.00658581244475932  0.00706890131176164  0.00752734181768978
  0.00800029334940732  0.00847209047472359  0.00893303010986872  0.00949009106925516
  0.01009410215423871  0.01068777436557145  0.01128773578264051  0.01186530917655443
  0.01243261891557960  0.01307240345172581  0.01376583427496551  0.01450112431194092
  0.01526840562295815  0.01603440470609867  0.01691580965808628  0.01788072547810139
  0.01889598411331010  0.02002508455320536  0.02144532714890917  0.02307736240230981
  0.02476821830782379  0.02636499082767812  0.02801307966232083  0.02979867573504194
  0.03175026735764213  0.03384944263905458  0.03607721768424049  0.03828621444546727
  0.04062242680760017  0.04349667641241310  0.04697688796103717  0.05093955374123166
  0.05525046129126551  0.06015812685926343  0.06621178118301718  0.07304904090081177
  0.07979673050907869  0.08676147959443212  0.09435048495870313  0.10267229715200973
  0.11197167273540029  0.12207078376386069  0.13243932569389691  0.14263601449043870
  0.15212193910098451  0.16128347201039051  0.17049946097179253  0.18056156880965332
  0.19176967762700775  0.20502493187263224  0.21945158019710104  0.23363827006145324
  0.24790714944096720  0.26188518285417195  0.27593350791891696  0.29011148233331052
  0.30352530262022254  0.31595128629719627  0.32880799795953475  0.34207292924141003
  0.35735039452255540  0.37414281001973471  0.39056625398600486  0.40765581057302269
  0.42583050544050560  0.44381703720222032  0.46289599167307222  0.48294449252637695
  0.50346888449180427  0.52522895809812498  0.54548329051938793  0.56478389950649932
  0.58450522830618346  0.60578983194035563  0.62591502908091912  0.64410950942722967
  0.66319802835012487  0.68441618565098317  0.70707268192498496  0.72971987858112053
  0.75210723793671042  0.77685295308478231  0.80194577815991142  0.82694371044153214
  0.85555191551930643  0.88726101599386098  0.92607991796106315  1.00000000000000000
  0.37438534530660594  0.39549521126971432  0.41514621460216533  0.42931103438641416
  0.43639154537698999  0.43968564860330345  0.44315344103472015  0.44772672669637642
  0.46293883132503660  0.47995907547097921  0.49319743767612334  0.49875012231829391
  0.50242059884973489  0.50669788167849739  0.51096219745849580  0.51556422097257171
  0.52348131006094489  0.53041930954797623  0.53481227713908874  0.53764454198276435
  0.54015622670564545  0.54248721208832174  0.54487835774430637  0.54735977287717674
  0.54976795436635895  0.55236813560717213  0.55552031550583203  0.55909497431011812
  0.56154952542949066  0.56466745574311339  0.56782451722589300  0.57126263461352600
  0.57530548678639593  0.58045623077662012  0.58565843431684028  0.59127369150707276
  0.59661693745957511  0.60208314191857437  0.60722077042014289  0.61183128640477169
  0.61783768605410749  0.62388163077551040  0.62906063983757865  0.63354854314332010
  0.63784383079799400  0.64203861707286303  0.64683718423940073  0.64965981051024690
  0.65159025291026407  0.65347951898777512  0.65590979378735781  0.65802404785231416
  0.66015695031773913  0.66248479103319047  0.66477032002330938  0.66706287809661235
  0.66900351462720609  0.67085308362135199  0.67274928073722207  0.67474181951554268
  0.67654681261051131  0.67815838003487949  0.68147624032903475  0.68528507443958908
  0.68981958498148255  0.69423659767091750  0.69932653064670658  0.70471864009525909
  0.70986423562612055  0.71434876330997588  0.71839082063693460  0.72250099720142369
  0.72664584500624685  0.73069716437836041  0.73513790954389280  0.74011080305786592
  0.74564945572411778  0.75139305542076917  0.75790520571322528  0.76537830655347150
  0.77362895848393531  0.78510488891795926  0.79765979269005527  0.80950553978950013
  0.82033798114393741  0.83171384682678706  0.84330941539718651  0.85564638157044937
  0.86776262137027049  0.88002707868866858  0.89234182693120656  0.90498800288075332
  0.91910139706965011  0.93620664564363687  0.95921625003763678  1.00000000000000000
 -0.00313521033654003  0.01272672830521414  0.02441253323680729  0.03367889202555469
  0.04356874950700586  0.05305839977996648  0.06235210316489308  0.07141987484694805
  0.07996307510591073  0.09043009589466935  0.10263913853558637  0.11472454880834432
  0.12664233386235557  0.13723545405029508  0.14832855923194022  0.15876354513463775
  0.16955970772805523  0.17958140865837111  0.18934667581000514  0.19941293461228532
  0.20970824412911770  0.22060631016943100  0.23107933647686266  0.23819354013697239
  0.24552710458930427  0.25311064380225951  0.26170757881309414  0.27207169909607581
  0.28054785996908432  0.28780715620650738  0.29527179986476909  0.30406912102079853
  0.31570821236486812  0.32899632492403763  0.34178692515517373  0.35363514005447877
  0.36427931170417444  0.37461428844682654  0.38522294101331778  0.39580623460922915
  0.40635827175394301  0.41742188856771451  0.42855153443983235  0.44009211306642099
  0.45128849411772304  0.46229037278163421  0.47358936218961240  0.48503866224792025
  0.49749367109107634  0.51059249568609244  0.52218606349168306  0.53212513752907953
  0.54124011131668226  0.55113562663096793  0.56168945283822413  0.57316552257690090
  0.58571114387168699  0.59840428645109645  0.60957183799381753  0.61885219291360272
  0.62855484486103519  0.63838669199096398  0.64929051679029437  0.66122582659126550
  0.67342897339629704  0.68637401526016328  0.69871318330163890  0.71084028605917915
  0.72300988392831189  0.73359739162291870  0.74477673914570097  0.75543689092918898
  0.76664688947478099  0.77796972760833705  0.78897348300538206  0.79913798338145636
  0.80908078662213601  0.81910866831610807  0.83003972024076755  0.84205516848582818
  0.85297363453182762  0.86509479678120449  0.87698313898425184  0.88907352051188226
  0.90166940649698213  0.91424385638587113  0.92760777147960993  0.93993144455325395
  0.94936389506904506  0.95778910541115769  0.96529454550846905  0.97239493385458042
  0.97918490277760262  0.98595904241014476  0.99285499489709772  1.00000000000000000
 -0.00373094377011154  0.01185475243311087  0.02538893894519879  0.03797305857780309
  0.04914014537455634  0.05910802663990259  0.06879851069479177  0.07896663392946209
  0.08977418482521030  0.09954617972703927  0.11090729799765767  0.12470969289538525
  0.13401210038501962  0.14272149215488084  0.15108698162218892  0.15959789296605795
  0.16887991456911258  0.17833322359455855  0.18789283154904379  0.20024662636992302
  0.21251775117377864  0.22392290698217318  0.23487815997766487  0.24544765343799846
  0.25548422013617217  0.26529093145778515  0.27474894715018694  0.28523013977219314
  0.29581068517174125  0.30687085241371098  0.31781138451310753  0.32898449308931865
  0.34065979936471991  0.35233848934700368  0.36384850707556671  0.37574390080645698
  0.38704342595566554  0.39840723083972934  0.41007057040630185  0.42262582234623286
  0.43460156046864534  0.44547294651524078  0.45595689258987060  0.46652433248121256
  0.47723723918879790  0.48661756209753965  0.49531258499966135  0.50449223808617916
  0.51386559074843152  0.52223030148674432  0.53285818686564901  0.54330242244496352
  0.55605956703603920  0.56979184551640982  0.58316544827908612  0.59612157351646045
  0.60840505003250456  0.62019475182267014  0.63203110079876967  0.64427129906847003
  0.65545844102434814  0.66582766281986072  0.67369467487997581  0.68209051893811101
  0.69191505982747048  0.70178481734366682  0.71004777770265182  0.71761976362762225
  0.72483019581559294  0.73286828974878326  0.74197581778418187  0.75163782203620888
  0.76274105429499484  0.77414579016192697  0.78479988448247340  0.79520711345074380
  0.80629649999552488  0.81642954944357982  0.82642563428209892  0.83596675608381121
  0.84636326364329750  0.85484487688969957  0.86268160045641973  0.87006699004269816
  0.87753876801779607  0.88635485555484417  0.89601427703018188  0.90632509052499466
  0.91763305008548202  0.93002262042827721  0.94087235499894328  0.95196472057340564
  0.96325736259596717  0.97496228819198405  0.98756897438907854  1.00000000000000000
 -0.00251183769359021  0.00962621704157901  0.01960626741716994  0.03038630564495704
  0.04087467533972407  0.05340906633110429  0.06540157154850872  0.07663250487513444
  0.08837102746521779  0.10034782143231392  0.11137263639988544  0.12180026533117091
  0.13232023763681738  0.14289060390472036  0.15296066077561771  0.16327165378372321
  0.17125117658477362  0.17994021040772962  0.18957001398779386  0.19906349776357313
  0.20875885364103081  0.21830872689111658  0.22775183200738208  0.23795769324586524
  0.24865445053894888  0.25981617438184929  0.27061902541213229  0.28096386044026550
  0.29245164713933358  0.30507235614102585  0.31767335738357616  0.32982892411762738
  0.34197336588646793  0.35450505549855987  0.36518010101029563  0.37471678282291382
  0.38409604795206947  0.39402715155201534  0.40510653062567031  0.41627938977844003
  0.42716295113493363  0.43780938442239203  0.44791715576861996  0.45749706768540227
  0.46699338125335060  0.47658948980744192  0.48749649852161986  0.49980697451470163
  0.51297742329477036  0.52611842840101397  0.53935279199027397  0.55296105737542467
  0.56625967304363090  0.57684703014193917  0.58714009908073994  0.59800097753440917
  0.60857496790811194  0.61850367973821974  0.62832293618191992  0.63873056540059825
  0.65005824539540857  0.66188861418838085  0.67400029446449927  0.68478286366360530
  0.69583542316265778  0.70611287455607508  0.71691364904058985  0.72537757116915025
  0.73311072599728611  0.74006512113122291  0.74878682471350133  0.75726019864289118
  0.76601077063476142  0.77508946434800896  0.78353867961790857  0.79177458049740279
  0.80137235983563382  0.81120030796160292  0.82132852791322719  0.83113206776586745
  0.84030501911654509  0.84860808189797576  0.85683949891452571  0.86553140240631765
  0.87499178237836428  0.88443232975888531  0.89468365485167489  0.90567464688618926
  0.91672674848464120  0.92878814130418363  0.94140157548165848  0.95449646294921020
  0.96744942558416802  0.97951469831618121  0.99026838971046816  1.00000000000000000
 -0.00268410408724845  0.00941990876257690  0.02070367009813572  0.03176255969757705
  0.04302289534636958  0.05382744739439484  0.06474980678823009  0.07682419796488191
  0.08975584876397172  0.10173480860717729  0.11282567998086086  0.12335194934718752
  0.13470493782055079  0.14594976686156186  0.15681840438429046  0.16739934920377839
  0.17744544943073859  0.18787269618925409  0.19808227253296865  0.20862424757225606
  0.22063391978706126  0.23317452461967664  0.24603985113916088  0.25536107790826273
  0.26324985924889777  0.27117113757724309  0.27934986928175926  0.28753611498679427
  0.29551637796317420  0.30326864800211822  0.31110433875297533  0.32232382076236249
  0.33293117385406984  0.34399089157830409  0.35498943425984769  0.36611137887654860
  0.37768929939378193  0.38939475781560090  0.40020422857458032  0.41081324864296270
  0.42128224224414668  0.43187313704358887  0.44291256758124181  0.45296072412378613
  0.46299557334477315  0.47326626584474307  0.48483105501522361  0.49746305075770886
  0.51086158776036350  0.52398676224322727  0.53656751259505564  0.54771584980795385
  0.55811989429986297  0.56856430357217125  0.57975257230600796  0.59148362079794403
  0.60120292097617878  0.61021474699428047  0.61919308570704690  0.62875282916688735
  0.63888576474647807  0.64846985821215686  0.65689488534819651  0.66517148628082634
  0.67262911722896246  0.67939015165258154  0.68601417342734838  0.69420480210482072
  0.70292000649944808  0.71176007929273344  0.72143277286287133  0.73123848989182150
  0.74249255913409518  0.75461696176529580  0.76799581715843235  0.78007774371274552
  0.79049156830952594  0.80028647012674314  0.81054506651004277  0.82132989923811539
  0.83259212020174156  0.84418634617932931  0.85612758891774932  0.86894766527471501
  0.88111929307987291  0.89106205413688533  0.90052205356102089  0.91024700084964405
  0.91958422708585730  0.93013851503554412  0.94030040200220566  0.95279460683500605
  0.96530300720271234  0.97746691458476642  0.98925618740012100  1.00000000000000000
 -0.00284163558616020  0.01083532399102443  0.02268881056153307  0.03610532003823546
  0.04791213732479277  0.05950502272509516  0.07057265092810366  0.08174846346161559
  0.09234590373812952  0.10195739460624657  0.11168158748016963  0.12161457897571488
  0.13287102523074451  0.14423704234718882  0.15409101884025878  0.16344331449811350
  0.17378210273594322  0.18527179829665097  0.19650214716439929  0.20682810613973579
  0.21679519000112851  0.22715251417038967  0.23846485831651756  0.25034516572727222
  0.26263791100810074  0.27447850130829182  0.28635237267644620  0.29727678402159158
  0.30845969922360839  0.32053157784365333  0.33112702534372646  0.34028060186318543
  0.34917276557732846  0.35971388780268054  0.37210399743507350  0.38391143289811736
  0.39397558962622942  0.40153587559896031  0.40883110332225359  0.41692967403190573
  0.42574750641776299  0.43478973912937585  0.44298467027008032  0.45075440047342441
  0.45923042232386330  0.46994288712108356  0.47858771776543529  0.48679680183641372
  0.49495255178737252  0.50450958146099589  0.51418099654876037  0.52369161756055826
  0.53549346580112922  0.54634923454216533  0.55673980380726151  0.56672097630717688
  0.57587776316638495  0.58456853154981148  0.59278351716259603  0.60172351523489354
  0.61098632507294315  0.61985164663962944  0.62841834467868662  0.63801561545276386
  0.64772877467344914  0.65963364985261375  0.67121695913667778  0.68168206344810700
  0.69139738421956864  0.70174934654427057  0.71187556835638632  0.72272566219461110
  0.73395836662673553  0.74569410562215122  0.75785408607612048  0.76820269734748992
  0.77799905904532474  0.78779963311861423  0.79812380876645050  0.80872940020956696
  0.81849299511478901  0.82926607980137224  0.83974050937174549  0.85172981575608797
  0.86374087794119170  0.87573199636483967  0.88826086989123720  0.90143556595685514
  0.91490651374129106  0.92753079047557230  0.93872431077007068  0.95018351020370395
  0.96190687166453437  0.97409276532421329  0.98702453241696919  1.00000000000000000
 -0.00310409232764313  0.01196161386019309  0.02069799843063442  0.02838777004729143
  0.03627455100570340  0.04356514330109970  0.05384129586321326  0.06418052377926521
  0.07433288144130858  0.08478173513019605  0.09603753616902450  0.10699258869606192
  0.11774351268823680  0.12945467835614910  0.14291984499798638  0.15804360031963746
  0.17184616502644548  0.18330864248516007  0.19256612447642979  0.20107090344536740
  0.21001119936789939  0.21859869693755771  0.22707975412478104  0.23567983860379660
  0.24349442193855642  0.25167499988486242  0.26129504751465943  0.27197266304272905
  0.28294799328332609  0.29422277975574085  0.30661986329259111  0.31907312770535767
  0.33206405001512324  0.34483863316989216  0.35725033588285937  0.37054540388734519
  0.38390954200827987  0.39621725485722842  0.40740618832177589  0.41794797261791378
  0.42822592187121788  0.43826280829389219  0.44862015597528071  0.45902838357506043
  0.47049767655352337  0.48122766037443565  0.49204336767160600  0.50268274180126504
  0.51417181080200092  0.52512992854535057  0.53701482798731837  0.54844529139615905
  0.55963698202745971  0.57008945700852942  0.58082391218610885  0.59232192620407398
  0.60413844255821558  0.61540017847005701  0.62482769966870122  0.63326214963850858
  0.64188740050809634  0.65293363838831209  0.66687529377538601  0.67969040449125873
  0.69142407299501707  0.70256112796374681  0.71253630731344353  0.72162211352384664
  0.73083551716065587  0.74020695842481432  0.75022018695625903  0.76161720329427607
  0.77237192624179363  0.78315910643535380  0.79303051422380444  0.80263541481358658
  0.81285354462127746  0.82369915200963795  0.83499971079127833  0.84592197009510572
  0.85602941185668757  0.86528245886662158  0.87458238862233229  0.88382899716877950
  0.89289299707951442  0.90163761172992674  0.90886294426631076  0.91582560029573234
  0.92336336590026247  0.93191603184650085  0.94064358835878692  0.94960633200362465
  0.95984910190148975  0.97267478100612648  0.98661851859560357  1.00000000000000000
   7.5050589068059661E-041  -1.0000000000000000     
  <DiscreteSampler_grid>
  Helicity
  1 # 1 for a reference and 2 for a running grid.
  20 # Attribute 'min_bin_probing_points' of the grid.
  1 # Attribute 'grid_mode' of the grid. 1=='default',2=='initialization'
  0.0000000000000000 # Attribute 'small_contrib_threshold' of the grid.
  0.5000000000000000 # Attribute 'damping_power' of the grid.
 # binID   n_entries weight   weight_sqr   abs_weight
    1   3138   6.926349642070947E-041   1.156359531651184E-079   6.926349642070947E-041
    2   22   4.486037396965052E-044   2.940945928286976E-085   4.486037396965052E-044
    9   20   9.821460957562227E-053   9.586252428620918E-103   9.821460957562227E-053
    10   20   5.718564465833447E-056   3.092069529434449E-109   5.718564465833447E-056
    17   6678   1.073695823327811E-040   1.675379160698418E-078   1.073695823327811E-040
    18   22   1.123095610496134E-043   1.323262861532320E-084   1.123095610496134E-043
    25   20   5.603555980832630E-053   2.622792296409430E-103   5.603555980832630E-053
    26   20   9.368636497749769E-056   1.919901968495341E-108   9.368636497749769E-056
    33   4164   7.819236038425251E-041   1.826725626042600E-079   7.819236038425251E-041
    34   25   2.168707993724071E-043   7.903163060969878E-084   2.168707993724071E-043
    41   20   9.576570779402174E-053   8.678613175748052E-103   9.576570779402174E-053
    42   20   7.286026561605430E-056   7.704391339302627E-109   7.286026561605430E-056
  </DiscreteSampler_grid>
