  0.00472817106293595  0.00517059466634396  0.00620961955920134  0.00773233817643970
  0.00960661349904518  0.01183554766585724  0.01432057039725372  0.01690751025906862
  0.01941175276875693  0.02230877490894737  0.02523021993864586  0.02839978414156411
  0.03212396153861678  0.03632293953899175  0.04046606380885287  0.04461767074415872
  0.04888058669079234  0.05189731076753230  0.05554784334603492  0.05972731163266044
  0.06433772428381590  0.06971537372379839  0.07628603741888416  0.08502356115574908
  0.09601752509288741  0.10886612942356862  0.12065000844096778  0.12962573748838824
  0.13801052619015725  0.14644021684808403  0.15540575513778507  0.16517789540177605
  0.17467946072257015  0.18351565289014155  0.19325885217552216  0.20298833552355464
  0.21256791652111653  0.22256799472021319  0.23339378525817717  0.24578643186905144
  0.25982284973740877  0.27080896110870728  0.27751596533511369  0.28368326364085744
  0.29193173562166269  0.30273352517788976  0.31178873188380063  0.31991186792739379
  0.32773189013981430  0.33611917322848794  0.34683467698268261  0.35873353336325781
  0.37042459667323097  0.38332199919256837  0.39757698062696201  0.41083961678730530
  0.42389945431705833  0.43793187676737372  0.45229016351665846  0.46642988655196083
  0.47974478974293566  0.49167459869135482  0.50305327480825235  0.51453815630583721
  0.52469122948428326  0.53619224397922094  0.54917095392619353  0.56372708913097014
  0.57818639345971456  0.59159541316615327  0.60430128258876459  0.61491031650785088
  0.62594229918032551  0.63546242436433420  0.64395793109435484  0.65338413555106589
  0.66677569994678287  0.68511321550246063  0.70291300540126400  0.71874952227340760
  0.73468869365352074  0.75284924340346981  0.76539395193394133  0.77817464156090410
  0.79344219930171878  0.81004719677338666  0.82845736670573877  0.84583055973984778
  0.86014481125582287  0.87236511296578512  0.88476119846437307  0.89909137557320251
  0.91820912993528647  0.93806557916411804  0.95738928213447461  1.00000000000000000
  0.00001441663414823  0.00001989155448669  0.00002274295480564  0.00002387583170435
  0.00002492644122160  0.00002578960083311  0.00002640562018406  0.00002695623545636
  0.00002755253623421  0.00002824483478974  0.00002909188955580  0.00003003561871141
  0.00003078178753607  0.00003156207496384  0.00003237555232146  0.00003327547191580
  0.00003432951442150  0.00003553416619880  0.00003709520057073  0.00003902540202664
  0.00004113204488692  0.00004301916886815  0.00004473548503789  0.00004629992701694
  0.00004773542403562  0.00004921415123215  0.00005053769972437  0.00005178129584451
  0.00005257954469388  0.00005309092807537  0.00005354050732679  0.00005395081702993
  0.00005435673670952  0.00005474679054340  0.00005510977292470  0.00005545079505359
  0.00005576449162314  0.00005604756178011  0.00005632902930650  0.00005661459822683
  0.00005691306916830  0.00005731515629174  0.00005771402454488  0.00005811012484093
  0.00005856678833149  0.00005900434849466  0.00005937632182088  0.00005973303954941
  0.00006003125538453  0.00006030724342236  0.00006057076972485  0.00006082237960496
  0.00006107822620369  0.00006135342541449  0.00006182060399092  0.00006226973765790
  0.00006269629979331  0.00006315315044975  0.00006360076851567  0.00006400076144248
  0.00006440428534384  0.00006475781491180  0.00006510501230209  0.00006547002452731
  0.00006584800637128  0.00006620475075346  0.00006658631878532  0.00006698342444265
  0.00006735207265591  0.00006775554706448  0.00006820970554282  0.00006866781203648
  0.00006910738790667  0.00006953269269606  0.00006995545981163  0.00007037146104083
  0.00007074130273289  0.00007111248588507  0.00007142272569026  0.00007176865022836
  0.00007214267615073  0.00007277392330444  0.00007370892806476  0.00007448776666769
  0.00007497152744768  0.00007540798402781  0.00007576621380060  0.00007615947121065
  0.00007661863471499  0.00007741639886515  0.00007931424346622  0.00008065675415730
  0.00008184992845094  0.00008288990189448  0.00008309677144038  1.00000000000000000
 -0.00109133412105040  0.00354989112883119  0.00786221099205635  0.01278886413306230
  0.01876502921605146  0.02496633642322429  0.03081671186270475  0.03657690186405838
  0.04220919821077770  0.04984819112669118  0.05701439370101857  0.06379657273028523
  0.07143388397012995  0.07938122266936044  0.08829253235535939  0.09759075537374892
  0.10617354865699005  0.11446858560134408  0.12214733107324985  0.12866058053922313
  0.13512620820241933  0.14269926258891172  0.15090089215108299  0.15801216866488971
  0.16429592464489171  0.17038065251511408  0.17672689693108276  0.18289024712474092
  0.18837906274060967  0.19383418238510389  0.19944554436145107  0.20559711039665379
  0.21114425818341237  0.21697380866613922  0.22328225184668829  0.22975232704059112
  0.23601978389555991  0.24350574376708600  0.25133084036558767  0.25900530896494117
  0.26652809123697851  0.27508209157194347  0.28398019116438433  0.29322898059158070
  0.30212452837141079  0.31084316239799287  0.31993375812491515  0.32931819668716622
  0.34056053153450794  0.35344708841699157  0.36709517231511840  0.37949185987596634
  0.38976574444364148  0.39920904707565752  0.40889480896446345  0.42012613281001171
  0.43190083201345786  0.44241179079958798  0.45255196807313153  0.46261319845353455
  0.47308929268084887  0.48416017347152701  0.49507535021035393  0.50665321048852707
  0.51871693615044323  0.53256266561358856  0.54796272116643918  0.56151204570943336
  0.57257926009065518  0.58242594719222807  0.59507710666485669  0.60450832447631841
  0.61203985172770226  0.61865131929983896  0.62689659040371670  0.63530285816524668
  0.64364163259819074  0.65191501396922091  0.65957993290640937  0.66870480438895996
  0.68154036998889489  0.69654381623210415  0.71422750118512157  0.73191921441803742
  0.74698482820979339  0.75934527059731871  0.77205473663151469  0.78454715959544397
  0.80013595045822250  0.81960014016170901  0.84161590050370094  0.86427308158784999
  0.88749363871863185  0.91801916239751558  0.95693771218121082  1.00000000000000000
 -0.00207085902009499  0.00910194706075873  0.01778029811827288  0.02744650574404742
  0.03635503010143042  0.04484321976620231  0.05359285397139858  0.06272377517938570
  0.07342056529511598  0.08567602928142722  0.10046381579160481  0.11328326143306831
  0.12489646438783981  0.13610261485302580  0.14666180162115738  0.15839347780626148
  0.17228234698217099  0.18733005992999402  0.19986750157797140  0.20994213782426233
  0.21846621418573131  0.22653281528853600  0.23498384025715419  0.24285876519514543
  0.25026823089121669  0.25761651605235542  0.26466776623195676  0.27261005292241602
  0.28262797958509500  0.29208026598979436  0.30000154467061957  0.30850176873127261
  0.31762905949751130  0.32565431923148391  0.33253145821725499  0.33945708488067133
  0.34650435713038180  0.35537607082447076  0.36824793927810645  0.38044512067724362
  0.39147678480607062  0.40057706713734564  0.40965407645980623  0.41846745362446075
  0.42744314661546695  0.43670027029587766  0.44578749079372137  0.45627726954904674
  0.46702447757223492  0.47894127942484738  0.49131870423859142  0.50220001359382915
  0.51073408050998703  0.51741627301865101  0.52518963824853293  0.53333929611675712
  0.54372828108360804  0.55591343523973469  0.56686554703750636  0.57971050790508016
  0.59139021271191972  0.60358461838546029  0.61572943842142602  0.62942959661295950
  0.64491731380684469  0.66054745563573858  0.67438840353224838  0.68576226687687170
  0.69536180228251510  0.70395747593270630  0.71315413016307572  0.72219317386843285
  0.73191506590812183  0.74136088204226669  0.75009662950827982  0.75859117436482060
  0.76800335028761157  0.77800253233648065  0.78747568070082496  0.79827991143082611
  0.81095007645591233  0.82207524884643701  0.83322183362456781  0.84584184823342112
  0.85808925320145346  0.86899205606387497  0.88025741848963979  0.89216616452833053
  0.90361243336315356  0.91391239331731167  0.92476413340104902  0.93673924782363382
  0.95060993625554302  0.96657018083776647  0.98351634393010390  1.00000000000000000
 -0.00399435933907165  0.01843803879239202  0.03492736105653911  0.05040331531736780
  0.06670668410908619  0.08496900938055006  0.10260049095742388  0.12031043942887712
  0.13611091631332059  0.15082667311004316  0.16470063566923940  0.17760363782354491
  0.18994049035531066  0.20266605753379097  0.21693492132256409  0.23412172638879264
  0.25069693842434831  0.26771287311744280  0.28277004650518556  0.29890624827000783
  0.31412682754576177  0.32378398785872425  0.33313198807310063  0.34126497234958136
  0.34911385810155526  0.35698420348236315  0.36430163867808962  0.37213006561664386
  0.38113146300293760  0.39007786065578681  0.39889220264102548  0.40814039186804446
  0.41730339098583413  0.42530649254485836  0.43192263447479923  0.43849494007130335
  0.44694181793629328  0.45822603655559774  0.47193989230339090  0.48224578769809512
  0.48957825302628982  0.49673640570219307  0.50399834371107344  0.51130683147696243
  0.51878082219188704  0.52697996237860167  0.53479682102263160  0.54253688464018646
  0.55258461465848863  0.56368671423533023  0.57461018531972474  0.58547718354634271
  0.59609351070598393  0.60607727596697270  0.61646207601832470  0.62734777132113484
  0.63881057876176139  0.65108768179624898  0.66362415355440219  0.67577779822851003
  0.68839553289314082  0.70190402348819925  0.71491220350220797  0.72698341197149796
  0.73735323836934241  0.74625247042027665  0.75500446985888980  0.76372893780043283
  0.77467048032920205  0.78636049379727568  0.79687778357518368  0.80633542679527581
  0.81571424741405418  0.82653775839238786  0.83486125911903664  0.84356564477987628
  0.85164131509807195  0.85933420912874581  0.86706622820008716  0.87533080703110067
  0.88488554281522158  0.89569406409907071  0.90618223899450479  0.91553292862622448
  0.92323209108570969  0.93118422017328628  0.93840514221044680  0.94490843598533536
  0.95095774342545925  0.95749345422473564  0.96417699450120398  0.97124383622326715
  0.97778924926866539  0.98516448855605132  0.99228423845699265  1.00000000000000000
 -0.00198484600609463  0.00662139962071413  0.01634250501421608  0.02645792384380398
  0.03674008731387937  0.04813418519683704  0.06146057339377564  0.07486030292820751
  0.08539618924174876  0.09475945782410013  0.10329077248647625  0.11200153507982824
  0.12124894041733252  0.13037933161242315  0.13998401517166639  0.15191178327143878
  0.16209639828786229  0.17277700518890918  0.18334866596187213  0.19486921117603534
  0.20704940986851550  0.22070614016906437  0.23635267211962654  0.25388223289871104
  0.26890092780320435  0.27803775513978446  0.28653797465119729  0.29625996419432932
  0.30527352933893498  0.31334901783700764  0.32230415748266172  0.33058103842270653
  0.34306731021666470  0.35515810232415207  0.36689506478331879  0.37733049283299719
  0.38539721280497996  0.39419207258450800  0.40309584891849648  0.41404228586837905
  0.42745451597374612  0.44124808964575274  0.45735510314667088  0.46939089774533899
  0.48168612421784923  0.49250833846047753  0.50414793320023610  0.51474931779518329
  0.52313755583495403  0.52984693413020811  0.53741953406083154  0.54619403701222680
  0.55604110225548931  0.56576119481580078  0.57389854894617887  0.58201947450642733
  0.59101617832085274  0.59956914177788478  0.60839662782486736  0.61674575167961909
  0.62696952419656982  0.63791700718220401  0.64834727865789032  0.65829217767734294
  0.66868133102235583  0.67945755128300156  0.69047357223058214  0.70157748173372225
  0.71264351661845338  0.72357516648071696  0.73467154821845559  0.74605218120812600
  0.75811735851188644  0.77069417356099790  0.78271314034785777  0.79585528838806252
  0.80942709253259382  0.82296841399349119  0.83531438609689390  0.84596393100394329
  0.85514219422585980  0.86366119646756789  0.87262446589248022  0.88097076084593462
  0.88845605077878986  0.89629134532987753  0.90424225593708407  0.91320271948752407
  0.92246208684844766  0.93209052224696465  0.94241764277443130  0.95123730078834101
  0.95965335347695679  0.97032938897837784  0.98457703537032148  1.00000000000000000
 -0.00763396561130805  0.04596520648937778  0.08011612373473892  0.10561685429611280
  0.12811114138820218  0.14827298198696917  0.16884947949648357  0.18946364425127776
  0.20799337378337782  0.22588900794691349  0.24412370167095945  0.26250815617021722
  0.27916570632387616  0.29325101270781445  0.30768442726300571  0.32354573703527734
  0.33889210171764311  0.35289320556679038  0.36481338166763133  0.37639672847308586
  0.38775768865001620  0.40000581886285624  0.41234255207720988  0.42487809141482058
  0.43812257559939488  0.45056097940171125  0.46252404141210868  0.47448149923593813
  0.48666160598463998  0.49999999928377703  0.51017091586188557  0.51794716265919127
  0.52545848350341273  0.53321606364931751  0.54272698473577397  0.55185936145048242
  0.56094958991732791  0.57023219175010154  0.58028373005222000  0.59067701101522552
  0.59970146099854849  0.60747831204286640  0.61505186302880421  0.62342744202908207
  0.63334304654661322  0.64224030853928515  0.64944060067595222  0.65591664355131230
  0.66249864993944374  0.66927704691051426  0.67733742562003751  0.68584421208697965
  0.69476525199278849  0.70313572760931509  0.71190520163326232  0.72114838642612100
  0.73024962847918162  0.73922331568258393  0.74741461997999881  0.75599671684079983
  0.76506799133891412  0.77358367279947493  0.78077972058359335  0.78837921713935999
  0.79592453862303525  0.80273850866596663  0.80849043732866832  0.81348011051496638
  0.81883202581347103  0.82386502092268865  0.82983301955970779  0.83728147643366779
  0.84721870351836548  0.85871461833509144  0.87016663399704974  0.88090578964751831
  0.89090711522104860  0.89891077907635053  0.90480413460648113  0.91061251382988473
  0.91647480673499582  0.92152483483254821  0.92617407323218937  0.93083082742670076
  0.93596426779666830  0.94243291768414361  0.94930347251539959  0.95480236346277192
  0.95936095178165470  0.96383673767771361  0.96823745624131752  0.97257602271639931
  0.97700296972113954  0.98240929136913258  0.98977588789918203  1.00000000000000000
 -0.00301695841911385  0.01191702283306451  0.02027639751293636  0.02915595006205198
  0.03828719429831145  0.04854237999836986  0.06190533387141053  0.07670690480231364
  0.09115933639873393  0.10481145958075938  0.11724863505591414  0.12867691025436903
  0.13950284081767095  0.15236771099114901  0.16553285180653299  0.17535636828632947
  0.18215748021992959  0.18849260140816435  0.19459903922406110  0.20204219062991433
  0.21057526540788479  0.21901927283074710  0.22939692887455299  0.24289698489755251
  0.25756730389510785  0.27210606588369168  0.28545476127234576  0.29657674013847724
  0.30511483295209296  0.31341839176057346  0.32214856234845024  0.33044210387239098
  0.34065003831349705  0.35300681813816659  0.36637387099763097  0.37891489708579529
  0.39049148358508950  0.40170306559322400  0.41208989009952185  0.42275342294669516
  0.43503002270551033  0.44612775849716324  0.46138478953029144  0.47378603051409418
  0.48402490233450624  0.49393170196259784  0.50554830593506150  0.51804763570102785
  0.53063720687433602  0.54277879351930802  0.55505864766430624  0.56763402298499799
  0.57978612665079698  0.59217617157006308  0.60529172938005371  0.61693462731732085
  0.62652037547171036  0.63457131628015950  0.64219816947583219  0.64820822690763569
  0.65375731823664041  0.66025725918772260  0.66743449046327752  0.67334664208186013
  0.67891894630086780  0.68519476493542419  0.69666970795318972  0.71058744606489876
  0.72398452426229454  0.73570168481361253  0.74696513814333010  0.75902992694603599
  0.77239623873068031  0.78608051962460757  0.79847670914284952  0.80887864363167428
  0.81946866603422497  0.83060341447003461  0.84101408079958628  0.85001036335485747
  0.85774924692816268  0.86451865686322982  0.87169130312351872  0.87972818430747401
  0.88795208723811991  0.89633442341398539  0.90500946615215627  0.91371192336862939
  0.92474233965764219  0.93798971410419640  0.94979263642156742  0.96042872614511421
  0.97152838654300744  0.98174855364294511  0.99132468597189094  1.00000000000000000
 -0.00451268821392889  0.06868921521227042  0.10451302199120556  0.13207213403255308
  0.15591870962023530  0.17740646854549497  0.19562119794121718  0.21756484430364628
  0.24224472366096755  0.27071094658051265  0.29368726045708893  0.31429738847606958
  0.33803386015362652  0.36073383728024422  0.37825314652321440  0.39216267616177447
  0.40559279025392475  0.42357883995030993  0.44042854559253397  0.45598079910667211
  0.47139836828498577  0.48923011113151726  0.50812203752089757  0.52653253591821347
  0.54593722720577298  0.56448569214923183  0.58088891989772096  0.59700775735765998
  0.61098875410158771  0.62632720192962521  0.64207792687045551  0.65385951922808017
  0.66489739596060005  0.67725161090487440  0.69050387026165716  0.70465036974198203
  0.71900064407128783  0.73437936060007025  0.74842860127958721  0.76201998664512038
  0.77358016002003072  0.78541942773309348  0.79742371950593527  0.80968663460614054
  0.82234429980554447  0.83566903689470362  0.84944977328547955  0.86198956774806190
  0.87361102906562627  0.88555034817463329  0.89627821248426121  0.90486130916269736
  0.91231387138195374  0.91925429913527723  0.92606713018967668  0.93268199730628509
  0.93839112283904946  0.94284321591422648  0.94663979932933418  0.95037199808624750
  0.95437546212883217  0.95831911779820012  0.96143468368617813  0.96395994696416332
  0.96619541140515375  0.96831660875995773  0.97029994456206969  0.97214664428901754
  0.97384833951489091  0.97525279784969932  0.97653200749794888  0.97754347203208236
  0.97856934288216701  0.97955662572906077  0.98049246559002756  0.98138406004660383
  0.98217020949845524  0.98292740485039776  0.98366487688037429  0.98438434969739808
  0.98508364826717876  0.98574541669490945  0.98637373661947669  0.98695580408873740
  0.98747085283384584  0.98793008049449638  0.98837024765532433  0.98878929637181590
  0.98920652201680714  0.98960332876521862  0.98999986614067059  0.99039203030400969
  0.99077251015229351  0.99103480884142814  0.99128218386921541  1.00000000000000000
 -0.01984868804047516  0.12719960439206482  0.15814736314443437  0.17580344029156456
  0.18949716095345279  0.20072784265705237  0.20997434596390410  0.21853840999768429
  0.22795836911669501  0.23923226435836886  0.25001884517794937  0.25829173832437630
  0.26638788347189191  0.27487287427240037  0.28295255942599906  0.29078582516665613
  0.29889339341285909  0.30597048519293346  0.31333237500136724  0.32058930977543565
  0.32766627306408347  0.33571450577351547  0.34454368901118826  0.35344309445655908
  0.36202623323550059  0.36971495847066854  0.37660767453572930  0.38281800033917757
  0.38872659061458298  0.39654258975276507  0.40265416867137344  0.40919765210330261
  0.41553062507166100  0.42092205070139826  0.42577890423855458  0.42998506336127951
  0.43395690499725537  0.43783250778668098  0.44199705448252502  0.44712525905617773
  0.45194745778112166  0.45755019777974454  0.46283662990782892  0.46792221973279546
  0.47287979320815410  0.47766185149252516  0.48252133262185842  0.48832174512832821
  0.49433501934935370  0.50032557953357637  0.50655155278349528  0.51220003417105697
  0.51719662901926811  0.52245108057008427  0.52844144209884936  0.53477017940616045
  0.54083667229385102  0.54533741731334184  0.54935294216401098  0.55307679027320011
  0.55693568623578404  0.56080807111995490  0.56460920499344780  0.56848994737034009
  0.57305043485812668  0.57991352800733498  0.58563775978882704  0.59011281329132814
  0.59411135496231671  0.59796616194124719  0.60164618556879457  0.60704430999917447
  0.61344117336741333  0.61970148678751447  0.62577035959180016  0.63184539003626583
  0.63816393188473375  0.64537333276572117  0.65243273481742126  0.65977220627612754
  0.66783104267989413  0.67592180296021620  0.68523449901251865  0.69534535235359463
  0.70618169649756579  0.71829894022399310  0.73120344816826310  0.74341620110352369
  0.75561285805531853  0.76814620711630233  0.78842889767360125  0.81318087702231734
  0.84375062614212915  0.88187685003085681  0.92329408618714903  1.00000000000000000
   2.2468747477672327E-012  -1.0000000000000000     
 T F F F F F F F T F F F F F F F F F F F F F F F F F F F F F F F F F F F F F F F F F F F F F F F T F F F F F F F T F F F F F F F
