 -0.00000000005142926  0.00000000614768262  0.00000002640590683  0.00000008648838330
  0.00000017802406331  0.00000027763795255  0.00000035737281785  0.00000042206980911
  0.00000049032453323  0.00000064823002062  0.00000083945071770  0.00000103793689713
  0.00000127956889871  0.00000152511896859  0.00000176324600091  0.00000198039750811
  0.00000221920025109  0.00000246916867059  0.00000274424293045  0.00000293112994559
  0.00000305498563098  0.00000318003805139  0.00000333409038206  0.00000348955990310
  0.00000363893052776  0.00000381328335549  0.00000399828200649  0.00000419797680228
  0.00000440633995312  0.00000461134312721  0.00000478269643240  0.00000492502933494
  0.00000507053326625  0.00000521430542505  0.00000535211142997  0.00000554384713244
  0.00000572911910268  0.00000590791390536  0.00000605421676312  0.00000619199594465
  0.00000644886946063  0.00000668074409272  0.00000690782143115  0.00000714338851861
  0.00000731985539388  0.00000751297951040  0.00000773490896703  0.00000788681839440
  0.00000799794730029  0.00000810841395717  0.00000821864056527  0.00000834194498912
  0.00000846834125573  0.00000868574866616  0.00000897671625210  0.00000932520141215
  0.00000968130570611  0.00001002662410851  0.00001036721219489  0.00001069811419087
  0.00001092558299573  0.00001115095725534  0.00001138300194896  0.00001161522938297
  0.00001185814058227  0.00001209118811271  0.00001230931281085  0.00001253220662318
  0.00001278674800495  0.00001305142781523  0.00001333121141863  0.00001362404798597
  0.00001391623896469  0.00001420739414880  0.00001448468158795  0.00001475473157002
  0.00001502320320200  0.00001529924180821  0.00001557843002391  0.00001586958285722
  0.00001616772562940  0.00001645312634763  0.00001668546862385  0.00001692681164269
  0.00001718742739472  0.00001744645826358  0.00001772390173269  0.00001804652263340
  0.00001836641615624  0.00001869615725502  0.00001903295245996  0.00001940980642565
  0.00001970401625499  0.00001985627087137  0.00001986813262464  1.00000000000000000
  0.02595709666978248  0.06222935600040434  0.09385547778272581  0.11913925513749919
  0.14196132970796602  0.15790996289488465  0.17363641634291835  0.18910011962201637
  0.20463932268691090  0.21899297619985506  0.23222895195615731  0.24600565837344149
  0.25570397555412178  0.26454214288851180  0.27447777569210702  0.28440785642579353
  0.29408292086067800  0.30256773124738501  0.31113215847946490  0.32181022592778658
  0.33366792825047931  0.34312555348510054  0.35254573097692338  0.36129410916480592
  0.36924518790670408  0.37823247088932610  0.38877164972202988  0.39753172361197781
  0.40534342172227850  0.41235967858173544  0.41874252417949565  0.42488892222208263
  0.43109875384649937  0.43777215982616802  0.44569088394916512  0.45369740877908993
  0.46186669675450581  0.46960030134105329  0.47568639971581222  0.47905727858192709
  0.48177783169468386  0.48445911162091260  0.48716959912182578  0.49054331013330954
  0.49518082119363743  0.50047335735049614  0.50613361405481117  0.51424636514683442
  0.52272106927051998  0.53169555554281922  0.54112680267397095  0.55113277933932514
  0.56114972110757755  0.57055898389663195  0.57992292785176891  0.58954474023261505
  0.60063667753336214  0.61157555286067855  0.62097276219424868  0.62962301655475450
  0.63833012001893341  0.64668174334403050  0.65511286877932529  0.66419214264246218
  0.67382740982431666  0.68398170101101863  0.69227602977406300  0.70318021059956637
  0.71065285757915386  0.71526832608821378  0.71818547026492496  0.72093765162232237
  0.72430260357706466  0.72937459146339867  0.73485278369516649  0.74105536032508734
  0.74755193288355459  0.75282480592404444  0.75803788032513630  0.76407899701086157
  0.77106418452305336  0.78429778101309033  0.80084694495726794  0.81562233956778396
  0.82755929712824561  0.83715728810503964  0.84672029367342772  0.85822419882333667
  0.87188824008048427  0.89515056530528669  0.90872284254377844  0.92452042917457800
  0.94291570489033305  0.95717931746027796  0.97306403529138374  1.00000000000000000
 -0.00000017992955023 -0.00000011241374298 -0.00000004489793573  0.00000002261787152
  0.00000009013367877  0.00000015764948602  0.00000033573677184  0.00000056491014775
  0.00000079408352367  0.00000102325689958  0.00000141688318440  0.00000206602066831
  0.00000313071144196  0.00000444438581966  0.00000635186650692  0.00000983896685766
  0.00001454963301078  0.00002053686604843  0.00002846785638128  0.00003949761323587
  0.00005274200148541  0.00006785373256023  0.00008468985583684  0.00010439303078334
  0.00013087804719854  0.00016839153938999  0.00021872332035864  0.00028179544694867
  0.00035423534831393  0.00044192196096591  0.00055024007031541  0.00066711126252003
  0.00080251205965561  0.00095343487542461  0.00111773258249474  0.00131563898085213
  0.00153086739776795  0.00174578851697620  0.00195839787257229  0.00217202773149496
  0.00242065576869559  0.00266397574151036  0.00290628243884213  0.00314836802832527
  0.00341179556388225  0.00370906904540750  0.00403335441598931  0.00434864128416166
  0.00464606729800811  0.00495328405613587  0.00527026505733504  0.00557265677485870
  0.00584808321024081  0.00612151983562528  0.00640977234483582  0.00673613003327427
  0.00710807017441722  0.00749586754971332  0.00785624529047764  0.00821007537559735
  0.00869557092578209  0.00925124604195040  0.00985176269673167  0.01048715877401530
  0.01153580116372254  0.01339823474324390  0.01423068512419581  0.01470848321197959
  0.01525035617105740  0.01583290055484026  0.01649833191331942  0.01772025365619934
  0.01896733800411118  0.01984332995270685  0.02047567701823135  0.02090316479640065
  0.02133577132418565  0.02175095213974207  0.02213427242971058  0.02252637390040383
  0.02655552461402313  0.70500394941932465  0.87294823366448193  0.92471295980412171
  0.96434632507580709  0.98253096778666726  0.98579539277302286  0.98797501259459197
  0.98964518598239293  0.99129690947445936  0.99270268301743991  0.99410845656042046
  0.99558362048834803  0.99707460673546067  0.99853838826210040  1.00000000000000000
 -0.00363126310246064  0.01466134784259941  0.02697038108595584  0.03559878833940094
  0.04466399403828562  0.05294471914942495  0.06114694213344926  0.06791035589415703
  0.07461401983716365  0.08117516793895610  0.08746219418396887  0.09386040543695860
  0.10125874186863210  0.11024758857861287  0.11963162177097396  0.12782186201541998
  0.13531882519624419  0.14315933898156252  0.15112863004560104  0.16010899220235245
  0.16886999707427189  0.17862076298446172  0.18896658088375595  0.19878770564608553
  0.20409683738603412  0.20908756272251572  0.21496891361582010  0.22116519387705205
  0.22807942305701825  0.24056415797027911  0.24872415096851480  0.25591654962332899
  0.26340068801767696  0.27080038649768429  0.27725530661050313  0.28386696017830226
  0.29370196171061902  0.30384713205336866  0.31279826597128152  0.31979455043402871
  0.32670640982682536  0.33348055356200745  0.33899915694031268  0.34475450950631431
  0.35064594151683648  0.35755999830646662  0.36377966625495506  0.36785275565495984
  0.37160073774051988  0.37726684870067290  0.38968875387151003  0.40213781776508245
  0.41445705192920224  0.42811439613974078  0.44299188514339033  0.45726597996182983
  0.47404826639496217  0.48925618089905709  0.50237868206497216  0.51566654097768050
  0.52897918421114520  0.54330619707644567  0.55523273311965526  0.56560622339465783
  0.57653505224973367  0.59044278462304733  0.60536797253230501  0.62119051396034919
  0.63672204473569705  0.65027824155213265  0.66236680337343479  0.67585951216875861
  0.69113737861451319  0.70569546371274539  0.72060788029294520  0.73565669088604368
  0.75177580395047883  0.76715208027488979  0.78185159117850822  0.79710407883728918
  0.81022094476794460  0.82384202983093546  0.83714161328766301  0.85048570264359125
  0.86559752737250761  0.88005693866873669  0.89351162977844789  0.90487338106325010
  0.91451685591845566  0.92464996822668144  0.93430009448859541  0.94484377040548462
  0.95510413642190506  0.96782932864079885  0.98381336144186793  1.00000000000000000
 -0.00186932481717122  0.00918555510219796  0.01910593798642909  0.02831695554680388
  0.03672601645330964  0.04868818294423114  0.05967262138539357  0.06944653796669660
  0.07873126595855556  0.08748761335170596  0.10025861565079114  0.11262914019666076
  0.12687319212964673  0.14250849064140575  0.15916702914415692  0.17531122136439312
  0.19015266844763809  0.20357070346350253  0.21491041633156091  0.22529139765740844
  0.23668047075136980  0.24911852117055014  0.26053146950677025  0.27020595628051902
  0.28122383602158807  0.29302484447578875  0.30602708300646025  0.32138632397929101
  0.33905184290904206  0.35833814667880454  0.37602207027741602  0.39286057306715705
  0.40885771491457301  0.42492126925419360  0.43839222332137734  0.45170997100613303
  0.46409519142901168  0.47122506545499682  0.47877264012461196  0.48612554076347081
  0.49296918051163330  0.49974186152412076  0.50761314915030331  0.51806672116641184
  0.52842555057437901  0.53826417896565903  0.54824143794195757  0.55858516306589800
  0.56762587393825092  0.57460658306643675  0.58168237853957971  0.58882315419695719
  0.59562570307950735  0.60234451247868248  0.61572480281453323  0.62585296686861125
  0.63524200970225442  0.64317827433741515  0.65610585657306419  0.66800255797628361
  0.67840043147455320  0.68918750855064559  0.70085533372767150  0.71225038477771274
  0.72047054112027098  0.72636740933088195  0.73219604675606287  0.73960354202863743
  0.74689388249271760  0.75552842486275984  0.77039585069187599  0.78508613662698512
  0.79909283334157377  0.81066783377737872  0.82168455925116612  0.83207643697225564
  0.84264284650439436  0.85513303875346580  0.86634555720474626  0.87469607364871871
  0.87938690582040002  0.88299024340153109  0.88842095177263580  0.89422580538631080
  0.89980132396418799  0.90504241245235084  0.90954101837797485  0.91519432617252205
  0.92145145487293956  0.92638334142274670  0.93169630065101028  0.93872421279441709
  0.95076421853249660  0.96726475067032269  0.98320231434014593  1.00000000000000000
 -0.00118575605333861  0.00334213391328289  0.00953164001571846  0.01582943810877916
  0.02314182627071027  0.03185312619497400  0.04619620958386892  0.06213456423543503
  0.07568790036309926  0.08619960564748752  0.09563980188918209  0.10570545994616329
  0.11922827613747861  0.13473048904581497  0.14489943152137658  0.15236457586812804
  0.15990652685106638  0.16748748129364874  0.17502819523185120  0.18255710361055896
  0.19213025571826720  0.20113815707047267  0.20943315290034398  0.21597396122318438
  0.22696210845617742  0.23776711032309306  0.24908865850235615  0.25925114106953406
  0.26708999306019832  0.27493571790074872  0.28331582271692080  0.29309077192602645
  0.30265430511455438  0.31270531652860301  0.32470990206373429  0.33759970850615284
  0.34953794560214907  0.36060078209487179  0.36947153601362409  0.37910233586340997
  0.39051232834128191  0.40297389227717850  0.41851503736116052  0.43525926053824598
  0.44978401109420241  0.46077930959941971  0.47059309939923866  0.48081163617351563
  0.48911736312285420  0.49542988669459481  0.50106681420454779  0.50680292334896582
  0.51430834315971397  0.52652888985914259  0.53867175696706870  0.54637956909443797
  0.55314855460029255  0.55878674042664733  0.56314354657669674  0.56825362213109765
  0.57415958765048369  0.57881546278213025  0.58322523334910359  0.58914007258488088
  0.59592054164691322  0.60248860259757975  0.61334292487989062  0.62723407964811106
  0.64120281368336096  0.65198668985408870  0.66133840977829983  0.67060676374359462
  0.68014978203730914  0.69022017717546114  0.70788228041922585  0.72610871010678213
  0.74562440459251733  0.76532081669628338  0.78358194472824172  0.79964637037426700
  0.81303468390016653  0.82444710466791848  0.83525501159960436  0.84617803212261744
  0.85804537216977284  0.87022129279848381  0.88222293139310914  0.89505741517518256
  0.91005373052576166  0.92517024904811296  0.93980337922822288  0.95594467075155054
  0.96740271968555824  0.97879813516567715  0.98977033273829218  1.00000000000000000
 -0.00213192409392779  0.00806690616844861  0.01707270668576115  0.02556906651427433
  0.03424774573736909  0.04633429011717349  0.05933357942608639  0.07181844955409196
  0.08387834016753568  0.09571890354902651  0.10904161179725608  0.12148455262544165
  0.13252215242126994  0.14194801963965020  0.15197928408337980  0.16307478297490499
  0.17491541603272415  0.18926891120550782  0.20842383006862689  0.22517747870752522
  0.24215547259304038  0.25490413255540229  0.26484268331012950  0.27653719923052716
  0.28528179933552100  0.29301680191346247  0.30035438693190314  0.30806758366548714
  0.31645362861499060  0.33166418707694334  0.34656485431067857  0.36107357412922408
  0.37488921600604308  0.38929967669811155  0.40361784549759266  0.41576295082534243
  0.42794848536283858  0.43887967289686342  0.45153955632613807  0.46362030284623279
  0.47424849695007243  0.48290457540322768  0.49089676786958503  0.49889735647296979
  0.50892532248577094  0.52378061656282238  0.53933016258702249  0.54721843904391176
  0.55188208205241496  0.55699690830899196  0.56303922670987216  0.56980619799000143
  0.57650228943500070  0.58294781987787592  0.58858861394864814  0.59366150710703935
  0.59928683960951323  0.60651836120817404  0.61790365705125561  0.62748832762343609
  0.63514864123028003  0.64367589097157940  0.65290808952150203  0.66098158468789747
  0.66790478069269521  0.67409087965732595  0.68036646544125556  0.68776933758611103
  0.70042329065564291  0.71918022661334502  0.73582233808791242  0.74739138996628174
  0.76036606630325043  0.77332592081657847  0.78351754490076997  0.79150114663386650
  0.79891229112904005  0.80609634536825547  0.81301669036413782  0.82080392804059210
  0.83344066354364210  0.84601435115966084  0.86315303291945911  0.88133177102002613
  0.89483726031031530  0.90512007876958722  0.91478226103499993  0.92283555033969344
  0.93008351796519328  0.93997868632598280  0.94889911959625961  0.95718642508759333
  0.96571896443735261  0.97672820646849146  0.98824006576654788  1.00000000000000000
 -0.00104224250641463  0.00450550298914085  0.01085337718714229  0.01762116484897410
  0.02595534607982890  0.03509990494369894  0.04467907900865448  0.05547719585254073
  0.06669229563983506  0.07771685850388320  0.08651147711397164  0.09524289721464037
  0.10551603605497101  0.11836380825772538  0.12944565099514185  0.14201320952252144
  0.15164275634880503  0.16124101873437427  0.17194686378628596  0.18414955561348600
  0.19853299068447791  0.21225105353928286  0.22656043893251929  0.24028459133508659
  0.25198210982065816  0.26073652587958074  0.27055712858214787  0.27968795372097743
  0.28885035512433388  0.30072539065840020  0.31189374950817400  0.31993632038743397
  0.32663259336438583  0.33358935381303206  0.34111319095951537  0.35014380384652433
  0.36129374280021059  0.37341679726029353  0.38156656620768442  0.38980726083643163
  0.39848324066411095  0.40821361596622135  0.42066365136909228  0.43575012627542747
  0.45248272296958814  0.47042947472658364  0.48689871175320554  0.50054812748159738
  0.51186579431271617  0.52269906997872473  0.53445020461504333  0.54896871724684793
  0.55992616863435229  0.56707878600403783  0.57276422499226021  0.57785279608161566
  0.58304585886830529  0.58916260195049375  0.60038872955380174  0.61087245470925033
  0.62122543637372607  0.63174125042455043  0.64335448267860351  0.65601500011510450
  0.66462786710423682  0.67227177984870956  0.68071227467466267  0.69081044286209314
  0.70240961033802307  0.71503357523797040  0.72814885650015948  0.74119434030596165
  0.75805164947396242  0.77643313289730187  0.78964305861404938  0.79587447318417925
  0.80006684504800474  0.80550394848880280  0.81329398516856555  0.82113956927453402
  0.82909448869829139  0.83567409360555311  0.84137035825174133  0.84739866179586398
  0.85415604222598351  0.87131855269220659  0.89198048173345756  0.90939942967584741
  0.92173543089581711  0.93205437627119103  0.94301206304940988  0.95298216116209022
  0.96258866468824233  0.97181597934902175  0.98203001918631794  1.00000000000000000
   3.4434099387930314E-016  -1.0000000000000000     
 T T T F F F T T T F F F T T T F F F T T T F F F T T T F F F T T F F F F T T T F F F T T T F F F T T T F F F T T T F F F T F F F F F F F F F F F T T T F F F T T T F F F T T T F F F T T T F F F T T T F F F T T T F F F T T T F F F T T T F F F T T T F F F T T F F F F T T T F F F T T T F F F
