  0.00006133989268684  0.00020048855728647  0.00026867649499607  0.00031653568735581
  0.00037020524731072  0.00043048824301640  0.00049601201275500  0.00055611996557094
  0.00061312908527431  0.00067042646697706  0.00073293269863556  0.00080086723774483
  0.00086441335906116  0.00091958698452668  0.00096783000662867  0.00101692848552511
  0.00106518300043932  0.00111704509553979  0.00118125740145241  0.00125135623410739
  0.00132460394076315  0.00140542609879553  0.00148993183623875  0.00156990903727868
  0.00165071699189854  0.00174155550731620  0.00183772625457636  0.00194454848511035
  0.00206508027766231  0.00219301044159576  0.00232736841605755  0.00245994980397473
  0.00259117235081758  0.00271847963544734  0.00282534416415710  0.00290682721325689
  0.00299622055592947  0.00309159156354371  0.00319838087695495  0.00333419691208899
  0.00349915333778180  0.00365067460367689  0.00379226160082395  0.00395402143682745
  0.00412209821423556  0.00426503190326063  0.00440116049600772  0.00452859282393630
  0.00466447397197587  0.00482362420215468  0.00498346512988830  0.00517966768537642
  0.00542007110842495  0.00569805681024934  0.00599963326237944  0.00630482692227809
  0.00660676592381309  0.00691254247374003  0.00723198741885631  0.00758586271537234
  0.00811680540960745  0.00858870608881002  0.00895874923296900  0.00927390076085368
  0.00953883910551481  0.00980787859210953  0.01009486824904881  0.01039695189228382
  0.01079666498028741  0.01133303055702737  0.01193529221165919  0.01257333629427654
  0.01322663115264184  0.01382343040980137  0.01454247709231444  0.01534743167221052
  0.01613997475409905  0.01691202410401360  0.01764531562466356  0.01840124319142385
  0.01912296260542879  0.01998249726354525  0.02103550327267428  0.02237621342468035
  0.02412047370440813  0.02646331010037111  0.02910470098586241  0.03179917525579973
  0.03741254941667859  0.04598998431366590  0.05643734275332033  0.06750193137595442
  0.08350742303111863  0.11331193079791407  0.24769993468132973  1.00000000000000000
  0.00025520868480639  0.00086220111631421  0.00117937622390255  0.00149718995340037
  0.00174136217980450  0.00193979749037095  0.00216144912968766  0.00241742761404820
  0.00266574274989620  0.00289375334758527  0.00312410211543177  0.00333872170057994
  0.00353677076175798  0.00376867746847487  0.00402438222889980  0.00429760004417782
  0.00458328053084664  0.00489656848601135  0.00523095110810337  0.00555187035189134
  0.00588043887606488  0.00624137359971850  0.00663027478137046  0.00699798474074315
  0.00739521933571489  0.00784590798753448  0.00833971657285507  0.00886414313586549
  0.00939295186109029  0.00990268870876733  0.01037636331690346  0.01080986641781915
  0.01124348822514982  0.01167797688140382  0.01217023821476195  0.01267467347771574
  0.01334479492698228  0.01407866200893963  0.01480531055445693  0.01552933489360870
  0.01626136498982095  0.01704955188223572  0.01790108591885036  0.01886050718084162
  0.01987590581227642  0.02088923183231017  0.02181235803260144  0.02268135302429461
  0.02340628084826717  0.02415299921643287  0.02513215446176490  0.02651087282506080
  0.02814508724638028  0.02997198393637091  0.03193002221745759  0.03408657666672303
  0.03590742496742399  0.03745418928790768  0.03880013276691903  0.03995181692344844
  0.04132250943311864  0.04260638465210998  0.04395611220976349  0.04561622928363984
  0.04727853288315787  0.04914106205732480  0.05193591372498094  0.05537593901959868
  0.05913788666542593  0.06295624265101554  0.06660001955850717  0.07018305481930175
  0.07432558249346935  0.07900836120988999  0.08443949337612107  0.09179817316246247
  0.09856076774991168  0.10527933306896557  0.11235913097159300  0.11903621278987297
  0.12607857442626477  0.13300120759578526  0.14099462967033455  0.15065758089868503
  0.16332154194462356  0.17750244232281887  0.19421141912330642  0.21384004926608796
  0.23548777705109533  0.26162095212335407  0.29790393768695000  0.34572565561114665
  0.39826787629033455  0.46499408993722025  0.59798054848766768  1.00000000000000000
 -0.01247395200797752  0.06911484845695175  0.13211647191035292  0.21085437956586067
  0.25673351235913722  0.29946119809706667  0.35495534054512329  0.40399782444848081
  0.43251881431414901  0.45630666808558035  0.49396902562163170  0.52767692541793054
  0.56278334975474720  0.59686186628607873  0.62426792034812573  0.64748493123443651
  0.66826646226986719  0.68632056024179811  0.70240686713017286  0.71925557164144915
  0.73352871420291610  0.74837309325810775  0.76542229602923340  0.78103736220501196
  0.79383657727892987  0.80551270956684740  0.81690015275345773  0.82856842148799059
  0.83939686622191234  0.84891825878796523  0.85778372932491875  0.86589737538275846
  0.87329297081014390  0.87937039199719813  0.88437325406641532  0.88937735978712706
  0.89409675976629399  0.89751351077825037  0.90099348858664252  0.90478882745509270
  0.90867663310294922  0.91211008965389706  0.91542995309849651  0.91883494306133751
  0.92231403439115045  0.92574148026493885  0.92902891112469121  0.93235766937221620
  0.93547717354299142  0.93828171125720650  0.94081570926274349  0.94324895092442884
  0.94562716664754987  0.94828440476075659  0.95051124268471521  0.95250215354916878
  0.95430732047342304  0.95609374345472076  0.95807845147773296  0.96011314146816462
  0.96187807234070710  0.96352456462478597  0.96517116584828277  0.96677869290113438
  0.96841039272833940  0.97010773894230795  0.97185909343419286  0.97359319721729942
  0.97519938845396847  0.97663982025817309  0.97804930471875429  0.97942019085153831
  0.98066509719202177  0.98179348719931514  0.98291328827611957  0.98403297486538066
  0.98509487944258023  0.98609070176855773  0.98706554323918072  0.98796574028998219
  0.98886811732756197  0.98974328998078087  0.99059723990873338  0.99144771029847856
  0.99227368001203631  0.99309452598030445  0.99391419073576137  0.99473302207371628
  0.99539564432598349  0.99605019127683481  0.99669286046762484  0.99731283022798656
  0.99792352897636050  0.99861244274150729  0.99930560261910883  1.00000000000000000
 -0.00236232459102200  0.01014882882430607  0.02162985739801660  0.03245061889067222
  0.04436115558421588  0.05668565783667990  0.06941169476092572  0.08297244898299301
  0.09676066284588625  0.10719831259631246  0.11709265174825680  0.12742726557255959
  0.13681906756393619  0.14527383895823978  0.15303889977224799  0.15926650690235697
  0.16599299397857609  0.17297958824433574  0.17926488199255969  0.18571144990106458
  0.19379186633620346  0.20520287545297239  0.21817500398956877  0.23137278858313118
  0.24510264961646491  0.26025659220246966  0.27361999356285810  0.28746006590100798
  0.30151279133291059  0.31540793608896822  0.32799615252551850  0.33645564868890204
  0.34208270402521201  0.34890913762621639  0.35765776090327434  0.36505923565484699
  0.37196681967979034  0.37984434205770318  0.38838920668945098  0.39807932474735452
  0.41124324907841392  0.42482305648982349  0.43728593069836402  0.44917080457602954
  0.46033534415879990  0.47024151151088633  0.47944203844276678  0.48807593310041070
  0.49569448226666313  0.50301431796317597  0.51098527805030169  0.51956532423822166
  0.52904510222359102  0.53841129914475450  0.54708130407832922  0.55491434957167651
  0.56369829911252622  0.57334308516327792  0.58264924445081445  0.59142122285686816
  0.60184371058239283  0.61251312288425042  0.62524230970953143  0.63888556089761095
  0.65245235656754896  0.66386933046073771  0.67215208182081210  0.68072541356819594
  0.69024832038859274  0.70086809192963451  0.71302117642390261  0.72676094164385163
  0.74047403631633946  0.75311289698483930  0.76334732908988467  0.77258713314027483
  0.78254780542247049  0.79306940716372987  0.80380771101644644  0.81623210224670728
  0.83120329935116710  0.84729651368248049  0.85914342707656133  0.86955130846450879
  0.87986463521280156  0.89023080832743995  0.90039889401059336  0.91140075836786894
  0.92361534254058786  0.93537932806345603  0.94618757079924787  0.95602430641141090
  0.96608438758093373  0.97846014973342044  0.98982317926945240  1.00000000000000000
 -0.00002082890986978  0.00003429486490657  0.00018072372690315  0.00039411043384418
  0.00059155728945997  0.00077613208986848  0.00097343325733281  0.00124379883098130
  0.00150603685703278  0.00176841539331958  0.00203295582600769  0.00228802813034066
  0.00254722843871993  0.00281837771849296  0.00307222479330135  0.00332318478556627
  0.00357364307522494  0.00382342328550958  0.00409146056377303  0.00441893353586186
  0.00477759378029751  0.00511775304963919  0.00546059398964293  0.00581133272442153
  0.00615987885151458  0.00646321737344193  0.00676807629512788  0.00706113066159191
  0.00738966213741173  0.00773569006298358  0.00809678096386680  0.00848326567060296
  0.00885877429111504  0.00927059332811636  0.00973218533164625  0.01024251796162883
  0.01078455970683337  0.01131896143429780  0.01180356904655894  0.01229821191513393
  0.01281536898480339  0.01337199917235550  0.01395839139512624  0.01456359622237595
  0.01517900302744832  0.01577841794813269  0.01642811564250931  0.01719331265574670
  0.01807043957890841  0.01901584480349182  0.02003964904691379  0.02115641821258331
  0.02236248110594960  0.02373943732990096  0.02513934056403001  0.02654682159830257
  0.02798087411992661  0.02946929203339382  0.03091362582280778  0.03235677641299250
  0.03387588064294799  0.03558261503312529  0.03759065187112506  0.03954882171677630
  0.04156306672228054  0.04367333407189345  0.04615714125391380  0.04881620254575810
  0.05166825449341820  0.05467471813952795  0.05801079228326746  0.06162506607046286
  0.06572418898664148  0.07014031125785125  0.07460352523210731  0.07895505691911414
  0.08353711758434147  0.08859891871100674  0.09485882191170010  0.10111002301000994
  0.10910094656986893  0.11945478881768778  0.13080759507875236  0.14289937688988624
  0.15685080894794209  0.17526413216354270  0.19824233741274683  0.22823079959006193
  0.27094441934134861  0.32096324910772961  0.39044185113245966  0.49739819356473314
  0.68829634013887198  0.89499399631876464  0.97536023429743712  1.00000000000000000
 -0.00196129711859898  0.00817217400841894  0.01834058732048286  0.02778889737815585
  0.03751493591978271  0.04830333624893653  0.06180601752556762  0.07637896931152613
  0.08797426422078479  0.09886166408828270  0.10949519670277603  0.12031698143938103
  0.13185886453685422  0.14318539410942580  0.15463418907265486  0.16623563404003966
  0.17696871153936022  0.18583698816727123  0.19562716119565432  0.20432064603649186
  0.21306292052959130  0.22137525528915342  0.23000712047228472  0.24008815530631120
  0.25158358180310147  0.26404816734012510  0.27679971271159926  0.28815532632439067
  0.29902445087576213  0.30921695217676914  0.31912671279076416  0.33015246488369232
  0.34317103419255152  0.35478601023955536  0.36293221183157520  0.36952660455638786
  0.37900496495204444  0.39045268435492680  0.39997597714155408  0.41042432219530367
  0.41634457614623460  0.42345812034569058  0.43111105288633761  0.43882992823721362
  0.45197378663726540  0.46605977020075240  0.48053002754740243  0.49541731665566163
  0.51028977805423370  0.52511575913072317  0.53911638472217549  0.55132511474251267
  0.56180965244577608  0.57204361443491081  0.58258256820609366  0.59314798834474070
  0.60433330513360073  0.61638171995423319  0.62934423280137608  0.64209851339220059
  0.65301794621638143  0.66398260984345803  0.67576922389035354  0.68802564954451639
  0.69972624596423116  0.71177450799578001  0.72348345677024084  0.73375537551250114
  0.74321292845745113  0.75277798795216833  0.76159146388002352  0.76940163123680971
  0.77743290649458030  0.78569092607972157  0.79466603127697755  0.80405437656951184
  0.81344024894779976  0.82287524934853562  0.83256151308086990  0.84162739527239483
  0.85053427691885786  0.85983501536332263  0.86840778341157432  0.87995642930954232
  0.89360872639402800  0.90651160066235958  0.91779814712934638  0.92740544127286662
  0.93614912482782642  0.94536451950829481  0.95561826232658698  0.96611437497397801
  0.97411617779253945  0.98185684116682503  0.99086174247646253  1.00000000000000000
 -0.00005617609900286  0.00125510657645110  0.00500477895674900  0.35618192626780598
  0.99335664916467126  0.99348156157889889  0.99357889016940226  0.99368046323727122
  0.99377195640378646  0.99385597749667620  0.99393890954697950  0.99401963533854187
  0.99409539654880463  0.99417686665081817  0.99427110886425396  0.99435935942387177
  0.99443587054092830  0.99450276877491051  0.99456895127060452  0.99463079447261749
  0.99469209204442743  0.99475916623122218  0.99480653286944642  0.99485533597000475
  0.99490976600079051  0.99498180649548040  0.99505798493228981  0.99511950526339221
  0.99518161326154653  0.99524754833766704  0.99531727107298240  0.99540132015827898
  0.99548362724182160  0.99555882486472669  0.99562932402864512  0.99570548682983318
  0.99578663753802499  0.99587560823465660  0.99596531314040537  0.99604438560290787
  0.99611628110525541  0.99618463743060826  0.99624379207014846  0.99629400336648344
  0.99636621039556927  0.99644812164070728  0.99652919706918652  0.99660582439251011
  0.99667290241429207  0.99673560724707944  0.99680164653497672  0.99687130471016272
  0.99695890996747227  0.99704617120670369  0.99712655822489049  0.99719580108386841
  0.99726041699138623  0.99732074089264311  0.99737537001094212  0.99742631310908192
  0.99747526577882739  0.99752769925616236  0.99758727935536196  0.99765279605011292
  0.99772162546623722  0.99779411947114305  0.99787081553705426  0.99795270135591274
  0.99802608617928423  0.99810653336566968  0.99817343845413575  0.99823936355126341
  0.99829855189851802  0.99835866410006768  0.99841771182187933  0.99849576665585305
  0.99856689117085107  0.99863590996572305  0.99870505304353085  0.99877135780839132
  0.99883032265313865  0.99888771424686307  0.99894185980648786  0.99899707708757002
  0.99905138814092809  0.99911229464782447  0.99917862244534095  0.99925096185204298
  0.99933075394404902  0.99941101180671665  0.99948669707406246  0.99956622948341289
  0.99965305463118792  0.99974526810110098  0.99986315844264562  1.00000000000000000
 -0.00232030105279289  0.01046441055889645  0.02442160242566675  0.03763237079035613
  0.05049196798256473  0.06389262893932922  0.07986574814529246  0.09711457792928470
  0.11397820699949969  0.12756663830027234  0.13768081649929170  0.14517805313409765
  0.15196591782100430  0.15876646367735117  0.16910765183128265  0.17972819647143076
  0.19046140587191174  0.20204406545520739  0.21421675817162678  0.22546951334965665
  0.23406101550573552  0.24143133742793341  0.24845335262226456  0.25524908588701656
  0.26536591120427316  0.27517286529772234  0.28381216788111696  0.29203076273838247
  0.30180174483956235  0.31192474251865915  0.32401390869798419  0.33508331216614612
  0.34698380983278532  0.35957473672829621  0.37237393866451379  0.38334949214850517
  0.39179034457448031  0.40070528629804847  0.40874759777722408  0.41615124664407543
  0.42481951692788067  0.43404834751927646  0.44479251731371089  0.45524120361137405
  0.46398453559947084  0.47259040615197667  0.48222702244403237  0.49237727574891876
  0.50306628228840533  0.51102091899111690  0.51779555565756652  0.52889146843636436
  0.54248715886999110  0.55267358581295489  0.56202726350636178  0.57091087150188435
  0.57895859952176809  0.58709200700219066  0.59588059602513699  0.60382235112998262
  0.61304601238409129  0.62240791024464004  0.63417465834317754  0.64660114296066840
  0.65802564457137347  0.66925622371808791  0.67951148061096200  0.68851932191340326
  0.69735260290020706  0.70629991579352136  0.71637091112749696  0.72785415251511909
  0.74035137673718887  0.75288293776375059  0.76443124450318578  0.77578765695019136
  0.78778779607226868  0.80019856252021226  0.81400769048461408  0.82825453797386850
  0.84109078371073165  0.85321999496320056  0.86544461614877721  0.87694103601572015
  0.88788245632827101  0.89868165263006838  0.90854731497449304  0.91820615727254096
  0.92804139239929573  0.93873652347904113  0.94932447800077313  0.95837692380434669
  0.96739758714228030  0.97777294103629009  0.98929627655294139  1.00000000000000000
   2.5984261765857061E-015  -1.0000000000000000     
 T T T F F F T T T F F F T T T F F F T T T F F F T T T F F F T T T F F F T T T F F F T T T F F F T T T F F F F F F F F F F T F F F F F F F F F F T T T F F F T T T F F F T T T F F F T T T F F F T T T F F F T T T F F F T T T F F F T T T F F F T T T F F F T T T F F F T T T F F F T T T F F F
