 -0.00008506848919844  0.00064629846116240  0.00116025581930239  0.00162169643326403
  0.00213254795344956  0.00276136135785679  0.00345210333307335  0.00418270567413726
  0.00495196376097290  0.00583762903188931  0.00683870345105663  0.00783833507455973
  0.00877711360334523  0.00979584574925965  0.01103983108764728  0.01251231804954515
  0.01392253463653860  0.01523095264986761  0.01657657071887746  0.01804351603096152
  0.01952941902870396  0.02095146343436079  0.02248611294585491  0.02414166415701553
  0.02580802207969553  0.02739386225870138  0.02897445698220428  0.03069916268238640
  0.03259770352047300  0.03452676641956588  0.03641930576299173  0.03828460268281968
  0.04020560982488337  0.04224341802497877  0.04444175288686863  0.04686123094417444
  0.04941712251229741  0.05216609366851855  0.05493504524474152  0.05775520435159107
  0.06058221127538983  0.06348487871155267  0.06648114284893018  0.06957516806720442
  0.07268452118895050  0.07585384869887815  0.07906894502221390  0.08240846866271487
  0.08589801021529636  0.08945116659163825  0.09300982711847069  0.09660869673545634
  0.10025321752227159  0.10411404161480239  0.10834714135026312  0.11268544852972336
  0.11726067794698580  0.12166703849063623  0.12609678935194593  0.13076275949094956
  0.13580065148129547  0.14107252827287656  0.14623140794269593  0.15153951084971687
  0.15736346879926336  0.16414775868347561  0.17087609957240349  0.17767965276812636
  0.18454109424141596  0.19160844268370256  0.19924891672476641  0.20765148279562193
  0.21604803509707579  0.22473018244435025  0.23330344877099748  0.24236736418605501
  0.25171187149860547  0.26161494838318577  0.27237292314651163  0.28390426890992360
  0.29607418663718599  0.30886363116883891  0.32229930814838292  0.33675313479719093
  0.35187529296302616  0.36856943651586060  0.38585254618242115  0.40361524175441404
  0.42252894371247801  0.44283718002107941  0.46503984507496127  0.49010888467672720
  0.51538998132525293  0.54277879952156005  0.58016314759349841  1.00000000000000000
 -0.00011517658103285  0.00069029264416503  0.00121910955283747  0.00178031515265186
  0.00242426200369743  0.00315973005564884  0.00397989031977586  0.00487293691431134
  0.00583669869733201  0.00689074984901042  0.00796187582499955  0.00904065163860933
  0.01020937386621476  0.01141780075712361  0.01261896172545117  0.01388570745437995
  0.01527866893227209  0.01681830835169810  0.01848204574030747  0.02017440045018555
  0.02181792386885001  0.02343999663294727  0.02505959949199097  0.02673413461490696
  0.02844624319824255  0.03020390231295390  0.03198421127416820  0.03399749024907037
  0.03606545702086435  0.03835997967823930  0.04080459211623783  0.04318398730716740
  0.04559847711499759  0.04803968747759228  0.05065747230392213  0.05348783796588705
  0.05645811785869045  0.05956381482762374  0.06281457842745365  0.06622726175343492
  0.06976189751982712  0.07323488671865006  0.07658616327635234  0.08000074580501816
  0.08357815492995595  0.08731464490217521  0.09103270281344952  0.09486436438497707
  0.09878856093941826  0.10300935437605081  0.10733989273226036  0.11187307635477156
  0.11662236961687077  0.12156504936906606  0.12672183884807006  0.13207719213507196
  0.13762441185370744  0.14332523071969339  0.14918311479456031  0.15537332511226623
  0.16158399950557253  0.16806595936244431  0.17485565597051317  0.18181953917284771
  0.18925639081370749  0.19738203839669097  0.20571792006802575  0.21405993822461031
  0.22213136461975619  0.22978829504211171  0.23762109707084692  0.24599282018222807
  0.25527874780325072  0.26513247228684111  0.27514015571641437  0.28539986803540551
  0.29562391279626726  0.30609918576405354  0.31758406883357027  0.33019833703708384
  0.34408190945412825  0.35878487745672061  0.37340724324545022  0.38821988277781849
  0.40425719096152229  0.42279514983726718  0.44284438058315351  0.46201411794621078
  0.48016083946689553  0.49763515818275650  0.51912992961140192  0.54188547487646599
  0.56554131016774700  0.58497440400489353  0.59008525907423037  1.00000000000000000
 -0.00196102513089947  0.00943900897323435  0.01902512065770784  0.02859014165850705
  0.03790185048792861  0.04702925497764827  0.05630941205610026  0.06559236248716546
  0.07517279403537724  0.08568909769476428  0.09732096530884099  0.10825234827470823
  0.11814077771433740  0.12820489953907901  0.13919746557230936  0.15069938567540386
  0.16205419920431416  0.17378865389369394  0.18567884604423757  0.19720441349301288
  0.20852990126291585  0.21955091777431310  0.22986254146328775  0.23953746074576909
  0.24907699758406807  0.25895482968089745  0.26968346201845617  0.28123865536987747
  0.29337689071365480  0.30521724060538602  0.31696677350962210  0.32881346068157075
  0.34022971057942941  0.35115839079937089  0.36156199063916933  0.37174000954674813
  0.38192776103924836  0.39192929365556639  0.40204064984261656  0.41201630931965194
  0.42168247591232316  0.43123849087754090  0.44090880898289869  0.45019402891295052
  0.45949208691393256  0.46915256143425416  0.47935808851242240  0.49015555533626814
  0.50087751682479997  0.51120228574136450  0.52149492169016454  0.53170133926237462
  0.54197888193914701  0.55219467175908932  0.56246496656442535  0.57295986405512966
  0.58368358233715112  0.59458707523060161  0.60555573315383138  0.61641896920305539
  0.62694811987297017  0.63753360284897520  0.64927447084877576  0.66115012768220893
  0.67250788710999587  0.68262423741231126  0.69297204641538979  0.70343506435285719
  0.71370124874879848  0.72406898730583891  0.73495540376348911  0.74601237840941947
  0.75654840172907867  0.76732022077334894  0.77846895282034934  0.78940833608649530
  0.79953573986624304  0.80894144191015960  0.81853643303455026  0.82867894349855920
  0.83963369044136604  0.85049112133982374  0.86180638645375018  0.87340122110258245
  0.88458336369656987  0.89486730529854297  0.90465858648083697  0.91448022670116047
  0.92464428036961976  0.93528238927267926  0.94597514542115602  0.95703713784553202
  0.96856664394352510  0.97956966105775223  0.99011188960150176  1.00000000000000000
 -0.00231078427015395  0.00874897580179999  0.01866578841002519  0.02992941364372797
  0.04082532882878647  0.05180156653136452  0.06217620200252817  0.07320737190049853
  0.08432517021571327  0.09492536717848309  0.10504736918514436  0.11511181557720636
  0.12551149541036163  0.13552880213835694  0.14498839338978270  0.15397098295106940
  0.16344753574724163  0.17344466861280156  0.18329219098832711  0.19278807327823119
  0.20171609740432436  0.21140302239167835  0.22129078816648026  0.23209918228812279
  0.24322238720410291  0.25436792445799800  0.26458566454676219  0.27497524079473940
  0.28504925987782326  0.29560867707254007  0.30579604290554513  0.31619604429029413
  0.32728267496193914  0.33837737720399708  0.34954972820206220  0.36011519064727926
  0.37055863151347829  0.38110738836826163  0.39244760988984356  0.40369854375727698
  0.41543369185870710  0.42645749283576079  0.43723060113876860  0.44741120042203225
  0.45714677309789037  0.46727144712038732  0.47753321232450635  0.48893913692323515
  0.50087799358659013  0.51296337459024066  0.52401931553957892  0.53432924155814343
  0.54425185300335277  0.55389233124799719  0.56328898411306061  0.57316571559416318
  0.58411294306225126  0.59605265250315720  0.60739615273820802  0.61774489621039907
  0.62808400400825348  0.63830040807285626  0.64889244978721561  0.65993547065822089
  0.67115629285112099  0.68237366044640513  0.69321648863837859  0.70382104843370663
  0.71473922341872465  0.72581062127234242  0.73634606557316629  0.74689344962076032
  0.75755046305697871  0.76759352213833110  0.77767748030742556  0.78715149684947805
  0.79723372304146711  0.80724511223054374  0.81784014086836598  0.82981499977698170
  0.84183548686252396  0.85333613022450039  0.86348600444972667  0.87365436990339307
  0.88399880306357892  0.89538128012715201  0.90590929042377744  0.91625518170778220
  0.92644621999135846  0.93661068590648999  0.94692734305290749  0.95764960118683029
  0.96865549875334878  0.97939157770561158  0.98960184496869974  1.00000000000000000
 -0.00266495588549445  0.00935932949315308  0.01954697061851947  0.02954975636305167
  0.03912330896001510  0.04891375611099903  0.05937456659126323  0.07051913954243932
  0.08265248421702866  0.09524188025265271  0.10754523326231233  0.11934845096093684
  0.13069025351839200  0.14240255048782985  0.15424556292905467  0.16595309721278984
  0.17622935114998298  0.18609110194028924  0.19645215432276666  0.20734063476671977
  0.21812362145865663  0.22843404998282793  0.23843906976488594  0.24847297686835351
  0.25809122924596262  0.26804288753765182  0.27810575763916967  0.28807157872273492
  0.29791584949339245  0.30814544874975669  0.31927033878845490  0.33060646081445438
  0.34096926569935632  0.35118249021259634  0.36202208229782729  0.37342639672675565
  0.38478318177945214  0.39596867537350677  0.40740639295830700  0.41780496266398109
  0.42758600948964193  0.43721802240967944  0.44758356461044957  0.45857174951233531
  0.47016590450127388  0.48066955124236421  0.48986785183028014  0.49839461437812815
  0.50658706158441991  0.51479086079824343  0.52382656663307570  0.53316890661958494
  0.54181416591308462  0.55188691821560099  0.56248620214536982  0.57302167684381755
  0.58304361005157335  0.59268312804119871  0.60254959287510390  0.61268851629084664
  0.62260374884921399  0.63264493708565761  0.64282215236997153  0.65314396049071732
  0.66410450293757750  0.67544896158681156  0.68633594313145896  0.69664605392820789
  0.70678064658481765  0.71697472058157119  0.72660543911034992  0.73581545479022092
  0.74497692474523247  0.75431186698481811  0.76418762682745756  0.77480375672507606
  0.78588320325789518  0.79706656718691815  0.80773213572476676  0.81828277360423174
  0.82913172235639288  0.84023199507394108  0.85156804692019095  0.86295852954243268
  0.87431260283869028  0.88587404727242081  0.89755022524299644  0.90922920687643927
  0.92033646032006622  0.93086974170200421  0.94160098201633258  0.95227668466057802
  0.96396353042735994  0.97576553161128821  0.98791532778442559  1.00000000000000000
 -0.00233948740824958  0.01050935653100683  0.02105572439414866  0.03215333236782322
  0.04191752777885479  0.05260172426342812  0.06275364387365748  0.07388576933872791
  0.08659802498396681  0.09928733371565199  0.11176501420852530  0.12330964632733740
  0.13526102722103789  0.14698645550725326  0.15897286834844013  0.17025551589023474
  0.18129830528111621  0.19146022672411089  0.20166457406594568  0.21169947407071055
  0.22181862455528001  0.23177579353469055  0.24215242787530128  0.25245501874440923
  0.26296735136050875  0.27322613773544202  0.28344370721281581  0.29361253796094505
  0.30339187519265620  0.31256293125667389  0.32184929852937560  0.33149398646313116
  0.34178540569442900  0.35263024313343388  0.36402232688450264  0.37575150452398670
  0.38742189675385608  0.39806541918255095  0.40774468266842578  0.41725386450769436
  0.42679631388071831  0.43669304624658334  0.44662291195925224  0.45679417614364115
  0.46787333117604224  0.47922045751980974  0.49000001701216556  0.50085214302441183
  0.51184637236492314  0.52249068360325157  0.53258279946151732  0.54233770353210775
  0.55287326032715711  0.56338224221127187  0.57442774314309597  0.58538424916476517
  0.59669086045843878  0.60767121443634842  0.61836804332060435  0.62834622824889308
  0.63817906115989165  0.64851599415584249  0.65877534876301658  0.66920277428013275
  0.67985059628055178  0.69074175637307711  0.70106269698523582  0.71068499787769079
  0.71990770954073047  0.72905440283630518  0.73791545436622830  0.74670551899052651
  0.75657132222083101  0.76687423105580244  0.77882703536275888  0.79078123921965693
  0.80200706682213141  0.81189450365112359  0.82149751921395098  0.83123696018335691
  0.84095278975714738  0.85095616384146133  0.86127163435367837  0.87142257009117641
  0.88167507898557285  0.89223008717194496  0.90303868438746726  0.91490598536863255
  0.92680027455366110  0.93872942147042038  0.94917345602208802  0.95982245996863125
  0.97054128963061248  0.98047918247385291  0.99027748841927987  1.00000000000000000
 -0.00228047146668672  0.00898817347318929  0.01827427424328419  0.02736959395763913
  0.03715417036317489  0.04653571625566475  0.05596888794133871  0.06565299142289999
  0.07599376066802502  0.08595439754455915  0.09592791851033071  0.10595616403761786
  0.11676355715703148  0.12782628558026532  0.13891822475098453  0.14973453186367691
  0.16021050109156948  0.17057718518384535  0.18105872992078137  0.19152643751702766
  0.20255817294333953  0.21393662862201585  0.22526855946985985  0.23583052751695285
  0.24620242320721100  0.25690800512864592  0.26783488595851040  0.27852046250467527
  0.28941558795304234  0.30078347966493046  0.31223255089162838  0.32318235171298104
  0.33347016508701016  0.34364356264300383  0.35415391043339828  0.36474620672720659
  0.37491059121673304  0.38478197239491052  0.39472900257152516  0.40453295472956841
  0.41395912136124735  0.42335489996108383  0.43302753755798595  0.44281326505533031
  0.45217426804283933  0.46177660253178410  0.47107663864307114  0.48096786457174778
  0.49159366512429514  0.50302451263860981  0.51410691408006937  0.52485519488667221
  0.53549920968440923  0.54615502252602399  0.55690932533221704  0.56792354460954453
  0.57970357714268506  0.59194773929626154  0.60442388511978706  0.61657164558866739
  0.62806320998667486  0.63958245652767687  0.65087028005393044  0.66178723768446612
  0.67304388511404589  0.68491818516516012  0.69644918020951563  0.70747877772859613
  0.71783439574430741  0.72825470075907750  0.73868763188151398  0.74945995939062582
  0.76074677099567389  0.77265192346327383  0.78421839615366173  0.79516127191158803
  0.80552100221969947  0.81630057263886702  0.82743904653018174  0.83850158418830034
  0.84907633627618817  0.85932573931146972  0.86960875679390481  0.87979800477167602
  0.88978518741781976  0.89981392187703380  0.91007447691320664  0.92039570665069070
  0.93067675078595791  0.94086259008032702  0.95132770470773231  0.96165678894423035
  0.97119567815892838  0.98038317279428078  0.98986221394066154  1.00000000000000000
 -0.00234474560187063  0.01103803806103971  0.02191136459816548  0.03137850281963925
  0.04104211561541221  0.05125719047074462  0.06150074056924718  0.07166009126676734
  0.08210539525039659  0.09301596134185922  0.10435759548140919  0.11454615001307308
  0.12556354025101324  0.13555523137945502  0.14589275339346022  0.15512123597765584
  0.16414455625313332  0.17339220840757388  0.18335674105733002  0.19388306295245417
  0.20437648690027213  0.21511411998770746  0.22617881148294475  0.23733485276391156
  0.24798218145088943  0.25799642214368984  0.26786467894705585  0.27802940350324484
  0.28889468437420474  0.30092835869215478  0.31319810790616542  0.32538379741884255
  0.33687930059992710  0.34762321538229307  0.35792961331326145  0.36777379152880296
  0.37802315322905272  0.38894592315625898  0.40006314556897965  0.41149467913314569
  0.42198144073478927  0.43226792769692868  0.44217545527149088  0.45322604334408545
  0.46416890602049893  0.47459331671187582  0.48502342989657377  0.49603015721659838
  0.50726856692755740  0.51853343015430542  0.52893876033660958  0.53970765259575348
  0.55099150065511149  0.56203724856007653  0.57193828346429720  0.58188804421092710
  0.59221248812551552  0.60352765682190346  0.61442331824119001  0.62419898025253850
  0.63336504598557664  0.64241181908127953  0.65224003038177158  0.66125410075560120
  0.67056231026491231  0.68016736071141393  0.68962840100657707  0.70008199813785488
  0.71021007340313225  0.72078190136803266  0.73122860990102834  0.74155377146692203
  0.75134308286298646  0.76059512096739934  0.77024728598146264  0.78084870914233351
  0.79171426863035987  0.80254870141779089  0.81274618687156841  0.82346962542431057
  0.83389275783675076  0.84483610708759360  0.85589533186804190  0.86675802851140304
  0.87743815102970024  0.88848403641617324  0.89958506690421780  0.91069248988464346
  0.92115583313674931  0.93204174436322462  0.94304921396478048  0.95535101496081043
  0.96740769937496707  0.97886263702405096  0.98958302259527431  1.00000000000000000
   6.8268762256932506E-014  -1.0000000000000000     
 T F F F T F F F F F F F F F F F T F F F T F F F F F F F F F F F T F F F T F F F F F F F F F F F
