  0.00504700848230670  0.00522550257487191  0.00540413396381789  0.00559879246209724
  0.00595780295446255  0.00632842708775195  0.00671760774492134  0.00710891276805991
  0.00750160769293990  0.00794479044942207  0.00839795823829251  0.00885411615724273
  0.00932550111688218  0.00982443919978009  0.01037812536057301  0.01095986377617929
  0.01156744917562625  0.01219657050980120  0.01284638357045685  0.01352548713587119
  0.01426780651388939  0.01509874160838354  0.01605366029631777  0.01707564303745347
  0.01815462225789485  0.01929843864843677  0.02055303657663231  0.02201105766343135
  0.02367243778430556  0.02543787691080384  0.02727313059539433  0.02925362764056980
  0.03136760330582188  0.03365991322696303  0.03616991840500929  0.03873674357084905
  0.04179294150455457  0.04596353967824510  0.05083642032737867  0.05576519690835190
  0.06082658566122406  0.06650852270296188  0.07284740138957597  0.07934506363214058
  0.08650512307499968  0.09430013575605517  0.10245811970266579  0.11038098196161943
  0.11842930651347572  0.12743817117094622  0.13763227922488913  0.14829449617292961
  0.15902130519669669  0.17001139057147313  0.18159660781875750  0.19358518014950618
  0.20589551803437681  0.21877651885597174  0.23171709809340052  0.24487453329013389
  0.25822953826161943  0.27213237985418581  0.28635316110295167  0.29994146884351292
  0.31402392217244779  0.32924056018998354  0.34512779904182633  0.36115760381885459
  0.37707441462823765  0.39208066503504424  0.40701073300982571  0.42314922977366470
  0.44093720461204561  0.45909828548280224  0.47726113573315454  0.49621295400594329
  0.51540359939973934  0.53493714679129001  0.55392224767545128  0.57199520179812913
  0.59040637194571532  0.61009429812600846  0.62976919606484894  0.64920507550913631
  0.66872991396969361  0.68939335376838262  0.71035790575070901  0.73142441845684647
  0.75372819943979730  0.77664101827785192  0.80157797563469135  0.82893744682576986
  0.85832580101702161  0.88874558431427386  0.92760491684829260  1.00000000000000000
  0.28953699727993282  0.41611652676106442  0.45441217626672481  0.45850514444600199
  0.46354106547657342  0.47140806991972983  0.48104829501874841  0.48805043664715125
  0.49003934852032482  0.49180077033050223  0.49367561758823914  0.49656463881824897
  0.49929279533522841  0.50206446730075127  0.50443094507429331  0.50657357920535162
  0.50807449709028840  0.51006548724823131  0.51235392601972751  0.51453299450035672
  0.51629723165883745  0.51809172138818849  0.52005072782073236  0.52311089781885278
  0.52507381899688943  0.52705500658155879  0.52879983450284629  0.53118009497593643
  0.53671996106842212  0.54307073734213940  0.54885379212779239  0.55373566780410199
  0.55825494038819501  0.56254907711021940  0.56701362014885248  0.57203645043941265
  0.57753963490913163  0.58415558164317527  0.59217976216723811  0.60182939387056433
  0.60683676056189462  0.61021755025349822  0.61343860250353588  0.61671901235412407
  0.61984677130307675  0.62304294683922590  0.62557949444148953  0.62826201874523047
  0.63086903892649882  0.63362203497453717  0.63622627114534758  0.63884174002490435
  0.64164717240764169  0.64472423875385787  0.64832857771006414  0.65264764599885050
  0.65759111461440667  0.66155177785633379  0.66496179207680761  0.66847277263146010
  0.67224937017820718  0.67606566275193902  0.67953263915038165  0.68247689973308434
  0.68501281660923730  0.68830763547421103  0.69262952294129521  0.69797469494389275
  0.70376965487176524  0.70833102340273335  0.71225955312167510  0.71590679719916506
  0.71985233652817637  0.72542720408145378  0.73085776676134706  0.73538402354979171
  0.73993179660980246  0.74455555208092239  0.74923999634818972  0.75472479995439912
  0.76074089975304027  0.76849620747386327  0.77917977798831117  0.79175841998738017
  0.80439202112681241  0.81815498764174421  0.83296241976725982  0.84685757259324135
  0.85924569888968183  0.87169602699416704  0.88514858716001943  0.90020714475887376
  0.91614964479267547  0.93414792034342675  0.95765276748264416  1.00000000000000000
 -0.00296770177580580  0.01173317516179900  0.02271148632165790  0.03412414842936312
  0.04611952362225076  0.05781468055932190  0.06985735798183192  0.08226540595522649
  0.09383626759115339  0.10422866847355398  0.11386446948109076  0.12322912742743593
  0.13301082238856271  0.14408243407655863  0.15552413512279537  0.16679511734553240
  0.17804810216681724  0.18938710204488507  0.20069696160390954  0.21224123166202058
  0.22379854818258982  0.23476685332976635  0.24435154088707098  0.25295096048675547
  0.26204883522000494  0.27105293266290054  0.27925771260594834  0.28685933546833858
  0.29429964176362550  0.30175900356772173  0.30900127620962864  0.31609028908210102
  0.32335557871735215  0.33217632700284772  0.34163471677735874  0.35046809825332581
  0.35854391102688088  0.36686827518684384  0.37573837852018965  0.38633049205967979
  0.39771314313619088  0.40964519685952838  0.42159417850588399  0.43395758780572191
  0.44486175917395898  0.45507648798699701  0.46403973415911304  0.47276593279853008
  0.48136371375143133  0.49023494106810306  0.49984853884151342  0.50949914240077310
  0.51834388406299259  0.52954732219180767  0.54187132576642405  0.55425549593668122
  0.56583016844360501  0.57568317862154783  0.58444213440915527  0.59260510003040878
  0.60137864171485111  0.61024143181597046  0.61908670961074086  0.62767198784956335
  0.63751889367135306  0.64740414131808321  0.65681044509540365  0.66668863778795007
  0.67683988685848051  0.68809521842432664  0.69972901378889063  0.71180770231288282
  0.72363991350559331  0.73531420086341615  0.74738265531029158  0.75982330160291234
  0.77238553947309097  0.78419791797205418  0.79535000964356461  0.80617714819804054
  0.81728936591067036  0.82911585847875613  0.84176239275055664  0.85452719810741917
  0.86666255036463591  0.87804392989366709  0.88962034290473280  0.90128829074876193
  0.91356228492351377  0.92641440964074362  0.93981259104346782  0.95335652668778548
  0.96625833807888784  0.97804584937596217  0.98902169854322508  1.00000000000000000
 -0.00317214898653311  0.01211444092938784  0.02430576021743358  0.03644628988082339
  0.04705382960045958  0.05777200054364587  0.06803024901646156  0.07853347356388315
  0.09010854258464014  0.10096362579821197  0.11072909405350345  0.12065704794135462
  0.13061445324907792  0.14082932720506533  0.15178025509399032  0.16246344373650348
  0.17427395977820956  0.18601443877139209  0.19816640882042760  0.21003815854812544
  0.22326516465969545  0.23352974045387115  0.24274371407465417  0.25146815252258664
  0.26040900136207462  0.26955933703426521  0.27804999192980617  0.28618347642581493
  0.29416689352227726  0.30279470613603032  0.31169148904130661  0.32023033160831432
  0.32927079196181708  0.33829292103030340  0.34725665767780112  0.35668010427413399
  0.36651844894935537  0.37699150305721080  0.38769106597521547  0.39895963861737060
  0.41115734020373729  0.42354633127345676  0.43666596438060240  0.45015452718792198
  0.46238018148478033  0.47380632094705516  0.48520395332120603  0.49627943222394072
  0.50691301845661141  0.51761101190725023  0.52933185863124221  0.54192101747507471
  0.55303762851377580  0.56396628065380461  0.57472144641914480  0.58525687285303152
  0.59465228209120979  0.60335153336846425  0.61215070391829929  0.62130860965274093
  0.63165273815949008  0.64143833731476174  0.65168304670917432  0.66216833357444893
  0.67175594705035258  0.68207183708899122  0.69142855975684947  0.70223694747566578
  0.71249284055281215  0.72315005576233315  0.73286633627083952  0.74315143177727006
  0.75412865200297574  0.76541231855045022  0.77605252733670949  0.78781924974987616
  0.80068558588964034  0.81375003345319319  0.82631841196095079  0.83839278078930002
  0.85024267822242550  0.86153945106621643  0.87213022902144899  0.88214293462359195
  0.89155677058040261  0.90095454111920525  0.91024805141011866  0.92026389001998599
  0.93098439449276149  0.94157885102044725  0.95216634646182075  0.96209834396370109
  0.97270521965699430  0.98266927890776845  0.99143378729730014  1.00000000000000000
 -0.00198646965097569  0.00904655696755536  0.01999904601419275  0.03003287995623802
  0.04082950955729499  0.05345570000594097  0.06634681701157774  0.07985631562369570
  0.09231075682397905  0.10441071154738253  0.11691037752193602  0.13050791428731900
  0.14513230807746408  0.15714928111859564  0.16734266142674339  0.17697028700312090
  0.18651054613057294  0.19625606620755409  0.20640382048670236  0.21811698765273871
  0.23092785571123178  0.24302427348928052  0.25450507399206407  0.26393202600517229
  0.27412539862483010  0.28525375559331195  0.29769358156849263  0.30944815291491756
  0.31969108500057819  0.33023270200224336  0.34137763210452027  0.35244128877377240
  0.36313221228438652  0.37341792960388831  0.38439348219759178  0.39558869933408591
  0.40680060186365985  0.41702084546350282  0.42616050335807304  0.43554301319315086
  0.44604691373209615  0.45742949305787706  0.46891352445091694  0.48042538034210630
  0.49183086518272617  0.50300674632734366  0.51428555699486378  0.52544903207988347
  0.53565765774937735  0.54524720192521714  0.55452513943941084  0.56385776383707775
  0.57346135532660802  0.58297245013903787  0.59330395939941949  0.60334078204946717
  0.61281623494212534  0.62209562931480000  0.63181923178402144  0.64191824741605175
  0.65308235906743894  0.66452448485389237  0.67480560178298632  0.68484309846196156
  0.69530191609032910  0.70666964441400493  0.71940812107566154  0.73088279393684297
  0.73953559573913674  0.74905375264248797  0.75810544718145978  0.76730931871889629
  0.77576091346002529  0.78380172258143277  0.79151965864400364  0.79981411621920562
  0.80927293970147562  0.82004267845772061  0.83157849164946396  0.84260656550341673
  0.85341272091824172  0.86491611081654429  0.87613441448585228  0.88576267842030376
  0.89450845005287150  0.90337226206704901  0.91213486478699268  0.92116378348236394
  0.93105587597001793  0.94137168939228544  0.95173237124075605  0.96196261588947396
  0.97156442836442691  0.98133483533430332  0.99025535450918412  1.00000000000000000
 -0.00199742103283237  0.00909629467821651  0.01829424105179791  0.02813230575819417
  0.03803862368720280  0.04875132430072368  0.06099062756416557  0.07408590788056350
  0.08623187794281276  0.09644221641918709  0.10662908608390995  0.11680445624768380
  0.12651346061159066  0.13541505083921931  0.14364098040939002  0.15215447483229508
  0.16202234364193127  0.17121465009085257  0.18079079913265883  0.18958441383862523
  0.19727553045760188  0.20495769379787918  0.21281569250642834  0.22022982427661247
  0.22785895002576759  0.23769179430242662  0.24884888983571146  0.26016018846509187
  0.27161959896891952  0.28304764302530722  0.29536049465927455  0.30780891885385542
  0.32072616106118707  0.33238027311588586  0.34367168679979937  0.35453318956399416
  0.36491443143178665  0.37545492550171033  0.38735030874347065  0.39943054105123232
  0.41152440072915025  0.42399231376020230  0.43622607096732496  0.44580769562565026
  0.45415567766430165  0.46223419005582234  0.47112240819345735  0.48129092176796379
  0.49055475684670158  0.49985863262642222  0.51071527316615428  0.52259848396724229
  0.53447360039065051  0.54596404354731987  0.55727811785493431  0.56815219288952423
  0.57879188249324276  0.58987322730059710  0.60123766097723375  0.61152236694632145
  0.62082766129537847  0.62976894759326052  0.63849869670144921  0.64947364366206184
  0.66049160015154251  0.67082779083879851  0.68146002873419986  0.69319318076817527
  0.70592833663535393  0.71585857576826328  0.72469780738380563  0.73362439573240290
  0.74372595456402901  0.75384042122881445  0.76378533754864308  0.77334573663540829
  0.78305492462708615  0.79248374865183790  0.80153540547951663  0.81115892826166525
  0.82104340647127316  0.83089828613598071  0.84073565843827913  0.85032386067943089
  0.86090012642085612  0.87202825158639585  0.88334367769671096  0.89647927098192670
  0.91105146453366814  0.92393512448323944  0.93584622526078964  0.94779402279717917
  0.96187701540857518  0.97471379262195568  0.98764413915968752  1.00000000000000000
 -0.00319885936747407  0.01131165112889578  0.02182812805960949  0.03211978945097175
  0.04158927798106855  0.05060754811751841  0.06014283130922128  0.07006828835985152
  0.08008682604469568  0.09011652397560221  0.10030231228905140  0.11182776700229960
  0.12444392032773118  0.13585620667640383  0.14789263563474678  0.16055594234321902
  0.17307671365670435  0.18478950672091538  0.19521694957807451  0.20435109691963052
  0.21346203338011266  0.22281229452182558  0.23306878742521114  0.24305480482905273
  0.25353870568305636  0.26497435270446618  0.27641029130526518  0.28779319270572207
  0.29897337785137679  0.31086224838210036  0.32323524676721804  0.33561265704750298
  0.34804461634193096  0.35987962983083754  0.37147222584574280  0.38270733879201657
  0.39398085000898614  0.40447357305153392  0.41458688250437653  0.42461092611478313
  0.43476628183271282  0.44383981576418274  0.45253300446563149  0.46093814781112791
  0.46992041721587613  0.47924308046161640  0.48837321191137378  0.49665484040266927
  0.50617381291612062  0.51791086609694670  0.52923064477965254  0.54092410799029067
  0.55215959984490826  0.56267030501369497  0.57261708416707158  0.58236884343434525
  0.59257276474128218  0.60324691342786407  0.61510317878415899  0.62706356177211064
  0.63834334571226226  0.64958055364190959  0.66053399439883909  0.66984893425917769
  0.67822319996984326  0.68603124702263352  0.69440215878518385  0.70270658200130542
  0.71153748691501939  0.72105313567231044  0.73099191404502506  0.74173391419683565
  0.75213618784457237  0.76159065206283894  0.77064438276392233  0.78000642993320890
  0.78977536404495130  0.80058440719223678  0.81009438133747680  0.81863179780202033
  0.82771454657216226  0.83810774683359013  0.85087608322144104  0.86320654185152024
  0.87449112063535128  0.88570932397439239  0.89777251296677463  0.91084762545220521
  0.92361687846210028  0.93539870893666732  0.94581661324833222  0.95567199839690464
  0.96596969055160009  0.97676759957963055  0.98793169198777897  1.00000000000000000
 -0.00162824464568065  0.00729428609529609  0.01542677749449118  0.02452551849415625
  0.03310850350229177  0.04119217342595023  0.05220264638574306  0.06633656976212768
  0.08061413398255673  0.09294978821925919  0.10444345812592484  0.11475068401665418
  0.12356659831385969  0.13188032243713643  0.14027345661697238  0.14916340669089478
  0.15992142484080879  0.17212275207662064  0.18510205609675229  0.19791918817766033
  0.20875964728387383  0.21860430015485627  0.22855508874486161  0.23909535610101879
  0.25025959447284890  0.26079426329530303  0.27069974057026364  0.28037342184993830
  0.28986323762003025  0.30045120171744366  0.31187823786713625  0.32360625825393874
  0.33548157484711955  0.34788974604532846  0.36087101711563652  0.37275360353319392
  0.38431790992539971  0.39547270990373812  0.40615575002664073  0.41770006845411189
  0.43036375555650724  0.44295395851865427  0.45512722070698164  0.46657791635906931
  0.47840478448732748  0.49132483704446672  0.50287691106400145  0.51314982572772561
  0.52322200039610334  0.53465954900933910  0.54797192582395082  0.56189051961142722
  0.57591827382377647  0.58988522429722867  0.60245569906529317  0.61197818064393916
  0.62032186549808743  0.62857012864741579  0.63734078199501976  0.64642586638668309
  0.65469419559194852  0.66189402032363276  0.67004946954922628  0.68016523319748545
  0.69124940824432812  0.70213692492787372  0.71272813376570054  0.72249501093533552
  0.73176060454508107  0.74074925360003629  0.74915729296389078  0.75800371509798392
  0.76721409818090780  0.77881775041293311  0.78968948771711445  0.79960159819548260
  0.80940705599547658  0.81930759077129234  0.83015675718819670  0.84022202608962659
  0.85107715344313351  0.86246322448497437  0.87335267389895099  0.88299580783769849
  0.89201868185839328  0.90188390237975213  0.91316630423319312  0.92439952616137899
  0.93467286286866780  0.94465781282502825  0.95422175412927634  0.96330689055288321
  0.97220555435966893  0.98184065058994696  0.99108772384434551  1.00000000000000000
   4.7892814063105270E-029  -1.0000000000000000     
  <DiscreteSampler_grid>
  Helicity
  1 # 1 for a reference and 2 for a running grid.
  20 # Attribute 'min_bin_probing_points' of the grid.
  1 # Attribute 'grid_mode' of the grid. 1=='default',2=='initialization'
  0.0000000000000000 # Attribute 'small_contrib_threshold' of the grid.
  0.5000000000000000 # Attribute 'damping_power' of the grid.
 # binID   n_entries weight   weight_sqr   abs_weight
    1   4043   4.857875578404342E-029   1.183699592260554E-055   4.857875578404342E-029
    2   33   1.616989571132404E-031   3.014459599490698E-060   1.616989571132404E-031
    9   20   5.700215263877237E-041   1.504290539579147E-079   5.700215263877237E-041
    10   20   1.092770067202522E-043   5.821764576941749E-085   1.092770067202522E-043
    17   5628   6.123845266716204E-029   2.046762517956580E-055   6.123845266716204E-029
    18   24   1.284076214300678E-031   1.348734847820835E-060   1.284076214300678E-031
    25   20   4.750482863871197E-041   1.064891492855109E-079   4.750482863871197E-041
    26   20   5.485438698362873E-044   1.328013704764066E-085   5.485438698362873E-044
    33   4309   5.040874558914872E-029   8.668611079197036E-056   5.040874558914872E-029
    34   22   6.153346187039839E-032   4.168934246097185E-061   6.153346187039839E-032
    41   20   5.812976616129522E-041   1.209084605113577E-079   5.812976616129522E-041
    42   20   7.326549424269237E-044   4.692632210468492E-085   7.326549424269237E-044
  </DiscreteSampler_grid>
