  0.00188700344885996  0.02801879309739522  0.05104918082677920  0.06741729514805524
  0.08177909458149046  0.09398453367769652  0.10586635443669344  0.11860975768751521
  0.13162062084035123  0.14451636876934948  0.15729490440736249  0.17056762949744933
  0.18321476984344512  0.19568593163886830  0.20787493661539824  0.21966272306290580
  0.23132383387625974  0.24260182064948205  0.25287039031372593  0.26240973481580626
  0.27174342710953209  0.28116539528931767  0.29046101617019432  0.29946751952730521
  0.30837925292647062  0.31782083461990901  0.32806877250502614  0.33732070355262495
  0.34585390825788020  0.35440738642659741  0.36294403754491650  0.37145110328193154
  0.37998994394996632  0.38828372185179150  0.39692207075750513  0.40612149539013381
  0.41539606015021957  0.42458814702978237  0.43374474647966382  0.44286213123700835
  0.45191774640070775  0.46104297615550560  0.47056620925355558  0.47992594349717482
  0.48924909659711469  0.49860020832181340  0.50797847353218895  0.51737599449886384
  0.52676350091369117  0.53615697224109227  0.54560913036584191  0.55485507978862636
  0.56395008251523870  0.57316010143515017  0.58213776011113738  0.59053531979866658
  0.59882977293180428  0.60729578548648289  0.61581075632676907  0.62433715735829542
  0.63276144639344778  0.64108018430447578  0.64939010345386838  0.65781833280127633
  0.66639657301763433  0.67514002544691465  0.68397296723963175  0.69277636776616514
  0.70156439040218177  0.71056393489664127  0.71993017086711586  0.72942366229669275
  0.73875848122717669  0.74822049403588831  0.75900985960001088  0.77011681888027761
  0.78008815818371302  0.78998729506069754  0.80010987737186756  0.81036586502959895
  0.82073545496188283  0.83123226316339371  0.84192075094514884  0.85297484755041197
  0.86418622676567425  0.87610881552580366  0.88391497961779342  0.89216437615056599
  0.90137131511947577  0.91325785882304722  0.92779106393064470  0.94067909293259933
  0.95162395484416162  0.96482011200842110  0.98032413254590123  1.00000000000000000
 -0.00309499519986490  0.01112523431524092  0.02256925628336005  0.03330747462041977
  0.04417611419146315  0.05506025442930462  0.06588564245275902  0.07656328752124091
  0.08702938725829870  0.09750636379389302  0.10808623644354588  0.11842261878680849
  0.12866431898704578  0.13876709145393709  0.14951410072679019  0.16180754683051027
  0.17272882756487512  0.18330318354809796  0.19406462029518523  0.20463891652945840
  0.21451528610550757  0.22430358629825381  0.23447142120105652  0.24495919968157318
  0.25531749624837491  0.26434494610960407  0.27148752186353348  0.27831549463407129
  0.28570785366898860  0.29476345525213105  0.30472956135676993  0.31466297901210705
  0.32482961396277593  0.33534482550306172  0.34604249070099169  0.35666958478062899
  0.36702186823562227  0.37754073317841796  0.38866323258602870  0.40010001127159878
  0.41178654493530414  0.42365318498998894  0.43551840146396475  0.44755055813061767
  0.45964561127109582  0.47184555367636272  0.48331834892898323  0.49452795803253169
  0.50574424482662372  0.51709131238354511  0.52821099243604075  0.53969235285223327
  0.55148051363011497  0.56354477464721164  0.57520810013398505  0.58677441914305517
  0.59846596005996500  0.61091058535763421  0.62328716743340340  0.63239488091874319
  0.64057286679016168  0.64906352728767991  0.65764345454253914  0.66632621223352995
  0.67489336777015252  0.68333697884115341  0.69298979392008364  0.70430421091654027
  0.71507563633304472  0.72484657419568732  0.73479263109750015  0.74494468924763591
  0.75451642507665873  0.76329264839019040  0.77222300713016734  0.78152431761579322
  0.79085673998003858  0.80011514977811926  0.80936026287561025  0.81942752233492322
  0.82987403145351124  0.84055992934619783  0.85139435129120666  0.86317654090580354
  0.87569551017621594  0.88766631003510843  0.89909887333000371  0.90996310755586318
  0.92089606040576177  0.93186301309051656  0.94286905720268566  0.95393466888495004
  0.96519105994703258  0.97685031250965237  0.98836100451045583  1.00000000000000000
   3.9350071180400646E-010  -1.0000000000000000     
  <DiscreteSampler_grid>
  Helicity
  1 # 1 for a reference and 2 for a running grid.
  20 # Attribute 'min_bin_probing_points' of the grid.
  1 # Attribute 'grid_mode' of the grid. 1=='default',2=='initialization'
  0.0000000000000000 # Attribute 'small_contrib_threshold' of the grid.
  0.5000000000000000 # Attribute 'damping_power' of the grid.
 # binID   n_entries weight   weight_sqr   abs_weight
    1   20   2.332823027335345E-021   7.713702257585334E-042   2.332823027335345E-021
    2   20   3.965270362569646E-014   1.357380786205185E-027   3.965270362569646E-014
    3   14410   7.541971854008428E-010   1.247937895663720E-018   7.541971854008428E-010
    4   20   1.511824307920553E-015   1.870354771122021E-030   1.511824307920553E-015
    5   20   2.617873002273005E-019   7.593705001018165E-038   2.617873002273005E-019
    6   993   6.924465310837542E-011   1.511033312998941E-020   6.924465310837542E-011
    7   332   5.431917084250790E-011   8.023541256751363E-021   5.431917084250790E-011
    8   20   2.617873002273029E-019   7.593705001017877E-038   2.617873002273029E-019
    9   20   1.511824307920554E-015   1.870354771122021E-030   1.511824307920554E-015
    10   14285   7.349410377147734E-010   1.194351590772591E-018   7.349410377147734E-010
    11   20   3.965270362569646E-014   1.357380786205185E-027   3.965270362569646E-014
    12   20   2.332823027335345E-021   7.713702257585336E-042   2.332823027335345E-021
  </DiscreteSampler_grid>
