 -0.00000000105819106  0.00000000508785915  0.00000001830743261  0.00000003316166459
  0.00000004778904647  0.00000006136882408  0.00000007506475110  0.00000008939912662
  0.00000010474156550  0.00000012176802504  0.00000014013393277  0.00000015884570585
  0.00000017799948166  0.00000019795092474  0.00000021890906638  0.00000024205873204
  0.00000026832924655  0.00000029582855889  0.00000032336431703  0.00000035007429387
  0.00000037710225116  0.00000040566458215  0.00000043374439198  0.00000046047862810
  0.00000048580662853  0.00000051682426495  0.00000055239239462  0.00000058905604581
  0.00000063468881702  0.00000068714939838  0.00000074123980216  0.00000079397780555
  0.00000084800925465  0.00000090454363411  0.00000096344924572  0.00000102402404607
  0.00000108808157763  0.00000116380933265  0.00000124165818673  0.00000131408463710
  0.00000138044087153  0.00000144455757293  0.00000150765006476  0.00000157616051277
  0.00000166342136523  0.00000175927582684  0.00000185024369489  0.00000194909621752
  0.00000207065138316  0.00000221023733711  0.00000232600645730  0.00000244496909889
  0.00000257312350056  0.00000266767541888  0.00000275427222502  0.00000287815081984
  0.00000301122423785  0.00000316272516251  0.00000331730563081  0.00000348639918005
  0.00000372422571160  0.00000395704910527  0.00000418118552856  0.00000435505229841
  0.00000450704336071  0.00000467492768954  0.00000483841158125  0.00000500894302377
  0.00000517516198359  0.00000533389716713  0.00000548429073379  0.00000562714866791
  0.00000578057725768  0.00000592258143336  0.00000602581334476  0.00000613307133856
  0.00000625104466314  0.00000639580599568  0.00000669918074124  0.00000700690815345
  0.00000733235047447  0.00000772962060850  0.00000814772827654  0.00000862676558096
  0.00000908236431232  0.00000952969334340  0.00000994863805021  0.00001027465856463
  0.00001061591944180  0.00001106335339176  0.00001170461616622  0.00001252858586051
  0.00001338587088895  0.00001441774754432  0.00001611484662956  1.00000000000000000
  0.00182560667428701  0.01884449296511483  0.03480040776503563  0.04746497889263317
  0.06012325789742699  0.07283146139575963  0.08568162477384275  0.10013205835477534
  0.11269375123499739  0.12328248579623567  0.13267336170102090  0.14162820112403127
  0.15063271236705589  0.16027304723487068  0.17222741551630349  0.18546133761568070
  0.19632623973241925  0.20630673200924257  0.21662141388313591  0.22687753333382651
  0.23494312888380844  0.24156508672029764  0.24827155518073707  0.25610417486795867
  0.26568382306978822  0.27586357940251771  0.28661162934391721  0.29732884586539349
  0.30617913648353429  0.31334744917183038  0.31911423126977290  0.32448416192888413
  0.33159854945820633  0.34164704768723514  0.35190839136549718  0.36046367869012413
  0.36693146180477565  0.37291782433414394  0.38075412191965108  0.38798632529050053
  0.39473569580123868  0.40167719395678458  0.40955299218545044  0.41875254356266811
  0.43065523360340630  0.44414174645280108  0.45705868108065234  0.47253956611420062
  0.49220806163114861  0.51108865394871505  0.52182808928661084  0.53202790138624034
  0.54220807970810581  0.55297428592317555  0.56436335967940898  0.57776099027017025
  0.59261969934267622  0.60810337334453823  0.62257925700782402  0.63460630519321137
  0.64589815277083762  0.65653115196626854  0.66530522034260020  0.67288095538677406
  0.67983030958659263  0.68687687051669555  0.69464934670989509  0.70368866664651208
  0.71430187778675625  0.72987902739538024  0.73907593419521933  0.75103734299318059
  0.76290864556355176  0.77561063019147880  0.78286134273511843  0.78920216388836517
  0.79871293503188445  0.80711152316672319  0.81345697147589602  0.82005442148683383
  0.82753684739998279  0.83539902538394872  0.84517784190591971  0.85585270688700277
  0.86671404950244224  0.87946467423867181  0.89429575061388222  0.90531888698397112
  0.91574537179389637  0.92604300325445332  0.93550890953464105  0.94278308030242963
  0.95113605768782128  0.96146630925857823  0.97433839573166559  1.00000000000000000
 -0.00388989578321572  0.01388155329280161  0.02687205846440479  0.03830611439515201
  0.04907168853931697  0.05914117172097446  0.06915860766189683  0.07896998726506230
  0.09007865408880736  0.10244654549899065  0.11149960013272243  0.11888379836912903
  0.12624097868831521  0.13211204469455395  0.13994259602759385  0.14766810201107589
  0.15372490829066679  0.15842101711126547  0.16286666744227130  0.16773617292373516
  0.17366538062247069  0.17980452302140892  0.18566884779871601  0.19407145704061662
  0.20281343670635218  0.21049852597802357  0.21833704683717586  0.22621123015197511
  0.23419901663567574  0.24268902714759977  0.25643666239279600  0.27031324199129714
  0.28489453912345297  0.29825877382859012  0.30970420539318394  0.31975824073303433
  0.32943959903809017  0.33886535454340244  0.34756822575138385  0.35609333908862850
  0.36467715315327948  0.37325251716785907  0.38459415978971601  0.39582257407825033
  0.41177142003714007  0.42070270228251694  0.42950715275121620  0.43822277903845847
  0.44887435524785141  0.46017662764838924  0.47029218739063888  0.48124903106570871
  0.49349512353197850  0.50471652461711314  0.51253271092747399  0.51929751444236505
  0.52550921983793586  0.53207271552734747  0.54060372905220100  0.55140505463280320
  0.56179572638599451  0.57259329518762192  0.58439031663967478  0.59637816429454416
  0.60894068391973366  0.62090909119798199  0.63247903757497692  0.64483502166221951
  0.65775304399590051  0.66964658180909231  0.68135279129221116  0.69248202776746082
  0.70234603048102606  0.71248199840199722  0.72418083155330670  0.73840998906286881
  0.75517384514294605  0.77096934089358415  0.78420788821332543  0.79437690829708230
  0.80315940829875898  0.81328511042960083  0.82416479943189846  0.83510611574342752
  0.84615553839868651  0.85939622327595122  0.87836764579596804  0.89442297191050069
  0.90828033008483566  0.92091681725151364  0.93267425365666312  0.94326909644908974
  0.95499419001452124  0.96773003274770453  0.98057350740532867  1.00000000000000000
 -0.00158513852198426  0.00768300852503729  0.01707410443146252  0.02540589272146389
  0.03248701154944601  0.04085418662062111  0.05006567393098207  0.06013168110318279
  0.07037042205160551  0.07908191873166556  0.08738562955470634  0.09599445231918685
  0.10604116873369099  0.11717984345238126  0.12669431351043203  0.13486914174330164
  0.14391338220162869  0.15386856795610682  0.16274278289203170  0.17004511549090720
  0.17675527894681939  0.18462235450048234  0.19560252104922277  0.20875307961781747
  0.22126522231652562  0.23232516505962758  0.24251943218500066  0.25269335711678081
  0.26460685612985924  0.27689544474523725  0.29092032920311800  0.30669765537771360
  0.32152487702489990  0.33456847079442459  0.34837682731956804  0.35757827798895714
  0.36635280208186249  0.37548912177093768  0.38572726689625492  0.39608935268383055
  0.40991833323001031  0.42535345136575919  0.43986544463889587  0.45177470317379192
  0.46115299011275318  0.47094909745475122  0.48035085904395047  0.49118000554897473
  0.50060407889967040  0.50994237996656833  0.51991198864479549  0.52938309871851696
  0.53703294145549973  0.54508068587780723  0.55434543318923712  0.56471093072449141
  0.57541046227266834  0.58678469440545655  0.59800587407530936  0.60840782702612717
  0.61784003387170838  0.62676610064835048  0.63674604341872376  0.64733009953437970
  0.65587437221483091  0.66440618506629556  0.67327872669158817  0.68186529314414945
  0.69079817137218802  0.69994662538044716  0.70907591965031624  0.71917698080192050
  0.73059101648837887  0.74268324704602418  0.75499545518842937  0.76938346525337564
  0.78531111346267213  0.80235567892334447  0.81904871962938830  0.83620575446695955
  0.85109166641166401  0.86401687155740070  0.87569510240475767  0.88762393533419137
  0.89948877376018488  0.90713520092375666  0.91452335617290770  0.92213016339597675
  0.92959583038205740  0.93680992341150748  0.94344524985744260  0.95026860394795554
  0.95841249831794484  0.97086500124898800  0.98605518087269939  1.00000000000000000
 -0.00335726809144685  0.01872662368520191  0.03577116697931787  0.05349675371956612
  0.07324571091335658  0.09791528945080780  0.12611378171952192  0.15543341308439310
  0.18100682632472315  0.20397120197198434  0.22143735184897748  0.23456920443331652
  0.24571218676614343  0.25794144044114342  0.27598310560960976  0.29542833060249751
  0.31148495975152019  0.32736143717193117  0.34851122974351234  0.37430411240076733
  0.39893355959751042  0.42130423021898034  0.43902110463054067  0.45448673997366135
  0.46713813030839385  0.47937951637603898  0.49152227434761908  0.50469447279199031
  0.51916158610021201  0.53315518252559324  0.54615759599082059  0.55964085193187862
  0.57214691107401594  0.58560712244116231  0.59641450293390907  0.60742947054048846
  0.61694994093072442  0.62620080247968402  0.63361485884756286  0.64151361266552409
  0.64956890873939621  0.65888449103286029  0.67116615831250948  0.68396019752267689
  0.69577328067782596  0.70712336630372408  0.71776594788824377  0.72709413987280758
  0.73470131009152506  0.74151223196549843  0.74858877374754418  0.75473938126916273
  0.76180627896218989  0.76945407641079877  0.77799609245956702  0.78661347245026436
  0.79527218366658337  0.80378195967500110  0.81163720387075700  0.81923651268432396
  0.82572086915635767  0.83164276776723700  0.83687471710344985  0.84098258704903917
  0.84691201126418114  0.85284835255544533  0.85862128551440375  0.86422735902355974
  0.86940471796048402  0.87332778499209740  0.87828084842114051  0.88335602879470243
  0.88837465904790314  0.89555095259978390  0.90303289468585635  0.90951712884362168
  0.91556743557203324  0.92149882842483088  0.92747390091578796  0.93404340453057044
  0.93949338955095529  0.94434638597249210  0.94916851336596675  0.95377984704918140
  0.95807624580643291  0.96275026628216398  0.96767342664635514  0.97248898952210872
  0.97676346836817340  0.98074310026613409  0.98463007679361747  0.98889654451525810
  0.99270680922700716  0.99529030046524392  0.99769589986472562  1.00000000000000000
 -0.00243553769027427  0.00987178179827949  0.02122163078113153  0.03389613458002903
  0.04692521509817101  0.06118988606705943  0.07473651984611208  0.08628763020835158
  0.09554409871493440  0.10439582430433804  0.11561585373628519  0.12866243667112603
  0.13877319106218344  0.14805825338039014  0.15640418996291561  0.16349012092575246
  0.16998905271932757  0.17802717627433778  0.18654493422894469  0.19279016725490508
  0.19837996068527625  0.20361476874406700  0.20992880239592415  0.22227587168674634
  0.23511926426531915  0.24557416080722078  0.25581893772614267  0.26570913159603932
  0.27505041071511072  0.28477528565308780  0.29827570495493411  0.31375591452944246
  0.32771840184797613  0.33744456973846204  0.34601254006092047  0.35509172377588694
  0.36616182705825007  0.37815687336228254  0.38804852609347851  0.39739044293773207
  0.40716344173822483  0.41728786396990353  0.42729792287542928  0.43622512897353355
  0.44417014843114011  0.45295970229786775  0.46299833985884115  0.47239045345451125
  0.48113390397736866  0.48902852611005532  0.49707465622155633  0.50576418935315859
  0.51418662952424599  0.52350137846461564  0.53634943576976046  0.54931647263884409
  0.56079127408691765  0.57153058197998619  0.58222651371278855  0.59393794624339946
  0.60842863920156787  0.62379873968166910  0.64000507599731205  0.65611549709048478
  0.67040386342754521  0.68421339309398788  0.69817205531152904  0.71485423840641404
  0.73344551999473950  0.74854346131554872  0.76040355600531850  0.77012075486822495
  0.77752340624912131  0.78388983748417462  0.79019953554037214  0.79596451823156911
  0.80405545515925203  0.81432908881023935  0.82657132608583994  0.83906843984651136
  0.84843842291785587  0.85619691630401951  0.86379531742184956  0.87137037062362044
  0.87961655493322055  0.88942908896163053  0.89896031598645232  0.90773739664071729
  0.91680509055592574  0.92562632943484879  0.93563072980037576  0.94764632825166439
  0.96056608061004145  0.97266602734494001  0.98571653005583604  1.00000000000000000
 -0.00232417447886610  0.00961572054590086  0.01976053126100758  0.03029684861317643
  0.04078096858792245  0.04807008644005446  0.05473288490772928  0.06191266480938452
  0.07182772544157404  0.08320460130466231  0.09471791593880828  0.10556343478802852
  0.11686200712526651  0.12822547645330445  0.13895258079466277  0.14934434642346928
  0.15935586137034982  0.16764529251750326  0.17742229253312222  0.18756499100942065
  0.19980702099916736  0.20981434974615706  0.21694193051500871  0.22321780527147514
  0.22972647973871627  0.23747695214320394  0.24584667354471379  0.25364328188374485
  0.26059446962354843  0.26701544517325421  0.27743223017635521  0.28959696901047710
  0.30206155458896750  0.31316466519186886  0.32224748507841894  0.33162255515509642
  0.34179640808668987  0.35047780397614536  0.35626993541152113  0.36138188267602556
  0.36624985980773089  0.37055908891615041  0.37788448949690223  0.39020015780779077
  0.40260019258586349  0.41415301058123261  0.42359225455513877  0.43132076910686562
  0.44081655288845545  0.45098788931971329  0.46120433515770792  0.47028000044439444
  0.47826726225811150  0.48713297775565506  0.49661146731770156  0.50575461450301895
  0.51441316615840016  0.52460124796847030  0.53651065932715125  0.55056727315447374
  0.56467339746611989  0.57662171839580900  0.58624402413449361  0.59429622799528303
  0.60282066742442741  0.61439027483431052  0.62601834833819459  0.63521949572290815
  0.64460672970958921  0.65428044794403528  0.66466667355392839  0.67582279547987079
  0.68858267950440888  0.70461316768166005  0.71924593797829994  0.73325440697142819
  0.74679194176327857  0.76161490819090438  0.77745562330262818  0.79207685057221133
  0.80708487179852662  0.82072129976188524  0.83241136628400947  0.84394630696178374
  0.85453507235964021  0.86455586941240736  0.87595080336849651  0.88806859039786512
  0.90108166105266874  0.91488219551671601  0.93038178530008175  0.94416090111281104
  0.95774804364727550  0.96902813916709074  0.98106802585690467  1.00000000000000000
 -0.00406408464386273  0.01575817668946218  0.02867988233509183  0.03963483323565890
  0.05056990962071806  0.06242190451076531  0.07453845132491599  0.08667147094132968
  0.09906154739615874  0.11109148464288189  0.12403517516033447  0.13846199242283794
  0.15403325155366587  0.16675049212213797  0.17606451365521472  0.18360464881399022
  0.19125130467766527  0.19902086256217394  0.20664421807984704  0.21485665643319865
  0.22435589059035557  0.23725522580945091  0.25058403247447819  0.25997213098221583
  0.26785332200333967  0.27604558751752373  0.28464870388905239  0.29405699492133380
  0.30177015366565985  0.30979159454382771  0.31908451428007245  0.32786338076924293
  0.33627831081009069  0.34480691375087374  0.35381913697504641  0.36569826590853705
  0.37741739862121948  0.38799100214199306  0.39890081403947458  0.41000166754170497
  0.42050246508228678  0.43246950023577557  0.44774315375479723  0.46325806324188179
  0.47263212178638214  0.48150307781728824  0.49112044578574143  0.50067188892439107
  0.51001425583238358  0.51855218841684958  0.53447593925661674  0.55088240117796428
  0.56595050680252257  0.57902285268401266  0.59140428089953945  0.60291811769774162
  0.61469498858214389  0.62646592203339657  0.63846126457633667  0.65043032329782069
  0.66152869535713332  0.67099539374440564  0.67957860460677622  0.68783339892448347
  0.69940053674255176  0.71111104176536533  0.72266217701758995  0.73611249951512592
  0.74980386643176933  0.75983179818317470  0.76630487054288488  0.77255522330080617
  0.77884690944599821  0.78604462981278256  0.79500279845096700  0.80319225387979332
  0.81185743912628916  0.82152699467228285  0.83176658712067397  0.84148571440789632
  0.85004232800824708  0.85809723134523419  0.86614574032528902  0.87515628839207238
  0.88631722544882441  0.89822545427638567  0.90907267078376608  0.92041917183130362
  0.92742274160712757  0.93359495930980840  0.94010486189320297  0.94636683551876499
  0.95429716267654929  0.96679270984119314  0.98152089705470746  1.00000000000000000
  0.00013574196770935  0.06188502938940310  0.09864150133467911  0.13110761284695333
  0.16074817509774486  0.18516600987434406  0.20809758634817974  0.23010609899828699
  0.24972346417173052  0.27035356155998258  0.29306016443780530  0.31567303945966874
  0.33701204938135526  0.35748801081807247  0.37960362385319241  0.40224347789235276
  0.42253585803116889  0.44221532548386006  0.46532511559904666  0.49037051638187895
  0.51360762140231175  0.53347008602251200  0.55149062153567019  0.56981899371666556
  0.58847139657465386  0.60526271437361778  0.62246635387342919  0.64091941524041041
  0.65887730644322895  0.67608509564169927  0.69160229812209162  0.70585874564360673
  0.72064985858380248  0.73594370362451522  0.75170631738441429  0.76703600222686508
  0.78154165059599712  0.79670354280004518  0.81219544623375861  0.82763389415503297
  0.83955882646505842  0.85018614509807044  0.86112693127872164  0.87165284893780315
  0.88202029721684838  0.89191031049443825  0.90220860535973679  0.91167734772853759
  0.92020953573255748  0.92801865702199926  0.93502214395126515  0.94081330199721680
  0.94522266396361776  0.94987734467278695  0.95458946608231365  0.95856774971160774
  0.96140208524126192  0.96357153678519802  0.96569484470620159  0.96784944798235129
  0.97009571099517578  0.97229358397367827  0.97419838245892010  0.97581204459669679
  0.97727204380230215  0.97847918256646271  0.97955386760624874  0.98052862989152856
  0.98146720887417993  0.98221167732365933  0.98290457904424544  0.98355304608863969
  0.98415674936733166  0.98476463458000796  0.98539379502787428  0.98591937887381309
  0.98640016944848330  0.98684356987621613  0.98726407189514731  0.98766231632891244
  0.98799295277254728  0.98833299974819477  0.98868301128852665  0.98901858359015038
  0.98932680181781463  0.98955937310749065  0.98978505124665794  0.99000582690598193
  0.99022638646871775  0.99044714758192742  0.99067111873614133  0.99087244366938199
  0.99102995179578779  0.99109933112192272  0.99113385230228734  1.00000000000000000
 -0.02094392672990817  0.12084479579015880  0.16339934169599107  0.19361076590865153
  0.21709162499395704  0.23607916894650674  0.25353547708245483  0.27093133085414906
  0.29114142229163803  0.31231220094571249  0.32180776003375516  0.33116674657406581
  0.33998486278104567  0.34787842829144872  0.35493344167959390  0.36206864691722845
  0.37000486399760851  0.37903696784838048  0.39005389351837050  0.40041056675291126
  0.41012215379211919  0.41983723690271607  0.43086987137057370  0.44154056631536276
  0.45235504796630899  0.46311222464761548  0.47280295473669653  0.48217800664242427
  0.49119596067795918  0.50065436684300446  0.50992939747168164  0.51729411574893436
  0.52483499853187399  0.53229585807783675  0.54002086966841700  0.54906063328524879
  0.55889878678734761  0.56764504213136202  0.57536896984099983  0.58438819089822203
  0.59225082810423524  0.60084098769805339  0.60946166376358646  0.61680748806135877
  0.62319940501834559  0.63030736359721162  0.63793506593985549  0.64562784437012721
  0.65309758121259598  0.66044457295610959  0.66769316408026880  0.67428426820144538
  0.68022580225369111  0.68605401661701126  0.69117635649438292  0.69518636309560167
  0.69901352003747419  0.70299187641125194  0.70809127838289776  0.71425903201166108
  0.72027034064533468  0.72509728417236052  0.72967898319508995  0.73461867389124413
  0.73964718048306122  0.74565402690515492  0.75190440016929272  0.75824155158353757
  0.76494613609713946  0.77185875879068755  0.77764194341114834  0.78206794777331690
  0.78644261292148543  0.79056274892789258  0.79406434040123608  0.79727025341154678
  0.80045905300860032  0.80361726001006217  0.80669850488184891  0.80932631616567252
  0.81503311694721103  0.82194020123861433  0.82947759121691311  0.83683002182578248
  0.84343859011033739  0.85044271038230035  0.85781141715924314  0.86524813756010510
  0.87347496561251869  0.88293580399079097  0.89432318384633147  0.90441572058240804
  0.91522192143449477  0.92694728740011345  0.94450222021768981  1.00000000000000000
   1.6915698934746362E-009  -1.0000000000000000     
 T F F F F F F F T F F F F F F F F F F F F F F F F F F F F F F F F F F F F F F F F F F F F F F F T F F F F F F F T F F F F F F F
