  0.00004119407148094  0.00020146077349286  0.00029469244217311  0.00038239058007010
  0.00047347632431452  0.00056526223064158  0.00066296707527129  0.00076184233377304
  0.00086011192477371  0.00096382688246919  0.00106541049917899  0.00116194164921312
  0.00125880587747382  0.00136721762480155  0.00148493668297398  0.00160868708502863
  0.00174342881800202  0.00189621702339422  0.00205068745326293  0.00220490929092136
  0.00236576330990001  0.00254377109966322  0.00274723180081581  0.00297510651716705
  0.00322594938945551  0.00349058414908391  0.00373965101754735  0.00396449307150574
  0.00418154349796423  0.00440643147122093  0.00464555680296037  0.00491947962412607
  0.00520885554939412  0.00550466936745533  0.00585169945227512  0.00622626629553322
  0.00661132145970725  0.00700293064520931  0.00736919232359475  0.00774305141488910
  0.00813549959971326  0.00851966278634938  0.00892111523700682  0.00946013948940237
  0.01003804146868697  0.01058569205142453  0.01118357628207943  0.01189968492140401
  0.01267665002514060  0.01356582820561197  0.01455981450313233  0.01559307919375749
  0.01676647988916831  0.01775654399313209  0.01879980872373561  0.01999352905174003
  0.02112870108311181  0.02245430220506024  0.02376963246027988  0.02531367894668396
  0.02729361545028346  0.02853899320686150  0.02963601106940010  0.03078022124308097
  0.03187244189922227  0.03307901727196606  0.03482930984272584  0.03722435974365239
  0.03982726955960302  0.04283356823948240  0.04615243512423785  0.04977177852756907
  0.05528991094322641  0.06165424139920567  0.06788151338647032  0.07359410972800273
  0.08032338678969983  0.08896785399371453  0.09425145980630310  0.09699095663815302
  0.10150726232865039  0.10693912960599204  0.11389010632277839  0.12195598107589903
  0.13008236599371395  0.13941980081038771  0.14965140212055078  0.16011721031410217
  0.16976889708395398  0.17875104927820373  0.19395611054469178  0.22038243535393670
  0.25355459518533180  0.33004544741550401  0.55245794082265787  1.00000000000000000
  0.00045267154258829  0.00059024352280144  0.00072429438123434  0.00085658371128560
  0.00092720786606591  0.00100745753335613  0.00109308581034361  0.00117567900350010
  0.00124996187153648  0.00131886153973877  0.00140733093528803  0.00148319397929997
  0.00154804722762362  0.00161109132745130  0.00168083136189129  0.00175613246131398
  0.00183067740908089  0.00191652998680768  0.00203173696315230  0.00214984066811497
  0.00228714963626287  0.00244163486870689  0.00260044033295419  0.00274831505091368
  0.00289059586373558  0.00303541701151634  0.00318219680567721  0.00332559964924074
  0.00346898495302839  0.00362565047383169  0.00378206054863148  0.00392243264433566
  0.00407020332318132  0.00422465127067164  0.00440776166348350  0.00463889855589056
  0.00484638937494970  0.00503231529406276  0.00541058562432264  0.00582853107116862
  0.00625368860829446  0.00663533701211826  0.00692785622021334  0.00721892041982961
  0.00750316513384315  0.00780855126488245  0.00819682316573084  0.00864399591579124
  0.00911191684627609  0.00959952281629785  0.01014689739207181  0.01080333949438496
  0.01155177802203637  0.01232539853297102  0.01301634857663138  0.01364330676032668
  0.01421123520171563  0.01480639100513623  0.01553227272041187  0.01639323503045511
  0.01742294001143797  0.01855317391945820  0.01975025024678852  0.02107913600978942
  0.02235104561120585  0.02355113193602520  0.02475548086246824  0.02600266988483397
  0.02739099875965580  0.02924448646583037  0.03128917730094813  0.03307166045025997
  0.03529283751336864  0.03773852197767272  0.03983754502615236  0.04168647122574849
  0.04374138697284907  0.04601374900075910  0.04987596043626057  0.05669091770780466
  0.06648942813090711  0.07751592108810311  0.08944408482664153  0.10038294377684265
  0.11395944142437563  0.13069916588723432  0.14942634011294198  0.17534993689973066
  0.20581558773163708  0.23199777777383845  0.25789017409071402  0.29488158092930367
  0.34121817312207314  0.40004840242903039  0.58412175829360113  1.00000000000000000
 -0.00000065365995342  0.00000373621625180  0.00000777651093780  0.00001210607008856
  0.00001619506612754  0.00001961997598991  0.00002301781937219  0.00002560276927733
  0.00002808357574721  0.00003058824833096  0.00003348304868240  0.00003672596297423
  0.00004001760400935  0.00004355819060903  0.00004726352861736  0.00005142468027748
  0.00005583073768671  0.00006002994176204  0.00006391196540401  0.00006805375151203
  0.00007197211859583  0.00007549390560323  0.00007905332504399  0.00008216497142651
  0.00008417469295741  0.00008631456955552  0.00008863474108790  0.00009090483694386
  0.00009373738545354  0.00009726793136518  0.00010120310565987  0.00010646777128551
  0.00011246254198314  0.00011841998151902  0.00012460000466131  0.00013080986265725
  0.00013719818568629  0.00014420620070633  0.00015092383349695  0.00015787081242317
  0.00016552587314878  0.00017295628607103  0.00018111879220334  0.00018974861193985
  0.00019888648290660  0.00020838112136945  0.00021766866723885  0.00022630844862979
  0.00023417755726236  0.00024188917282273  0.00024958186461419  0.00026021764004855
  0.00027305065107824  0.00028736018290507  0.00030238769402085  0.00031753373785977
  0.00033397869867793  0.00035303928775249  0.00037351335483924  0.00039529479435729
  0.00041796839000251  0.00044147913237273  0.00047055553812816  0.00050330655229752
  0.00053062117352615  0.00056161379780400  0.00059662579571146  0.00063821417182314
  0.00068937588768002  0.00073558487790868  0.00076707425663495  0.00079769526840708
  0.00083026559043450  0.00086503017521977  0.00089748658611524  0.00092557218843013
  0.00095442444927603  0.00098137463153876  0.00101426696460521  0.00105278240015914
  0.00109409483485446  0.00114985394150813  0.00121850197306420  0.00130665331733741
  0.00145136621136822  0.00161649415632290  0.00175535273625110  0.00191836406517434
  0.00209866002445938  0.00231059748058081  0.00258386999157514  0.00294215682653841
  0.00342191646829519  0.00414043994087945  0.00546489068852601  1.00000000000000000
 -0.00002065692411390  0.00002973855565930  0.00021331974666207  0.00043575104017474
  0.00066224776068108  0.00083021430008014  0.00097394790131796  0.00109474660357077
  0.00120136121514637  0.00131177898105634  0.00144913835537402  0.00158139714667747
  0.00171683046437830  0.00188208922274235  0.00210346642637263  0.00231224252263247
  0.00251009687981275  0.00270550421831040  0.00293023245450902  0.00317261133722532
  0.00344594305315589  0.00377635049940293  0.00411669143251456  0.00445402677237419
  0.00477972740405688  0.00510211167197373  0.00542003400281041  0.00574256794357754
  0.00610487234385230  0.00652337797262184  0.00705236286601718  0.00777734710448904
  0.00853335948300154  0.00927777712259245  0.01007831178822885  0.01093006405358864
  0.01183913960741402  0.01276936782213081  0.01367300951341209  0.01451192306261760
  0.01540191948396539  0.01632381885587091  0.01729658181433919  0.01832079109227815
  0.01955443902995994  0.02105797395049310  0.02259156132602945  0.02426710698836295
  0.02637220617170306  0.02800062976094051  0.02970510189848920  0.03147920825462793
  0.03318670704655731  0.03486211610107554  0.03710163564662113  0.03951453194701263
  0.04214753260690418  0.04508138179689391  0.04835254806128222  0.05176307367664402
  0.05539680196950326  0.05900791265459791  0.06260964000647044  0.06634483103832517
  0.07032684626655747  0.07443271658436940  0.07881712884740394  0.08364685106935373
  0.08977929566477533  0.09658509204678689  0.10314877140797979  0.10946173438667300
  0.11642205424372426  0.12541468607595113  0.13290834731627629  0.14031800685413193
  0.14962212161921368  0.15864731040934757  0.16815906451338830  0.17780361016775023
  0.19025727628411759  0.20790699098199394  0.22567940628812683  0.24033986609656616
  0.25745935150710642  0.28079197783159443  0.31024551776030623  0.34186980355751123
  0.38386693312709624  0.43918259919357389  0.49238517257224368  0.56797756897235485
  0.64803612298794078  0.73142956609059251  0.85683392361530686  1.00000000000000000
 -0.00242603326430133  0.00991975465573137  0.01980725149464185  0.02855771659089488
  0.03802063299536441  0.05061436898179245  0.06399017906364586  0.07513067881047730
  0.08331536502989176  0.09122884100728279  0.09922182653168131  0.10764820434159754
  0.11841015561068563  0.12879520249508458  0.13900552762365614  0.14916949702817620
  0.15824680940896160  0.16636855115449076  0.17539357040506040  0.18668316803526239
  0.20000655632196521  0.21325168114127827  0.22609041618428535  0.23928039328758874
  0.25223496406286561  0.26454853223801167  0.27284521607082785  0.28109757191176776
  0.28972759512243074  0.29863825869295968  0.30769656041688309  0.32039661808001080
  0.33355608024865785  0.34686141787027103  0.35921307439768191  0.37044570566957946
  0.38111159334569161  0.39235329294265153  0.40563181335808951  0.41731416742501398
  0.42857829676915532  0.43923772472175154  0.44916922115385982  0.46082251472362429
  0.47368375466746493  0.48598208901436984  0.49770829600205385  0.50888423976575525
  0.52001208105927033  0.53163780851942555  0.54433106155187461  0.55610791034807694
  0.56381529121226881  0.57003319598530167  0.57775374372187116  0.58704502230333666
  0.59412538424025219  0.60408958500197352  0.61595944467692842  0.62982967931307832
  0.64291535218539042  0.65218573668684432  0.66080523802257196  0.66738855257426000
  0.67339841447789783  0.67983041848936698  0.68726546619628981  0.69796994726303252
  0.71161286888717645  0.72533358908105172  0.73900480087364495  0.75192526167915374
  0.76614490511373645  0.78016678211718660  0.79505763915286276  0.81002446699415998
  0.82439209041810224  0.83806405196455414  0.84907920887270449  0.86009088088950447
  0.87198880781732602  0.88439249773642259  0.89652649983585109  0.90811641250775343
  0.91936974689712703  0.92734353500290345  0.93196968655137236  0.93688120698660771
  0.94252935181011654  0.94771165296271609  0.95306088076242024  0.95855298228657726
  0.96367010676944198  0.96913638621197873  0.98402043126434813  1.00000000000000000
 -0.00714819091531123  0.04061923243245044  0.08396133842120572  0.12568420744845535
  0.16731033354571637  0.19822262813724209  0.22551896732072274  0.25980073502257073
  0.28775740178311354  0.31278335293527953  0.34132021227519627  0.36986516035996458
  0.39119176704509867  0.41438906776902212  0.43641202410205310  0.45395292989422598
  0.47316928690483301  0.49513019963565774  0.52067610960181587  0.54652817907778195
  0.56687399496029744  0.58421260210375248  0.60045390553176414  0.61914968135432302
  0.63743944841938327  0.65241949775177410  0.66515328929540152  0.67672648707905847
  0.68745446776902841  0.69958444922591556  0.71330667458720243  0.72398505088740117
  0.73258486166355874  0.74293960720356012  0.75203866960267074  0.76222678318952009
  0.77418606752548269  0.78523346795647120  0.78994372740547092  0.79547257067505595
  0.80059395601871530  0.80605712236138816  0.81195452485672415  0.81754978928979771
  0.82570550933161047  0.83472877761236741  0.84197091967943660  0.84895912945794116
  0.85528409642904102  0.86104659525612481  0.86642485600319374  0.87168957902648936
  0.87706644718719939  0.88267074525721290  0.88843008751615826  0.89248834063961391
  0.89660388726224338  0.90107546225213009  0.90556916584148595  0.90990868489504384
  0.91437109133216632  0.91876063691397880  0.92315745009039896  0.92770606742894757
  0.93195259690414090  0.93566260688843872  0.93897384236626202  0.94226099579212597
  0.94567149446428478  0.94826577898939646  0.94949735053764939  0.95084922887427192
  0.95236919792236685  0.95423991197131608  0.95599991920416849  0.95757628450904664
  0.95915536136770430  0.96072057420745116  0.96211509236328474  0.96366109065146455
  0.96512840003939160  0.96689400826131988  0.96958260850919231  0.97254468588625465
  0.97558011855819204  0.97846306330196353  0.98099759038788226  0.98351966391808654
  0.98590629650442396  0.98817236811654774  0.99035505706154492  0.99245998529528912
  0.99456491352903331  0.99638299530741148  0.99819149765370574  1.00000000000000000
 -0.00242043591010705  0.00893235183784519  0.02128607161636903  0.03477584178427121
  0.04812881820273018  0.06249774244374774  0.07676239187765274  0.08862673908711811
  0.09890265887838134  0.10871166445192533  0.11633355897763531  0.12350839951246324
  0.13099340963784117  0.13958580567290596  0.14855241534350272  0.15895586594488983
  0.17121469642346607  0.18328572122451492  0.19663448099826963  0.21060403369054317
  0.22306329968565966  0.23560325068547816  0.24640986721195934  0.25628942653985004
  0.26826141946025728  0.28086203802742865  0.29411539266253711  0.30657662105938743
  0.31717987030476075  0.32508950715023921  0.33097235579373530  0.33724343328079803
  0.34367958315848740  0.35073443749298405  0.35900093983180953  0.36726335822361650
  0.37715419210212020  0.38888658364689993  0.40081947526920253  0.41262703329984252
  0.42587753680405616  0.44000949894475444  0.45045734531927312  0.45528338908620053
  0.46063269807420498  0.46577041561806537  0.47050499634535325  0.47480805171137103
  0.47905776977096409  0.48369545932203428  0.49093383511227745  0.50048768572362590
  0.51000302150551424  0.51982333490742583  0.53091647910770046  0.54192734054018976
  0.54970673114686652  0.55616467521902746  0.56241106461882329  0.56905594652042524
  0.57708586596221623  0.58648845496523405  0.59874789606188106  0.61288831208249728
  0.62668709393330646  0.63883303544937764  0.65100144261284887  0.66577128635182881
  0.67912543345614784  0.69102787097777540  0.70467508130702572  0.72118222105363061
  0.73612948000726874  0.74951389745802977  0.76241032228178851  0.77590604135153285
  0.78942694480478448  0.79967885778367276  0.80929229596175800  0.81845685696779524
  0.82693658356399691  0.83537091701185562  0.84554799958171822  0.85675946533447200
  0.86883342038927558  0.88125230610042682  0.89462309623908443  0.90773161444339345
  0.91900488308666961  0.92975818522309872  0.94143604176829920  0.95312743459564786
  0.96323430634042861  0.97405090985124543  0.98641209180200029  1.00000000000000000
 -0.00267457930774748  0.00990606174667640  0.02170410323334242  0.03181452533143123
  0.03917207225401915  0.04650345915452478  0.05376662508608532  0.06084275739433117
  0.07353860823252854  0.08635963076294120  0.09756871401250528  0.10848129365723126
  0.11781574149545200  0.12819354555384524  0.14154398730737822  0.15578988462160417
  0.17041288105214464  0.18416253934272525  0.19626832040933101  0.20825429234653237
  0.21817680402133480  0.22672692099055838  0.23565949975358402  0.24682071764439500
  0.26106841441716411  0.27540048546425266  0.28904036427938845  0.30178132623441201
  0.31406956935675484  0.32793404451142694  0.33973598164340640  0.35054641437727690
  0.36259497036129590  0.37173210979709470  0.37745426118123104  0.38324657876529022
  0.38985929089113969  0.39620273554377267  0.40190739931000896  0.40640007512645993
  0.41101928919423614  0.41693143333530969  0.42465231805618259  0.43459164406784856
  0.44416759381823040  0.45732322258175639  0.47212500721558665  0.48547242690095282
  0.49752264470191665  0.50919325308291663  0.52098323133856572  0.53248608542756859
  0.54358367257460749  0.55465464355869443  0.56599487746118837  0.57795081750036270
  0.58681015449558671  0.59512764694198672  0.60383853667513121  0.61186906451148826
  0.62099478483414194  0.62773205872115412  0.63404423482809680  0.63970522094163462
  0.64739100052851284  0.66049205694858204  0.67342811981948836  0.68532234169426010
  0.69997691858078714  0.71174154952661295  0.72273214493213911  0.73520496509589550
  0.74717776274405756  0.75491189389805957  0.76143969830720504  0.76713126493705208
  0.77325115146389467  0.78190169900219386  0.79308768899657134  0.80355623614434202
  0.81267014790039982  0.82085768110851176  0.82875559371371599  0.83616016989006525
  0.84531069385320590  0.85618161656506964  0.87434823071834111  0.88946915972690166
  0.90580203203528797  0.92250958413786899  0.93843097579463020  0.95285725541955546
  0.96570516363060876  0.97698365537157594  0.98787851788635794  1.00000000000000000
   5.1856211811906360E-011  -1.0000000000000000     
 T T T F F F T T T F F F T T F F F F T T T F F F T T T F F F T T T F F F T T T F F F T T T F F F T T T F F F T T F F F F T F F F F F F F F F F F F T T F F F T T T F F F T T T F F F T T T F F F T T T F F F T T T F F F T T T F F F T T T F F F T T T F F F T T T F F F T T T F F F T T T F F F
