  0.00028318810510946  0.00034070457666980  0.00037351197538754  0.00039974728098690
  0.00042329169802189  0.00044426950137270  0.00046298636898857  0.00048154403732817
  0.00050191675438708  0.00052261599891152  0.00054201203269359  0.00056125846337730
  0.00058176519137252  0.00060374422482803  0.00062745972872307  0.00065098155475908
  0.00067393467459555  0.00069820898919779  0.00072639369065140  0.00076062550196360
  0.00079255907459642  0.00082342855326700  0.00085415039143975  0.00088505393117205
  0.00091415000185680  0.00094787019215351  0.00098372822056369  0.00102097731320074
  0.00105983673143161  0.00110279877515880  0.00114700027277025  0.00119188054509442
  0.00123784924293347  0.00129013547618092  0.00133884165389825  0.00138818797153348
  0.00144137535078959  0.00149485534742113  0.00155463202729517  0.00161621549394164
  0.00168568122028874  0.00176673979394964  0.00185737518696832  0.00194529902637226
  0.00202377217360135  0.00209342489669248  0.00215567003528020  0.00221842368032847
  0.00227604858410301  0.00233331738654874  0.00237483026391127  0.00241421953321166
  0.00246411210342009  0.00251413473287719  0.00257328302930213  0.00263622721289215
  0.00268578184162449  0.00273662075954511  0.00281277093976553  0.00287974619228324
  0.00293916297921807  0.00301473376983543  0.00312684846394087  0.00327563570023643
  0.00347213356579874  0.00367300848942976  0.00391338554875827  0.00414979619731878
  0.00445164615451700  0.00476757594278803  0.00508094155337249  0.00538304596798503
  0.00566544606055605  0.00589452863290315  0.00609965817231333  0.00629957627754313
  0.00654430149606152  0.00695055221423462  0.00772265637465578  0.00869270110362116
  0.00948782162980526  0.01041032662485752  0.01128520067838522  0.01197126794693483
  0.01278555624808779  0.01433451262508233  0.01637959848527737  0.01826658765162880
  0.02022937835343347  0.02522502919540120  0.02999461859142245  0.03609728465960606
  0.04933793860504029  0.06830471663708999  0.10401431271243328  1.00000000000000000
  0.00023056949368073  0.00073681928014556  0.00111462040655888  0.00152935222619398
  0.00192694908643650  0.00227639309394503  0.00259015153734731  0.00287738767874848
  0.00315590721840970  0.00350824567975880  0.00394404110235581  0.00442376483548364
  0.00491559370496583  0.00543340440518695  0.00595769609855916  0.00654583893349176
  0.00715145093098107  0.00758426610158120  0.00795275771489121  0.00834458976505705
  0.00879127351984246  0.00927415049773147  0.00977144842245046  0.01039275494375101
  0.01118926659580659  0.01208916889469222  0.01291631741789090  0.01359694467440966
  0.01438336993689715  0.01523510680479762  0.01620459694867708  0.01705705215350180
  0.01785132060304782  0.01865208748016617  0.01950179016297529  0.02047426644109063
  0.02143970216968381  0.02254049200260018  0.02367992896865969  0.02497801621741393
  0.02664862498552184  0.02866451046684985  0.03088035283685486  0.03315375006673577
  0.03568972930303242  0.03842123063797988  0.04129912941687848  0.04392125493841818
  0.04556637521145420  0.04693258678159886  0.04835813366341946  0.04990412158967934
  0.05165753321844588  0.05364999867571588  0.05568366784464833  0.05721830076072982
  0.05887033489175133  0.06125961063765652  0.06402451289913055  0.06766485028911912
  0.07149457754320501  0.07557183738546727  0.07989597654267687  0.08455294758315844
  0.08957219114157439  0.09480026830119472  0.09898007113048030  0.10185085155334329
  0.10470766016672996  0.10783252859608428  0.11088260693831481  0.11424783378516960
  0.11863834174620419  0.12493923039781693  0.13343054047848257  0.14264179490309672
  0.15214341717336044  0.16254471640874033  0.17473596911580561  0.19117879137136951
  0.21129323164987374  0.23081844825870620  0.24865527222510869  0.26490813254722895
  0.28322408478220595  0.31337299059176293  0.34762058807287638  0.39051249765597928
  0.43026695612088534  0.46072700723054205  0.48858659543715083  0.52221075359975233
  0.57198250252519789  0.63587840152914243  0.76290026330434835  1.00000000000000000
 -0.00018457838759159  0.00017426221884910  0.00116865947769759  0.00262430968974676
  0.00445461115929389  0.00626147149059877  0.00816462075627386  0.01010878415285703
  0.01196298675344189  0.01359687324730225  0.01511610128985659  0.01668571015499380
  0.01823514122477999  0.01987518873491092  0.02166213242573809  0.02362778003439374
  0.02580384856268021  0.02804283324289202  0.03042343382960917  0.03276464230948523
  0.03486589370489056  0.03684208611725322  0.03878814174407021  0.04071986067075925
  0.04267436526558883  0.04458647336551937  0.04678389841928878  0.04916771355672374
  0.05165145333102599  0.05427531637311909  0.05705604018997856  0.05978657779134552
  0.06218915186129930  0.06514037116730043  0.06840436813949935  0.07184301555794441
  0.07538190133313558  0.07999647424761595  0.08348345975439544  0.08561914689110080
  0.08819517330045674  0.09086015587581849  0.09339319140352283  0.09578567429985177
  0.09823845011494239  0.10111081672016486  0.10391708812907156  0.10677807783307938
  0.10994388198570240  0.11300713441911039  0.11579191322843699  0.11868324702848712
  0.12202085317903967  0.12578228120905746  0.12938709220819899  0.13274490360964616
  0.13609121691793793  0.13897657865796073  0.14236018327161395  0.14635045675174524
  0.15186768030836184  0.15789613638090763  0.16454017494527004  0.17237717831527238
  0.18099035076792200  0.18962853951169917  0.19777217573322151  0.20706988104924462
  0.21877177763839500  0.23315052839327594  0.24653968415317029  0.25877333343602366
  0.27024674488586253  0.28193294588655565  0.29469294218927150  0.30902312619044520
  0.32641277188557433  0.34931648613831290  0.36866771941199017  0.38276420809097272
  0.39704094872853146  0.41019471190154289  0.42607818158234834  0.44871359207246730
  0.47745810967653696  0.50330778860048708  0.53295988543822015  0.56864182575374778
  0.61201930542311855  0.65232423853502564  0.68962352084124878  0.74857237462202986
  0.82260308389805070  0.90020982547918005  0.95745961582391870  1.00000000000000000
 -0.00492404640382424  0.01522543106470155  0.03067498282991720  0.04151564248331680
  0.05064120177835721  0.05908530019937949  0.06587209371708232  0.07294286579413338
  0.08225749565390192  0.09285472487967361  0.10439739062392349  0.11469426144111812
  0.12340436632044174  0.13268827312451109  0.14337277372900728  0.15490389189707884
  0.16566859323654920  0.17716547332087410  0.18979290416215516  0.20081945301902335
  0.20903110547449130  0.21664181733602758  0.22387353111344066  0.23153013026114225
  0.23745431416465212  0.24300093916979293  0.24864169649250425  0.25490607219654360
  0.25896520543473917  0.26397904306269937  0.26944850903777956  0.27398416452268570
  0.27853360034978442  0.28398128024193242  0.28926132789350245  0.29734989009288060
  0.30872905171761866  0.31963331080827678  0.33067408696606893  0.34504033339325291
  0.36078227644967609  0.37745492495010302  0.39232834425704965  0.40553436917950331
  0.41768997625618554  0.42913418842879980  0.44044585495119137  0.45429430280796418
  0.46809667076217198  0.48039024496419580  0.49263562843642833  0.50490657190596089
  0.51745667646447535  0.53056775273022450  0.54299507021047966  0.55535881801610154
  0.56791920718043454  0.57842206060630474  0.58660294125745416  0.59327273084979082
  0.60015725901195183  0.60767345216676361  0.61673615425511186  0.62768261143012027
  0.64215830189146672  0.65783167389202435  0.67186688055527155  0.68360455803503428
  0.69381286001796239  0.70322235957618950  0.71209657380639346  0.72233862156422324
  0.73101878624915440  0.74057324999885099  0.75057285706801335  0.76120335843822562
  0.77187637823579225  0.78237059311271395  0.79319572472720823  0.80397359255870504
  0.81459567586038728  0.82419911956778047  0.83608037663164358  0.85045204242160544
  0.86510046327449974  0.87960129732429382  0.89491355693812891  0.90983870177228088
  0.92392302100990487  0.93741944793480769  0.94938674719842431  0.95930875375124025
  0.96835682554139013  0.97808139185205301  0.98742905292482541  1.00000000000000000
 -0.00361960591536933  0.01140695384156937  0.02515986907968049  0.03874780165172617
  0.05209620091083027  0.06810308506300802  0.08461395852552087  0.12672381724223389
  0.21278808207661920  0.28813119313275865  0.36397646907087722  0.40592919897829394
  0.44885908121478318  0.50909189413028810  0.55400630734114564  0.59060479030364743
  0.63049244249265035  0.67627848848223449  0.71521396988761876  0.75258774482736845
  0.77718361128699676  0.79769210903913046  0.81451451691789523  0.82815675187869475
  0.84180128255040343  0.85453169738506396  0.86539186184918315  0.87578941747369476
  0.88452607086620394  0.89176727797585631  0.89747896809680583  0.90229123312269732
  0.90634125497696993  0.91000025715405253  0.91394667355377512  0.91848850219783951
  0.92341307107315385  0.92796275792168237  0.93205161232530542  0.93560746018179419
  0.93953843241054702  0.94359440555125229  0.94721824453052772  0.95042752827634724
  0.95343171747659472  0.95640732604899426  0.95878676769209514  0.96068370706060657
  0.96242420682391661  0.96428068736504069  0.96591959475130551  0.96734091247742060
  0.96861199449013191  0.96985353394603802  0.97112462467582183  0.97245595622853209
  0.97372952255667322  0.97498367305678668  0.97621750120569073  0.97751173689806381
  0.97876167796744906  0.97990711651301410  0.98098588709565904  0.98207522854933416
  0.98323033859777442  0.98437823274911573  0.98543924679371719  0.98638068510451904
  0.98726159521344681  0.98808718521161532  0.98885466205506800  0.98957304144524127
  0.99023270186790546  0.99083990377000886  0.99139848308155054  0.99195772703172092
  0.99250130892394062  0.99302162399763683  0.99352518241294174  0.99402190741499141
  0.99450980162048652  0.99496283156946885  0.99534031058662720  0.99568299310763819
  0.99602576600804560  0.99640390292045500  0.99677520543466214  0.99715883207357281
  0.99753338179970286  0.99788248371223742  0.99823165441855544  0.99858470288270851
  0.99894325261271077  0.99930006882162570  0.99965228014374097  1.00000000000000000
 -0.00112820375797251  0.00542686971160686  0.01286912373559609  0.02012173944149064
  0.02848459420204133  0.04281360262433884  0.05719822229620974  0.07075642752615764
  0.08236746995196575  0.09309714079495329  0.10415193462180404  0.11462753801597067
  0.12513032109851926  0.13722533385269520  0.15184582662644283  0.16852595184955957
  0.18404841211424411  0.19754282662477221  0.21086905365700093  0.22433051603913504
  0.23567702690326339  0.24643183224695722  0.25777736493653741  0.26993485395545791
  0.28358982533635363  0.29811071521000604  0.31196870899205403  0.32515392429711171
  0.33951534968705888  0.35234291657668082  0.36351882727616797  0.37388566171063431
  0.38360659584645407  0.39335310388138844  0.40324303203242434  0.41478094867700327
  0.42766936383179621  0.44146949280696934  0.45736777701671566  0.47527403155360309
  0.49159964333468148  0.50219667174701121  0.51136728929115682  0.52076833050455351
  0.53116142770117292  0.54238727781040597  0.55954259550227115  0.57494558702889864
  0.58844449797999043  0.60087977968513295  0.61181864357539484  0.62329112577921353
  0.63559583610160408  0.64667687170962240  0.65602335107882714  0.66359835292692704
  0.67188797150669100  0.68088067694213594  0.68978135784046746  0.69770575318122263
  0.70555318462859495  0.71348715288618858  0.72129939097912987  0.73011250794611793
  0.73827193470301333  0.74486035651198923  0.75217914712059075  0.76012332881585309
  0.76758171183555257  0.77303812638890113  0.77694881957025097  0.78159892868593306
  0.78701685091116680  0.79297245913330294  0.79874811508158694  0.80481880712592824
  0.80979433607527196  0.81481005463079370  0.81982539128677256  0.82448870413319975
  0.82921109019071659  0.83752957012867379  0.85080859176443191  0.86241240122973228
  0.87346729778053778  0.88473908536801671  0.89622194991170356  0.90786744648349926
  0.92016770197274744  0.93294348376570180  0.94389676360604202  0.95488569704229775
  0.96643988414697768  0.97782755288584522  0.98882441258716736  1.00000000000000000
 -0.00022447128000571  0.00097486779180333  0.00321834164074017  0.00660750308234467
  0.01259780205961463  0.08463044716313700  0.43988130586138141  0.59007404142772824
  0.68834232697170072  0.80739080186533763  0.83014075329265091  0.85092772282656959
  0.87111622015892276  0.89289416771278174  0.91921086743061331  0.93667434748854506
  0.94774923838240765  0.95551756217299466  0.95944558426986903  0.96194221868523599
  0.96478371402812935  0.96658954073976522  0.96748848613262184  0.96859092798276203
  0.96958575546197678  0.97055961724862083  0.97149090288837237  0.97253807690574767
  0.97429023809533721  0.97577871285883433  0.97722820459042192  0.97837058297725765
  0.97938680085498364  0.98029139838991886  0.98097668558345574  0.98181681240714735
  0.98301652377456450  0.98417651795069327  0.98502294383328437  0.98562368359478825
  0.98612436576725393  0.98665442585130869  0.98718778828513176  0.98776397751571998
  0.98835521597161902  0.98890074634127323  0.98941690535243876  0.98993172078959546
  0.99046521326084747  0.99091848775147762  0.99129949755771485  0.99163676006611690
  0.99194163452904682  0.99222157420766088  0.99249773234594041  0.99276651109979375
  0.99301061981397065  0.99323603511529046  0.99345810183939454  0.99365078813960628
  0.99384578103369658  0.99405352690368964  0.99427714701003522  0.99450075838746876
  0.99471549869923681  0.99494604166933620  0.99517398617874042  0.99538886550319750
  0.99560382253815205  0.99582871253839800  0.99603489040773396  0.99620503574116548
  0.99638104032400510  0.99655137915849124  0.99671887642519352  0.99688784589494828
  0.99705690801886826  0.99722519608358762  0.99738905458309735  0.99754651337300915
  0.99769626785019072  0.99783538399472271  0.99797654709817396  0.99811669466864950
  0.99825985073157242  0.99841738604532204  0.99856395828117395  0.99869695690704141
  0.99881992178523593  0.99893771121528974  0.99906081034659899  0.99919786766879937
  0.99934925247589423  0.99952055777280480  0.99972682470377872  1.00000000000000000
 -0.00265990165614676  0.00862001941066841  0.01854528292678818  0.02963259931363540
  0.04407734437367229  0.06240173762990298  0.07833736478409883  0.09069117989474529
  0.10089698286667483  0.10980615445493001  0.11864078368225447  0.12647439542416178
  0.13420205712499633  0.14243094210171053  0.15022466227494502  0.16510177853451319
  0.18479759068326485  0.20405089962679424  0.22241196081229447  0.23885022563948097
  0.25360545069258872  0.26959196762293636  0.28634235385515100  0.30094887129281034
  0.31427551512816504  0.32684307850574301  0.34028746299118678  0.35196907805896627
  0.36288284455870351  0.37388270423481185  0.38419646909433747  0.39288282708444300
  0.40402367435133585  0.41658651106304662  0.43032212490188670  0.44284316946478247
  0.45656209591624664  0.46875034062955495  0.48013190507629516  0.49211182230520428
  0.50335898417952163  0.51323107318063577  0.52098543878982673  0.52933932218961799
  0.53792400558180198  0.54709197674846288  0.55747302726615156  0.57236560061940134
  0.58404707019743274  0.59569722030805539  0.60702614251540021  0.61851519903313934
  0.63114129177530509  0.64546843184625780  0.65896941931777320  0.67073460274905594
  0.68138819363965542  0.69163032780648748  0.70167658579401360  0.71174536387006304
  0.72220406238296697  0.73323380821564021  0.74521310071480595  0.75676764980298372
  0.76761522844109520  0.78101496527432201  0.79321658928697691  0.80340230506553068
  0.81399244257852443  0.82590207374133751  0.83845213127484386  0.84689822941088078
  0.85406686546965949  0.85998247735257383  0.86560552650583400  0.87147647728585964
  0.87755861034247507  0.88449113209962904  0.89351427293105457  0.90447614931536791
  0.91662943932020169  0.92767103312091659  0.93758084129294417  0.94321857899786676
  0.94775806628211179  0.95268600071360621  0.95742156447469362  0.96255248162035756
  0.96855006984199976  0.97302658821134669  0.97733656079373887  0.98154486758405268
  0.98646510446840707  0.99078216925014739  0.99505943889087767  1.00000000000000000
   3.5037452405490920E-015  -1.0000000000000000     
 T T T F F F T T T F F F T T T F F F T T T F F F T T T F F F T T F F F F T T T F F F T T T F F F T T F F F F F F F F F F T F F F F F F F F F F F F T T F F F T T T F F F T T T F F F T T T F F F T T T F F F T T T F F F T T T F F F T T T F F F T T T F F F T T T F F F T T T F F F T T F F F F
