  0.00001493711590983  0.00003007981335452  0.00004402068604701  0.00006052600521549
  0.00007413043855804  0.00008568944902158  0.00010825823870489  0.00013682545109334
  0.00017827166899411  0.00027064857865195  0.00036130375057506  0.00044122141857786
  0.00051460070148408  0.00057946378822763  0.00064232741283001  0.00071010451770079
  0.00079143183190010  0.00087840787280769  0.00097286870081527  0.00107973576460659
  0.00118652176041004  0.00130993135976704  0.00142016647200396  0.00152944560804046
  0.00163674637119305  0.00174579702350045  0.00185761774667004  0.00199111774157978
  0.00215645998398710  0.00235624257981342  0.00253932101983658  0.00276910285622823
  0.00307478485030732  0.00335445810048875  0.00354003899156288  0.00372482309993741
  0.00390913900596402  0.00406610700744689  0.00422191687740665  0.00440713204850055
  0.00460928470346417  0.00487381845013291  0.00511275678641882  0.00546393324750863
  0.00590925268466618  0.00653371208600309  0.00733219644355806  0.00798060913106321
  0.00842869024823289  0.00889938553536180  0.00942244977356194  0.00990850969290026
  0.01038549824520401  0.01087568702466019  0.01152335787537537  0.01240076326412499
  0.01335089962655731  0.01434255044807575  0.01537856769247355  0.01659649121801237
  0.01806703420050577  0.01952720156365176  0.02097695865856056  0.02257461317107158
  0.02461065586452183  0.02732525969379575  0.02977249581343257  0.03178823438981748
  0.03391885480706003  0.03601654068242507  0.03767779950221967  0.03923325816281464
  0.04082940813121342  0.04419207108597128  0.05114194869578898  0.05790881311131595
  0.06457768120203419  0.07268133845621592  0.08287172186391535  0.09872301221993275
  0.10908398055834601  0.11846853421840903  0.12514356148675568  0.13181858875510233
  0.13849361602344898  0.14516864329179563  0.15248329060565305  0.16000138020831478
  0.16751946981097654  0.17503755941363827  0.18845995287998071  0.21701015356308495
  0.24556035424618922  0.27411055492929343  0.31441048016769091  1.00000000000000000
  0.00002356383683178  0.00009678498634962  0.00010491286648021  0.00012302920220037
  0.00014170570185716  0.00016330473890654  0.00018711463716567  0.00021888219156990
  0.00027024957942663  0.00032601573670451  0.00037883946607482  0.00043423751427708
  0.00050596068672666  0.00057322972439620  0.00063223560199874  0.00069477467166831
  0.00076520595053902  0.00084575714372674  0.00093536564414155  0.00102381740480440
  0.00111303506965192  0.00120669700441293  0.00129466393703662  0.00140938263029824
  0.00152655976493728  0.00165667434505545  0.00179234145667053  0.00193605891613192
  0.00208787964812947  0.00222806357749830  0.00236340527034987  0.00251556399866917
  0.00269916910552525  0.00288075596372803  0.00309149202408872  0.00333520758656502
  0.00362318211701596  0.00390716997165518  0.00413423331258746  0.00437638972569103
  0.00465187340364961  0.00494214220806066  0.00531118933294055  0.00579891199424801
  0.00615827827994331  0.00648829469990997  0.00690840553998586  0.00737588413224520
  0.00784582366326098  0.00838544063571084  0.00901069762066684  0.01006170384973173
  0.01117596478938098  0.01240154645930388  0.01353768419365810  0.01440395564265511
  0.01517755577456412  0.01588569217214940  0.01657155507092089  0.01736226888345823
  0.01831469023226355  0.01963746967367813  0.02203428639061538  0.02441901530796502
  0.02710034028796524  0.03021565933440277  0.03416814905555798  0.03854185690460218
  0.04251702413106386  0.04640665569513650  0.05109095729907776  0.05493692666786087
  0.05931492877144878  0.06449399857157398  0.07235788772035093  0.08560155121921967
  0.10597760907896343  0.13434606185496567  0.16303302433682759  0.20055815960641640
  0.24760491544090746  0.29966957577629422  0.33183225900282204  0.35682344183039305
  0.38181462465796401  0.40680580748553502  0.43477176073741214  0.46512349783654666
  0.49547523493568119  0.52582697203481576  0.55753018409732713  0.59112721402805934
  0.62472424395879156  0.65832127388952377  0.87333728070346328  1.00000000000000000
 -0.00000001605487025  0.00000153364337614  0.00000447301611242  0.00000835980108879
  0.00001167749264678  0.00001416474440265  0.00001654130961792  0.00001835349323863
  0.00002035756899316  0.00002240916363609  0.00002540034776893  0.00002945051516873
  0.00003353838644470  0.00003841391483099  0.00004291275690776  0.00004738341122392
  0.00005189990471798  0.00005653442137725  0.00006115452014828  0.00006592621736072
  0.00007127212628884  0.00007706738526938  0.00008323443083929  0.00008930023767726
  0.00009484670101735  0.00009987519051027  0.00010488067829291  0.00010980109820556
  0.00011383781191138  0.00011682080175686  0.00011959102838078  0.00012236125500471
  0.00012464768137699  0.00012685248826452  0.00012905729515206  0.00013104175329071
  0.00013299069628302  0.00013493963927532  0.00013836403752187  0.00014218914496174
  0.00014605247522780  0.00015255547099128  0.00015927925418498  0.00016746216971780
  0.00017620401000713  0.00018517536106667  0.00019389423699357  0.00020174228341958
  0.00021034406990116  0.00021857600173027  0.00022824102955420  0.00023582538598504
  0.00024445530108208  0.00025126262162963  0.00025848308256704  0.00026535442401542
  0.00027204002292532  0.00027928777495362  0.00028773211406156  0.00029719309402269
  0.00030758379955944  0.00031970533357697  0.00033193076399637  0.00034691557884625
  0.00036307770738333  0.00038065200051928  0.00039869349456533  0.00041726825631575
  0.00043285519523729  0.00047347060692587  0.00051537646211793  0.00055864929498711
  0.00060772670264076  0.00066280104160036  0.00072014027524752  0.00078500401642236
  0.00087024814763165  0.00096681508471392  0.00106952880929298  0.00116807653392827
  0.00128193618597583  0.00141754155655777  0.00157861562289877  0.00179296373049033
  0.00202779825575271  0.00224821240411382  0.00242143804200605  0.00259974623694156
  0.00279029425123597  0.00302558710369981  0.00329703766248183  0.00368998293598366
  0.00426242877416824  0.00521693886563134  0.00662474257775932  1.00000000000000000
 -0.00371221275679735  0.01840933164361314  0.03225726886161151  0.04426961175796432
  0.05479288037529861  0.06317576963843322  0.07128314413072868  0.07967943783075593
  0.09205160265105154  0.10562039264396776  0.12029622564906245  0.13652264393179672
  0.15511175136273533  0.17416546855528034  0.19335708052657882  0.21204799175847472
  0.23068473340959395  0.24443253423212780  0.25333811297930825  0.25995261251633761
  0.26822552824258789  0.27592162102675832  0.28325751757532003  0.29139937087254170
  0.30102377493139998  0.30880868844036186  0.31585840326396902  0.32758929235941492
  0.33884281329217847  0.35175171167366520  0.36043360279138259  0.36576692361218732
  0.37103194594574374  0.37759671883595558  0.38355075165291252  0.38909383426967675
  0.39517624237413168  0.40288187129446579  0.41101953406659930  0.41783218236464520
  0.42881867473203561  0.44095917949654628  0.45423397027234291  0.47058557082770813
  0.48836085921680572  0.50481501938205720  0.51972625317784804  0.53274988255578160
  0.54355140511497324  0.55429891844412127  0.56341875389255613  0.57233544673411452
  0.58041629831383057  0.58801149201138125  0.59557903573402771  0.60452416659931307
  0.61305698114733831  0.62341283002881565  0.63688101922402462  0.65032894998610957
  0.66413991480907164  0.68129011552704566  0.70027290302214407  0.71480450900191472
  0.72460758738091480  0.73408516310637895  0.74437271073580968  0.75498880613229136
  0.76546676002042868  0.77655702643580415  0.78896776491455933  0.80222397439285098
  0.81559031438179708  0.82801664813843601  0.84442020292933073  0.85728541866909302
  0.86833236767824140  0.87668270328702580  0.88041339274721320  0.88414408220740059
  0.88773182558523334  0.89105050599405355  0.89436918640287366  0.89754645844394920
  0.90041594673355729  0.90328543502316538  0.90813458947609937  0.91790513822892983
  0.92707784238539936  0.93543207511053494  0.94343619959116909  0.95237210128332594
  0.96253547805977779  0.97466935057516924  0.98703675580668482  1.00000000000000000
 -0.00809821939960732  0.07895684346833762  0.14443398183724485  0.17678679633162248
  0.20840757421178377  0.24441389423672139  0.30819811749117182  0.37413474735787450
  0.42530263519555483  0.46722531323860877  0.51496350834024540  0.55306608606754726
  0.59754548287382958  0.64852460506038034  0.68835172977950809  0.71582329344127438
  0.73797817760477125  0.75771746168126353  0.77485749567355822  0.78776584256567628
  0.79899912722504662  0.80448995724317962  0.80799536054273835  0.81150076384229708
  0.81525229358336826  0.81902050756826483  0.82264238204578399  0.82531149818057370
  0.82798061431536341  0.83255591742534008  0.84021762683388401  0.84636717505860826
  0.85224193314436925  0.85776095537868768  0.86217456279134463  0.86693023873543451
  0.87184793506163027  0.87711554230561684  0.88330612044248558  0.89101409274819887
  0.89801638576986231  0.90317859102562381  0.90698565594815606  0.91066258650914333
  0.91425706158189923  0.91768564282614529  0.91968258964263017  0.92207503666529611
  0.92486480228219781  0.92744518580921920  0.93031638247105364  0.93276032575391954
  0.93519923315078046  0.93744538744076322  0.93918757868615621  0.94099971685489381
  0.94270531950044190  0.94448988897047281  0.94645418419475091  0.94825743936606655
  0.94986324656153953  0.95141789315066949  0.95293543622062082  0.95430239011536411
  0.95544754238083418  0.95643087196262622  0.95735812356582739  0.95826127427363217
  0.95919534297752751  0.96013478828261190  0.96109801601257150  0.96243863671952457
  0.96371900984368342  0.96495100072190609  0.96616879742989159  0.96732589312354089
  0.96835482121314820  0.96924996245264050  0.97014195706580075  0.97107072401227801
  0.97197329605650296  0.97283916413448956  0.97365431688205950  0.97454197960150601
  0.97553451022033177  0.97652151668918330  0.97740300700472316  0.97818509531040343
  0.97895892913624716  0.97973921466561376  0.98051357893524960  0.98141304129335083
  0.98241297920682569  0.98338144242314762  0.98406143844214877  1.00000000000000000
 -0.00700433712733678  0.02441503666457961  0.04383901007505886  0.05605439462586405
  0.06739445036996333  0.07936023329292587  0.09090204482224180  0.10223854822785525
  0.11690445767797264  0.13397736110706226  0.14953383604191203  0.16520258115366465
  0.17426633640247829  0.18323096161821911  0.19354246998254646  0.20683148740584484
  0.21989302964732541  0.23246339578142261  0.25122988838742327  0.26684290918602888
  0.28124383081215515  0.29752845086774971  0.31354467373674316  0.32801606150402129
  0.34055272855528584  0.35350185685229163  0.36869372468941725  0.38309068074780656
  0.39638474227817549  0.40884065969084132  0.42076016959452228  0.43329540294726909
  0.44590425426508207  0.45631745914507171  0.46397610636508529  0.46990633867642084
  0.47505204656742289  0.48003126053717399  0.48467285766321172  0.48984295519981874
  0.49583296973137331  0.50071164222213804  0.50529404573243764  0.51000477436335112
  0.51553790388001897  0.52056786051005199  0.52685757268934341  0.53403781555003416
  0.54287867870533957  0.55451615856597969  0.56486276979339400  0.57260842716653160
  0.58166371803920147  0.58984558025194622  0.59836966288622784  0.60996166103586580
  0.62119352115891424  0.63305811952636326  0.64502219240262237  0.65474479237485494
  0.66422293519566467  0.67241788360685117  0.68051466801641913  0.68840695210050018
  0.69574619475281607  0.70224289256941563  0.71192052696705799  0.72757001392179543
  0.74529132667259168  0.75627437979620948  0.76388587641282635  0.77029197054940401
  0.77685400866103094  0.78353887754460705  0.79004180852297567  0.79693280177247527
  0.80356292154996867  0.81549234506475998  0.83456983957719311  0.85282153886226819
  0.86808438533497001  0.88090611639709815  0.89276745205370922  0.90624740660239145
  0.92083169596342107  0.92983064694615958  0.93420094349019522  0.93857124003423098
  0.94287845912055390  0.94716166828579396  0.95144487745103390  0.95698227836760463
  0.96253273902439984  0.97025919282768214  0.98606852397575862  1.00000000000000000
 -0.01007552925767234  0.07664544453332206  0.14499419251319304  0.21157431475630981
  0.27076249953098724  0.31867013646329606  0.36511057471037495  0.38638315841640491
  0.40047119385775248  0.41343747528908364  0.42619710745001799  0.43768191253137267
  0.45049366386237072  0.48200253142325089  0.51248830108135857  0.53733558562672556
  0.55510245898077870  0.56818278490780028  0.58064786307411964  0.59649366679920146
  0.61385902404646253  0.62931004803465795  0.64311796032019464  0.65735667123918273
  0.67320356307063367  0.69000517500011704  0.70534000723550583  0.72085280046170586
  0.73190018931503420  0.73796101583348528  0.74359429765112173  0.74816756465671930
  0.75235867633693476  0.75700438682567894  0.76265590326731691  0.76892076034627699
  0.77431169386972931  0.77907957375992432  0.78368096214684169  0.78781989095399463
  0.79171900536617423  0.79624552947493088  0.80097478539443834  0.80542497077418629
  0.80985100396056919  0.81527458711527756  0.82073350142970281  0.82579883492727346
  0.83003599287760288  0.83527129006878553  0.84138962168441545  0.84722420754048944
  0.85170737488463588  0.85498099689443374  0.85769656891990886  0.86010171036053285
  0.86286968214255777  0.86629598693211862  0.86998224343139408  0.87341316518197765
  0.87632747378198261  0.87892977007096651  0.88176171839028350  0.88465784006032933
  0.88774924014355860  0.89104770205335604  0.89378944407199457  0.89633286902551390
  0.89865517908887627  0.90102708441053181  0.90332996338575799  0.90550741217634090
  0.90771794883480927  0.90991363770165479  0.91187533796502529  0.91377393449658650
  0.91632547353741556  0.91915716745273568  0.92202190021968944  0.92479211832640906
  0.92746664168594140  0.92998201839322070  0.93199131500036414  0.93391387493421529
  0.93589524178520889  0.93773555018746668  0.93953063999860587  0.94174260862754289
  0.94388245345490884  0.94636756933173871  0.94904576982860833  0.95174361732687263
  0.95405061299038463  0.95608110201308494  0.95768509359044074  1.00000000000000000
 -0.00437293119344285  0.01865819091407940  0.02924412663595575  0.03857182832024680
  0.04890716302717050  0.05864178059625910  0.06791722403084280  0.07826430508745910
  0.08980776146647708  0.10086802845685204  0.11225179679780733  0.12489997426913364
  0.13733837029746071  0.14920944423569249  0.16624191743500183  0.18525357960470137
  0.20111622699569981  0.21623059433130387  0.23037960060546991  0.24348034654465781
  0.25699246590062091  0.27121089583008756  0.28406007435817471  0.29997906287551646
  0.31607592799296669  0.33058508910481060  0.34128574522862848  0.35084752467209707
  0.36079374178195284  0.37175072619505833  0.38175895188051490  0.39027873397108914
  0.40121224496936531  0.41490805244350959  0.42629368990645494  0.43840673286733062
  0.44997245046797663  0.46213214605833602  0.47512401929379378  0.48650722761485671
  0.49656379994509936  0.50729742754810347  0.51937151163276840  0.53501900946787595
  0.54602300872637755  0.54968286411955669  0.55262992304173353  0.55558649558007633
  0.55870659033758518  0.56441616147501816  0.57246091342896976  0.58057149113003770
  0.58831096564307450  0.59684688772309358  0.60741371934774291  0.62106704743434082
  0.62956968148095360  0.63411521662734560  0.63866075177373771  0.64457229833294449
  0.65072887219425790  0.65671976645015850  0.66068185677344582  0.66464394709673313
  0.67036696545215135  0.68048442736788473  0.68894993485705436  0.69599851109741473
  0.70408045846972556  0.71342255398140852  0.72126047836100382  0.72803274945058583
  0.73487542667923533  0.74202714532884329  0.75219353398769162  0.76470214363523670
  0.77823984676651548  0.79348699320669958  0.81004310052091955  0.82671449263536445
  0.83857572985845696  0.84828144196912392  0.85835175255758078  0.86585173052007613
  0.87245214008961525  0.87934665849831783  0.88563649332082539  0.89141024554592507
  0.90184323296321089  0.91708432350837443  0.93149547692284029  0.94504996291097609
  0.95632390391845778  0.96847589269988665  0.98193808766616120  1.00000000000000000
   2.2284891700708342E-009  -1.0000000000000000     
 T T T F F F T T T F F F T T T F F F T T T F F F T T T F F F T T T F F F T T T F F F T T T F F F T T T F F F F F F F F F F F F F F F F F F F F F T T T F F F T T T F F F T T T F F F T T T F F F T T T F F F T T T F F F T T T F F F T T T F F F T T T F F F T T T F F F T T T F F F T T T F F F
