  0.00004947064726323  0.00020575777255477  0.00027981369601404  0.00036107091055497
  0.00049076088718775  0.00066421974676063  0.00083176117001442  0.00099272675567652
  0.00114151119860201  0.00129017628481371  0.00144856759427424  0.00162210882851454
  0.00184607052620796  0.00210464187177366  0.00237721086676153  0.00265388753338800
  0.00292905972723935  0.00322023396463649  0.00354210637239298  0.00396659404445100
  0.00453372626641374  0.00518282154044083  0.00583237766339865  0.00641453816896884
  0.00685601752601093  0.00723066559903921  0.00768944717841567  0.00816171826208579
  0.00871520210758471  0.00923636160604092  0.00992621392420865  0.01066534694049916
  0.01133455776417923  0.01193826251444185  0.01251307328258721  0.01298718920266721
  0.01343054070152826  0.01384853889788152  0.01429153841754041  0.01479290719417042
  0.01538898587238790  0.01595221386331541  0.01654927512293231  0.01709270487150591
  0.01762926742130295  0.01848356997212646  0.01941072965851772  0.02039710733780989
  0.02149749827922961  0.02281079196074165  0.02429998202505304  0.02601527361744976
  0.02781735945820209  0.02954019540211339  0.03146125139691443  0.03296617051473133
  0.03426025134291940  0.03556136049231941  0.03693482675778066  0.03860631440464792
  0.04057568369369274  0.04228536453901680  0.04698318998119852  0.05308231134972007
  0.05983038479826269  0.06701841787773959  0.07361168972602480  0.07818476947900020
  0.08299108055958664  0.08750341960197024  0.09233895370589131  0.09766981012454416
  0.10292754695533561  0.10892974731891734  0.11501965166351528  0.12086346463778236
  0.12877226261251240  0.13533334849702239  0.14380695718693040  0.15787374265450391
  0.17678478980141843  0.19790514884424409  0.21353175757200049  0.22904866674312344
  0.24385305021486123  0.25738882411083219  0.27149250915113177  0.28595060128350602
  0.30128825850430391  0.33321011329713485  0.36840252997019102  0.42328593725859059
  0.49781183333706375  0.65522870473981909  0.80828046669790288  1.00000000000000000
  0.00000713112203794  0.00004658598548323  0.00007838790101236  0.00011199184221152
  0.00015887794091963  0.00020473354021318  0.00025193461348815  0.00029256560263095
  0.00033327453212451  0.00037626055562710  0.00042074691100033  0.00046776878667825
  0.00052508418605132  0.00059432835518663  0.00068545292669490  0.00080465312958568
  0.00091342811260303  0.00101511963731874  0.00112403922458288  0.00127747896170851
  0.00148768039693268  0.00173570822988033  0.00199658327040619  0.00230604154321615
  0.00256408850285675  0.00289137164715879  0.00326726029046936  0.00365306535737177
  0.00404361918644774  0.00451994042980465  0.00492379382070348  0.00527060122262557
  0.00565099018344129  0.00605597358760553  0.00652706974708204  0.00722139631360944
  0.00797534617033071  0.00873296893019730  0.00949974574216665  0.01038067173977106
  0.01141328598463151  0.01248791467080445  0.01353057987800282  0.01482036999865663
  0.01628165684581595  0.01787704746651810  0.01974395928985686  0.02169354633129794
  0.02356867828718141  0.02549045635897305  0.02761692313760298  0.02990098435355973
  0.03215507188908252  0.03367856843163226  0.03494584160227886  0.03620194567686836
  0.03762819886058460  0.03930916620416137  0.04091045286601226  0.04236368060399266
  0.04353745930543518  0.04500625916796175  0.04724181231627508  0.04984924246755390
  0.05233257177566976  0.05491796186190628  0.05900549876872394  0.06431958539618769
  0.06886760387911130  0.07412598922460463  0.07986158779180608  0.08650982618222590
  0.09435680595014112  0.10309285104640316  0.11800601425882416  0.13508286885055298
  0.15804278103281916  0.18813112670070387  0.20593058641484460  0.21989044926468532
  0.23044591280826629  0.24005613890608532  0.24757622298720094  0.25777877220127943
  0.27257002482656412  0.28670349407473195  0.29831367914188595  0.31213011120434897
  0.32332674851507537  0.33422945492008477  0.35037141640247432  0.36651337788486388
  0.38282306200709848  0.39937030887873293  0.41591755575036732  1.00000000000000000
  0.00000294577257628  0.00002102347571863  0.00003633791487252  0.00004967678860802
  0.00006270934878443  0.00007865652461812  0.00009350400149554  0.00010449536864617
  0.00011406376619950  0.00012539830523376  0.00013261853005008  0.00013833486192162
  0.00014554271163424  0.00015275026748879  0.00015903189508984  0.00016696604371401
  0.00017558721781260  0.00018488334326487  0.00019404881493451  0.00020487081288618
  0.00021518523616985  0.00022744191507670  0.00024088347276786  0.00025406474413454
  0.00026660541256180  0.00028004918350339  0.00029370444124120  0.00030889829536187
  0.00032539955224524  0.00033941537416110  0.00035550267000068  0.00037203458790571
  0.00038899754458169  0.00040854236753741  0.00042677614753867  0.00045147585845055
  0.00047511788352076  0.00049866906863209  0.00052133821653698  0.00054279476844629
  0.00056435767375062  0.00059064066782001  0.00061373477248302  0.00063913343984467
  0.00066965427689907  0.00069399706170312  0.00071443773194163  0.00073333191159201
  0.00075228808130173  0.00077090935441224  0.00078900388819555  0.00080930800621316
  0.00083110178165151  0.00085326586295107  0.00087937216869778  0.00090583969568585
  0.00092989186297643  0.00095051049198462  0.00098071123121630  0.00101721207726174
  0.00105026563600749  0.00110239789323917  0.00117845524712153  0.00125373443339924
  0.00133440893754749  0.00145586936831106  0.00159605911014244  0.00174513979041712
  0.00193868562568581  0.00216814996626598  0.00241413178473510  0.00265842696873940
  0.00288999127053510  0.00312679793148200  0.00338774890288137  0.00369344324998664
  0.00411641491365692  0.00463516301455916  0.00518508202996298  0.00578220646949598
  0.00644431122100174  0.00734787708293584  0.00824266650578340  0.00893813355462445
  0.00964650826769168  0.01096296595074751  0.01320164603798732  0.01614067076717088
  0.02087468154337521  0.02868773745936695  0.03621551701756306  0.04751091362034290
  0.07475566171443768  0.10600008465528071  0.17580171356567822  1.00000000000000000
 -0.02551922989518260  0.10598443368383648  0.18197252295871524  0.26586352365325627
  0.31707651149348987  0.37550725912480692  0.43124087409245881  0.47563499330156717
  0.51451677572962451  0.53412634554400207  0.55833683820195146  0.60084236810598912
  0.63001447779635822  0.65415329510708775  0.67346835208759326  0.69104024763533001
  0.70408492490883323  0.71519387311428029  0.72787874630717531  0.74266809384156973
  0.75886281610823692  0.77242576589792022  0.78526594576323505  0.79710741817240593
  0.80799750053801234  0.81808429787025994  0.82803952911130008  0.83889253658351581
  0.85037073387978446  0.85833385515278371  0.86438725725984022  0.87036951331830215
  0.87554070394907046  0.88044574451561730  0.88518543703302177  0.88947565187888422
  0.89377168430788523  0.89854775073899051  0.90385430650030874  0.90829609035904812
  0.91227279500801994  0.91596516386672200  0.92067818027979509  0.92563057188514297
  0.93026485090341315  0.93425052873566650  0.93782125638261249  0.94126605437098865
  0.94482839089917348  0.94848227898430981  0.95121664700590736  0.95356796526761811
  0.95552061180642811  0.95754086710299757  0.95891767338731726  0.95993335314068717
  0.96125088862076669  0.96265467509115343  0.96407884321009008  0.96615741970338442
  0.96819045053878983  0.96973236033274468  0.97114878620880030  0.97252821198362649
  0.97399952278935964  0.97562299383019635  0.97720309371901859  0.97861808729527144
  0.97988517785443452  0.98106261170795050  0.98215702651128012  0.98317322680470354
  0.98417578618398793  0.98522127530258841  0.98627184439659976  0.98729581684900025
  0.98826948160638817  0.98917714919014543  0.99009155572146568  0.99084461262468781
  0.99160173521099881  0.99236423382641148  0.99311144113854477  0.99388376690971092
  0.99464826434670750  0.99528950939490646  0.99587402645367462  0.99642460954752221
  0.99688343695222004  0.99733403969111956  0.99777834084152128  0.99821643323554055
  0.99865542789284933  0.99909945627431451  0.99954817861690470  1.00000000000000000
 -0.00275409753563113  0.00809064578883844  0.01855981236888295  0.02831745465640595
  0.03808877046045087  0.05009449119901856  0.06235966970197084  0.07354342205487600
  0.08303869485113283  0.09205569726191223  0.10182643780660208  0.11285419123487310
  0.12334902897345375  0.13517818736668305  0.14874029649401754  0.16250787287359256
  0.17026148931807672  0.17514631065842037  0.18113388899175409  0.18914983548382583
  0.19457381808423344  0.19961157484805453  0.20471798010213726  0.21107763811759561
  0.21760565895146708  0.22334891344398872  0.22869400281565894  0.23802744491349814
  0.24755731593623467  0.25590824024832021  0.26408030536636606  0.27279332783922944
  0.28355413905724353  0.29749130337006519  0.31304320086068854  0.32908998559746805
  0.34433936518498814  0.35962513129480939  0.37382397256858235  0.38725642362849305
  0.40097882474028873  0.41518506959767820  0.42954056051443240  0.44244326739087125
  0.45311434040747911  0.46224421906455293  0.46943697683908853  0.47861932224532244
  0.48673780553631918  0.49351816360824591  0.50076042785675623  0.50751770042740130
  0.51427662143956199  0.52338369430811293  0.53682480033914359  0.55212105762722730
  0.56688773713799545  0.58209164083292886  0.59726235971617647  0.61044443676996574
  0.62381662079432199  0.63713960121571489  0.64901317803044811  0.65745099207998081
  0.66482811632801686  0.67033304007666572  0.67697000201224888  0.68638201288387479
  0.69504629428024700  0.70229058589459781  0.70938156384022366  0.71652488576407103
  0.72470024579807790  0.73378522419083270  0.74412736520722234  0.75441525235334472
  0.76468071652589675  0.77605263192302798  0.78842422775618370  0.79968217767411864
  0.80998281447870235  0.82021316125262622  0.83091578511814113  0.84152457011652171
  0.85299163201729822  0.86538742203647001  0.87865312106726268  0.89300736793337077
  0.90742000188967753  0.91993196020233192  0.93078096470183369  0.94100976337753106
  0.95169648679932528  0.96544381553129843  0.97795801128716353  1.00000000000000000
 -0.00265391417259895  0.01279165063898522  0.02729732741961843  0.03918787545158324
  0.05102115130262748  0.06117770434761435  0.07041297580798242  0.07976228696022861
  0.09106400736542491  0.10295407287836342  0.11280903816145937  0.12310592994759899
  0.13604533110595532  0.15129866551061452  0.16489580439852494  0.17699562083603843
  0.18879118721911903  0.20135401050205901  0.20963564665775136  0.21418683753137513
  0.21806342151417207  0.22287788455617821  0.22843914728752682  0.23359616875976769
  0.23814861559971220  0.24299983500916247  0.24807377346144380  0.25259615512903105
  0.25688358616283391  0.26168574757526125  0.26682551995248543  0.27404033027181302
  0.28307605220634929  0.29255852126121268  0.30127226523798900  0.31031452128227288
  0.32026886235104429  0.33116216558751188  0.34067042042956858  0.34839803154405763
  0.35588633066893333  0.36472835488762045  0.37496431407507375  0.38733167196938223
  0.39939472354828526  0.41129480853384959  0.42392586587031172  0.43916212925759934
  0.45419187605269873  0.46815868561413676  0.48184914865101625  0.49620952841457833
  0.51245298288263319  0.53134897585601981  0.55116845452572616  0.56992536061603971
  0.58546110249853278  0.59775652515950606  0.60692255359124381  0.61606383050178259
  0.62612768352123060  0.63732066376736363  0.64959489222763178  0.66169793584282743
  0.67173810820546287  0.68108721466710820  0.68890364157862793  0.69548090439435606
  0.70211035152545764  0.70849014489188267  0.71417542947027424  0.71944082028132128
  0.72524411147242585  0.73211918531865927  0.73972562052876378  0.74876500145167457
  0.76016670070424097  0.76890348215483251  0.77954281690862537  0.79068009419113472
  0.80139203846221962  0.81372325271974189  0.82498267037731066  0.83752920470615033
  0.85044133252318266  0.86402759671904728  0.87595118478894329  0.88956572233136422
  0.90200950068013219  0.91509591755543096  0.92787694104163521  0.94063682515954095
  0.95557226695559505  0.96911664726284064  0.98309865612631353  1.00000000000000000
 -0.00647461264316164  0.04799640143357013  0.11853936169404317  0.18839550587369225
  0.25330713898171903  0.30297341171677733  0.35319329428229229  0.39831575924040413
  0.43467077241462371  0.46952080864642309  0.49978899477853156  0.52752099435044253
  0.54787139700647336  0.56271185873275231  0.57379774098230274  0.58279403179190548
  0.59270544021553540  0.60331353711983637  0.61814804776955068  0.63880598310441705
  0.65335057318999512  0.66640255571544271  0.67859620886552297  0.68772955871566765
  0.69725125231610885  0.70679178541102139  0.71828095503031575  0.72832144694070233
  0.73891822765793802  0.75117473500872867  0.75817963147158085  0.76564102233280884
  0.77448240839091731  0.78309953724864501  0.79269350696465457  0.80400007847910404
  0.81519696572559242  0.82627221984559873  0.83577401903002235  0.84422509337556861
  0.85125573591634407  0.85820669093372359  0.86462083364362619  0.87182124033361597
  0.87876095099040852  0.88519084115038471  0.89137195904883615  0.89692364550837123
  0.89931279137103848  0.90214280563389349  0.90498927409366148  0.90782266153768409
  0.91049654935485536  0.91304097255506667  0.91563691964684091  0.91774876892570922
  0.91984852072276424  0.92185147749103280  0.92353934324803477  0.92536863984868967
  0.92728760542451782  0.92930917340932617  0.93133278174073042  0.93315587076227891
  0.93486393686102442  0.93659476827450250  0.93832886001765214  0.93991826723657279
  0.94137235096506766  0.94289447932546122  0.94435070701794754  0.94588493619832992
  0.94749253839807102  0.94938505657765671  0.95112743871410266  0.95255854157558906
  0.95392168079334905  0.95520080689660591  0.95638669654802488  0.95762091860616472
  0.95894032990365163  0.96031241705332915  0.96173821759294331  0.96323369436435113
  0.96488706669673618  0.96661013165569054  0.96842007004803887  0.97020975593273018
  0.97194719004537067  0.97364854221750008  0.97534647450968803  0.97714494169402977
  0.97904389704849826  0.98090500153945048  0.98211204974444721  1.00000000000000000
 -0.00245673847184433  0.01182775168080948  0.02434578718078150  0.03715001670024656
  0.05132793140653657  0.06484230967019768  0.07644461761945288  0.08677104281215361
  0.09439797319761896  0.10393472060589207  0.11338322966970416  0.12191524415173148
  0.13023380510388632  0.13777227321212082  0.14493591798811545  0.15566440944826243
  0.17003456250806573  0.18517811785906094  0.20141916582985928  0.21651417107685372
  0.23036501267005130  0.24410409268851821  0.25884960756761177  0.27251042850156093
  0.28651997662325479  0.30172364195665291  0.31739307128938027  0.33224708958474214
  0.34621132662386489  0.35749161697141407  0.36691927617687259  0.37616871758539494
  0.38511877167686809  0.39399953470990667  0.40420671668691421  0.41618865250427373
  0.42955898191924435  0.44384472389514257  0.45814449148022707  0.47253646256234155
  0.48711004826345561  0.50130065349972053  0.51367185699648754  0.52382087064123584
  0.53284210516653119  0.54110710765584857  0.54905069361438852  0.55700151372242945
  0.56503838397518846  0.57362218123072095  0.58431364051008339  0.59328195339215273
  0.60027470270075833  0.60705528218516358  0.61438246914750960  0.62105646049729768
  0.62710301161851434  0.63334867763008584  0.63959994994461733  0.64846338166307538
  0.65744916768630246  0.66726907734642771  0.67523282739499613  0.68149767982776566
  0.68936769298786627  0.70102349870124336  0.71552429835280928  0.73050112230327524
  0.74599769176995234  0.75362235473181094  0.76002291768504182  0.76695641422136496
  0.77347628292950821  0.77882175889665572  0.78388022672601188  0.78884667540927322
  0.79378567281899637  0.79837964912479342  0.80386463751386239  0.81017447246283958
  0.81830658408882628  0.82856887135941648  0.83941730651426061  0.85201313937280709
  0.86561710263774594  0.87908290860660254  0.89426605224483502  0.90979036658171053
  0.92670676134617858  0.94095289875078092  0.95221619692462689  0.96245184777391679
  0.97183932854053068  0.98018787075292169  0.98874405386562469  1.00000000000000000
   4.9409020261696886E-008  -1.0000000000000000     
 T T T F F F T T T F F F T F T F F F T T T F F F T T T F F F T T F F F F T T T F F F T T T F F F T T F F F F F F F F F F F F F F F F F F F F F F F T T F F F T T T F F F T T T F F F T T T F F F T T T F F F T T T F F F T T T F F F T T T F F F T T T F F F T T T F F F T T T F F F T T F F F F
