 -0.00426264758143778  0.03360067887599920  0.06912729735823110  0.10726390408941237
  0.12729290238977861  0.13704789741990578  0.15203109145345656  0.16131366256901472
  0.16773778844953316  0.17603417313357597  0.18395614156642032  0.19693832615946760
  0.21544864262014912  0.23350422679458752  0.25139153610396442  0.27069393333747049
  0.28918860214522213  0.30463896662209272  0.31880320887660146  0.32868488935927453
  0.33504387628474852  0.34205678333152184  0.35169529527123877  0.36212642008276363
  0.37346071456524521  0.38343413977601254  0.39096777867637278  0.39858023978953483
  0.40638091368293622  0.41480007207181574  0.42327449610264173  0.43155846258900382
  0.43921245010940851  0.44699742213052235  0.45439310011853606  0.46254694226112175
  0.47064390544863310  0.48017905739822286  0.49071847691576803  0.49988020578500247
  0.50750494983039696  0.51472098901442287  0.52249950376568788  0.53053715827277892
  0.53933918098360834  0.54729072650771593  0.55511444224094886  0.56062806561086742
  0.56642547406225052  0.57245357616624881  0.57796816802233619  0.58325849184836287
  0.59009380428942793  0.59746038905137622  0.60472156811011679  0.61196540604454575
  0.61958924029431350  0.62794925352432673  0.63728212636435622  0.64799877591173327
  0.65979360583081170  0.67183963962280768  0.68381909660547036  0.69574207627473084
  0.70787657140021765  0.71794485254201246  0.72555709268902724  0.73255890119625178
  0.73938237944182672  0.74626702107915999  0.75241775339126737  0.75866547884976032
  0.76465350837530532  0.77032580025150565  0.77643638036809592  0.78289367004988564
  0.78945746951785001  0.79588055203403185  0.80234260635810695  0.80946373593149790
  0.81757928397109536  0.82522880409691690  0.83255770945089269  0.83957558615520511
  0.84622469956112412  0.85461468118766215  0.86391278445005915  0.87393732411849134
  0.88445225175035247  0.89509025216131244  0.90576502869909004  0.91716192410127462
  0.92927068167642557  0.94303756075833500  0.96179215805872398  1.00000000000000000
 -0.00000567217271824  0.00003393380050791  0.00005847760187297  0.00008098730767592
  0.00009590054232302  0.00010601393880750  0.00011746999233251  0.00012939346174297
  0.00013952573032053  0.00015080925896124  0.00016327585307567  0.00017366156257054
  0.00018203837325742  0.00019270197673865  0.00020246950769953  0.00021428081265578
  0.00022635874986575  0.00023918277783552  0.00025113255478026  0.00026074742114421
  0.00027179161825778  0.00028327130953431  0.00029580478785025  0.00030846175204671
  0.00031928266414814  0.00032943406131112  0.00034132824536373  0.00035551801039935
  0.00037177529824217  0.00038717667977677  0.00040237254058141  0.00041734032329279
  0.00043350157249911  0.00044914203964169  0.00046335018160281  0.00047787536421704
  0.00049505489353863  0.00051390196296145  0.00053257703645600  0.00055088588475125
  0.00057693807574639  0.00061070852421242  0.00064431268932058  0.00067107115462123
  0.00069015134725475  0.00070755767796934  0.00072403128678543  0.00074261000895240
  0.00076411455255167  0.00078665434553040  0.00081221846681644  0.00084329237739008
  0.00087813016032717  0.00091005636373968  0.00094599057413484  0.00098076062897161
  0.00100226048341435  0.00101947369427885  0.00103763754648771  0.00105818103654006
  0.00108034524348851  0.00110069398866440  0.00111762580815946  0.00113465619563210
  0.00115348148124145  0.00117851788330676  0.00122819072517902  0.00128483342794358
  0.00134125692315775  0.00140362097762214  0.00146920822708651  0.00153763678581721
  0.00161589177825210  0.00170368986482310  0.00179579873230517  0.00187955533682673
  0.00196381183521422  0.00202860497899051  0.00207659525225551  0.00211740836926058
  0.00216894542401640  0.00228934228500862  0.00242897193750238  0.00255977919254181
  0.00268635825228135  0.00283440184181924  0.00302061535406871  0.00324018053126488
  0.00349309859407020  0.00374932116349376  0.00400920350807049  0.00428591100809841
  0.00465414852798213  0.00509789767310287  0.00595813886399002  1.00000000000000000
 -0.00002891583491639  0.00016665402865858  0.00029601592464805  0.00036490905822769
  0.00042876050186066  0.00050147993426573  0.00057630505725347  0.00064448961118413
  0.00070447937988444  0.00076407931250286  0.00084776128040554  0.00097358671864751
  0.00113143846747280  0.00135366814895244  0.00146956419894161  0.00159117039415898
  0.00172065242647576  0.00185452811621569  0.00200372562431813  0.00216465729718364
  0.00233159970954693  0.00248498601646734  0.00260860648849233  0.00272508312471635
  0.00285385308535766  0.00305868770915469  0.00325835171293066  0.00346641940667683
  0.00362224557975825  0.00372475358244807  0.00382722160571914  0.00392343595487544
  0.00406996009235142  0.00419922308734905  0.00430301887233273  0.00450771102109952
  0.00466602428942035  0.00485822049918843  0.00510462940019209  0.00534727545314103
  0.00553551828054832  0.00570053551986216  0.00589553367820440  0.00613759391765911
  0.00642142612317179  0.00677755632000576  0.00713406480418721  0.00747379971805229
  0.00781178959532867  0.00817193016506050  0.00858258303157223  0.00911078568592837
  0.00981659969775755  0.01062172618925025  0.01150419909124436  0.01247673510978511
  0.01354742019842328  0.01422752715586880  0.01472232491119240  0.01527516138875665
  0.01576137235421281  0.01617421944021878  0.01661160112333744  0.01702429028415905
  0.01766006187413493  0.01855650779336358  0.01949145615383603  0.02044708374494589
  0.02139311132461300  0.02246782244369972  0.02358231015300706  0.02480589608354110
  0.02593300901087090  0.02695787686783434  0.02791151545339802  0.02924216098926747
  0.03103552389370099  0.03301677452879865  0.03528922298292789  0.03741116205599393
  0.04111163488973871  0.04761734762854820  0.05451882145180771  0.06213860601054531
  0.07079311779372627  0.08095227911250022  0.09454329668953428  0.11826411831689983
  0.15350338335593255  0.19915346216738530  0.27502306441200070  0.40742842952360192
  0.46693841978443007  0.52460254735779033  0.73085078280244264  1.00000000000000000
 -0.00000781891141083  0.00004294372271543  0.00014309139395973  0.00022314371007994
  0.00029369246073132  0.00036331751050318  0.00044245226494379  0.00052640027978422
  0.00060719128151565  0.00068805377484124  0.00077144390861678  0.00087823852127001
  0.00097738348157078  0.00107484030318212  0.00120934658666369  0.00138610606513518
  0.00156903132238591  0.00174437649626959  0.00190389239616346  0.00207764929247758
  0.00226213649483105  0.00246353173970592  0.00267311790409458  0.00287559443159375
  0.00306879066055887  0.00325225571484623  0.00343657638631074  0.00362247394575491
  0.00381163396329039  0.00400798690975629  0.00421556704397639  0.00444142120685341
  0.00468949708266960  0.00494486830226297  0.00519772640371494  0.00544088531033379
  0.00568784802392533  0.00594822381876750  0.00623076254265146  0.00653190300968160
  0.00683706232380048  0.00718530733910238  0.00754187954091471  0.00789783198012541
  0.00826329683796339  0.00861573721733356  0.00897617141836270  0.00932281621621586
  0.00966552027832446  0.00996972134069241  0.01027981883453909  0.01060654352781924
  0.01096407149236338  0.01138209822324079  0.01181062099855164  0.01225204256345630
  0.01278583644995533  0.01359200184833436  0.01448314335902543  0.01541114879304454
  0.01645499665459396  0.01762849867370181  0.01865601447270558  0.01956427144695411
  0.02051123665428745  0.02151438430480335  0.02254377166625774  0.02336830743246545
  0.02406748572694141  0.02479568302913892  0.02560605361749517  0.02662291560196695
  0.02836355760723207  0.03049305012518541  0.03278901953430351  0.03512816013691208
  0.03740324846811256  0.03988226903986218  0.04254798561231235  0.04607420391116908
  0.05026375809059375  0.05495229426712669  0.06041200561908988  0.06601857571182077
  0.07224977544933765  0.08018793786572798  0.09120141612399542  0.10696793538923265
  0.12658712436006669  0.14417629633784149  0.16628903665663713  0.19453064635507222
  0.24182834408963133  0.30600359733677934  0.45518709116761508  1.00000000000000000
 -0.00286779058142820  0.01079602677471672  0.02362350207979190  0.03619741511024602
  0.04804741338828521  0.06045798748242080  0.07232287675190219  0.08259651166070070
  0.09242216368940685  0.10228483920238096  0.10745972702269489  0.11342144405246558
  0.11984537597352629  0.12813060610551122  0.13622279262836720  0.15002632781528544
  0.16464531906140337  0.17931917688544155  0.19167700042521044  0.20094976624532265
  0.20896744901184283  0.21685034741326761  0.22444231357879035  0.23154274794078855
  0.23658128162894065  0.24318585744016899  0.25194815019816386  0.26019718297157496
  0.26910617608049126  0.27940961946372866  0.28981351429311492  0.29720481901224255
  0.30300041149364093  0.31168194932792248  0.32166646770519136  0.33249230927385082
  0.34647495881628276  0.36094906956535938  0.37183982494015100  0.38372717836951692
  0.39715820018249925  0.41013289879714204  0.42218525455342770  0.43227988300699338
  0.44235440906093282  0.45308125824175394  0.46759560949806994  0.48608748260097667
  0.50004663817648309  0.51361746211260162  0.52699117548324459  0.54032601684199577
  0.55353935413247335  0.56302068398555183  0.57283420518331807  0.58289625699454450
  0.59387069778329460  0.60539580751427402  0.61910878715393924  0.63203965747667046
  0.64322707679307656  0.65677733552170214  0.67240625037119484  0.68848333092197156
  0.70198099835531858  0.71369375044398986  0.72564267392596915  0.73803097342885360
  0.75177409818412111  0.76568712374622272  0.77444420629140642  0.78289442805718035
  0.79136933673607046  0.80005724309734572  0.80976340514091805  0.82151387209099369
  0.83288437877579502  0.83971226127325105  0.84454688022965052  0.85110401400486679
  0.85959143671278226  0.86532157697002110  0.87060913623703540  0.87696718735275614
  0.88476345962352043  0.89186366419211760  0.89727026012831157  0.90420612170581993
  0.91299111779375197  0.92197487860465954  0.93125183032148673  0.94222320777017254
  0.95538027264650915  0.96963342117438200  0.98468072330222889  1.00000000000000000
 -0.00353642723848575  0.01455529515388541  0.02474840373995237  0.03323762024132366
  0.04629481334483781  0.06051970275928645  0.07372455192237223  0.08622123508062410
  0.10173999181163045  0.11717180370873384  0.12989400378922078  0.14165269305805034
  0.15332626114866973  0.16346392373324367  0.17130549913546156  0.17846131271307686
  0.18545320775613935  0.19262968154154267  0.20276956121117526  0.21384150696895463
  0.21753304466344286  0.22111220631261297  0.22535671014375261  0.23080135480503047
  0.23867756061083373  0.24797938902785555  0.26106463044247974  0.27168215763004838
  0.28173714801831429  0.29114886103048554  0.29910461683486428  0.30491491605388038
  0.31128228512793416  0.31746294380856493  0.32232941582532043  0.32783948564901810
  0.33735609138000344  0.35040468912401790  0.36663427868822424  0.38314086951021187
  0.39772359845180916  0.41109178660321372  0.42111303342219619  0.43106652136330298
  0.44041729493108173  0.44973301681910888  0.45979033354885618  0.47068698757833566
  0.48185011354266022  0.49283791902533708  0.50398853901045804  0.51553255581799606
  0.52902795276958836  0.54442564050108044  0.56060640225672009  0.57379940038750044
  0.58467176207223659  0.59390402482741944  0.60368452449727328  0.61285942811945748
  0.62369574386766169  0.63380755491636920  0.64611676385483852  0.65883101900280983
  0.67057691398749320  0.68158049648489416  0.69211568381022337  0.70203069504740545
  0.71077979874130692  0.71794391970611793  0.72295579692581291  0.72901455978929064
  0.73516937577968322  0.74211997370401783  0.74931972686896875  0.75716630184253053
  0.76511324708807460  0.77447567761404756  0.78714360779754600  0.79955318509072537
  0.80605745379103422  0.81450516369931580  0.82543919713095559  0.83633159839324922
  0.84784773814404890  0.86073645393687059  0.87716230682798590  0.89191931642673650
  0.90453724677324576  0.91806393046792523  0.93240838520490388  0.94601218450121183
  0.96045467823129249  0.97384872912736875  0.98673280957181198  1.00000000000000000
 -0.01045354599075020  0.03196430213518288  0.06397208861195487  0.08919388346383592
  0.10702608919932304  0.11454947229219722  0.12143979155603254  0.12708709869444892
  0.13199151467281267  0.13524891065324426  0.13907331302322373  0.14429095384391896
  0.14891821748225739  0.15323700750272728  0.15900998577890291  0.16730521410489654
  0.17722179436661561  0.18442492009452549  0.19037887937633910  0.19512371233167894
  0.20183379661877382  0.20795192226915271  0.21346382896187854  0.21908079113739642
  0.22421449344984501  0.23056247375696562  0.23762208425045042  0.24829105972097773
  0.25828442327877077  0.26541660288135543  0.27460022036221404  0.29319623501711262
  0.31582157898016922  0.33942506508707454  0.36149643308862672  0.37903736487678696
  0.39374041655210806  0.40680600887416130  0.41770696761418863  0.42508001656004873
  0.42996319877307915  0.43546989590195645  0.44171852090379693  0.44787263406162831
  0.45405370175379478  0.45953233173901814  0.46408293685837704  0.46879994987981161
  0.47582045136945794  0.48376895602791059  0.49201348374863041  0.50006536303799054
  0.50918900317153026  0.51771163413567112  0.52569418360985487  0.53524942333117043
  0.54344442820563144  0.54975481260176495  0.55713803578561127  0.56563335249146607
  0.57422713223539690  0.58415050614616004  0.59428558406853049  0.60759014575828330
  0.62719049743075517  0.64586818128968382  0.65813576632085824  0.66542346231604321
  0.67232029001363658  0.67938465574476237  0.68680038944599697  0.69736009329905091
  0.71187201821728041  0.72698813563602127  0.74498201820617216  0.76190450827514855
  0.77477603813066898  0.78565571125861167  0.79667806757897930  0.80791552974024639
  0.82005504004295771  0.83461474015506210  0.84849234736522960  0.86262287233464663
  0.87944413320622750  0.89386961297493206  0.90444619312700680  0.91360923649166925
  0.92316655972660966  0.93372361435638762  0.94356019500792643  0.95381811033587927
  0.96345124101810997  0.97280246771633072  0.98417517732600557  1.00000000000000000
 -0.00366567831927800  0.00646975459984138  0.01667535695040237  0.02699409474716035
  0.03696853377938070  0.04689873823165158  0.05752059640447253  0.06820230012093724
  0.07806519697042830  0.08650330307437359  0.09367496741650930  0.10096414916522428
  0.10837538296715694  0.11373368944213090  0.11848799411744550  0.12436735426025199
  0.13243977724217063  0.13852285603906600  0.14297718158735653  0.14754099883601424
  0.15689830499401872  0.16676533431470006  0.17559328465777885  0.18777442019241813
  0.20521618072745981  0.22588816036314827  0.24571746763247279  0.25764293884032496
  0.26386721896477811  0.27056957951697763  0.27732822650541061  0.28481331780284502
  0.29178754936607371  0.29763399149154773  0.30444255910166490  0.31460152358672866
  0.32747892304217591  0.34096183505805439  0.35583867028407334  0.37416733448623368
  0.39272008556341992  0.40421706098371668  0.41134728535354825  0.41736165913575457
  0.42539488738646414  0.43619767400451209  0.44678796732591003  0.45503639770836740
  0.46524608329885314  0.47448730522114912  0.48501936151836694  0.50064335745555799
  0.51702420191906029  0.53269606690296589  0.54877071497708385  0.56562479974310109
  0.58263560568472450  0.59837875696608778  0.61084413442626118  0.62250661374849237
  0.63116902414104359  0.63881569630964652  0.64972847527827460  0.66163698257133552
  0.67224758847807764  0.68342928113427692  0.69411941710962777  0.70490769011210497
  0.71584343845954745  0.72658955029205041  0.74207914146649112  0.75463925203370052
  0.76494714114590412  0.77559847586566977  0.78632155079781274  0.79536927067552543
  0.80364585954513890  0.81156636875960497  0.81950675557745478  0.82855146764793108
  0.84053056163313711  0.85501520349791726  0.86687303031798235  0.87620966970074476
  0.88580677152013232  0.89591694146730050  0.90602349092634582  0.91565955828960988
  0.92454142251396809  0.93346098660632670  0.94326299315591233  0.95383821746933894
  0.96474062035048236  0.97601388358374519  0.98780154320030600  1.00000000000000000
   4.8115464872121485E-016  -1.0000000000000000     
 T T T F F F T T T F F F T T T F F F T T T F F F T T T F F F T T T F F F T T T F F F T T T F F F T T T F F F F F F F F F F F F F F F F F F F F F F T T F F F T T T F F F T T T F F F T T T F F F T T T F F F T T T F F F T T T F F F T T T F F F T T T F F F T T T F F F T T T F F F T T T F F F
