  0.06174180578452641  0.08272802165257416  0.09429862140288883  0.10366653265867734
  0.11201392644129761  0.11960262323012372  0.12676390332308279  0.13360763984057233
  0.14018063361677660  0.14651687630414328  0.15263716507903335  0.15859831421657691
  0.16443033588185310  0.17014430415915821  0.17576386535302299  0.18132570567181205
  0.18682694774144670  0.19225725898372753  0.19763556964080359  0.20297142040713359
  0.20826995527010508  0.21352857822227325  0.21876219613632517  0.22396472785922014
  0.22914549276307883  0.23431130354149521  0.23945736686923771  0.24458847436617184
  0.24969883684191307  0.25479759777592059  0.25990280950612882  0.26501032665631558
  0.27011622272837227  0.27522041460108693  0.28032674229536775  0.28545249664312083
  0.29057493416331059  0.29572636385130657  0.30090947702480020  0.30611676944474686
  0.31133742245941332  0.31658078174270482  0.32186235200202590  0.32716756492419929
  0.33249530645035119  0.33786099217971255  0.34326441348198528  0.34869937929160033
  0.35418066976679452  0.35968687945133387  0.36519080590293240  0.37072605159793864
  0.37636197181277187  0.38207641602040127  0.38784697992839451  0.39367845607075680
  0.39958856409467619  0.40557530017144061  0.41162681043444788  0.41778445272396370
  0.42401482325022605  0.43030407701999107  0.43669875719914941  0.44321325809998802
  0.44981594458718366  0.45652942672552538  0.46338400164820737  0.47037063391488437
  0.47747313679448522  0.48473751471718030  0.49219268017523060  0.49981792936208969
  0.50758651964890844  0.51558689186831208  0.52376443122601957  0.53214824952854722
  0.54078476515245921  0.54970996335950639  0.55892612772391059  0.56848237876496277
  0.57851531936182521  0.58900926265667564  0.59995698979633882  0.61145093580140231
  0.62361424632000129  0.63657800772871387  0.65038795117727100  0.66524666347532257
  0.68144396371596783  0.69929945958209605  0.71925467030432977  0.74236576854815939
  0.77047822432736113  0.80736428264363125  0.86489860504665450  1.00000000000000000
 -0.00256434815049064  0.00943150183677950  0.01977036797891190  0.03004058484341459
  0.04051768880111026  0.05078520741475656  0.06143197051690703  0.07203734605543792
  0.08253138189764483  0.09279473158943857  0.10314038747690381  0.11392978980972755
  0.12482255917549884  0.13551191169324858  0.14613754515861987  0.15704881919343969
  0.16794541523661033  0.17861272397021011  0.18922105359771704  0.19982414502863935
  0.21060700096876428  0.22116670047354156  0.23163169861437358  0.24210496761286973
  0.25260690739713165  0.26322556838847544  0.27376678831257606  0.28420516495840248
  0.29449806046450000  0.30457847310473202  0.31475102684198009  0.32504387030756676
  0.33545121629741836  0.34601712523406275  0.35662520264123410  0.36736479705815539
  0.37804165175546800  0.38893964703999762  0.39987397793898882  0.41094243810270792
  0.42172559514971275  0.43243257157526471  0.44304405461245622  0.45371064914584558
  0.46441225311587447  0.47514491560085070  0.48585548274060125  0.49659522917081222
  0.50697720816245895  0.51725636893395510  0.52762234366343175  0.53798483858622725
  0.54851804374781521  0.55919811844706691  0.56994459264090336  0.58056116453413120
  0.59117003301217708  0.60184528520236902  0.61239568070395589  0.62279554696369421
  0.63324502538694649  0.64386068427566301  0.65426497475978462  0.66458989282851255
  0.67497370998483586  0.68536294996221092  0.69564224582093792  0.70580617125143941
  0.71597601281011025  0.72613929562542168  0.73636363889970136  0.74664889105056975
  0.75693393298233413  0.76725268202175079  0.77776685610434393  0.78839421743156091
  0.79900459894186593  0.80961682740380725  0.82058247450119837  0.83155322816581856
  0.84231076566772844  0.85281355218022059  0.86329254492309970  0.87381768859889797
  0.88440075477508062  0.89519679225032123  0.90582025570563274  0.91625472649348261
  0.92640539389022503  0.93654180058370784  0.94683079908762202  0.95720902054917734
  0.96793947169935313  0.97845559010577665  0.98918727789213834  1.00000000000000000
 -0.00206697093578902  0.00949279519118463  0.01969801422401279  0.03016668765717987
  0.04078999716561627  0.05076299091806315  0.06060499241740183  0.07083312729099840
  0.08103197459295657  0.09138929709236669  0.10174907604887806  0.11251609383479376
  0.12349342539817539  0.13441605727847672  0.14531194412006282  0.15606038758898075
  0.16669470303724468  0.17724750020363950  0.18777500126531788  0.19829672707284585
  0.20865982737893654  0.21900633412975268  0.22928549511058779  0.23966618405430815
  0.25016628041986461  0.26073051665545921  0.27155883157605415  0.28254726606326908
  0.29361697544594301  0.30462039150099773  0.31555783023372674  0.32627565758532340
  0.33691278403048969  0.34730590326939087  0.35804569494622546  0.36873255195971305
  0.37923837482986772  0.38967736106190098  0.40022865287125231  0.41085977434643706
  0.42149390992929936  0.43186660823219181  0.44234257334615834  0.45269851685550117
  0.46323881582844062  0.47356332261967243  0.48387825945653667  0.49403638479411166
  0.50459408953637697  0.51482526291426034  0.52513255073628640  0.53543869773550334
  0.54597183505602032  0.55641537744365444  0.56664352704131682  0.57690336047362345
  0.58719168509982622  0.59756582762357557  0.60821605247428778  0.61897371963275738
  0.62975998119571153  0.64048763809725973  0.65123181699106170  0.66164472243868289
  0.67232110876899864  0.68332922220055525  0.69433439346901871  0.70527306394142386
  0.71595109730544138  0.72686448912269808  0.73751814148223960  0.74839917501565845
  0.75938759917102916  0.77017980761696814  0.78071386464755155  0.79117398779194303
  0.80176612218178933  0.81280663688893051  0.82386390276568866  0.83469700805575076
  0.84513089968205735  0.85541240103590199  0.86558482067522347  0.87569718660844309
  0.88579162665016975  0.89592074980702407  0.90609033300484376  0.91612442749572032
  0.92628690269975977  0.93645295474986223  0.94693705020202290  0.95752973567467825
  0.96824673330967881  0.97880880092800326  0.98941584950726202  1.00000000000000000
 -0.00240182710954596  0.00938688860100115  0.01964809896327192  0.03003589242276833
  0.04086990556801968  0.05154602945824801  0.06262792052226207  0.07337983187434344
  0.08403806779291768  0.09455126473802712  0.10524852178943304  0.11590239244834818
  0.12665560731942946  0.13718425901288206  0.14777884271464573  0.15816885465297670
  0.16874791815604476  0.17960973965048507  0.19043889394639771  0.20117345974053460
  0.21185894585756879  0.22258926014218691  0.23311725543866793  0.24351921554760922
  0.25389204266107840  0.26437430749307644  0.27477879862649107  0.28512093650876713
  0.29544311442152105  0.30597917846255313  0.31653435821469345  0.32707643801843539
  0.33744418861546210  0.34786559571721648  0.35831101295969209  0.36884913715745160
  0.37946642577458300  0.38987609561138925  0.40005982768814879  0.41042053674267875
  0.42084382226163691  0.43177622025731671  0.44289467377273001  0.45406281716270080
  0.46478148358895699  0.47521451018299404  0.48553084825092657  0.49597923712590314
  0.50652822171371692  0.51718642542992355  0.52752324258140082  0.53773831861283417
  0.54781180648143835  0.55806219045307126  0.56833946812685920  0.57858391014490296
  0.58888478030813651  0.59921443449205569  0.60957378677771301  0.61975973522886263
  0.63003402726948010  0.64070848458695706  0.65152953663901780  0.66234136112581465
  0.67287259345531114  0.68316074517895575  0.69337517545928429  0.70350706690376608
  0.71363118999378372  0.72383020764360018  0.73430756845890177  0.74520555001034994
  0.75598873668651245  0.76678978677034704  0.77789176474960897  0.78915474313443312
  0.80019097250893123  0.81099233524764913  0.82155183760650696  0.83208086808977932
  0.84237580497393538  0.85271248023913171  0.86292144009860305  0.87310323141742996
  0.88332058656045431  0.89340190910372363  0.90335344849631527  0.91329631659687038
  0.92337893222275380  0.93386385977611408  0.94449068515444090  0.95564166000282214
  0.96669515847768606  0.97780224207487265  0.98886015702698116  1.00000000000000000
 -0.00226699270517547  0.00913249162188859  0.01881467191970511  0.02902411771133546
  0.03921715752757761  0.04918897696961770  0.05910096990279801  0.06938128919024437
  0.07979505035002608  0.09013663708163865  0.10039999525824710  0.11081077925377918
  0.12108357804734535  0.13135208702202361  0.14140514902524262  0.15152031796958901
  0.16175399184387423  0.17200072921789855  0.18224771105252477  0.19254087696698791
  0.20312429203084215  0.21368582028246022  0.22407067962110427  0.23447586423624409
  0.24483928958281836  0.25523873858262486  0.26572811398164042  0.27644163974435754
  0.28755807355576668  0.29849994567871035  0.30949475687419331  0.32029397311260766
  0.33093806591306707  0.34167393302405613  0.35237756564809053  0.36299483260631293
  0.37342914688367002  0.38382089207890996  0.39432274574315879  0.40474517822313716
  0.41511743771245679  0.42591692318172508  0.43685235865201349  0.44785358582510654
  0.45885204707830468  0.46978383817562475  0.48064908086213587  0.49118808917719220
  0.50193644410593075  0.51243688404577470  0.52317769382908219  0.53358528996222665
  0.54401713407564001  0.55446950424846686  0.56520484668855697  0.57621163930506458
  0.58707014428519655  0.59752581067970445  0.60816714860865828  0.61879366470691211
  0.62996046491799684  0.64117453910028477  0.65240804881151615  0.66374376566043047
  0.67494126771144114  0.68615934675763146  0.69668227186434672  0.70732269296181760
  0.71779712553058961  0.72818262273599266  0.73865143931758381  0.74899357444059156
  0.75966741724962716  0.77011217623770634  0.78045743783684984  0.79065898717187444
  0.80096968109041922  0.81139803019286116  0.82174928998326113  0.83217321672019440
  0.84255539740977603  0.85301324525547673  0.86346625200576788  0.87419952752720409
  0.88461894560773757  0.89508943594491552  0.90559004860175984  0.91634412623379957
  0.92703514862459535  0.93751472765629162  0.94796861129224885  0.95834195716797010
  0.96877627060676141  0.97911412820279731  0.98952016685477939  1.00000000000000000
   1.6800927278047249E-023  -1.0000000000000000     
 T T T T T T T T T T T T T T T T T T T T T T T T
