 -0.00002699754992333  0.00063348522493183  0.00115134040491568  0.00164074335191180
  0.00210348652657789  0.00256966722615728  0.00307303475029271  0.00349851506015168
  0.00375396420251835  0.00410460518899413  0.00450892970264490  0.00515663442946920
  0.00601670360232205  0.00695094816385623  0.00788034980991938  0.00882131105463608
  0.00965094519126724  0.01045588013189368  0.01128153004547801  0.01216537334047643
  0.01303910217352858  0.01423807190126336  0.01556936229226130  0.01692425797210800
  0.01834735099176313  0.01987854540146115  0.02148663162433083  0.02348221712003650
  0.02587180893881059  0.02834240014006029  0.03067294169784157  0.03263602047906695
  0.03469531516977978  0.03708722561859333  0.03993277035437575  0.04293780801900719
  0.04563529064084713  0.04790374072690110  0.05021378249591719  0.05268723680069993
  0.05527164663461061  0.05807623568203488  0.06131529583384060  0.06493668232754135
  0.06922316463564576  0.07346452943881586  0.07775966493300158  0.08161029799115789
  0.08470491690377401  0.08732636601030963  0.09041073338394887  0.09390980909835821
  0.09745181733240510  0.10057390318959901  0.10369285663982315  0.10707582870282845
  0.11136951609237333  0.11722734879450791  0.12452986866375934  0.13199326242451614
  0.13810513386817783  0.14426004720903668  0.15032154817205237  0.15763128504045257
  0.16792191140331056  0.17857092054456719  0.18583172680112614  0.19230616556339075
  0.19900622877430002  0.20586926335055866  0.21297987884577418  0.22392856198461045
  0.23632255215019787  0.24711191069814867  0.25679149946458485  0.27077987240651152
  0.28975328093513558  0.30866477260957109  0.33001263771837269  0.34991694775623411
  0.36834988114991296  0.38799766023924004  0.41023920822240251  0.43609170648836337
  0.46587693443725414  0.48666602198461273  0.51260809317679257  0.53422123401149191
  0.55195802391230842  0.57758598805202266  0.62287863492524165  0.68368357947685654
  0.73765746746672201  0.78576980562860277  0.85920247961407381  1.00000000000000000
 -0.00001818330953073  0.00009562105561386  0.00017243310458427  0.00025060997562022
  0.00031772444402819  0.00037748343046558  0.00041669411814512  0.00044854700796320
  0.00047738795230503  0.00051089248961085  0.00054823168020485  0.00059078065225377
  0.00062222503845423  0.00064575381560553  0.00066366870530863  0.00068517275369382
  0.00072982999908098  0.00078595645673321  0.00085672895321242  0.00095246416992226
  0.00106392245798694  0.00117102005018975  0.00123017551004629  0.00128797152396536
  0.00134397969944149  0.00139636878989130  0.00144930954892359  0.00151175806845469
  0.00158628189508372  0.00165755363658305  0.00172467579519738  0.00179451642748880
  0.00187353582552296  0.00195430645112891  0.00202906841210467  0.00209875844062744
  0.00217066721907855  0.00225021978641226  0.00234213262906705  0.00244174856103988
  0.00255710829715840  0.00266785550105966  0.00277155214860478  0.00286908168758351
  0.00296048105479988  0.00304559403479670  0.00312655465521120  0.00318536369278903
  0.00326452707612440  0.00334533432415680  0.00343155914010121  0.00351863395146640
  0.00360265838945100  0.00370881745424655  0.00385454299708979  0.00396769907402748
  0.00406003745816114  0.00415448885538404  0.00425501617918970  0.00435189338137163
  0.00444835273743499  0.00454589915347901  0.00465390356953989  0.00475605383524352
  0.00488793420158514  0.00504904560264279  0.00523018852013187  0.00539077219201670
  0.00555613153474422  0.00571672749237840  0.00598568396330086  0.00635649931180766
  0.00679094488631514  0.00723878107327894  0.00756257503827213  0.00779144508355662
  0.00799910830180226  0.00822788284312139  0.00849160498746751  0.00877738625922364
  0.00910121585011968  0.00954124811208736  0.01006097916907666  0.01080247289783520
  0.01177933343206529  0.01288477481281829  0.01426901547189819  0.01589614781115543
  0.01763657137806797  0.01984508528828195  0.02487039280848964  0.03410945295524295
  0.05000926707010700  0.09721629326115019  0.56667817801811970  1.00000000000000000
 -0.00005874080402574  0.00022524264499718  0.00039229114349246  0.00055833337798492
  0.00076876276389700  0.00097124124874432  0.00115892431416307  0.00131686279237116
  0.00142353955303716  0.00149475715310353  0.00158981564861738  0.00171632055480744
  0.00182052483504912  0.00193559350723733  0.00210817392386745  0.00230846320680255
  0.00250951840850967  0.00271825343117603  0.00290614829987237  0.00304280904963592
  0.00317147544582125  0.00332333995908752  0.00347695935132720  0.00363301113786341
  0.00378726807516109  0.00399592018604164  0.00420582481905453  0.00439450847085233
  0.00454513555299443  0.00469469968729269  0.00489374444565909  0.00509362309521142
  0.00526141275836824  0.00540547828458830  0.00553732587628166  0.00565337866174756
  0.00582439154241867  0.00602015586443726  0.00620232001814880  0.00638664144935623
  0.00659584060345359  0.00688199175236513  0.00714015081075482  0.00751215638595686
  0.00797340150533605  0.00841083947441291  0.00886162645269030  0.00931423961805672
  0.00978817992888023  0.01031586023840462  0.01084145306500012  0.01150943046920093
  0.01221212028634123  0.01290597329827292  0.01355410897312839  0.01414743451329564
  0.01497633847575979  0.01582409722380912  0.01668885372694719  0.01757834532269345
  0.01847199704185471  0.01929210649684666  0.02006747872541705  0.02106674305760101
  0.02217886759318428  0.02325665776840644  0.02414071270800495  0.02505240125134982
  0.02603383162837918  0.02729199564676725  0.02914341735694385  0.03195888646887678
  0.03495480123816622  0.03844991594510785  0.04203231636216914  0.04446132104721386
  0.04632928830753934  0.04756702852955873  0.04864611485694154  0.04983837348279387
  0.05116641304786516  0.05290525651247451  0.05503799674983893  0.05764955840140696
  0.06257658347963099  0.07296831185151158  0.08671167908204956  0.09725084165537860
  0.10934741691634586  0.12423119759325843  0.13830491219282953  0.18452895378234188
  0.24142079858264284  0.33782861294246896  0.62624167681912002  1.00000000000000000
 -0.11810217280485323  0.22156618155456054  0.50366096006704653  0.56495235021451518
  0.60161229412567752  0.63176381561442696  0.66026499369900482  0.69646381446405137
  0.73076825184776606  0.75463810002678777  0.77295825591248135  0.80320849575539655
  0.82961550530540185  0.84298576320154861  0.84971998470298671  0.85654815757945801
  0.86176742468706657  0.86786969695730376  0.87468867235969994  0.88407931282105290
  0.89337861922011585  0.90254110550778710  0.91200657406735031  0.92042639132916759
  0.92588095496476541  0.92966173803885321  0.93421493249635756  0.93825969852707269
  0.94240935340036791  0.94605874341112162  0.94955090472112835  0.95304641913205179
  0.95644058534338394  0.95948730465289533  0.96230226721502654  0.96466838433675695
  0.96674763156947352  0.96860033538753065  0.97033767298532547  0.97180957035097115
  0.97303823159563807  0.97416496774173678  0.97511167377818309  0.97628087323640989
  0.97750000649556590  0.97868007534504675  0.97966823743666609  0.98045944450844413
  0.98106710823577437  0.98168036357088795  0.98245270362586379  0.98324626146769634
  0.98406885791411880  0.98472005144240682  0.98526794907325999  0.98576803847119843
  0.98638952469477925  0.98699034480600567  0.98755952932647029  0.98808700377544778
  0.98862538163564506  0.98920269478180511  0.98973669661086283  0.99023493251065886
  0.99076901506723414  0.99138310203914859  0.99203533010631118  0.99263045490183122
  0.99315597445527792  0.99363835681317558  0.99407621913876387  0.99448790102199836
  0.99489615052631042  0.99530608551104138  0.99566188990330384  0.99597728669062402
  0.99623635211232731  0.99646822303303795  0.99671115248281261  0.99697580634343330
  0.99726289664638934  0.99756792611884515  0.99783251833883568  0.99808429433487100
  0.99830375124294091  0.99849818390586820  0.99867814314943137  0.99884254838537867
  0.99899938078627226  0.99916308860342140  0.99933139645364644  0.99948912881889540
  0.99962807380687702  0.99975630120674408  0.99987887867957481  1.00000000000000000
 -0.00170013511274916  0.00628277241465635  0.01638286731809858  0.02740252779575949
  0.03765005168940045  0.04950150896462848  0.06371203168130764  0.07771793790930898
  0.08636488734890772  0.09240480391442443  0.09879927936146123  0.10719620203804425
  0.11587923153112416  0.12330395159150624  0.13069110398105099  0.13930003637584482
  0.14702783744481049  0.15642445175553085  0.16864415068590172  0.18258341237382592
  0.19735826454515987  0.20734674363092209  0.21673655620551260  0.22521499953142338
  0.23408845252340019  0.24350406150977116  0.25378538360010405  0.26534197130371984
  0.27872522316307974  0.28957625155501532  0.29860104963233247  0.30570902635013858
  0.31217959253522004  0.31775715138577626  0.32414486226415967  0.33077480648434676
  0.33871505431987592  0.34577129835194331  0.35079976238503552  0.35670574161315610
  0.36502745573682555  0.37513959698807059  0.38660996834710459  0.39760154458129748
  0.40738647171060927  0.41832602553668469  0.42988706194485049  0.43972644789871307
  0.44794393400660321  0.45605807259646963  0.46494762433701059  0.47459398120463009
  0.48316963648568717  0.49419311379882952  0.50552990272298537  0.51477959566096998
  0.52206877764431314  0.53025486155811596  0.53993995165110287  0.54994247001569574
  0.56217383914147467  0.57410698550425787  0.58479663977604923  0.59653283576843452
  0.61103311984826425  0.63125266991732210  0.65355800985963053  0.67622090382115463
  0.69639218762704258  0.70817983375092430  0.71967516813681143  0.73022181493211979
  0.74279274928765326  0.75730452409361348  0.77110422361977027  0.78316160232603360
  0.79400563812990921  0.80319135572266864  0.81360570987371228  0.82541042585395485
  0.83644513636849471  0.84837724271971771  0.86202139207290251  0.87705141088663385
  0.88645505293787763  0.89384254238859728  0.90040343933965739  0.90739679311068266
  0.91523501075263647  0.92537539982132855  0.93714271684996797  0.94983235039827862
  0.96293208062514324  0.97596788281442692  0.98842479687140883  1.00000000000000000
 -0.00232892794135298  0.01006889046649308  0.02246046288624576  0.02943872422747263
  0.03653039251724668  0.04325202987706409  0.05035956168542381  0.05850309628175286
  0.06657247385235449  0.07591342649290879  0.08577253821959835  0.09524730162128285
  0.10461324588081497  0.11311145154462732  0.12137110276190245  0.12943852089438607
  0.13991728653740862  0.15342637248139229  0.16827676814679646  0.18247561617747632
  0.19267373844729421  0.20182774521932764  0.21013608143978796  0.21782006175545596
  0.22515243214400435  0.23289025828688301  0.24109354451944170  0.24996377586333454
  0.25940466157979886  0.26829092912210029  0.27727054134835172  0.28609388444869654
  0.29585732798971393  0.30783903019618575  0.32108216965920289  0.33539753842332481
  0.35010549434867011  0.36370007388694370  0.37587962480674086  0.38566799680878250
  0.39719858070213082  0.40917232552450600  0.41979173817697929  0.43146358611494934
  0.44469283623763467  0.45934990625875743  0.47555188616121147  0.49471144641719716
  0.51421695176503623  0.53222274263635450  0.54513667634419349  0.55350688489097111
  0.56215830180340443  0.57246811789528507  0.58340745455399712  0.59163271544364515
  0.59830036766498174  0.60655075771161293  0.61893225744358948  0.63564232640988727
  0.65068714267878680  0.66120247889919659  0.67025923661668962  0.67852754618860800
  0.68726707930989639  0.69839424947305662  0.70888798042223145  0.71630913579132105
  0.72354424909197168  0.73127098829082970  0.73905474802052340  0.74513523146669070
  0.75375369709455742  0.76299052260721500  0.76954959007970980  0.77933990496536587
  0.79128047413803704  0.80173760247812098  0.81086684311991730  0.82121582926638670
  0.83312164359448904  0.84441057192809377  0.85633032916199270  0.86811757623664887
  0.87794605132406089  0.88683070829672328  0.89784572798037221  0.90788118656843619
  0.91924902881266690  0.93171149674277354  0.94432637727470181  0.95606868793515620
  0.96718578678998057  0.97828581567322226  0.98844514405990058  1.00000000000000000
  0.00086566996061155  0.00126542521460801  0.00159006388747015  0.00183938312157881
  0.00208857773316134  0.00232437457983155  0.00255838974792693  0.00277894541754676
  0.00301070886092616  0.00329438755018147  0.00369896325149448  0.00407392801517350
  0.00441233999336331  0.00476580057266109  0.00518691941086405  0.00562829111961902
  0.00604036387358193  0.00647799833016842  0.00694591637974190  0.00742033203169811
  0.00798816567576511  0.00853607888775378  0.00908790975208780  0.00964779534482082
  0.01022206887027855  0.01083788518918405  0.01150199520981226  0.01217807920133326
  0.01284030910862516  0.01347412693184317  0.01411787635077517  0.01481766664335613
  0.01562443123443028  0.01643165870854454  0.01728257426663678  0.01829889350461096
  0.01924521114566340  0.02072545804183058  0.02198011835322566  0.02310572661524451
  0.02417959830274261  0.02522315452740708  0.02624344131963789  0.02726266844707630
  0.02828447517826285  0.02921155769224602  0.03071608150369690  0.03270850647324315
  0.03469991402299234  0.03656717826526194  0.03822592301842923  0.03953684608293037
  0.04092916188071698  0.04285050432240695  0.04572539384582680  0.04819664983953910
  0.05199322784581704  0.05695162817657474  0.06194605492213503  0.06706948020884139
  0.07206229013223162  0.07699493549431037  0.08156568757971884  0.08640807661924937
  0.09152025904187025  0.09636776477089333  0.10099723450083664  0.10572677335036473
  0.11055885848081437  0.11652271871120815  0.12356992897645208  0.13035928841493638
  0.13672503420731516  0.14398050071971746  0.15177765202391591  0.15988980976791373
  0.16949722994476640  0.17618377482733549  0.18356693693165468  0.19501252597014412
  0.21027422474476823  0.22799481886689996  0.24576360675908282  0.26459420826175156
  0.28223572535721370  0.30286534938884935  0.32709773148010773  0.36430306958494024
  0.41001770537361770  0.45685361627792981  0.51067193951685008  0.57208623498436151
  0.63707159600989582  0.70797448945897201  0.82725950716865182  1.00000000000000000
 -0.00053872862842847  0.00213153429207745  0.00631453142153933  0.01158648931470022
  0.01759240113251975  0.02367523875712186  0.02970121266198069  0.03593066284816905
  0.04265846230767328  0.05022790939908364  0.06025754746401388  0.06928315632188535
  0.07734726392108215  0.08508088367522704  0.09196074805304591  0.09880081947403681
  0.10572860586426594  0.11222179029195752  0.12072407475624529  0.13049353967940022
  0.13936279197061727  0.14607513057735491  0.15247647480277696  0.15890498094274047
  0.16446602882089831  0.17145247329504504  0.18134395282812987  0.19341134421264297
  0.20760813089673155  0.22138822376025794  0.23322056602322724  0.24454172315952213
  0.25526721657247703  0.26561166095522620  0.27770111517672502  0.29447043839726411
  0.30820394908423843  0.31916049915508521  0.32751349480504421  0.33491299349718234
  0.34567847794237094  0.35952512812782705  0.37243317194034475  0.38946959563336186
  0.40240327839255485  0.40968087032096961  0.41955305435013940  0.43725635900981713
  0.45352098322040674  0.46896779758575324  0.49102382307213904  0.51490503964404888
  0.54794443598781806  0.58418388001123911  0.61659718722380175  0.63482396715130585
  0.64904551925144127  0.66079296483876693  0.67203903104832119  0.68695984257589515
  0.70152339999940105  0.71356649043327813  0.72407923251842954  0.73373707838181534
  0.74443896044472224  0.75801313877505627  0.77356654611146647  0.79107041583284776
  0.80724029516726070  0.81554379492027895  0.82081428934953027  0.82697296298677170
  0.83272565584429725  0.83925485718657244  0.84605789074000814  0.85277228050904119
  0.85863527275689211  0.86465721025416420  0.87149838550375824  0.88034685718363714
  0.89056094203270242  0.89882509133453692  0.90905204627803404  0.91830241696240633
  0.92653171674683277  0.93426212761855110  0.94084785579956765  0.94736183856031775
  0.95408084780346170  0.96130859528891877  0.96810230695265798  0.97380062074601592
  0.97938981288607585  0.98531977094136891  0.99202623317925676  1.00000000000000000
   1.4860003495285393E-008  -1.0000000000000000     
 T T T F F F T T T F F F T T T F F F T T F F F F T T T F F F T T T F F F T T F F F F T T T F F F T T F F F F T T F F F F F F F F F F F F F F F F T T T F F F T T T F F F T T T F F F T T T F F F T T T F F F T T T F F F T T T F F F T T T F F F T T T F F F T T T F F F T T T F F F T T T F F F
