  0.00006020607390159  0.00009252728396267  0.00011106129669595  0.00012677539259301
  0.00014368505570012  0.00016110636815570  0.00017885043150441  0.00019549817773769
  0.00021156184826480  0.00022789317565337  0.00024437802197909  0.00025599965145395
  0.00026960559359217  0.00028474988357992  0.00029518812390300  0.00030551478593131
  0.00031579057096803  0.00032617157988776  0.00033892266439134  0.00035532051827852
  0.00037795613517987  0.00039909011319036  0.00042266021054838  0.00045003460233808
  0.00047637789090231  0.00049824299192982  0.00052151913686819  0.00054642636138135
  0.00057406864707678  0.00060585472822031  0.00063598152520287  0.00066278320729637
  0.00069041135367273  0.00072152772534634  0.00074997790747736  0.00077455718127159
  0.00079697024656168  0.00082202652566595  0.00085227930070170  0.00088260880831283
  0.00091057801659088  0.00093617574986369  0.00095584169471926  0.00097831640585157
  0.00100081743175133  0.00102298697655606  0.00104815326093455  0.00109189029058400
  0.00115450049644642  0.00122362175961190  0.00128902332596692  0.00135723901801693
  0.00142526043557983  0.00149192662993692  0.00155710745813908  0.00163255055802814
  0.00170248299193064  0.00173822425916297  0.00177640341796165  0.00181699766717155
  0.00185646265786166  0.00189731421959486  0.00193250862956569  0.00200058387455185
  0.00208347480519928  0.00216849338805813  0.00225632142093938  0.00236637219062552
  0.00254492590802328  0.00273435648473945  0.00293963274465244  0.00318269166497469
  0.00341434194029402  0.00373795559008872  0.00402196421152652  0.00433481563322204
  0.00465774180771806  0.00495276991674620  0.00532006911368353  0.00577848867923226
  0.00633871262429756  0.00717166751887393  0.00844801430760527  0.01018997788336256
  0.01176378567194497  0.01357448114484213  0.01741529716419322  0.02332905337460695
  0.03230717444191080  0.05118497504349029  0.11568788863386072  0.15729625301165606
  0.18489573268828360  0.21695544835726649  0.30250890151325510  1.00000000000000000
  0.00005380739574616  0.00020361279787458  0.00027371656204599  0.00034468039139808
  0.00040527461313228  0.00046124461395005  0.00051947098355267  0.00056868922715097
  0.00063015662464222  0.00069174841729666  0.00076064964029737  0.00084002981220092
  0.00091322580737893  0.00098682219722851  0.00106135797919308  0.00114152978303279
  0.00122561573641962  0.00132017876453119  0.00143406316033650  0.00156751204204615
  0.00172129300855099  0.00186773087900253  0.00198759242923349  0.00208555332568614
  0.00221665493702764  0.00234518301706351  0.00247041636558845  0.00264410649950465
  0.00284449398019674  0.00306692875960113  0.00327326923731757  0.00342950456404254
  0.00354617742146960  0.00369161685347290  0.00387305970789454  0.00405310185443289
  0.00424586319892042  0.00447273153642783  0.00472802874819995  0.00504155097035794
  0.00541617256722503  0.00580446241501133  0.00627483117509242  0.00686049358620997
  0.00731756314248747  0.00764032683607295  0.00803544817093545  0.00850294966287029
  0.00905252225410882  0.00960354844693740  0.00997913091356062  0.01024511359408044
  0.01055373285825163  0.01107457639510694  0.01169204972606456  0.01222094524528589
  0.01267933317876433  0.01321114488019915  0.01391915514488734  0.01471010865509692
  0.01542362904848339  0.01611540138871186  0.01692027253285428  0.01792068636727105
  0.01950846180136853  0.02116895302342095  0.02322891942279187  0.02562081811617705
  0.02824167390934560  0.03111317767261391  0.03347528864949386  0.03577925992499885
  0.03883367637831227  0.04273897448109164  0.04709749166895867  0.05190794470322339
  0.05904853240216024  0.06658088009531826  0.07559039211113257  0.08463210539226859
  0.09586365350527397  0.10995716744455752  0.13175975507038670  0.16813038676935704
  0.21167833812970985  0.26440939505554190  0.33891609448078586  0.42527955330378170
  0.53775633601857642  0.70272052287079989  0.75421261560698383  0.79823716701038416
  0.83050776263212489  0.86028178929679400  0.90651082958672724  1.00000000000000000
  0.00000003240783153  0.00000010673473852  0.00000016900427632  0.00000023127381413
  0.00000029307382479  0.00000035370251427  0.00000041433120374  0.00000047718168190
  0.00000057779194764  0.00000067984023164  0.00000079364087112  0.00000090915153233
  0.00000102703859930  0.00000115122746021  0.00000127673742584  0.00000140112970572
  0.00000155266029162  0.00000171314612018  0.00000188218623626  0.00000206135876329
  0.00000224184463045  0.00000241609466925  0.00000267532790292  0.00000294869488972
  0.00000322294144712  0.00000351314638308  0.00000381998031179  0.00000423596057770
  0.00000465417589676  0.00000505154092428  0.00000543097774437  0.00000578983263253
  0.00000617423711786  0.00000657421936536  0.00000700996913849  0.00000759236250033
  0.00000843989966465  0.00000940094220701  0.00001037817256726  0.00001155681600858
  0.00001306046332167  0.00001464299473155  0.00001628599400768  0.00001809102518818
  0.00001990699575724  0.00002183355363442  0.00002376030084174  0.00002571642034004
  0.00002853680839262  0.00003232117294451  0.00003737637479980  0.00004322164165002
  0.00004939488297030  0.00005603590204497  0.00006310283549634  0.00007105789390781
  0.00008092139995853  0.00009233314180699  0.00010484124192751  0.00011847389787958
  0.00013232419107017  0.00015118426194856  0.00017630002720891  0.00020573916753121
  0.00023843807193658  0.00027849780150441  0.00033470205406835  0.00041303356741301
  0.00049530210046580  0.00057712897521210  0.00068440101795665  0.00082787977852121
  0.00099020306903026  0.00116824200690285  0.00138029265707672  0.00162268399799938
  0.00186888090939473  0.00213403352318805  0.00247865090655724  0.00286399068880762
  0.00328843071271416  0.00376894579907102  0.00436535523285729  0.00490740863367574
  0.00522503824722104  0.00561651593046207  0.00615874290936644  0.00700430850260397
  0.00809303295734145  0.00936289551969976  0.01184164259014138  0.01850649271426639
  0.03294298359700831  0.06316831155186094  0.33081360903710622  1.00000000000000000
 -0.00164008384293376  0.00883463029994449  0.01855198469318661  0.03089611245581621
  0.04015149026814489  0.04816612641459633  0.05706350567976615  0.06572852882288850
  0.07552927700498482  0.08633104849306092  0.09768008673435970  0.11021100327826508
  0.12258836290446311  0.13419580414645257  0.14494388925375734  0.15472052118585897
  0.16603961567834674  0.17690835830177151  0.18598396832428035  0.19278457342467162
  0.19970314118349125  0.20599156675160579  0.21179460075726250  0.21811915091266576
  0.22662515474646153  0.23516240324265822  0.24407702894462407  0.25427711901272482
  0.26455117418021812  0.27424370454165620  0.28318973232991496  0.29414207653151259
  0.30452369367604248  0.31478911866503162  0.32469559973931267  0.33477691105579788
  0.34481422550580421  0.35545732842394123  0.36443366238651825  0.37339968135494034
  0.38533353566399797  0.39184576691345036  0.39807872233504243  0.40527310546083101
  0.41209695895979792  0.41880515673345731  0.42629780257927979  0.43669775942069966
  0.45548824277521721  0.47808843767372355  0.49988955176297800  0.51985042382810653
  0.53752076655823144  0.55106761146275474  0.56381433197315511  0.57656418995725656
  0.58974143808835044  0.60435907423914148  0.62014602999738111  0.63142608849699489
  0.64187683524078254  0.65324468113578704  0.66840949748100398  0.69286371375033862
  0.71514727776457021  0.73169832722688966  0.74292868566192016  0.75225291760998525
  0.76129362605301032  0.77091541544870967  0.78119242743450801  0.79523701344106401
  0.81126931706802519  0.81898339352209237  0.82575995330490681  0.83371487438726288
  0.84067583562286841  0.84664401181417437  0.85110072530313785  0.85551639394824019
  0.85986348952687774  0.86409738244334466  0.87091442683743270  0.87890339809237950
  0.88689038220252259  0.89429332687617946  0.90062074143148685  0.90610997851166208
  0.91201808703648846  0.92057660668237740  0.93604425891104681  0.95244065477796058
  0.96792397426118393  0.97959402449447164  0.99012908256737664  1.00000000000000000
 -0.00190424415365871  0.00815875015258959  0.01709324094232698  0.02444437062975492
  0.03029131889037091  0.03644512144340540  0.04365059558628085  0.05807934475953428
  0.07051215233937176  0.08193735781568810  0.09321995416328892  0.10598757586794774
  0.12038214949902874  0.14013951588108356  0.15858911044125540  0.17570291890958367
  0.19034914344721166  0.20376723929108972  0.21519739299444318  0.22483935088132059
  0.23454235584758718  0.24390922429883521  0.25878825580216452  0.27558297910350821
  0.29412261057946681  0.31191598134045584  0.32766139847671882  0.33965760039216408
  0.35020831015809528  0.36181033664005446  0.37196550097595582  0.38100982083818563
  0.38861745453663926  0.39582786233736417  0.40552095259990345  0.41620948672752800
  0.42216734191304806  0.42820912831360297  0.43377224258265756  0.43992155385066883
  0.44806102677463361  0.45742442559427338  0.46486729583322178  0.47055973440284210
  0.47544466130647972  0.48362010578010889  0.49636552744432239  0.50561952454362014
  0.51182835071385802  0.51865495982847509  0.52602132341228824  0.53339057553827129
  0.53954060553514294  0.54451291520722289  0.55051712134753428  0.55804632778040120
  0.56858549299051742  0.57746148145464438  0.58590417839283804  0.59427515548716081
  0.60248347094763011  0.61049171849762629  0.61943985127874390  0.63114618503958364
  0.64606301273658440  0.65833577690509815  0.66992045624884888  0.67886545026512657
  0.68981698050690454  0.69895942609764439  0.70719539591387526  0.71473946273331779
  0.72217321457715355  0.73179344984604755  0.74063470074146343  0.74844774681133330
  0.75641257718179278  0.76487963770509515  0.77317775980935211  0.78133099426396369
  0.78844747951734984  0.79937516681725729  0.81406678317989722  0.83130438026673725
  0.84877670479828360  0.86423097248854852  0.87948783751372672  0.89239747533258906
  0.90493310908782376  0.91812828048363593  0.93018309049758485  0.94247864820469363
  0.95556376740704763  0.96894865453654622  0.98229955279012726  1.00000000000000000
 -0.00860032343486250  0.10821769683153885  0.14306920387146591  0.16855407907693062
  0.19218735388886254  0.21789823540290973  0.24384425831120440  0.26263493125014820
  0.27704011672506640  0.29284441721619037  0.31328422504916326  0.33620009060445344
  0.35398795251241150  0.37291718388322531  0.40457524898570685  0.43420259135286177
  0.45377004996364817  0.46992598960000709  0.48350908186561720  0.49494710968240235
  0.50563415944575973  0.51449976269777886  0.52294353563315210  0.53047612514438880
  0.53813268936696101  0.54598381472949209  0.55476028232391816  0.56452372493640279
  0.57573614748008717  0.59177610549125870  0.60821150715791616  0.61934249582882983
  0.62915754818335423  0.63948754596982549  0.64957862231748942  0.65899767523913910
  0.67608959608186237  0.69268551973320058  0.70733689723592241  0.71727495355326332
  0.72438778643067592  0.73040698290543493  0.73601894155083547  0.74181475730333080
  0.74865819337719974  0.75563287347599650  0.76180559452206653  0.76865914898118703
  0.77399269298900186  0.77843460711831036  0.78223932906023841  0.78618897963909340
  0.79041075146392181  0.79532543076113349  0.80018356626904708  0.80532577203421574
  0.81010428267090906  0.81385788528758241  0.81736802417554788  0.82112132932790338
  0.82522466078720746  0.82940141680847612  0.83304173577880525  0.83797306914736547
  0.84352159630304957  0.84922627590295430  0.85447250981065692  0.85819007808159309
  0.86286030968978011  0.86779648376549856  0.87226422984011598  0.87618366516330981
  0.87986634063032532  0.88474401779129852  0.89275856474327309  0.89799125572118044
  0.90347237137488701  0.90922397024075241  0.91517958495030882  0.92201887070945943
  0.92834166554426167  0.93430074717228695  0.93999865603463506  0.94521639172112903
  0.95033461651774187  0.95507451650350605  0.96027811713227074  0.96469463652935250
  0.96889032605500669  0.97311999742919053  0.97776694294141120  0.98233195875855250
  0.98709562625580860  0.99157482556748411  0.99585316223193820  1.00000000000000000
 -0.00211774863536959  0.00625478441399687  0.01725726291113337  0.02424889628558018
  0.03130663580843906  0.03714740072613046  0.04220779501903425  0.04733919131317334
  0.05229638081330143  0.05823762348474144  0.06640257293384573  0.07417055472256491
  0.08086955990979498  0.08856223021821526  0.09629244932817078  0.10811207829452806
  0.11830733697426876  0.12751473994185950  0.13490782377525515  0.14228268182451342
  0.14966098435134975  0.15963099416203136  0.17386810142279047  0.18970474544170501
  0.20403163195413179  0.21943848762701146  0.22898544248541142  0.23841046183239006
  0.24826325245571182  0.25836818099626124  0.27127456759822810  0.28269344967542664
  0.29190164290981935  0.30171222481324717  0.31241862783710883  0.32785494121268560
  0.33817814053637046  0.34590331755368547  0.35387122450012964  0.36147649873944993
  0.36805978471274170  0.37424141964012569  0.38168302397359610  0.38913710960818693
  0.39993272862706863  0.41759561171111353  0.43630128983621480  0.45187671918017225
  0.46716916928337388  0.48208977552180615  0.49651791773323145  0.51302262882162397
  0.52546991277834010  0.53850357541168470  0.54920330695714603  0.55997565105359770
  0.57410677155591816  0.59404382176794768  0.61011154422706981  0.61970153882518386
  0.62948019270949840  0.63937742571293588  0.64776068541025911  0.65477559040044053
  0.66255577087698792  0.67497333803764625  0.68996488721724536  0.70066141630726231
  0.71007908109985185  0.71900282201592336  0.72787569954603615  0.73681717046913253
  0.74334850564650290  0.75053951379778161  0.76180463614907690  0.77705752847725829
  0.79345627649497663  0.80785520580454206  0.82076684500814545  0.83410008108314060
  0.84966498062457496  0.86706836513637198  0.88540228420435718  0.90039392485150538
  0.91391043976917208  0.92627351281391934  0.93747870131378064  0.94754064278837125
  0.95643957841562555  0.96235344419418001  0.97010727723958612  0.97825411307248222
  0.98549976082688995  0.99192551811058949  0.99639631176006815  1.00000000000000000
 -0.00346145065883423  0.02003422441715111  0.03575548099485787  0.04592734144472235
  0.05383977600267426  0.06042592679889967  0.06734383054833656  0.07519845957309562
  0.08240876620683690  0.08754734473535380  0.09310190726441438  0.09992057108237014
  0.10791284894055443  0.11615662253860294  0.12496353280396438  0.13459336865850535
  0.14542300042128764  0.15562811733127327  0.16330403103215704  0.17506491420375439
  0.18856628620829327  0.20063489229501752  0.21067452332522138  0.21997650276692340
  0.22786735844048167  0.23426219168431450  0.23980842576144001  0.24612437814206575
  0.25478660673859616  0.26575549933033743  0.27801252793716397  0.29250743159408787
  0.30700426174249840  0.31945777910841772  0.33131763182544394  0.34409297727221361
  0.35863665435921704  0.37207715373742989  0.38671570201309102  0.40106708578625178
  0.41634302346550534  0.43254627890930880  0.44951234209741808  0.46537033739691969
  0.48079383508834894  0.49468133466120739  0.50856055829111402  0.52214188437514464
  0.53600251069737914  0.54630928876856633  0.55485189762320397  0.56422154682203107
  0.57374765153199281  0.58557779163012946  0.59507981711386138  0.60314235104236413
  0.61247268955188594  0.62320270491971075  0.63501532748699596  0.64588940401692263
  0.65673480291243735  0.66744449010273821  0.68035614747968187  0.69396598705529045
  0.71010250472896486  0.72620924720435354  0.74293927398861725  0.75745345320360602
  0.77102630049813725  0.78420390275500040  0.79464974529832066  0.80130745294397432
  0.80708785887055323  0.81207072317039763  0.81794245475780347  0.82527916513103716
  0.83205340034208208  0.83995655406116931  0.84798641354773752  0.85241832069118073
  0.86068283311464722  0.87093754301341597  0.88165428410811397  0.89548605622322230
  0.91321520569032111  0.93179557007882208  0.94881033165923423  0.96117098112013122
  0.96934096414877569  0.97377529827403986  0.97692222691297359  0.97985189333992040
  0.98270278709498826  0.98555807558752362  0.99234490574635337  1.00000000000000000
   7.2735808848095055E-014  -1.0000000000000000     
 T T T F F F T T T F F F T T T F F F T T T F F F T T T F F F T T T F F F T T T F F F T T T F F F T T F F F F T F F F F F T F F F F F F F F F F F F T T F F F T T T F F F T T T F F F T T T F F F T T T F F F T T T F F F T T T F F F T T T F F F T T T F F F T T T F F F T T T F F F T T F F F F
