  0.00496232979102602  0.00527603734478179  0.00558974489853756  0.00585669666505394
  0.00611417702192864  0.00640458908551841  0.00671046079952537  0.00704242834011739
  0.00738706769733273  0.00768240903608344  0.00796515984567447  0.00824472191227710
  0.00853853852186106  0.00879125376288672  0.00904137617573031  0.00931584578383226
  0.00958312016314559  0.00987473513357891  0.01021442532121672  0.01054852328699927
  0.01090818583728932  0.01124576208417160  0.01176390509348524  0.01241402297007426
  0.01312482068908184  0.01387302113649790  0.01451306211668875  0.01518919377366187
  0.01591264106696591  0.01664697747866352  0.01740628876149316  0.01826374640513606
  0.01931401562894327  0.02044842379051601  0.02189444707926796  0.02370618166705756
  0.02562910539298476  0.02745734677750759  0.02932923334152270  0.03143614071998715
  0.03390127018711672  0.03666265521002150  0.03932478130872706  0.04323340975118628
  0.04861729743412737  0.05467364421651603  0.06096668627217679  0.06725890161209815
  0.07296905424649197  0.07903157181426396  0.08563735549541475  0.09387960027579251
  0.10394376548938929  0.11490778214694562  0.12817890877184118  0.14324342391697953
  0.15840294092371712  0.17242888807585419  0.18487349789550539  0.19727405077664545
  0.21039989390798458  0.22381074426171482  0.23863263988109373  0.25231000197471559
  0.26311770907671084  0.27445893175022928  0.28927926558434935  0.30903649317572862
  0.32823600373117789  0.34676230792887558  0.37165920780985040  0.39540184046751053
  0.41475898419524931  0.43311286043209468  0.45040364480381523  0.46850151384908412
  0.48739229994506250  0.50995056943904271  0.53521338141547858  0.55623355652798745
  0.57560123818124564  0.59422684202024290  0.61303592212149804  0.63453880704398236
  0.66092366567169980  0.69101940186852262  0.71478149157805337  0.73735534118362922
  0.75898538971689167  0.77827480753399136  0.80124377657860557  0.82910372239221697
  0.85643169717816869  0.88621226993693214  0.92719264183911410  1.00000000000000000
  0.49030042137417457  0.50284690612821281  0.51222270224424926  0.51973200020999566
  0.52674139234668149  0.53422213745142855  0.54192016292094158  0.55135886835987546
  0.55366500863220414  0.55628795665946540  0.55918901492311368  0.56220997276031959
  0.56508711814090973  0.56819342619636459  0.57122920565270419  0.57393639716664180
  0.57738591839447606  0.58101560804107044  0.58455842425596383  0.58832115194288237
  0.59391827508453454  0.59981719771072595  0.60298301569092716  0.60526940145792851
  0.60740372420834154  0.60948022627020881  0.61208143618511135  0.61692924844066499
  0.62368020143468417  0.62929274421500270  0.63472497166883934  0.64055822493844905
  0.64483320256017485  0.65170794500110574  0.65944389799685965  0.66176112409079424
  0.66515279912668190  0.66837897145410474  0.67220834381301897  0.67595830672954949
  0.67932980856432668  0.68261070472495100  0.68527104356109303  0.69123293274283149
  0.69779787394463511  0.70365579897032016  0.71082728739188039  0.71695466361259119
  0.72338622554787302  0.73018064728770360  0.73673353903531336  0.74329102987414020
  0.74946574978549041  0.75504560627633399  0.76028672667926211  0.76788693586977841
  0.77606913157577906  0.78497196569027217  0.79490931081890936  0.80360080448541016
  0.80933867105173118  0.81416259853237172  0.81928300680840960  0.82452870018161406
  0.82951842188996217  0.83404736862699203  0.83910941129371897  0.84392405934600723
  0.84868801812806371  0.85310260463910914  0.85643196045272674  0.85924192842311842
  0.86218206279941501  0.86526669430160785  0.86837195901720787  0.87124963361445140
  0.87403729102127981  0.87666527167244745  0.87911508120168458  0.88197085695592092
  0.88486718625565308  0.88738573081998207  0.88978981803783008  0.89393480520190027
  0.90091835907319473  0.90782252991506784  0.91434052631886742  0.92053281390634556
  0.92717472465473405  0.93481085844681755  0.94266411199677769  0.94848748578884423
  0.95450525648978313  0.96299746311581680  0.97641654152288748  1.00000000000000000
 -0.00091277194184432  0.00533783610131632  0.01019257383752548  0.01471693813980265
  0.01950586948762778  0.02463381990033212  0.02991730639531590  0.03547053343379596
  0.03749375855452590  0.03944351532784998  0.04118150931526383  0.04778429495957824
  0.05493924778419684  0.06363710011045164  0.07737424473879657  0.08911292014196494
  0.10150817021703598  0.11396932087013679  0.12541937003022344  0.13394634592561597
  0.14131520496927080  0.14870098792502456  0.15752293809261614  0.16874877241884140
  0.18086720856589086  0.19287468274873060  0.20464077955131199  0.21534116457750513
  0.22491320076238530  0.23440395515517223  0.24426476943375644  0.25609962590120133
  0.27006188291911204  0.28201686548341287  0.29084232676631849  0.29946604016226097
  0.30767789520625660  0.31596946302327661  0.32928344807607729  0.34401499206700048
  0.35922341574700373  0.37281054012507486  0.38527641156894116  0.39780426680336328
  0.41227353731048411  0.42864015981148995  0.44542980300282725  0.46140091684646384
  0.47133154385319648  0.47906278196407576  0.48612122484545184  0.49333441882275786
  0.50223282003971892  0.51453061559989011  0.52614824072099931  0.53976895916787604
  0.55289684960765173  0.56996101036962410  0.58872589198573688  0.60589578593578797
  0.62305931370742007  0.63881245318098012  0.65333264971873861  0.66671700265834843
  0.67991663701077687  0.69280522597061067  0.70584514613700500  0.71974057972744998
  0.73241306694225228  0.74043437906342768  0.74775350502297522  0.75365976295370130
  0.75956371704715975  0.76608567388793425  0.77626829452158319  0.78616958017915961
  0.79641254866839706  0.81021188818389700  0.82271818426832966  0.83385616112240046
  0.84362291837294379  0.85094015293606240  0.85983833188464132  0.86880439486759298
  0.87700328980042119  0.88428583408409578  0.89123579677792730  0.89938399142128411
  0.91132189720709211  0.92306705303821135  0.93429441111280687  0.94447460335806266
  0.95523778489185074  0.96783303681381461  0.98320531738188266  1.00000000000000000
 -0.00322825086977143  0.01132161438992670  0.02286196758058087  0.03171902612275694
  0.03885533591444720  0.04450267673691016  0.04788786624110845  0.05056304242757273
  0.05314218528135130  0.05585662906918837  0.05862559701802933  0.06347316581226653
  0.06951656537422962  0.07559854239307888  0.08196562253549231  0.08826499924598737
  0.09493378036156709  0.10116414419543614  0.11066048185563306  0.12359102071214741
  0.13499378447030388  0.14566930009811566  0.15576785485367320  0.16527685530526018
  0.17424749838402970  0.18411067983911941  0.19250467109435221  0.20078125031193889
  0.21003466200580020  0.22072748546388968  0.23131957965409669  0.23775311958500925
  0.24289537669526545  0.24761055615298377  0.25291220781528778  0.25881669225553466
  0.26493589984686972  0.27148966340966962  0.27844769524473389  0.28522921001817875
  0.29164962744147543  0.30386321199109745  0.31427648342142533  0.32467194796062931
  0.33495657922440231  0.34586260406678665  0.35797251127633278  0.37379866694796582
  0.38973435218752139  0.40718055252887764  0.42303242701621757  0.43651651223076082
  0.44922872052459312  0.46167890953293511  0.47291278815011306  0.48350325909634695
  0.49237904280664629  0.50106160573386038  0.51055166623397585  0.52304068625352307
  0.53680021875022765  0.55195948289183960  0.56340307750857843  0.57458610405651156
  0.58591226015599862  0.59809169421014419  0.61220223196244206  0.62801509684528234
  0.64383169330129464  0.65869771114033882  0.66975760151380992  0.68061076754537875
  0.69188355779007338  0.70464240332577543  0.72012561707846690  0.73527045098570976
  0.74935365861809244  0.76262541853238153  0.77676878408607397  0.79123495425836099
  0.80548784658326444  0.81908238639319908  0.83327659069778981  0.84634613719372420
  0.85942810977055917  0.87399493003527651  0.88695505540821873  0.89940486870536984
  0.91068590122813042  0.92176421360910998  0.93368345829017452  0.94648933183810602
  0.95970624969347029  0.97287493876156705  0.98628122098741133  1.00000000000000000
 -0.00276810875560224  0.01090381551914734  0.02147050775178705  0.03267060391964228
  0.04568457837689540  0.05895389722566927  0.06687843046610301  0.07311886700496073
  0.07945354454887492  0.08554911862492426  0.09080326597532674  0.09538417778475694
  0.10015679833759944  0.10556382750464129  0.11051965095920074  0.11518805417746251
  0.12002243360076986  0.12548242160159373  0.13511192954494644  0.15064229953571848
  0.16155071822653463  0.17358710354248000  0.18462039403185540  0.19354479127115370
  0.20258042144719288  0.21274723441777596  0.22416977065665739  0.23481050004233162
  0.24079652645838154  0.24759563943489771  0.25457964195252447  0.26134113355854877
  0.26851081333075788  0.27496689002084762  0.28241310122473912  0.29462986575184902
  0.30977009998260890  0.32558872093120678  0.33976027482954502  0.35239845392870539
  0.36684583046098013  0.38178692986145540  0.39547550526769482  0.40851747945887545
  0.41946054508759323  0.42642711638301661  0.43279782941000616  0.43894194672175590
  0.44547656183318091  0.45720871157507670  0.46869840998309692  0.47879242131103200
  0.48858984569612601  0.49955473944210971  0.51044212294469193  0.52326153502212203
  0.53560640819481797  0.54611383598905361  0.55580412857308403  0.56460112276953922
  0.57311310815096084  0.58099216122342001  0.59106442900382572  0.59970090914848562
  0.61012621428706315  0.62239371811328004  0.63429115301628258  0.64667448875076461
  0.65456543725525396  0.66548179346910608  0.67979149815724760  0.69455297610804789
  0.70846135774778884  0.72266294512350049  0.73770346715259738  0.75548055490529176
  0.77492785622297000  0.79116891807094725  0.80393234159963467  0.81508767296307960
  0.82585014700009862  0.83584871781133996  0.84536225814776889  0.85478120302156768
  0.86535352935438603  0.87608252584315360  0.88660291083829335  0.89631980629792896
  0.90659965018645006  0.91874955605023945  0.93250369184007642  0.94671984247321483
  0.96059820450321942  0.97343932990672899  0.98650121101854837  1.00000000000000000
 -0.00063249079662882  0.00225612638704502  0.00643393508273731  0.01052476158865884
  0.01496793970952115  0.01954251459629734  0.02392867971682229  0.02903420502468771
  0.03753823608023658  0.04684009853911844  0.05627909807063543  0.06482060989942014
  0.07328569117000219  0.08243389193435839  0.09182601114143518  0.09980129237153502
  0.10988701169961651  0.12243302742196373  0.13781860427970971  0.14982737651869282
  0.16201735019959293  0.17427684040876754  0.18520933623321229  0.19653962780525425
  0.20933698198860801  0.22246059454357894  0.23638791125648506  0.25124579812827097
  0.26440837587214178  0.27822141430091646  0.29152180285431684  0.30480198965196537
  0.31783170614617595  0.32897322466186435  0.34114362438524332  0.35299604485454006
  0.36534007696723791  0.38070616600611246  0.39337164626965737  0.40521269871239385
  0.41774290319802881  0.43100205534283598  0.44317246670275440  0.45475753453078882
  0.46649580018149622  0.47974982481174427  0.49159709933556039  0.50450975351362171
  0.51836787960097730  0.53058567343106122  0.54384947708009512  0.55638435505202555
  0.56545631123788731  0.57154079144094327  0.57811201046698957  0.58411259853458308
  0.58990196472499479  0.59571475658952844  0.60165838776118730  0.60754389390241104
  0.61267627730371099  0.61784516030197689  0.62429932406439514  0.63281846649862183
  0.64614495611544942  0.65852934882338920  0.67044165816015822  0.68224246272171041
  0.69452419934571774  0.70717470564255125  0.72102130901495332  0.73371483972300011
  0.74614757358785155  0.75829989634290063  0.77053830209919782  0.78289634843769251
  0.79386739682786311  0.80225908091141906  0.81238089335069785  0.82185120775220566
  0.83036524052693472  0.83900524531983922  0.84773525269714634  0.85804840883490063
  0.86915550415298970  0.88100819807937136  0.89479114493406187  0.91095021731010362
  0.92625216304026359  0.93907672918224672  0.94806461570443656  0.95723126427888261
  0.96690009552090828  0.97612788207405587  0.98653378481103626  1.00000000000000000
 -0.00449704648513252  0.01285323431731419  0.02710165354003666  0.03944622332527071
  0.05046425730192933  0.06345623819873251  0.07695466818690114  0.08866411078488257
  0.09618685934773349  0.10271873592435868  0.10912742086186179  0.11590470378055148
  0.12458735157111619  0.13382380012182163  0.14148124581442159  0.15026357129695300
  0.16333118065685187  0.17461631100610994  0.18112052782955143  0.18813916113182511
  0.19513752233134818  0.20247880097219209  0.20965268870140311  0.21653626360805905
  0.22530407051911150  0.23867550175457156  0.25299065299511803  0.26495417423443524
  0.27503937840715736  0.28552342056906577  0.29598345672768145  0.30852305067619240
  0.32387913811289282  0.33907080656473881  0.35391553988195779  0.36882835070360570
  0.38243645289770944  0.39513503191247168  0.40801517586980351  0.42058431642472371
  0.43302510602867139  0.44550963173046343  0.45814485017514101  0.47241001257951049
  0.48772205719150508  0.50320325581924019  0.51620118693806183  0.52762042864641601
  0.53751380803524651  0.54599361734224039  0.55415067869136703  0.56218817747666427
  0.57020327440316054  0.57913585500291132  0.59256166689899759  0.60915763978012605
  0.62518552813697792  0.63752192423978238  0.64666246249480741  0.65598861738868242
  0.66530889174012764  0.67681197299421114  0.68981889230317317  0.70391544794958005
  0.71598905749498465  0.72568360904823637  0.73391696353680380  0.74198349885437065
  0.75055919419929307  0.76051488473026352  0.77126710942279819  0.78216790534363911
  0.79401870407964381  0.80783490868271313  0.82011087315882347  0.83120190819191908
  0.84147544789461526  0.85189030109100983  0.85834425324581010  0.86317245005063914
  0.86833078161966393  0.87450739677425637  0.88041192003575408  0.88684930824704755
  0.89355299769441232  0.90002609155792079  0.90616945564357254  0.91232970249641221
  0.91919967316152429  0.92828029929662859  0.93803689268638291  0.94767964859140519
  0.95816401569307341  0.97047834986207104  0.98433095007437044  1.00000000000000000
 -0.00351457296851122  0.01600020065427309  0.02436690910182254  0.02964105651837072
  0.03495578877198280  0.04052410517971207  0.04575838555357273  0.05119426474025526
  0.05668541878074343  0.06114404743178432  0.06574511952871744  0.07023988892066332
  0.07498026417437223  0.07972192276605852  0.08552771938766418  0.09571131814957921
  0.10532373279051592  0.11556185739757792  0.12553143705494352  0.13626092794621084
  0.14818754372541296  0.15921568775965711  0.16891392103073419  0.17964494929927805
  0.19091730436452645  0.20413479243044691  0.21739499717036739  0.23069236344155919
  0.24513559987187464  0.25847477970908944  0.27033308097097619  0.28143661627738686
  0.29229858641050727  0.30302188991203893  0.31390801132669083  0.32501386491207723
  0.33698420332070533  0.34971376613281024  0.36195776878749597  0.37352552986134835
  0.38490813991265793  0.39663833569734930  0.41050345451086989  0.42479192418784795
  0.43566318169320922  0.44660541502207740  0.45667076587330419  0.46739641320112435
  0.48066592948158832  0.49655802599418314  0.51349013997521986  0.52161493956475757
  0.52715368369122517  0.53253412842717396  0.53823501740603708  0.54372808064602818
  0.54937402533488700  0.55504452587622088  0.56493358046699871  0.57993777313083594
  0.59365208103279243  0.60552448388280122  0.61661384146162379  0.62632651890297775
  0.63297796842913223  0.64136742705958782  0.64692206914056161  0.65219640178941218
  0.65703865095526015  0.66397296150234286  0.67318319662331783  0.68227145583181215
  0.69371639800570939  0.70730280841218807  0.71929472673943451  0.73196882895404469
  0.74647431918681195  0.76253092452448601  0.78004124804487573  0.79627656666412516
  0.80917920148256617  0.82154504491874381  0.83226734143225534  0.84325806199403130
  0.85508096375724696  0.86838142586236311  0.88407528331429641  0.89933268972249869
  0.91401968247192478  0.92586697286150865  0.93824725240718954  0.94936299148040215
  0.95820436703646983  0.97069267688269789  0.98458376961248817  1.00000000000000000
   1.4240342730252151E-037  -1.0000000000000000     
  <DiscreteSampler_grid>
  Helicity
  1 # 1 for a reference and 2 for a running grid.
  20 # Attribute 'min_bin_probing_points' of the grid.
  1 # Attribute 'grid_mode' of the grid. 1=='default',2=='initialization'
  0.0000000000000000 # Attribute 'small_contrib_threshold' of the grid.
  0.5000000000000000 # Attribute 'damping_power' of the grid.
 # binID   n_entries weight   weight_sqr   abs_weight
    2   4518   1.281911060898189E-037   2.344332708025098E-072   1.281911060898189E-037
    9   20   3.641976277412018E-049   1.135455012547073E-095   3.641976277412018E-049
    10   20   2.116264796717112E-052   3.790076724902457E-102   2.116264796717112E-052
    18   1540   8.320108252905885E-038   1.475002291779573E-073   8.320108252905885E-038
    25   20   3.093583603301012E-049   1.335410263299439E-095   3.093583603301012E-049
    26   20   2.020891356449909E-052   4.067281796417464E-102   2.020891356449909E-052
    34   6202   1.605256746157476E-037   5.259035005455835E-072   1.605256746157476E-037
    41   20   2.544759943186288E-049   5.947541145681112E-096   2.544759943186288E-049
    42   20   2.398804028700832E-052   5.304192279636712E-102   2.398804028700832E-052
  </DiscreteSampler_grid>
