  0.02417759876192823  0.03405035359581871  0.04532164610641459  0.05748416313182927
  0.06970003821479695  0.08195769351640247  0.09450079872111501  0.10703206040207691
  0.11896565178903307  0.12894654771550779  0.13637317848462061  0.14395958707839177
  0.15065947945482891  0.15691710354670849  0.16740385904983848  0.17803259528061735
  0.18885752172581047  0.19965444395585530  0.21018209129545173  0.22115743477353503
  0.23196328554109114  0.24349447999523174  0.25532738768970914  0.26822938552172226
  0.28192481706728445  0.29497334044692497  0.30727285844431462  0.31879194820348522
  0.32969370914753027  0.34025721588976215  0.35066639337299305  0.36160976799344230
  0.37272244384551134  0.38309088976727929  0.39271361728716636  0.40221952228923391
  0.41175827574999951  0.42031539013083458  0.42849143632156800  0.43694624902524681
  0.44508057110194332  0.45564117259122555  0.46633807691738582  0.47647876329968863
  0.48801415557687716  0.49930503813584343  0.50923840021931466  0.51750400684067610
  0.52581068070281467  0.53483086090575405  0.54300619576730136  0.55124636833477969
  0.55960665163062362  0.56899078781784596  0.57904570923076992  0.58859761350529316
  0.59767678301260829  0.60691452439680649  0.61747376008481025  0.62873434641356218
  0.63915931348256549  0.64872115801328678  0.65941416620286897  0.67006300949028530
  0.68077116463985343  0.69134776579902202  0.70182852740115897  0.71235125189252857
  0.72361772851942818  0.73494020702688601  0.74580855804734325  0.75651990518659895
  0.76662168696011990  0.77538269616695588  0.78381550799668653  0.79217321089933179
  0.80129728401267764  0.81202694983567769  0.82250231812761110  0.83249590954696850
  0.84181418890931536  0.85113790075857776  0.86055624558846633  0.87100648180628282
  0.88159092648481063  0.89156639364796186  0.89993587066540082  0.90750881061978372
  0.91522331643128507  0.92395408448820349  0.93233552296966771  0.94117701546483257
  0.95134123301440465  0.96213880831765197  0.97170420887816666  1.00000000000000000
  0.00025135629772147  0.00039678125173055  0.00048945113866332  0.00057343002076072
  0.00065788953121098  0.00074514094005319  0.00084231328716448  0.00094991338206061
  0.00107010643883842  0.00119673735963762  0.00132855140990742  0.00147646612649332
  0.00164116886980752  0.00181749011008045  0.00200804355099056  0.00222830798506548
  0.00250572607398285  0.00280287005614887  0.00311292531487128  0.00344128825280812
  0.00378336200925564  0.00415335963912035  0.00459013669081119  0.00507690417622675
  0.00555792719749593  0.00604667009120205  0.00655108399803858  0.00708553358557840
  0.00768525118421890  0.00836773521972642  0.00913384283478332  0.00996147391376368
  0.01080215953639226  0.01162943706774058  0.01245486352411292  0.01338072150830574
  0.01439567321887719  0.01536624012826823  0.01630571116029537  0.01736121291126513
  0.01846471126952447  0.01966286586000187  0.02105094162533787  0.02251084754891304
  0.02418178352234810  0.02598656546350072  0.02795455215329761  0.03008625439256219
  0.03237499369163729  0.03480720831041637  0.03724772296168712  0.03941593844677237
  0.04127089096744641  0.04338751165197192  0.04577291778117748  0.04826093008399882
  0.05130083110443315  0.05510491601047078  0.05883184231204963  0.06250623081982221
  0.06584250226529445  0.06881639967799311  0.07248182316000421  0.07673792828122820
  0.08177624564405163  0.08809825696058525  0.09542541591241775  0.10210000942131864
  0.10811065807721823  0.11470478764702789  0.12124423449083289  0.12885716594676949
  0.13863049384498624  0.15055636498572811  0.16347278045723845  0.17609010233175929
  0.18872926052694033  0.20180947958543849  0.21459658078216567  0.23204785758673332
  0.24736998574922506  0.25872592802694999  0.26915032169652819  0.27992225226297962
  0.28959909559053765  0.30285459107935075  0.31870203576515593  0.33748083410863816
  0.36017837895230570  0.38900199525433116  0.43118180972804365  0.49471713892616986
  0.58419174168051302  0.69939161725218091  0.83866994077178625  1.00000000000000000
 -0.01225831611685517  0.06183149316944123  0.10070493001834366  0.13733519365070401
  0.17265952376587410  0.20374386950605144  0.23019139271455299  0.25123607986952184
  0.26905920865377669  0.28552900372184958  0.30257994704341412  0.31587533676951762
  0.32928888572887749  0.34363628186035150  0.35900693919791982  0.37403598572077085
  0.38853296180312963  0.40370108415043743  0.41964293917285561  0.43532407009060919
  0.45082925147721248  0.46580611850715781  0.47854577228966988  0.49071293682552763
  0.50129520921966253  0.50976626119890944  0.51820819758044689  0.52663105125656062
  0.53476167456712698  0.54403951412271800  0.55444335018581792  0.56311116702305641
  0.57135036525845451  0.58020220136638678  0.58932066943509576  0.59802699600538345
  0.60639796642716282  0.61518999219896309  0.62460473662281435  0.63389215774721397
  0.64303932546054843  0.65200639548554151  0.66091371552849698  0.66885353377807621
  0.67677248168447990  0.68415320781241895  0.69129019163108085  0.69741024349415226
  0.70398635989267355  0.71113415445589523  0.71916393387550070  0.72685020954859325
  0.73260401432211864  0.73776927915357859  0.74295412050740250  0.74785642912699335
  0.75396696056002843  0.76081039543223050  0.76806141531943362  0.77526907451718252
  0.78219229257397616  0.78838548038679435  0.79451240660152656  0.80078022482959255
  0.80748838063304063  0.81519553680830292  0.82344992001179840  0.83126467406488713
  0.83875551723961317  0.84558826342125426  0.85183804544836095  0.85788197125598931
  0.86376711182439991  0.86958756209235066  0.87555932972930339  0.88178676785718402
  0.88838988767168969  0.89533954809669813  0.90231972553841433  0.90893702641602170
  0.91482113402299936  0.92028633651059388  0.92574419998905266  0.93163893493909400
  0.93765922438589011  0.94307855354653669  0.94834648567111257  0.95357471579378128
  0.95891742496275711  0.96405148550874065  0.96919596634995131  0.97518336793071358
  0.98162928102871350  0.98760152333015672  0.99362549239682618  1.00000000000000000
 -0.00273750019455968  0.01048494564666256  0.02127502646278941  0.03373868398782014
  0.04540573182158629  0.05755622491973519  0.06936944475256934  0.08179392955473107
  0.09286055496482432  0.10314739326675219  0.11404934094471204  0.12470919424461473
  0.13490425120588045  0.14519328010897778  0.15574620820303686  0.16725105004337532
  0.17968870076710455  0.19136967732283680  0.20259381070677648  0.21213990219848433
  0.22183761069707245  0.23239867017271318  0.24424783895632449  0.25644251293305154
  0.26801048411670347  0.27987999706522504  0.29175196381974910  0.30211350654322672
  0.31107894555198190  0.31770490778616889  0.32379233596237961  0.33027788010043085
  0.33653662171669474  0.34443242530089468  0.35372854984952729  0.36412964383776247
  0.37461597336947394  0.38574110810650530  0.39759052018609742  0.40989104627435624
  0.42174212648015125  0.43334149754225976  0.44384132051326103  0.45404402246178005
  0.46407836650543793  0.47461099346698976  0.48607722913469242  0.49819123981189334
  0.51078901043828173  0.52325327116394360  0.53389877600686753  0.54326091533067922
  0.55275760770643156  0.56249936515151000  0.57266869725313840  0.58278340313597832
  0.59304298377152764  0.60319310943599835  0.61313696798927986  0.62228942256595432
  0.63197437198191397  0.64202991284864830  0.65238596428839091  0.66218528550757005
  0.67194303147464518  0.68229238904130174  0.69268493599875769  0.70330201200367515
  0.71395067911063392  0.72421183481854379  0.73507671394075480  0.74635342191232867
  0.75778291201360581  0.76925587097810977  0.78063465765112194  0.79257507402247318
  0.80484916476327839  0.81635825904396286  0.82672020239760891  0.83554261756112003
  0.84285453422468004  0.85019463373250692  0.85757322402748082  0.86448737374723095
  0.87362181737795086  0.88523072404521119  0.89704251800977319  0.90855326873723086
  0.91996527709116060  0.92992159906193683  0.94002296256204931  0.95036069267509693
  0.96173233716946827  0.97498028746009147  0.98711544058676792  1.00000000000000000
 -0.00057502259964196  0.00074904043580615  0.00249947682402553  0.00507332628499858
  0.00994559050753377  0.01939393210213883  0.03588633348285691  0.05674498346987071
  0.07750718300343790  0.09897587564161121  0.12038630302215836  0.13947139994310495
  0.15715250962718663  0.17434741750455984  0.19427741137180810  0.21508236035938405
  0.23554593220700201  0.25379568112202255  0.27056231072987302  0.28615166851874602
  0.30213270561052852  0.31886326473211102  0.33571466506436426  0.35216705529674408
  0.36913234820522511  0.38667221360344695  0.40395892100346853  0.42057445741965443
  0.43715020990064291  0.45367889853473692  0.46932394549016382  0.48462844505831559
  0.50081867555144377  0.51736476676208576  0.53459112658099173  0.55194777086234448
  0.57012698132963746  0.58840640143674527  0.60511896095490725  0.62069159205762559
  0.63611106345785151  0.65054105359323455  0.66347206684875659  0.67634916791898247
  0.69015007805996986  0.70470308695312722  0.71982879048946913  0.73454159459965840
  0.74801681387670005  0.75981201514487329  0.77081474369691372  0.78127010550164133
  0.79266677441683886  0.80510612402105142  0.81719834411451742  0.82763282024978768
  0.83730446294258631  0.84727554795583582  0.85692226165374985  0.86538321584264144
  0.87322698972298640  0.88111428770890077  0.88924191573568068  0.89734890159461755
  0.90531379782714305  0.91278148984864149  0.91937830172855095  0.92536661961556443
  0.93094467534077852  0.93657463190039192  0.94186324339742022  0.94672515980728555
  0.95131536524396509  0.95537165166396087  0.95912290276029077  0.96331067967393469
  0.96692162637393608  0.97070080489644495  0.97414662321593082  0.97734562717164408
  0.98023618055152850  0.98283377054252119  0.98509167591615399  0.98708705443257261
  0.98886143448457331  0.99042416698804103  0.99184151055949854  0.99316218277937951
  0.99437984914352329  0.99548436158790476  0.99645039563313920  0.99731425056616996
  0.99813125028602179  0.99876798907766362  0.99939009550983893  1.00000000000000000
 -0.00300338800872593  0.01144209496053603  0.02216001729030090  0.03455674017083060
  0.04408738049739483  0.05340036299255780  0.06274260719386417  0.07318333019850101
  0.08396892217485281  0.09516117039688561  0.10584222109096725  0.11616696285977439
  0.12631132149070870  0.13741983176531514  0.14983786040964439  0.16300186241649528
  0.17638067823380008  0.18874963681187074  0.19956359646421357  0.21026593004020669
  0.22144064765035595  0.23488434153358545  0.24841050127290201  0.26109702277689711
  0.27308116632823065  0.28465626696838825  0.29614982925325190  0.30648505532662323
  0.31612585811508759  0.32572046889755985  0.33604367289487991  0.34686306574146414
  0.35836991820874692  0.36949215794314955  0.37973186488979777  0.38949236747215771
  0.39928501494634333  0.41126110528109444  0.42201975663943425  0.43154822390107056
  0.44069461733077009  0.45091502898529501  0.46148897467266942  0.47162736829218577
  0.48147354881200199  0.49195372985303004  0.50243650288943897  0.51335655159231941
  0.52434056494087367  0.53787741052235316  0.55062864549596457  0.56222657126993869
  0.57372207309337608  0.58530732051870726  0.59665198955276133  0.60805463142312721
  0.61915516037436180  0.62964599804518528  0.63938786596681696  0.64917958781843910
  0.65976437027192980  0.67000825678865750  0.67919673254305946  0.68885289154761309
  0.70035395731011874  0.71212360727374846  0.72320253443992266  0.73445793135753268
  0.74599572797447844  0.75561391736582439  0.76362836084809638  0.77179373441238708
  0.78002673655911603  0.79111574475907376  0.80197840425259070  0.81319361891908859
  0.82435250967242157  0.83517190030277966  0.84474981174900154  0.85391410076070462
  0.86341594183372894  0.87239704318423239  0.88145596734135578  0.88817308778812887
  0.89564716282456658  0.90289384675882578  0.90977812473863118  0.91801627317210621
  0.92878581027972873  0.93936820688675393  0.95008160568198274  0.96060097495181429
  0.97047356217017466  0.98037910243143256  0.99024715844947386  1.00000000000000000
 -0.00359392856932358  0.00875279719848374  0.01969815593819214  0.03053303748612618
  0.04379751702869476  0.05705778798619929  0.07007799116478450  0.08421352334926564
  0.10017043848454898  0.11859705595447820  0.13566440448195924  0.15038515070609099
  0.16611031245784330  0.18437933913240445  0.20406861965615047  0.22630275451354592
  0.24700937182106808  0.26556343996726434  0.28530737388685168  0.30839258828616872
  0.33322863061262431  0.35824955824097071  0.38027798639090832  0.40728050024472107
  0.44018746148752019  0.47031067796914849  0.49849686055993647  0.52092536159678937
  0.53890360681150851  0.55578232651556714  0.57858785726653961  0.60314995189260512
  0.63231805223894300  0.65520861513937312  0.67631314399074627  0.69979612169898842
  0.72506774501517990  0.74535937830096910  0.76133902707984868  0.77504005223946271
  0.78570535951852649  0.79563819646549228  0.80568122859623970  0.81566016869945124
  0.82552358495493072  0.83605047880029915  0.84565175140452919  0.85408601542339824
  0.86180881411713617  0.86922628891345421  0.87651299192600685  0.88293143744880853
  0.88906903717017360  0.89541922908213711  0.90052167460371513  0.90584306415229510
  0.91118760806866772  0.91679673540946760  0.92220274014491954  0.92703057180024917
  0.93175877973726129  0.93610804616084842  0.94007031073718283  0.94374187171617185
  0.94745614679895540  0.95112627157118035  0.95462309574423554  0.95798661903592219
  0.96114955468642038  0.96409698848486314  0.96707880980809080  0.96981723872933989
  0.97269451234862236  0.97566570818739640  0.97848642688090537  0.98099323321128673
  0.98321499561030956  0.98532012884256071  0.98730689832728313  0.98921671645850240
  0.99099916771116969  0.99259672424438694  0.99395875396315125  0.99509350788473228
  0.99606266419166922  0.99692800417378402  0.99748573953579089  0.99798393473964875
  0.99842401581595086  0.99878349369741826  0.99905861646847816  0.99931197075651346
  0.99950616149151028  0.99968161788064613  0.99984103609451247  1.00000000000000000
 -0.00359170762305628  0.01128427246187678  0.02331206126731305  0.03388706679173078
  0.04401249003800011  0.05417469634482115  0.06436413188820626  0.07492633728365337
  0.08604878456668566  0.09848995592814186  0.11147176634942151  0.12391170981337067
  0.13494398306784577  0.14483438879175894  0.15525944408687009  0.16653497034124101
  0.17788813849270452  0.18921917320662165  0.19991520888854195  0.20850543453726444
  0.21553070967639712  0.22283073893045174  0.23051141328896099  0.24171236775837404
  0.25526122010827207  0.26861535902473910  0.28223820389504706  0.29692383924222654
  0.31127404818703214  0.32305013460079368  0.33381220069579981  0.34476305166494264
  0.35610931414726316  0.36767898247783565  0.37731512580055621  0.38610859548304788
  0.39585447313346384  0.40544217396993820  0.41363086047977915  0.42130442046967892
  0.42919986116274350  0.43823117631815750  0.44734446637518888  0.45637345637488874
  0.46456327324512242  0.47162105078038663  0.47892480701042284  0.48608288047400650
  0.49333859918733552  0.50375383521731409  0.51368630985609764  0.52438793599992062
  0.53581718609978812  0.54686700014278111  0.55762569132597939  0.56749427788794760
  0.57690441466135212  0.58734999557833434  0.59903071740557845  0.61101071799909001
  0.62256057024159894  0.63355338993198340  0.64453076915334184  0.65530720213420235
  0.66563305027288366  0.67528982543527782  0.68415950273853743  0.69210165466245788
  0.69948577222220165  0.70744937686788711  0.71693519823260854  0.72722349511066486
  0.73730381353827756  0.74756522161863614  0.75825916084691258  0.76919474371529739
  0.78012890054703710  0.79167596226499848  0.80388414665285823  0.81561486727836496
  0.82667826272734146  0.83782745903042111  0.84922713594864263  0.86083786140779384
  0.87123230634306692  0.88164316685030730  0.89321946956658593  0.90573481534883249
  0.91642214107804942  0.92776299693546072  0.94002623171568733  0.95195573092930807
  0.96329903993598975  0.97493808190927467  0.98690341390874226  1.00000000000000000
   8.4524164808174815E-011  -1.0000000000000000     
 T T T F F F T T T F F F T T T F F F F T T F F F T T T F F F T T T F F F T T T F F F T T T F F F T T F F F F F T F F F F F T F F F F F T F F F F F T T F F F T T T F F F T T T F F F T T T F F F T T T F F F T T T F F F T T T F F F T T T F F F T T T F F F T T T F F F T T T F F F T T T F F F
