  0.00504490202089036  0.00504593904570518  0.00504820281985346  0.00505043358524362
  0.00505255483598321  0.00505435163227903  0.00505618839224032  0.00505896255568034
  0.00506257181327280  0.00506626660998634  0.00506994009187017  0.00507356190507408
  0.00507738723904959  0.00508159639433781  0.00508730802249851  0.00509416008879233
  0.00510148338783037  0.00510839100888201  0.00511655474555613  0.00512522513971565
  0.00513433173665048  0.00514478511715393  0.00515430413079451  0.00516322768860718
  0.00517383172367796  0.00518552313468610  0.00519572446040892  0.00520314778139324
  0.00520897888967744  0.00521429584933064  0.00521932080685940  0.00522419151371716
  0.00522934442625263  0.00523525428349386  0.00524132250845449  0.00524889923710458
  0.00525879890794447  0.00526768787881784  0.00527713613104855  0.00528676509045487
  0.00529617935635958  0.00530587186722887  0.00531636029993473  0.00532286347053236
  0.00532882696206800  0.00533534165625384  0.00534037437855710  0.00534495398044090
  0.00534836298186637  0.00535120472998338  0.00535735510425701  0.00536386216238661
  0.00537069474881644  0.00537797064294667  0.00538792646949657  0.00539822579186740
  0.00540744311659275  0.00541503060540760  0.00542194673686465  0.00542797728560811
  0.00543205193225569  0.00543850785533305  0.00544546905870074  0.00545171429357086
  0.00545814923529268  0.00546492604263350  0.00547271339021773  0.00548270094991203
  0.00549537612921555  0.00551074369274822  0.00552654194035518  0.00553980817737568
  0.00554925995688788  0.00555636211088354  0.00556316729692145  0.00557014123713473
  0.00557680666560887  0.00559423497659731  0.00561810994060175  0.00563635056335250
  0.00565275573845598  0.00567303326214079  0.00569614850010290  0.00571999114892563
  0.00573981048565615  0.00576075438414103  0.00579112565168865  0.00583369995080186
  0.00587707145187380  0.00591858907807928  0.00597958343896400  0.00606139792409397
  0.00617419153738004  0.00630219825349988  0.00652396724449084  1.00000000000000000
  0.00504389421372811  0.00505194778869357  0.00505865047437630  0.00506364654063328
  0.00506837961955005  0.00507308098666798  0.00507846378640130  0.00508464349505144
  0.00509048356547945  0.00509635448448576  0.00510223088148203  0.00510880968475659
  0.00511606898879247  0.00512488917511161  0.00513218069544010  0.00513928748027642
  0.00514589318431624  0.00515125545469921  0.00515752226502348  0.00516413854278671
  0.00517084689753602  0.00517735372774359  0.00518384234602104  0.00519132421599396
  0.00519962151595942  0.00521140553135089  0.00522347705840932  0.00523164276372349
  0.00523823298600684  0.00524507573082301  0.00525198975073511  0.00525820683549244
  0.00526293427980484  0.00526832208117770  0.00527491146317921  0.00528320425333763
  0.00528975106927422  0.00529802212949948  0.00530697809111546  0.00531765342940925
  0.00532820205417029  0.00533627907456372  0.00534131064128273  0.00534475552826221
  0.00534899706647931  0.00535345634563427  0.00535739675535992  0.00536092808958338
  0.00536419292392452  0.00536955447336811  0.00537982729455298  0.00539432267123409
  0.00540901755116432  0.00542352664253014  0.00543715677352888  0.00544869509237447
  0.00545867427537854  0.00547159089807582  0.00548624872031484  0.00549980817504549
  0.00551133789916046  0.00552219853111090  0.00553493850777964  0.00554960093903967
  0.00556518508111890  0.00558043756331054  0.00559360952253113  0.00560609499204130
  0.00562045783048309  0.00563773654795397  0.00564503394731613  0.00565079928263809
  0.00565702428726083  0.00566407486895133  0.00566990089979419  0.00567554761695480
  0.00568232307947950  0.00569199840840164  0.00570187879631433  0.00571219879839054
  0.00572712013358332  0.00574967486793984  0.00577600514124742  0.00580101821837630
  0.00582711379537277  0.00585279079912327  0.00588873866204230  0.00592696954496864
  0.00596102028996273  0.00598811604517960  0.00601592108924121  0.00606041253614741
  0.00611285217689914  0.00630537729317394  0.00658718252965611  1.00000000000000000
 -0.00431363744993272  0.01501410068965292  0.04950686408010501  0.09375419585629916
  0.14743980142858176  0.18885008935197123  0.22696876286669024  0.26169482729236587
  0.29738791688190325  0.30591850819138994  0.31300982059575599  0.32002831373208734
  0.32744374472670118  0.33650312458365095  0.34752405711276285  0.35757115724251387
  0.37519797880251216  0.39532226504491430  0.41375035888004014  0.42945585621378479
  0.44129869361404428  0.45282453193962480  0.46387367029214249  0.47307895805967587
  0.48099670320004473  0.48920965133013466  0.49763144556903544  0.50688865934308514
  0.51878520928717997  0.53142946490650289  0.54373969760728824  0.55348572076298175
  0.56207333844088903  0.57066637532241971  0.58060576777907469  0.59001868831007487
  0.59506509787826467  0.60129003654027202  0.60810648422124569  0.61245037701594507
  0.61771207228154623  0.62433746260107026  0.63047239376645148  0.63796403661826750
  0.64216799939479152  0.65030440327378847  0.65733218338802302  0.66241983643595059
  0.66683218847450243  0.67307256834751350  0.68123873773454346  0.69302268892134833
  0.70819130417460385  0.72509861581122892  0.74423754438753076  0.76636041074765004
  0.79247971764379943  0.80524091138322484  0.81329763102226216  0.81647165323358406
  0.81820223336712206  0.82099034357036182  0.82554678792937630  0.83078149395251477
  0.83667247829252589  0.84342971583215642  0.84813207629310927  0.85132176584979080
  0.85450686486351268  0.85885004925189512  0.86308840459121583  0.86697605726492388
  0.87323625180774078  0.87880989547177957  0.88327200573222076  0.88708928288936517
  0.89035983305632260  0.89371024591203518  0.89682888612092460  0.90289393502201865
  0.91012303798464012  0.91667280553195296  0.92120585001246802  0.92412340635113321
  0.92865169239158651  0.93477035647247941  0.94011758053053140  0.94436975356360175
  0.94688085715892001  0.94980944178198556  0.95187396981618355  0.95571422059097588
  0.96566360145548757  0.98053418102631729  0.99154313458955412  1.00000000000000000
  0.00253044895043472  0.01092208076958906  0.01916951261698450  0.02976190981460897
  0.04049307949426319  0.05069184433915250  0.05275921869022326  0.05607111143588785
  0.06052939862649272  0.06623178459255546  0.07337819961669301  0.07937140694399021
  0.08657660241909367  0.10122313871522454  0.12345834712589258  0.14386632450226239
  0.15990152068409647  0.16857611349301205  0.17940125005128982  0.19046020816341694
  0.20184435549157229  0.21164010924784424  0.22175216128105205  0.23090148262702753
  0.24131116174165915  0.25318431751065024  0.26327974756278205  0.27304051174587923
  0.28265052036720933  0.29258972257424276  0.30401764270342191  0.31772577075151581
  0.33286841493016905  0.34407233570902956  0.35213442105586390  0.36207162857002156
  0.37232040769340879  0.38407873082320715  0.39743900210496591  0.40980625575861590
  0.42544539284122496  0.44322297410288258  0.46580192856574520  0.48768657098308926
  0.50762736160281774  0.51541185173999182  0.52461053979378902  0.53220400149901892
  0.54127691004393608  0.55217619213858093  0.55967355726046053  0.56298321069330604
  0.56630982343035396  0.56953158254423486  0.57282568008730905  0.57641357457761988
  0.57979544202747357  0.58290643228775896  0.58756232889158566  0.59305506716274281
  0.59920923164199336  0.60606934424795433  0.61103675048644357  0.61692410329563163
  0.62788835627605211  0.64455397754570332  0.66017988729032251  0.67805348773900642
  0.69374655334828916  0.70520756653667238  0.71293197775465522  0.72017430940014970
  0.72583508871129299  0.73318251142129254  0.74038880068213109  0.74822807543351588
  0.75499633398919264  0.75851909899832548  0.76396292345870298  0.77077077630324520
  0.78136757596547424  0.79153698568424180  0.80091972378966847  0.81370115890499495
  0.82738755798013341  0.84213024281455473  0.85841027192371311  0.87212373576480950
  0.87790956038831403  0.89504622399199774  0.91314813559965979  0.93242736253130409
  0.95285775733821643  0.97589561370015632  0.99350803872044835  1.00000000000000000
 -0.00231792045666962  0.00887244597717871  0.01785970509961052  0.02567733728605799
  0.03159859700144373  0.03626826152411771  0.04199024094442012  0.05076807176776851
  0.06098810955429944  0.07360113316535727  0.08729202214505967  0.10103133509503631
  0.11042810266331071  0.11589932488814918  0.12141740123217037  0.12754793661694236
  0.13465028252655806  0.14283198324531896  0.15224387431282854  0.16143899097205894
  0.16653141372650190  0.17419862328141833  0.18276521768217480  0.19017562853521794
  0.19753053870749032  0.20515961811536590  0.21370181428204132  0.22328472220224471
  0.23283694373162733  0.24254964585551539  0.25431476068372894  0.26682272359394577
  0.27478688458951345  0.28159731892266415  0.28578489806785484  0.28908287184451309
  0.29278708201248876  0.29773913233833688  0.30613520914416414  0.31277174266559554
  0.31650617158911110  0.32093631722622651  0.32628495881058256  0.33058167315913761
  0.34025564214366932  0.35301078791827517  0.36419010496970211  0.37448604568769372
  0.38455475767616015  0.39479180115618051  0.40548066965747115  0.41624594788582492
  0.42695629739885738  0.43742434559393428  0.44714983135396313  0.45529452553216432
  0.46415008892690379  0.47504469756980866  0.48413743050282743  0.48988424811799253
  0.49269243962265130  0.49594723668394908  0.50218715045417295  0.51011447186156933
  0.51618909257424905  0.52279340967721788  0.52829266795713459  0.53281895729586293
  0.54521654787484630  0.56590455359115255  0.57947802687982064  0.58875880980654816
  0.59605354986686632  0.60257708286017675  0.61152855559256969  0.62446001831596265
  0.64040869216963525  0.65026990370091431  0.65931648850921298  0.66721082449076519
  0.67226054490531917  0.67876017271516498  0.69680901625451674  0.71484249786064724
  0.73132104483847249  0.75125243516939455  0.77384494673339532  0.79883209885060824
  0.82707027362533869  0.85940325264672068  0.89026707304267649  0.91919328314192172
  0.94736319962992566  0.97542820516973228  0.99233518599374804  1.00000000000000000
  0.00499969575691523  0.00681580545466435  0.01185932906890839  0.02082127600815900
  0.03542019973534404  0.05249587561369867  0.06418350223410034  0.07360006277168832
  0.08347417091029088  0.09226396639897148  0.09652358480604285  0.09941285040964200
  0.10384325392986347  0.10891118340262738  0.11331450093053667  0.11856351791251565
  0.12055399079997617  0.12217918665127837  0.12650217702082198  0.13603084820988401
  0.14854977987886803  0.16054722540529570  0.17290736978424018  0.18708452812591062
  0.20188205391123343  0.21647392942018773  0.23207195856960103  0.24865065897825803
  0.26160036607965848  0.27532319033347780  0.29284535598924821  0.30484530041375052
  0.31299468991073687  0.31683397021576470  0.31992839980051258  0.32407980933480712
  0.33111186287937938  0.34129913646212567  0.35073934578514582  0.35754468476527557
  0.36388487322324276  0.37036531747077317  0.38276082475550921  0.40711847890343356
  0.43742527333415854  0.47388724670779714  0.50409827874954249  0.52360608067515313
  0.53072155467939708  0.54030987359849547  0.55410433235650325  0.56593906379713055
  0.57505093424323483  0.58161878924490351  0.58752790027123980  0.59362530187584261
  0.59987125968355792  0.60559394895269314  0.61076738956245813  0.61651486793608523
  0.62347619087054318  0.63193108456375280  0.64182383431939882  0.65099025980146874
  0.65809779131655211  0.66633678929555173  0.67566610909605251  0.68419123696183526
  0.69290702394065995  0.70113349403116587  0.70820001092037999  0.71589520377164884
  0.72668587282714792  0.74039096491953083  0.75248666862581459  0.76449458252878610
  0.77712184627129333  0.79084698685607879  0.80401601911066589  0.82549260781154910
  0.84229457308029632  0.85235876416179401  0.86295162763935329  0.87351635813153672
  0.88428587709197237  0.89510520126157156  0.90366150159086589  0.91204568477727144
  0.92276257308332110  0.93823558796417927  0.95144903709683293  0.96108496569784030
  0.97003805668904286  0.97653896921663352  0.98669463557081993  1.00000000000000000
 -0.00455158172077907  0.02318235933522658  0.04684871136194378  0.07153947948806562
  0.09394953617367346  0.10062669854845037  0.10759590825117656  0.12065294353366382
  0.14223151674458762  0.15840793851409030  0.16830561920669473  0.17536542992423543
  0.18532184490451339  0.19953494053412701  0.22538239948956848  0.25924911466337608
  0.27889535282714617  0.28865630706535245  0.29886884160998944  0.31042285684750909
  0.31952894271665289  0.32542221794120069  0.33095805325717714  0.34288773109117254
  0.35774602874869654  0.37181963822241226  0.38636830406758293  0.39655347832751087
  0.40355047258909149  0.41249700868920802  0.41771409141929472  0.42230336097918741
  0.42727407529890982  0.43468918358634995  0.43969874426161759  0.44474735815911748
  0.45282513579933192  0.46105780800422241  0.46654643428641734  0.47295386914308629
  0.47890694907349990  0.48217242629106949  0.48568998950702214  0.48931515480285376
  0.49254917999546111  0.49571757758432072  0.50109679904300708  0.50546339485229430
  0.50962559383714234  0.51655023865936389  0.52719162256940022  0.54335594164107071
  0.56390704588885243  0.57566815117327319  0.58655198583145673  0.59760607994824844
  0.60844374448882843  0.61915144318670312  0.63037049501923148  0.64123905863568442
  0.65092617704691258  0.66024207724483652  0.67093330295859499  0.68319836637455700
  0.69625444248840906  0.70886671572939275  0.72129567321921217  0.73373043395332349
  0.74302322400950127  0.75076175764666941  0.75911145843047545  0.76712435611214524
  0.77535755528312034  0.78314381297918201  0.79078362831286897  0.79874840077698772
  0.80656742981478902  0.81499482563051062  0.82355665458123750  0.83232103217161324
  0.84077697606294788  0.84995028934719941  0.86037212540775010  0.86900141062669511
  0.87763247915671239  0.88649771816562484  0.89536906431537844  0.90426123263516067
  0.91410630633725465  0.92741708620944985  0.94174561904986809  0.95867806647589293
  0.97504388345825621  0.99001185921091317  0.99960206071523083  1.00000000000000000
 -0.00192603542657155  0.00733870401741905  0.01391042522966750  0.02031040786531335
  0.02322053521264034  0.02710913611886155  0.03247178646242534  0.03552749669908838
  0.03843525592638515  0.04172286883249809  0.04607090231397786  0.04979021481433717
  0.05287537461600802  0.05726709269572110  0.06470580617703021  0.07342904184138797
  0.08132900080564069  0.08810265586138999  0.09396095037525862  0.09746596980526605
  0.10031078439207974  0.10321810215003967  0.10831614333666290  0.11371662700595839
  0.12040443476135548  0.12763465223335307  0.14203987818249572  0.15891394733606828
  0.17817998857094322  0.20424909155273352  0.23147219565331145  0.25658332417242607
  0.27101507588050266  0.28731985152906103  0.29886297162650788  0.30539810020230268
  0.31380656204969892  0.32390148536514884  0.33344137857039086  0.34068596662786294
  0.34631293095757859  0.35096530235859086  0.35615945402789684  0.36892081229608592
  0.39317306247662309  0.41961179995892733  0.44546311130401722  0.47051592085776811
  0.49607115430352067  0.52309953369722428  0.55359201800571922  0.58346491491271824
  0.60299384808115253  0.61828214944289983  0.62954309044205536  0.63654314812690771
  0.64059186876784158  0.64369199040262004  0.64643028915887102  0.64954602692046437
  0.65328014436925275  0.65923952584313250  0.66546232679475625  0.67146745325704393
  0.67941242284564929  0.68986309671041302  0.69910385297845135  0.70887369842450165
  0.71934093073720229  0.73194596974485693  0.74861685424906466  0.76346768810962784
  0.77035064727306546  0.77681948863489791  0.78437388469904101  0.79246444959181372
  0.80051296307080155  0.80740639759608457  0.81260761043270779  0.81777858706483142
  0.82350539382116916  0.82950296018397773  0.83360708018926477  0.83759720375164259
  0.84252537843112274  0.85013497576603869  0.86108772737853179  0.87270951687122456
  0.89045256442403597  0.90822876833343169  0.92620218769887008  0.94417560706430848
  0.96927667031455811  0.98905964818512626  0.99393762219324322  1.00000000000000000
  0.95976980598412054  0.96056399969585959  0.96135819340759854  0.96165747737302687
  0.96187845364863245  0.96214538784504577  0.96236401244123615  0.96272371066713525
  0.96320634741954514  0.96342664870316685  0.96358725947856794  0.96381008471436802
  0.96390418019216906  0.96406828850586257  0.96423508089737486  0.96437718871315981
  0.96456194760790337  0.96470678623111306  0.96485834640938428  0.96498045954487099
  0.96507646549996118  0.96517270632820340  0.96528173719789556  0.96544274453195333
  0.96562847616950842  0.96581412418130042  0.96597951123107728  0.96612416833210657
  0.96623134078562956  0.96633413846456406  0.96643179336222140  0.96651950034419309
  0.96659367352090397  0.96663801800917104  0.96666169250802070  0.96668511594041551
  0.96670743422210137  0.96673275920940327  0.96679297087673566  0.96690505701820084
  0.96702546665969114  0.96711699969541587  0.96720463838011073  0.96730445801215159
  0.96743114572638711  0.96758296635721830  0.96773049383760235  0.96784298077975506
  0.96794829525904658  0.96803019381919708  0.96809972090671481  0.96817086039650491
  0.96824657553927274  0.96832655774449417  0.96840905132491850  0.96849235942474443
  0.96858871258012413  0.96865374442936891  0.96867582367143823  0.96869488502105383
  0.96871998527010472  0.96875798197788732  0.96878850958248086  0.96880376328085560
  0.96881744767783784  0.96884402624470478  0.96886655291907120  0.96888720261911854
  0.96891137427315044  0.96894015466488637  0.96898011247635141  0.96905594458923616
  0.96913184225542648  0.96919939023604851  0.96925198938253232  0.96928996608640994
  0.96933653309478551  0.96937989628586219  0.96941838903827349  0.96945795788280353
  0.96950018787270065  0.96954948142052777  0.96960539704988591  0.96966179193955992
  0.96971429675548881  0.96975863687794062  0.96980122590536955  0.96983725259740972
  0.96986445691026624  0.96988615186799054  0.96990748856494036  0.96992875539834922
  0.96994942940440676  0.96998120735189997  0.97000007474047922  1.00000000000000000
 -0.01527601014902333  0.06628081188623500  0.09173661036712860  0.09905877377552828
  0.10335924735501700  0.10724484454982609  0.11169505311598601  0.11786723610222767
  0.12525579415653873  0.13114423290824975  0.13628405735171970  0.14102803271576841
  0.14588543004639570  0.15259204113984232  0.15994292030155952  0.16885998381882047
  0.18078693031870557  0.19372701759608782  0.20612167940278830  0.21787744252211116
  0.22743207640063676  0.23491356424312840  0.24302193357199423  0.25121252182694265
  0.25775431691064216  0.26590614217462122  0.28016885853156848  0.29601269624732879
  0.31382035508439815  0.33536149100670704  0.34941758878523022  0.36269921752999007
  0.37738148795697812  0.39242556767650505  0.40802481685347064  0.41925287471887390
  0.42323643256382693  0.42922639615113634  0.43477118167147433  0.44272785520121088
  0.45280217308822041  0.46043071357066051  0.46357939402559228  0.46664674344864732
  0.46975268759614980  0.47328990427772055  0.47900418903184094  0.48522882139026907
  0.49664632485627358  0.51018702017960094  0.52394302821487593  0.53837662328255942
  0.55323349644133490  0.56960327034603697  0.58750967281955635  0.60532760593259027
  0.62281252974683465  0.63466200537924888  0.64595333449702563  0.65807601967908891
  0.66580940460445692  0.67142307961556191  0.67597274311482380  0.68147079214090478
  0.68457409334489761  0.68718075422114078  0.69231258723654721  0.69816693715887512
  0.70219441144643424  0.70591058750261848  0.70934048597168664  0.71223895834078221
  0.71474548768000734  0.72019345000320889  0.72444446422388176  0.72744910373722860
  0.73632205865252132  0.74609160695500820  0.75654051120902632  0.76838625382058823
  0.78317964215290226  0.79758036456166559  0.80927127813519439  0.81553836438676741
  0.81749464380504389  0.82118277957227903  0.82428379972900279  0.82817399065883801
  0.83461638111489644  0.83930232194730747  0.84292928537142620  0.84651598357706670
  0.85575608458764651  0.92933781335105747  0.97273299131336466  1.00000000000000000
   3.8449851153650528E-015  -1.0000000000000000     
 T F T F F F F F T F F F F F F F F F F F F F F F F F F F F F F F F F F F F F F F F F F F F F F F T F T F F F F F T F F F F F F F
