 -0.00247328091006120  0.01056637045209795  0.02133612867483265  0.03248319488013627
  0.04316282246926753  0.05348739661423978  0.06351450509341690  0.07364964634550467
  0.08395822962537855  0.09446516086271192  0.10505114285121255  0.11584067629442726
  0.12651918706065921  0.13725850157324634  0.14794486497636430  0.15865128843766485
  0.16919101520732852  0.17967717726197399  0.19018525309060380  0.20073794364231409
  0.21128439300085972  0.22181904993315091  0.23232425477440904  0.24284443825047486
  0.25335067340382988  0.26388099355903610  0.27444610405818648  0.28499003421974145
  0.29543568415067861  0.30590394375739949  0.31645294714218125  0.32720797807439972
  0.33777755461758818  0.34825963360284229  0.35859093934802749  0.36900322499123289
  0.37957714633268869  0.39018112076839062  0.40081680491376753  0.41145796855080663
  0.42214686268970436  0.43280570116449707  0.44337649226915909  0.45394637916654829
  0.46447628686590431  0.47498720663982563  0.48550031326916554  0.49603782255690548
  0.50632808770363325  0.51653643174278008  0.52686826645311990  0.53717253518501662
  0.54752027828496008  0.55781843305254297  0.56831722215001423  0.57887752441508167
  0.58912905507845348  0.59954215926641674  0.60998094715241991  0.62058644505428273
  0.63098025494355270  0.64128427895061846  0.65163624995351499  0.66201574954399756
  0.67241651825900106  0.68277672639255516  0.69320600352828199  0.70376972691839346
  0.71441299693264604  0.72500336591019188  0.73555397683899226  0.74606254444333087
  0.75658588911960512  0.76709912635874844  0.77763740178677776  0.78817484414504024
  0.79871292111915049  0.80924319508162090  0.81974044213740194  0.83024114619452694
  0.84070020701592107  0.85117665782928043  0.86161298294077160  0.87213469754684436
  0.88259325692080004  0.89309677281701916  0.90357500662062296  0.91417957313423448
  0.92506731688233157  0.93628425070825283  0.94774401226184246  0.95888965514770275
  0.96924336573430936  0.97932622935275426  0.98939354706032123  1.00000000000000000
 -0.00272966391339744  0.01047162519178985  0.02140474576868983  0.03253827813177803
  0.04346356369053866  0.05392283511551883  0.06415383607500542  0.07426024351679077
  0.08455779083130324  0.09490894864100483  0.10530376545342471  0.11572886610097929
  0.12628732560690537  0.13687247227078209  0.14745117331915403  0.15797415519242622
  0.16845495701451946  0.17896904857244983  0.18936561196030277  0.19999315235030679
  0.21062752399148668  0.22160916718123780  0.23254147274692677  0.24344051069379100
  0.25414432778727869  0.26488539522668353  0.27563763924902118  0.28640607101409343
  0.29695679218291932  0.30753911317942728  0.31827536880462504  0.32909235855296048
  0.33966336231537125  0.35004958027477329  0.36039149866854925  0.37085941406762740
  0.38134748404581598  0.39196992082674753  0.40239489037363535  0.41283681126126365
  0.42317340205651405  0.43374585003245686  0.44426006644114241  0.45472372492196161
  0.46510521826607482  0.47561117924752488  0.48623071776282212  0.49699597000838280
  0.50782311964711624  0.51828931780570708  0.52881555967222649  0.53923717234870938
  0.54975599616757698  0.56000877172106278  0.57042538450172831  0.58094746100775574
  0.59170127407941864  0.60218367747963264  0.61271929864113939  0.62315356056435356
  0.63364848201859569  0.64421375223811583  0.65476588729551832  0.66526155692844513
  0.67546435519681447  0.68560943963357879  0.69582306645859004  0.70621982452697252
  0.71650809700010409  0.72663822616817486  0.73701692248024153  0.74743095562010997
  0.75813773375944327  0.76881663944714629  0.77961435619098129  0.79034567256458632
  0.80090731683492566  0.81147518346712366  0.82175920347502773  0.83206697708266764
  0.84262351088808463  0.85329152492691573  0.86380378505680100  0.87420108012849318
  0.88457611194727359  0.89519678456389962  0.90568336010476946  0.91635275002991268
  0.92683756114670901  0.93721120125849677  0.94761101501098766  0.95795516831325467
  0.96831864882467800  0.97875438978569229  0.98926673855442882  1.00000000000000000
   3.4015158930731086E-013  -1.0000000000000000     
  <DiscreteSampler_grid>
  Helicity
  1 # 1 for a reference and 2 for a running grid.
  20 # Attribute 'min_bin_probing_points' of the grid.
  1 # Attribute 'grid_mode' of the grid. 1=='default',2=='initialization'
  0.0000000000000000 # Attribute 'small_contrib_threshold' of the grid.
  0.5000000000000000 # Attribute 'damping_power' of the grid.
 # binID   n_entries weight   weight_sqr   abs_weight
    2   2333   1.919367384175188E-013   6.056894750978339E-026   1.919367384175188E-013
    3   2326   1.970870338444830E-013   6.313304660906741E-026   1.970870338444830E-013
    6   2252   1.887693189777492E-013   8.852200673063267E-026   1.887693189777492E-013
    7   2275   1.905854697148786E-013   8.772384088526779E-026   1.905854697148786E-013
    10   2385   1.998926812408873E-013   6.490114000612012E-026   1.998926812408873E-013
    11   2409   1.991375906348749E-013   6.456634079923865E-026   1.991375906348749E-013
  </DiscreteSampler_grid>
