  0.00027649989969711  0.00037372930476501  0.00042399408478199  0.00046269138508098
  0.00050428047321149  0.00054683918343288  0.00058384448059470  0.00062302824818095
  0.00067294036255562  0.00073299886671092  0.00079268811899263  0.00085155261051354
  0.00092029654970845  0.00099569127686832  0.00107554231372211  0.00115096181676226
  0.00123542544359354  0.00132669674667276  0.00141987145553278  0.00153679765571463
  0.00167864920539165  0.00182250414522702  0.00194319322190011  0.00206814894110253
  0.00220393561183670  0.00239701497447407  0.00265985834788884  0.00292401064492111
  0.00315468439298944  0.00339871165432195  0.00365432014277837  0.00392969947887275
  0.00423657390259507  0.00457910042005851  0.00495945631071615  0.00551221883195842
  0.00617058794010288  0.00680164185805522  0.00737107421158848  0.00786996821172462
  0.00837317099661026  0.00887194927324751  0.00947862836298973  0.01007517558610177
  0.01075699644129320  0.01131039300275081  0.01193963861369648  0.01278521579070633
  0.01375508575954634  0.01462242559716299  0.01570919995779912  0.01702147401018899
  0.01845249920038029  0.02001909681464608  0.02174064188512659  0.02356032351750693
  0.02537068116900787  0.02703501525939424  0.02856532659102173  0.03018934820859749
  0.03193630729120082  0.03370469078756744  0.03568454136883884  0.03901995480947790
  0.04356847739204706  0.04752537594146276  0.05172416593594940  0.05544691322418670
  0.05896588151488757  0.06512025126552956  0.07243493624616780  0.07984971913117264
  0.08680785414158547  0.09301329204192882  0.09892931128169194  0.10484181442125588
  0.10950217018041145  0.11469771866010182  0.12074716118480314  0.12728012219999738
  0.13410204160892331  0.14161624831374986  0.14954002646957301  0.15976807728260234
  0.18258345722779737  0.20756679135839484  0.22481569322277734  0.24882200167306229
  0.28347495863494127  0.32197371908757016  0.35779675555944701  0.39175709028068717
  0.44079513523243585  0.50048074048447033  0.58901506419608074  1.00000000000000000
 -0.00000055807930241  0.00000617212753494  0.00001477286313768  0.00002021865902063
  0.00002420966900166  0.00002721403309340  0.00002938385587008  0.00003150218995988
  0.00003355333196386  0.00003545092392362  0.00003685718134943  0.00003790556962405
  0.00003887501888387  0.00003990009457286  0.00004087635786028  0.00004172264243333
  0.00004252933175545  0.00004332826271791  0.00004423921801950  0.00004513258209619
  0.00004573852425937  0.00004625813948671  0.00004671478571317  0.00004732294429153
  0.00004795898144759  0.00004864398659724  0.00004949869547845  0.00005091042764822
  0.00008186962407399  0.00008229962210808  0.00008265732451028  0.00008292796160145
  0.00008312824941320  0.00008331584130224  0.00008357727218090  0.00008386378869415
  0.00008413855203349  0.00008440744664869  0.00008467735983606  0.00008495558778044
  0.00008522595020944  0.00008549211077654  0.00008576434024128  0.00008603427081581
  0.00008638968534019  0.00008690530815418  0.00008752948643909  0.00008814883401992
  0.00008876784849456  0.00008942276381951  0.00009008202606362  0.00009067981572426
  0.00009120620995700  0.00009173235690642  0.00009224304922248  0.00009271849508946
  0.00009336039859056  0.00009408922969372  0.00009486980899796  0.00009570662196184
  0.00009660467842968  0.00009758570030359  0.00009864265251815  0.00009975925718550
  0.00010094251564666  0.00010227668367569  0.00010385764464423  0.00010538523836770
  0.00010678184240592  0.00010813776573654  0.00010949963286586  0.00011105719385154
  0.00011298385088186  0.00011509890184443  0.00011742854334632  0.00012053178675149
  0.00012398921908843  0.00012756286614482  0.00013128071456607  0.00013535535004633
  0.00013974271006432  0.00014411555851357  0.00014848037464131  0.00015686916496500
  0.00016793567930426  0.00017989843410745  0.00019424053738046  0.00021456142761080
  0.00024405873621619  0.00028666992350396  0.00034801921767849  0.00045820366616964
  0.00070344364051736  0.00146533651624782  0.95303144485300451  1.00000000000000000
 -0.00001487853293560  0.00005586577140723  0.00011814863936120  0.00022783464254668
  0.00037975046386301  0.00054010613320277  0.00070954644038675  0.00096676234109659
  0.00134264008393287  0.00174942751706269  0.00220456988541933  0.00273647416824621
  0.00337392063412219  0.00401749168385461  0.00466967858835892  0.00534138697625178
  0.00610624760092652  0.00706167377974628  0.00820282147067456  0.00959611577809905
  0.01104440079317620  0.01256359291813889  0.01440468068905131  0.01654128360439660
  0.01878825185291917  0.02114256065447908  0.02394610725513037  0.02728709679369172
  0.03106746543546018  0.03531555125121186  0.04041409637983474  0.04736824854729300
  0.05569977413903639  0.06526801806051415  0.07760075901426551  0.09253710091645809
  0.10875024585637511  0.12610000206304273  0.14621317566214770  0.16937099823937868
  0.19498517753428340  0.22715786229200161  0.26718579755338279  0.30180463419509190
  0.33959959228730929  0.38611525949114150  0.43613214579389770  0.50705393433851376
  0.56061708868184590  0.60234117393340059  0.66137642820482467  0.71955454053999335
  0.75595982297743625  0.78627181536763457  0.81174373262079191  0.83353287627829398
  0.85291839928910462  0.87488016533822410  0.89324570208454779  0.90639829610872702
  0.91617449217004610  0.92412681538311581  0.93224908583086918  0.94033621616302165
  0.94771070682291936  0.95445645107104138  0.96095146073402071  0.96604372653380566
  0.97006664873435799  0.97387419067211789  0.97720097769859338  0.98059372005170997
  0.98373312131515955  0.98638035172033500  0.98860226936137496  0.99067413481826117
  0.99231506566716698  0.99346423023705888  0.99424176556953547  0.99484594076588118
  0.99541966231192514  0.99594820051962185  0.99641933047419851  0.99686498602296025
  0.99728721443219659  0.99768587619151172  0.99805854858065834  0.99839421512930082
  0.99867989415543146  0.99888733035405652  0.99908032210661823  0.99926390936552412
  0.99943132239807519  0.99961722015383603  0.99981254154389376  1.00000000000000000
 -0.00203783063719852  0.00737700654854172  0.01753954768222020  0.02740255568944811
  0.03810984896845155  0.04936233123580352  0.05971181709610109  0.06864809500523877
  0.07736703706506923  0.08757175865534335  0.09814944707035715  0.10884813785684412
  0.11978377500902858  0.12747240827401241  0.13605899373820454  0.14592712817781034
  0.15607766733711320  0.16668140202517126  0.17984543274246073  0.19306147648896238
  0.20580727104710766  0.21944948475112189  0.23219650311396148  0.24545708506558780
  0.25939184962480599  0.27376006974795181  0.28793183919016052  0.30090336818764957
  0.31235869789593029  0.32275284537368243  0.33277963284978102  0.34263441770481523
  0.35162955561780401  0.36005243525307934  0.37083452077243917  0.38215713039634686
  0.39204095874332423  0.40246629672195522  0.41366843830519978  0.42456870405531072
  0.43691400752943760  0.45075468532120977  0.46512056265145629  0.47821376360185786
  0.49045674346382095  0.49919088994772925  0.50848367271947359  0.51924062808283744
  0.53002696504157476  0.54068885544979117  0.55019345118330687  0.55848422491076544
  0.56765423895751876  0.57590066221937475  0.58325895402420957  0.59381894993604178
  0.60700860281797664  0.61962298823272455  0.63342247666691653  0.64797511311918221
  0.66325315017026687  0.67933874847527398  0.69495338264795981  0.70506566135502602
  0.71513062182524212  0.72487589669408103  0.73337058216626150  0.74028904963881870
  0.74746928760478970  0.75206316241479820  0.75685033913144384  0.76242865371484492
  0.76795830472225568  0.77320785182578555  0.77830595054708662  0.78777997084723683
  0.79683809520993687  0.80587753301537390  0.81463725849154012  0.82356050470744890
  0.83400094494100074  0.84673244371529899  0.86107483593210077  0.87415742672226138
  0.88594513635276873  0.89693789974275984  0.90671466609658113  0.91652217166367222
  0.92627650859164479  0.93553387657558373  0.94350116264302508  0.95190575937705624
  0.96328935940514437  0.97565643906981991  0.98889406741372254  1.00000000000000000
 -0.01115235408010002  0.06210831934981562  0.11819415809932959  0.16990809125485251
  0.20933374241449690  0.23809671121584064  0.26247849674594192  0.28368013218891269
  0.30247076589187893  0.31712979850477052  0.32670519145158672  0.33603545379551747
  0.34542435311241643  0.35582253041789752  0.36624996976199031  0.37710775121223655
  0.38926225220911248  0.40127428267794307  0.41185059880052749  0.42121922586028976
  0.42983564392943913  0.43842031640154555  0.44819452745333277  0.45902868485292614
  0.47016780018864657  0.48132237395910948  0.48969931612783368  0.49447042078081571
  0.49764044286988729  0.50052302476566013  0.50348450229572128  0.50800826584142167
  0.51359748745108136  0.51970770924417120  0.52536331993555685  0.53054069399966242
  0.53764437814144272  0.54736999597930702  0.55635416427759754  0.56479794623863577
  0.57298647980940165  0.58150633470430524  0.59081965115417101  0.59930417890874199
  0.60706077186553742  0.61413302983963902  0.62099090844056948  0.62773141046055236
  0.63534672040855378  0.64265070495576482  0.64962407031902336  0.65672470493295365
  0.66441213002836974  0.67333272642571329  0.68273418921224116  0.69081022433204875
  0.69593538766451291  0.69983947181849793  0.70363388118662817  0.70781193124896236
  0.71287610467176676  0.71883354159197388  0.72554359906619015  0.73181681610351401
  0.73770335384923258  0.74421072204591632  0.75187472606914296  0.75976034734865527
  0.76681847644415879  0.77304728802528522  0.77925710214607691  0.78593302950889610
  0.79295769366839908  0.80020737768436923  0.80688909954680599  0.81273515962416554
  0.81842197987673826  0.82456424812335638  0.83109445114544289  0.83725248882048819
  0.84363365052111028  0.85050533349880553  0.86029704792003159  0.87179151680479650
  0.88083090117640273  0.88753910225627963  0.89284956098427803  0.89819379084975681
  0.90377118529264255  0.91220664584663480  0.92389457397695074  0.93620584197008738
  0.94584579757621368  0.95679198547288857  0.97352466126487791  1.00000000000000000
 -0.00334705284280290  0.01279636678698551  0.02637040249241270  0.03739808086431528
  0.04632747728980050  0.05419987054925053  0.06180867346639600  0.07071571832330040
  0.08221774970323679  0.09582845500267621  0.11202747445098254  0.12509509533279378
  0.13745995275744971  0.14995362514657509  0.16263492486932674  0.17320538979608882
  0.18122116238874791  0.18901506077516086  0.19761549984860899  0.20579447296246509
  0.21332194808738408  0.22275536190852643  0.23213091852738152  0.24276697206900882
  0.25478898491564050  0.26650257290666551  0.27844298759906877  0.28927079855568627
  0.29874802102617248  0.30881521070365348  0.32046847956156155  0.32941603533065056
  0.33769549848099761  0.34533641568344187  0.35371976575180958  0.36466418143050522
  0.37644103735917334  0.38781262423412932  0.39768636252756151  0.40779489627077314
  0.41818775023933724  0.42854210311150426  0.43686593485604119  0.44483455786631465
  0.45215737264625266  0.46010632774510352  0.47027877358727022  0.48131588954243648
  0.49256909420993261  0.50398520782140455  0.51631872132860412  0.52954728519064775
  0.54301200313046760  0.55644770502188379  0.56966036216959715  0.58317995333835304
  0.59777238999398674  0.61529934912542850  0.63155068391449043  0.64666039004637166
  0.66016276870684942  0.67180375389212954  0.68388853890172330  0.69792225963954813
  0.71393974123027304  0.72838226663918837  0.74115527249871693  0.75322491732865393
  0.76367403694978953  0.77225574073201331  0.77985179643847757  0.78517981871610731
  0.79063520167777934  0.79795782745725197  0.80623094710702681  0.81376100987387190
  0.81884870110826380  0.82345898627934155  0.82929990216567528  0.83877012631360148
  0.85012903318560618  0.85813031710483778  0.86548052039206880  0.87468356880620268
  0.88454910966350264  0.89486476497414735  0.90480959302435116  0.91141223271524208
  0.91787385033211000  0.92472255669788550  0.93244774262699215  0.94171761377295937
  0.95336976446641264  0.96671625585841481  0.98276178951723026  1.00000000000000000
 -0.00337233653935990  0.00434803296952446  0.01206840247840882  0.15995387217778886
  0.38597728832505762  0.98907923142020504  0.99126103613571870  0.99216298387277135
  0.99274228975541834  0.99333053867638366  0.99385525101295058  0.99425174784795600
  0.99456257982614693  0.99482602633465422  0.99507583694991875  0.99533616546837600
  0.99562064298515962  0.99589283071759016  0.99612070483456150  0.99632773702719268
  0.99655559739266542  0.99674618584457308  0.99692700667681378  0.99710660468247003
  0.99728045704589485  0.99742593126360746  0.99755610078730694  0.99767461601891971
  0.99779421387397527  0.99790923813242471  0.99801605914910174  0.99811064741763689
  0.99819994561607051  0.99829150523744614  0.99837306013933624  0.99843887999945746
  0.99849889300104822  0.99855692344471625  0.99861662738413293  0.99868321662627901
  0.99874856039438531  0.99880811605006348  0.99886184572501269  0.99891671550478678
  0.99897029843370866  0.99902294096339772  0.99907600945418151  0.99912460290830329
  0.99916569813400391  0.99920515484043659  0.99924729379505639  0.99928851492760640
  0.99932695687366380  0.99936416308948905  0.99940120679989042  0.99943624820987953
  0.99946880278223604  0.99950052688949198  0.99953208632028667  0.99956202499491720
  0.99959069664162992  0.99961817412831133  0.99964279491395447  0.99966526950215873
  0.99968740570894421  0.99970917638518131  0.99972830336789609  0.99974433297748133
  0.99976343244648880  0.99978038232368782  0.99979397900928402  0.99980556965298273
  0.99981786619644553  0.99983074616016743  0.99984275471440032  0.99985427478975952
  0.99986505899913913  0.99987512123076427  0.99988470038763100  0.99989403894051831
  0.99990334964749739  0.99991280781859260  0.99992262398854159  0.99993111217407993
  0.99993905164915553  0.99994654870694477  0.99995349748089635  0.99995996017455946
  0.99996626267881583  0.99997274792651036  0.99997789109563162  0.99998271369906033
  0.99998730099802535  0.99999166891032121  0.99999588875345258  1.00000000000000000
 -0.00166576767768388  0.00780243906955626  0.01727607166288200  0.03070491412294143
  0.04580304890576410  0.05959470972191564  0.07291209972234163  0.08611790801734223
  0.09976377173213993  0.11443804902175037  0.12929216692910209  0.14309183869477615
  0.15338965743610683  0.16430511585300706  0.17444542849997105  0.18472120569046571
  0.19497449847470855  0.20532447316553520  0.21547878017073763  0.22565751575212661
  0.23528480785058184  0.24525459648405001  0.25652156725385195  0.26947327879426092
  0.28349441246747153  0.29588141523599121  0.30608440994807840  0.31520448357226216
  0.32370013872532838  0.33161188013392084  0.33927876863328527  0.34810290046376435
  0.35735410891373443  0.36639007644708649  0.37832973092303490  0.38903806497598276
  0.39747970257339255  0.40267811632657524  0.40825973443001196  0.41485634565816792
  0.42157465424347546  0.43343690081778513  0.44736523308598147  0.45404361396318854
  0.46496647891901305  0.47508026738337372  0.48772583084609272  0.49870685162461109
  0.50899852432111969  0.51940789275150878  0.53010654985141792  0.54026938034877070
  0.55599982099601264  0.57004459525480955  0.58020901974659866  0.59002238314579147
  0.60034034605913467  0.61012900187611852  0.61959160363374788  0.63471713365114979
  0.64752537210599370  0.65814180428728264  0.66899281851027670  0.67974249726023217
  0.68989256588970860  0.69999247176656831  0.70951966558027613  0.72119816825065086
  0.73331759110559436  0.74423182252177200  0.75338385587511936  0.76226648834709543
  0.77003508118054831  0.77615239017520388  0.78361284028554468  0.79199462171026269
  0.80044861317866178  0.80811357649388627  0.81537491018080099  0.82435024082966601
  0.83750211287263443  0.84914429068383313  0.86159016859859983  0.87409605650124267
  0.88425036535206103  0.89165138588131088  0.89879469172097182  0.90821757345470366
  0.91793204918936266  0.92712624757577577  0.93571868200133868  0.95005782687381002
  0.96397343539825098  0.97684691857194694  0.98858213191429112  1.00000000000000000
   1.4584207073590184E-019  -1.0000000000000000     
 T T T F F F T T T F F F T T T F F F T T T F F F T T T F F F T T T F F F T T T F F F T T T F F F T T F F F F F T F F F F T T F F F F F F F F F F T T T F F F T T T F F F T T T F F F T T T F F F T T T F F F T T T F F F T T T F F F T T T F F F T T T F F F T T T F F F T T T F F F T T T F F F
