  0.12486593860095387  0.13055742415769653  0.13509300060227958  0.13951595537434391
  0.14359819767399687  0.14749125414386519  0.15125597765668888  0.15493290019472020
  0.15855460494836354  0.16213438064832253  0.16569286204651826  0.16923689594794986
  0.17277045406368621  0.17628832945729286  0.17981564136732728  0.18335381904378159
  0.18690358692017531  0.19043932161636315  0.19395843390634226  0.19748882769231768
  0.20104384791416796  0.20463078908107185  0.20824701918437688  0.21188057403807015
  0.21553712748120188  0.21921486123186656  0.22290102288449942  0.22662259355016048
  0.23039823591436595  0.23420871263096107  0.23805995499493660  0.24193838235441378
  0.24584039763468771  0.24978264498574160  0.25375693739230509  0.25773985983205877
  0.26173492672319959  0.26578209488966692  0.26992677983863916  0.27414328102951407
  0.27843781232376696  0.28278602344636616  0.28715298111226961  0.29156106025926115
  0.29601241776393949  0.30053584087774976  0.30513327253006722  0.30977470755904518
  0.31447099545763185  0.31925505016407563  0.32411708736764905  0.32901886150051673
  0.33396058674530726  0.33899331535371796  0.34415429924247837  0.34949653851541285
  0.35496510674549869  0.36052567375325195  0.36616699728305413  0.37190115558623521
  0.37773549281417501  0.38366618605152197  0.38969210230080964  0.39589472444589280
  0.40227082947955145  0.40876595225299944  0.41541916764672016  0.42227580499171580
  0.42931389028749595  0.43658187744324312  0.44401650622936906  0.45162288888896485
  0.45943105462405048  0.46743853829856691  0.47571283781266166  0.48434640183005101
  0.49339165845792288  0.50281856245666912  0.51266787998806085  0.52284161911553340
  0.53344818077500133  0.54452148994409777  0.55621249009033469  0.56844243686146823
  0.58143717138450013  0.59527616092814961  0.61030694863096624  0.62646428380542529
  0.64411183856411858  0.66372292279911982  0.68589030992365518  0.71139098281733915
  0.74186542146129786  0.78036049794662232  0.84295567859002873  1.00000000000000000
 -0.00237964287390264  0.00980828037835461  0.02000044052784752  0.03069540389488484
  0.04130568699220726  0.05165870335974709  0.06195963318802606  0.07235476152185927
  0.08283391710355276  0.09321886851662452  0.10375382453718099  0.11425475570478430
  0.12474928729909916  0.13509111876942370  0.14563166580564540  0.15639401590551172
  0.16697348848294705  0.17776575418907037  0.18838779047554824  0.19922929980272006
  0.20981220542104942  0.22054621784824499  0.23133980571789589  0.24228811473700121
  0.25320957526887078  0.26401358596875235  0.27509342322132718  0.28622280434169012
  0.29709449834394086  0.30770265799123614  0.31810088720855628  0.32856822557618770
  0.33898006586244733  0.34956544054208161  0.36008914117029012  0.37055387293466985
  0.38095769084855569  0.39133124609710163  0.40172192901770243  0.41207801213288803
  0.42255634282695165  0.43301527154655090  0.44347525828008921  0.45385995933696632
  0.46426886334301271  0.47470820477765385  0.48523457690437249  0.49581925199854915
  0.50642442290706291  0.51711942863385751  0.52782216190345033  0.53845776291341041
  0.54899009311850033  0.55949323316699306  0.56990702472432953  0.58023944867914212
  0.59072171152806840  0.60113130598359499  0.61153020031873551  0.62202678814996915
  0.63273918371652871  0.64351988226208845  0.65406936620317913  0.66461547196899939
  0.67550262450558674  0.68645995808776383  0.69698670361612614  0.70735490108643551
  0.71755478257899119  0.72796821341013795  0.73837725987850522  0.74875738991127860
  0.75921927059070959  0.76952389080916361  0.77996727587822290  0.79041529129718913
  0.80106577537766410  0.81193836021895571  0.82260618626450266  0.83325179398565352
  0.84359138320942351  0.85397087551047279  0.86430346506293898  0.87474150231068792
  0.88493959466180883  0.89488063698117071  0.90489243038582134  0.91508799448169453
  0.92560063686397354  0.93610358194207732  0.94699509195701448  0.95796756339478684
  0.96873674569709356  0.97926412698470189  0.98963786307945611  1.00000000000000000
 -0.00236491296399492  0.01020284846524874  0.02069488872015755  0.03136728583998154
  0.04207378672819764  0.05260550607902657  0.06326525334655095  0.07354988410901261
  0.08386398659301525  0.09428496982423742  0.10483752341131425  0.11540685060172430
  0.12593378388747792  0.13633058312504559  0.14679201288079580  0.15710852178429180
  0.16754542943276338  0.17790610155378109  0.18814683153225853  0.19851030221268690
  0.20885879246901634  0.21943913951232241  0.22999484955787067  0.24040681768648428
  0.25097110106353121  0.26126715810322865  0.27168346181754810  0.28184955022967129
  0.29222509301320321  0.30269283112055073  0.31317878468020099  0.32376142055698182
  0.33435579267956772  0.34503916061106765  0.35570608168584406  0.36624756932786567
  0.37666499900667177  0.38710109854592523  0.39769126842291619  0.40840221158885831
  0.41901797309154887  0.42963011657612427  0.44005413996068893  0.45056535149805160
  0.46100750938607332  0.47173633827894401  0.48240848478176601  0.49300106823294604
  0.50349021827117235  0.51382993499485519  0.52448631005572588  0.53519207967092375
  0.54597527169615090  0.55669884257794244  0.56732160881311200  0.57793572826604200
  0.58846048482882973  0.59886323647208428  0.60929770343273482  0.61988641888924312
  0.63057889704629910  0.64125859046192313  0.65203132627679783  0.66277955974075031
  0.67356127315614744  0.68408937025738403  0.69450671401479125  0.70504916828694020
  0.71551635393480217  0.72610237231498465  0.73654845158795279  0.74707575985838892
  0.75768219924696845  0.76834242753437154  0.77906371906292704  0.78980809003191699
  0.80038216457501588  0.81105619629112435  0.82179964019839080  0.83271887104125908
  0.84312088038006350  0.85363270780357836  0.86408367140114495  0.87467039788786138
  0.88518451387415575  0.89572970249715000  0.90641792143023225  0.91708086781524423
  0.92782998245543447  0.93847984879476531  0.94888545854445772  0.95920166582848043
  0.96942246488637651  0.97970327778946664  0.98983034857515495  1.00000000000000000
 -0.00239265795024095  0.01024821827957136  0.02069354375231798  0.03167821610339421
  0.04225721249761909  0.05282180739809358  0.06324139377788821  0.07358743185827599
  0.08405759861382431  0.09456752417891592  0.10501070571681966  0.11503275506696703
  0.12508296488910944  0.13532375442802158  0.14555906275640695  0.15578442180322474
  0.16594841542412839  0.17641260852574009  0.18685155354792726  0.19751726813349851
  0.20810335702097324  0.21905117554009754  0.22989572991877022  0.24082049303912770
  0.25170996276376217  0.26261634019462349  0.27335713761597752  0.28395161541057889
  0.29455796825263808  0.30522763267172243  0.31594842377007115  0.32671740954688461
  0.33729643292423656  0.34781567257603280  0.35853848685316148  0.36952260586859137
  0.38027911942033682  0.39076500573550182  0.40145105555791277  0.41222040245996133
  0.42289468360696580  0.43336473873713804  0.44388722948822446  0.45441730019296506
  0.46470719779434710  0.47504788455169067  0.48560584725288775  0.49632754870473322
  0.50693869811089753  0.51721137541100037  0.52755409818733767  0.53792574490541911
  0.54826593800243661  0.55842527420975308  0.56851627410390826  0.57890854230411792
  0.58928670988300158  0.59986004015996863  0.61018068137211734  0.62069824898707748
  0.63127900150571548  0.64197240879612794  0.65257482617716034  0.66310494116739915
  0.67359792274564267  0.68397708156804549  0.69450695097555859  0.70486395160042459
  0.71527739611508201  0.72548055731983185  0.73591381325154503  0.74644562960185945
  0.75714912543701396  0.76767904338571924  0.77813120626765186  0.78860172148058938
  0.79937676094242571  0.81017082895858084  0.82095930911912285  0.83169826154098836
  0.84241219462967987  0.85306015871684049  0.86380546210563525  0.87467473131666262
  0.88537138489077216  0.89618665585636559  0.90666843642945227  0.91722170869849595
  0.92725188617237475  0.93742058999422817  0.94784089580085829  0.95814539390440534
  0.96860637312728304  0.97894623368039224  0.98957132470185682  1.00000000000000000
 -0.00197596615020995  0.00960946539289464  0.01949851786282192  0.02991095138872015
  0.04016754465780108  0.05048560750453265  0.06071470397325055  0.07134249547526524
  0.08197297406330883  0.09280829737969146  0.10363823543382261  0.11444486036876449
  0.12543937483865464  0.13601148677471994  0.14680331983700010  0.15716070794419329
  0.16762364255525211  0.17789743528180046  0.18821240040651543  0.19842020593214102
  0.20875230911113846  0.21912093171583585  0.22963265033723346  0.24039524974061194
  0.25112996579816610  0.26177050517452610  0.27220250108659527  0.28284886754200561
  0.29364879234527491  0.30427209695648960  0.31494924133662561  0.32574040012186262
  0.33648528040567066  0.34708404513653435  0.35778826301826339  0.36873095424960550
  0.37952977891874207  0.39015382563981899  0.40061026235464631  0.41117745626667407
  0.42167750078223509  0.43223347271383744  0.44282185260793400  0.45351222008512021
  0.46414445746957284  0.47470542821997469  0.48517117725509701  0.49563143645428570
  0.50633755392234270  0.51700829051620245  0.52766535282809679  0.53839298185627527
  0.54913244698389119  0.55997614909061377  0.57050289985628055  0.58098180046334991
  0.59127902093080564  0.60171815398645911  0.61218749198479938  0.62273367394737300
  0.63319064319413620  0.64353226051116175  0.65375229362758824  0.66402297830063595
  0.67444973504952910  0.68498974063053941  0.69558277809050939  0.70598320445412555
  0.71629602508369494  0.72665313272489052  0.73705561486469962  0.74753082771140844
  0.75776520791247781  0.76807417532604849  0.77841220573829462  0.78877531366370202
  0.79926895771363815  0.80981502203119660  0.82020885330030080  0.83063698679946496
  0.84079975441347587  0.85105346153618200  0.86122958923363835  0.87151354261697711
  0.88220638246124505  0.89289064560647979  0.90373191925594942  0.91438520066188356
  0.92531398539822285  0.93654003230593141  0.94752217455240317  0.95833213320579969
  0.96862065717695933  0.97903265425360531  0.98937151833895021  1.00000000000000000
   1.4617736528522933E-029  -1.0000000000000000     
 T T T T T T T T T T T T T T T T T T T T T T T T
