  0.00296574416204830  0.01355103427101355  0.02660967384599414  0.03876392007815469
  0.05066405491051004  0.06174139844785009  0.07235583884917625  0.08321460331671403
  0.09467466748055330  0.10593575156162779  0.11701879302200932  0.12810042166469018
  0.14007095222689278  0.15179339926950078  0.16354826656058591  0.17488340809444158
  0.18544276412035313  0.19527027736394842  0.20472937930540416  0.21427348925866357
  0.22379077354838947  0.23346760090609209  0.24368597910574696  0.25428875598540018
  0.26449882260954349  0.27481630783552452  0.28533974706277715  0.29562211577105391
  0.30539552950980214  0.31486736534860083  0.32458771427732108  0.33430209920877607
  0.34360531735494271  0.35208401551315249  0.36112988760569509  0.37070749132147601
  0.38090245810257134  0.39131668654341695  0.40217488502732573  0.41363593063360565
  0.42428191529507431  0.43468728257208761  0.44560860931398771  0.45636310124197038
  0.46675046269463832  0.47711105460015635  0.48750630798272587  0.49777380189538684
  0.50774949155273141  0.51756261851577434  0.52709841705724836  0.53662555259275546
  0.54629390853838511  0.55635963733159033  0.56682555071226592  0.57730698922237622
  0.58747810171683967  0.59741908661400078  0.60788746633941437  0.61932948556495360
  0.63087075382453750  0.64164799821561069  0.65208117178380343  0.66250573418807079
  0.67231290512486364  0.68130549759499204  0.69090500195607618  0.70171141119949576
  0.71363598941878803  0.72612241994020521  0.73798126768238825  0.74982000535504278
  0.75982918168363756  0.76948784584713159  0.77908300489886184  0.78884245866720348
  0.79883629091096131  0.80860049156053060  0.81832337159365576  0.82821916576433530
  0.83834494276732052  0.84837833011712749  0.85809003307106335  0.86784365292621235
  0.87766872143252650  0.88801284494995925  0.89873969935676490  0.91035707825241152
  0.92249331116818190  0.93451043889999996  0.94549185398366142  0.95590925457214293
  0.96568518915706736  0.97454098098963049  0.98332587855570752  1.00000000000000000
 -0.00015994963897880  0.02977754967792074  0.04887607453447584  0.06322705131397176
  0.07558664068608703  0.08754520103555199  0.09891805716384480  0.11000072998834795
  0.12044750034409435  0.13059525801199606  0.14083361283041565  0.15136332553130108
  0.16206027167865278  0.17315812915169151  0.18447634049674394  0.19542447015350972
  0.20545960632488749  0.21509627108478063  0.22479135606919573  0.23467787871555182
  0.24489123367715995  0.25528041019893660  0.26576783469049792  0.27615532163452483
  0.28663976992405549  0.29718291110523154  0.30798499917883659  0.31942374417504732
  0.33070338787273168  0.34110255246404436  0.35128644590680286  0.36201295842104975
  0.37296075537128848  0.38343012544959509  0.39358859113123051  0.40379907252287878
  0.41424789600970774  0.42467270463429552  0.43510777500709769  0.44573017019584615
  0.45610278173677288  0.46620216927867120  0.47603381414404250  0.48580036093009804
  0.49592211459688829  0.50676465822625583  0.51740715224414524  0.52788641844139972
  0.53738819468246746  0.54684440503659670  0.55642379278604270  0.56593299331624203
  0.57517224007093581  0.58447008115140853  0.59398986343460158  0.60361028534835426
  0.61329608028479232  0.62293781206095322  0.63237803038270757  0.64217384457175630
  0.65151818644198911  0.66049092672189669  0.66905605160981618  0.67727179102027146
  0.68548113016648859  0.69472993909364245  0.70434886181608014  0.71369571608567306
  0.72364366822110782  0.73341831969061766  0.74343243217220201  0.75317823063633138
  0.76392948273253036  0.77460887546134727  0.78549754703760710  0.79655277663774537
  0.80800480333448277  0.81902988734056559  0.83037180020673029  0.84184996579332272
  0.85339785643959065  0.86441861904673722  0.87513150261438055  0.88566625446826164
  0.89593886278240475  0.90600992459448415  0.91616759623769417  0.92683060226080893
  0.93775318292617615  0.94825061986769432  0.95893614141979799  0.96774551044272938
  0.97641214682304378  0.98480080034098916  0.99253712694600349  1.00000000000000000
  0.00000176090262608  0.00000200980010381  0.00000232569979101  0.00000267137986565
  0.00000302925880110  0.00000340014475493  0.00000379177212695  0.00000417346658679
  0.00000455189053940  0.00000493488177875  0.00000536438924082  0.00000578312948359
  0.00000618862834419  0.00000659921601647  0.00000701833851494  0.00000744023361042
  0.00000787393539078  0.00000832915982897  0.00000876273464174  0.00000915964884689
  0.00000956850957624  0.00000997880842564  0.00001041881336129  0.00001090843832317
  0.00001142068436888  0.00001193564806846  0.00001246129939265  0.00001301257898019
  0.00001360472801160  0.00001421989589076  0.00001486507675706  0.00001551504482402
  0.00001618696261109  0.00001687621121690  0.00001764548330097  0.00001842207114024
  0.00001925074536961  0.00002011181505568  0.00002099252560313  0.00002197595662148
  0.00002304811936635  0.00002414578364105  0.00002528896277494  0.00002649183379407
  0.00002779014802126  0.00002926823481949  0.00003084362898518  0.00003259258419057
  0.00003446124458183  0.00003651950950335  0.00003871448645937  0.00004092553121264
  0.00004329281871078  0.00004572996354610  0.00004828749221789  0.00005093531107655
  0.00005355979301584  0.00005625214337036  0.00005900290571649  0.00006199100288235
  0.00006522194580741  0.00006850192372285  0.00007222658307802  0.00007601199637423
  0.00008031622966465  0.00008524808948179  0.00009042089360974  0.00009579258396458
  0.00010125695711496  0.00010716309583649  0.00011336464873908  0.00012022921233164
  0.00012759786717031  0.00013582155577961  0.00014505922773240  0.00015496363386944
  0.00016596024002310  0.00017774645672828  0.00019133400994040  0.00020655843244499
  0.00022468157743629  0.00024501418591225  0.00027123000493097  0.00030494633548548
  0.00034814459959382  0.00040120730827518  0.00046452099970398  0.00054125936851479
  0.00062399285581476  0.00070840965252585  0.00080305351983135  0.00098717323489569
  0.00128964808377031  0.00168263704068482  0.03399624771458540  1.00000000000000000
 -0.00879801794783787  0.05360481850137588  0.09299430089630067  0.12359221619461619
  0.15049022151200919  0.17722417923045872  0.20090535037338536  0.22210396015936953
  0.24160744656325031  0.25958699667757024  0.27708216818479076  0.29369912571142964
  0.30855124265273209  0.32269189530525072  0.33660145857759699  0.35036511155891975
  0.36425598248108759  0.37756526593949780  0.39020712219303966  0.40198207757219806
  0.41360443801771529  0.42488689359450416  0.43595371788843346  0.44701123325761327
  0.45860182280533818  0.47065330722593657  0.48314270222441758  0.49495615092116912
  0.50597816785495420  0.51668650198798272  0.52683279971383989  0.53718851403866008
  0.54731025045111570  0.55735884386487056  0.56737759713069225  0.57682173940902137
  0.58623737401429610  0.59572452253210073  0.60497632666575252  0.61394925988187476
  0.62252243029528831  0.63087989591447258  0.63930201662961450  0.64830909997166919
  0.65669602999451226  0.66502948255604633  0.67327532140134594  0.68145539555849910
  0.68997706484516164  0.69766343839012279  0.70498738747642875  0.71257437360195819
  0.72036062421154101  0.72816366524700304  0.73583009918738973  0.74383768382227622
  0.75194621934167538  0.75999899478196087  0.76765905662473732  0.77527733546951538
  0.78291874008446249  0.79092245948096407  0.79905355952534129  0.80687799866266641
  0.81409003486162790  0.82092121853144218  0.82753134960924213  0.83393193883311223
  0.84015542118859754  0.84635047969696520  0.85277065164000587  0.85911549174752422
  0.86511205813042480  0.87106855825164631  0.87689556899995658  0.88263879323000660
  0.88835833071403780  0.89416980726882123  0.90026736084934433  0.90645059608595091
  0.91233887740337893  0.91807356293195863  0.92397219959060606  0.92986355711632140
  0.93584725285726567  0.94191752796512773  0.94817586151518474  0.95453149150739491
  0.96064804090430811  0.96648196125937957  0.97230274536495864  0.97802155275137048
  0.98376938350780019  0.98922036605322150  0.99463309814144873  1.00000000000000000
 -0.00253839569561042  0.00947038091120005  0.01980785495766514  0.03014209874460284
  0.03985563769815925  0.04980070825025679  0.06002387257852677  0.07089775184148416
  0.08197594848741155  0.09303119776679614  0.10424384020502557  0.11529599833122892
  0.12651886890823952  0.13751582825360778  0.14793567288851125  0.15806354462797428
  0.16806365120349870  0.17821976700126693  0.18819243787332887  0.19724360385746495
  0.20612160824925971  0.21534296114250101  0.22444333395453564  0.23417731607557954
  0.24539892906079594  0.25660935108986471  0.26762926152502087  0.27738945127051395
  0.28726771348697261  0.29784510815471432  0.30869457169583597  0.32034520408838163
  0.33209059959859077  0.34350243864871094  0.35421182228930759  0.36405539682225485
  0.37422030155784092  0.38459432105184160  0.39521111789865737  0.40574133967961878
  0.41618272538750478  0.42711729917652846  0.43792669690683367  0.44885413861840590
  0.45945812115553203  0.47059129344814987  0.48178715149219475  0.49197333395316944
  0.50213445855390892  0.51128061646084144  0.52064100213892450  0.52962082411068656
  0.53860462815447452  0.54776684086335037  0.55770117277980280  0.56824302207202060
  0.57902768341195487  0.58988166205505221  0.60066108727504852  0.61169004761593782
  0.62303643079904303  0.63490311284730161  0.64729534564139557  0.65989964306790172
  0.67206995613943465  0.68378006285742365  0.69558025924586342  0.70774614906444788
  0.71976997057159853  0.73128784648640499  0.74209745748832012  0.75260703581561317
  0.76356381280200025  0.77523066288540654  0.78716405846956694  0.79873120452830848
  0.81001511576233176  0.82109219743200423  0.83195520537741863  0.84264755136215108
  0.85304916889038118  0.86362892618612808  0.87410287152254562  0.88427455942844757
  0.89411085390639589  0.90331525254055589  0.91242513753099075  0.92188308256313822
  0.93130084064286589  0.94084257181878306  0.95030615768222293  0.95943279331750486
  0.96911428180127446  0.97896626473777526  0.98920264994125218  1.00000000000000000
 -0.00129045363252765  0.00461005006725669  0.01010361082327682  0.01528087356225811
  0.02058867344572983  0.02598786633059661  0.03142315151403222  0.03704953830392479
  0.04260734215975043  0.04789532198484779  0.05324902589273989  0.05860018610258466
  0.06455417432320391  0.07096805611574099  0.07739797433885996  0.08346996711205411
  0.08938579943271303  0.09508381315156790  0.10071757551068326  0.10675039539050767
  0.11319911968195685  0.11984781198460329  0.12658816227549485  0.13340437338262101
  0.14023061235388909  0.14677765409688578  0.15283128288255385  0.15904120360392476
  0.16542632429687995  0.17278619568996700  0.18028071594919121  0.18752887297812804
  0.19454449774063637  0.20113586647833520  0.20765673314056513  0.21506403818832937
  0.22293453444937575  0.23061878428202132  0.23818658653450048  0.24549833402244189
  0.25298420149068040  0.26091579044467833  0.26889500413089185  0.27691803941851428
  0.28504651272198950  0.29385093314902128  0.30344773092216071  0.31299766205554808
  0.32225682875228767  0.33137137297280372  0.34060240856016327  0.35007613448108793
  0.35906401503433655  0.36797003030339259  0.37695890512475266  0.38611017666958980
  0.39529779468831661  0.40448220784512456  0.41363452444848542  0.42307208486544440
  0.43244305880272293  0.44133195564653710  0.45000863946553543  0.45896057856158579
  0.46783270829107521  0.47664174755795824  0.48537480700172747  0.49425742381337195
  0.50363291357365492  0.51414864352625289  0.52537554406970177  0.53722400728260877
  0.54835486962964142  0.55938173946489300  0.57033255085019163  0.58174855670302572
  0.59340268580557198  0.60603819336017573  0.61950034231083972  0.63334466740413353
  0.64753779181027848  0.66313722615398807  0.67996021521852035  0.69785954123565641
  0.71585542247536171  0.73263021411799556  0.74888765156901327  0.76561037780295083
  0.78393829773291379  0.80370925372884361  0.82538094173468457  0.84776174145234517
  0.87234733459811542  0.90185038951811181  0.94084988238547729  1.00000000000000000
 -0.00183956738808633  0.00900356860894795  0.01905993959592264  0.02852271269179194
  0.03798526217336817  0.04760278715389623  0.05729630238829159  0.06705154761655530
  0.07670015412771169  0.08687075757261686  0.09760250179850005  0.10818702055288508
  0.11820104563660166  0.12793949850282380  0.13740859941023423  0.14711083161772925
  0.15663466523713734  0.16686203103192432  0.17792413974118310  0.18839580666629629
  0.19900962320005672  0.21000585715489747  0.22208949825775082  0.23461317274225121
  0.24601261691033918  0.25645585557322687  0.26692523844669869  0.27616781206271873
  0.28670635411412809  0.29666345338502637  0.30629349914825443  0.31568863590793916
  0.32485418185612241  0.33389291751151207  0.34247520881657234  0.35184526212190603
  0.36182362333199003  0.37169059454029413  0.38153300647401805  0.39189528033341220
  0.40319766696500647  0.41531865065111717  0.42774195237603030  0.43986768373897939
  0.45118040200306320  0.46236159511132413  0.47367252413782945  0.48452000417476282
  0.49514235032821258  0.50557522323773318  0.51599082925119910  0.52615290949063986
  0.53605381035631172  0.54564118519329929  0.55506808678055253  0.56472395895378857
  0.57475844206962179  0.58502067342549080  0.59552400610152456  0.60605678175612254
  0.61684732048856650  0.62751152145936406  0.63760210596939104  0.64744407458404452
  0.65734864205516330  0.66750969660414117  0.67835006106464391  0.68937727616368161
  0.70059915410263918  0.71211915371976764  0.72390113262913225  0.73505860122010014
  0.74575405985700971  0.75634086061742456  0.76720114620270852  0.77814649817470261
  0.78928593950548420  0.80097958954004544  0.81310495243334480  0.82481339128343512
  0.83681387757038184  0.84897702387205232  0.86016329254727986  0.87044692999818041
  0.88129165221521688  0.89246509189231349  0.90336065541394606  0.91369964756667554
  0.92478454502864971  0.93654602381045793  0.94845229486025251  0.96007544196411121
  0.97104206244563518  0.98095407820677638  0.99042847355426222  1.00000000000000000
 -0.00265403249408326  0.01216891666724948  0.02388378322956819  0.03424649723181050
  0.04372221065270378  0.05265475289097866  0.06159338332245157  0.07065771303214827
  0.08025478740568702  0.09028590737512698  0.10017284738655155  0.10993994956540080
  0.12009381743754770  0.13074587809995547  0.14187762248394437  0.15242527404057116
  0.16261851631253771  0.17232764817642185  0.18212923269519274  0.19248127912406274
  0.20319375572282108  0.21375068292801438  0.22391163169081330  0.23485162033979448
  0.24679577483411336  0.25841385803663297  0.26907643113479418  0.27917652013139765
  0.28869065532738841  0.29906174897866022  0.30981288039201393  0.32113965993183174
  0.33286082220896857  0.34520706647766330  0.35711728952708310  0.36809540150908260
  0.37857863138679176  0.38905483865716156  0.39924960846637236  0.40960060619294181
  0.41951612971439090  0.42935683696576954  0.43927354383388345  0.44954646087619715
  0.46010295155448844  0.47034578140106942  0.48053550783691179  0.49160110986564493
  0.50247414958223002  0.51253962449192314  0.52198485140934447  0.53157221708400693
  0.54164843997735346  0.55223019075298529  0.56261940891925188  0.57310988082912862
  0.58371960372254184  0.59447058262649732  0.60512220767141767  0.61543269387021082
  0.62589940838719060  0.63648426011628145  0.64715918798597016  0.65713221090547369
  0.66670098342409545  0.67619399250997025  0.68636966926524789  0.69719215827709569
  0.70835285292946337  0.71927353006738526  0.72971801068844977  0.73931144988332043
  0.74907063997893464  0.75938429463477231  0.77010888584605153  0.78102164552779108
  0.79140726650119830  0.80268946764591698  0.81480256395018380  0.82592727165288782
  0.83719311928591356  0.84823927482765105  0.85874592495627455  0.86872717833940094
  0.87896464044452460  0.88923352506946962  0.89955634878521284  0.90961824316639772
  0.92023355775853766  0.93102835665061656  0.94194987309691491  0.95354634005483119
  0.96538142400847105  0.97731108064901440  0.98859798359890205  1.00000000000000000
  0.19999139963955626  0.49487845974962846  0.55632182087063209  0.59074091294676734
  0.60824554297413558  0.61985235194257304  0.62824831645324952  0.63469232480521842
  0.64055025155262357  0.64584738979006417  0.65038216058384235  0.65462073992159009
  0.65884690243483468  0.66306661130617794  0.66718360014211064  0.67103882338166487
  0.67473354734856639  0.67845716597751160  0.68222176905699405  0.68605787229107373
  0.68983040069217239  0.69343386797207662  0.69690141401746286  0.70033903693388422
  0.70370578386745830  0.70707697685906412  0.71049227793868908  0.71397931943084947
  0.71760333771755913  0.72132166641430207  0.72508912155014271  0.72879410623915120
  0.73240676334647381  0.73589506006722682  0.73937268626990771  0.74270648973328435
  0.74603352897489084  0.74923079186521668  0.75237276332137537  0.75540884581446310
  0.75842810972533281  0.76161931619250778  0.76490869577179499  0.76822559337506124
  0.77157225586578893  0.77488726741279923  0.77815097523601395  0.78145256745876934
  0.78472136354369904  0.78815771926513067  0.79162257933847191  0.79523081457630040
  0.79886592793587752  0.80238128897717043  0.80615662465175297  0.80996550434292658
  0.81374812080263470  0.81747955014421780  0.82112267637697589  0.82485869373567522
  0.82864753963295523  0.83229675685140247  0.83614896023054974  0.84017048055439614
  0.84431972778731956  0.84865457438049430  0.85284430789955401  0.85709552289087776
  0.86136079316653247  0.86551432108880155  0.86965877321015683  0.87376024280968201
  0.87763295734242663  0.88139530987025461  0.88507366601645643  0.88856139611973273
  0.89201860495555851  0.89557698697882004  0.89925967485938685  0.90304294121055395
  0.90703586608189291  0.91123644162494610  0.91547094972499132  0.91958223299227060
  0.92372267659214691  0.92813857189493587  0.93273257255927644  0.93730842201872910
  0.94218399653537688  0.94741082310422564  0.95322594554513596  0.96003095905447322
  0.96794482062609644  0.97661866586162749  0.98701835094429080  1.00000000000000000
 -0.01558185078592949  0.09752033983096600  0.13632275884038916  0.16005338289787885
  0.17846532680025212  0.19395273419755554  0.20760533718993895  0.22016839276499306
  0.23156096438934862  0.24230893084055100  0.25204169698960555  0.26101926389489455
  0.26951861632175095  0.27802302370713056  0.28674012536359550  0.29506644574965724
  0.30212884259292688  0.30876990664491499  0.31539761190909216  0.32223318816366514
  0.32916126448568972  0.33609686126930255  0.34267552859657607  0.34883411822073979
  0.35488715063636150  0.36069183031013363  0.36629055192642668  0.37190195448493207
  0.37753290267062611  0.38341584546292834  0.38941557997866388  0.39540762940634133
  0.40165809055874158  0.40780220969171577  0.41379682445455901  0.41949512396285982
  0.42538960840987672  0.43124916781693162  0.43706529558933149  0.44277531356555105
  0.44838393948196736  0.45397289416251352  0.45960176707500466  0.46529335476590022
  0.47120222917615007  0.47682938754994331  0.48230833516706556  0.48765978667617627
  0.49285097675255385  0.49830411937365648  0.50409654406879079  0.51009200700041601
  0.51632147549108809  0.52271979545428748  0.52919296933225168  0.53529375545690594
  0.54119518305452774  0.54697334222608029  0.55291051429371219  0.55892868969880549
  0.56475876673915126  0.57027840455796441  0.57563900466838513  0.58109116331417621
  0.58651889567917392  0.59190915790634657  0.59752885551140444  0.60346890233471784
  0.60993782014234188  0.61664232333906288  0.62346447696837348  0.63072302430932237
  0.63816895852935496  0.64552400926058995  0.65274831774462738  0.65999164828278500
  0.66728345905695341  0.67453975752865281  0.68190888081507517  0.68941537173378176
  0.69715842710459108  0.70513236160714610  0.71351095381116825  0.72245945384122123
  0.73171547531019465  0.74165105449286184  0.75240589619299914  0.76393176092604453
  0.77620120332237363  0.78962760019963973  0.80455535762236086  0.82053287827842369
  0.83842721841726930  0.86036506655463163  0.89836397099181764  1.00000000000000000
   1.2912118091689428E-006  -1.0000000000000000     
 T F T F F F F F F F F F F F F F F F F F F F F F F F F F F F F F F F F F F F F F F F F F F F F F T F T F F F F F T F F F F F F F
