  0.00005272251582032  0.00017453374809737  0.00025279460571606  0.00032234364350174
  0.00038689330039751  0.00045284202581853  0.00052889289726462  0.00063197687692216
  0.00069472963778599  0.00072234557372072  0.00075321746891657  0.00078302521124931
  0.00080399209683798  0.00083248290520042  0.00086177686707975  0.00090004492892691
  0.00096389727269632  0.00108652210768234  0.00123989041058207  0.00139994608163174
  0.00156806834113514  0.00174557975129142  0.00197603137578399  0.00221396289022127
  0.00250955968022840  0.00274833661576897  0.00289086798423644  0.00309874121065227
  0.00331097484333658  0.00353155270069317  0.00377615235111085  0.00407682287334490
  0.00438825744944660  0.00469664567888239  0.00491117054533720  0.00512251741635530
  0.00535887057332437  0.00563286292212456  0.00596335205562395  0.00638102684743958
  0.00693250206384593  0.00744518278579883  0.00781956335352076  0.00835894629530561
  0.00904953052557760  0.01003275848501992  0.01114425874234432  0.01246575063962978
  0.01437811753810554  0.01657683256272315  0.01842486278225616  0.02014078909041128
  0.02223227873071518  0.02476013992235971  0.02664164980066289  0.02880758532221522
  0.03097265978671974  0.03393990822524230  0.03847194583582342  0.04430740579389546
  0.04996362798901461  0.05548583525766464  0.06114601640643794  0.06661654694372432
  0.07357542586864105  0.07992377101748568  0.08618154705998117  0.09310946270663460
  0.10058321885455264  0.10791761176037637  0.11492904836573892  0.12225505231888117
  0.13042244169075018  0.13858659307646790  0.14733947105490236  0.15942359027444281
  0.17351304658781908  0.19563705653051014  0.22112794848316827  0.25228127362380998
  0.29749224613627179  0.32656182710289527  0.34339353820591390  0.35808327786221272
  0.37328560720840592  0.39104748909605036  0.41789129408906678  0.47782481131155252
  0.54272743237253651  0.59226407741084353  0.63134926205857766  0.66789027596786832
  0.71484638500745878  0.78479170074213445  0.88082626274226050  1.00000000000000000
  0.00001671745872360  0.00002786997641177  0.00003546029685499  0.00004162931115947
  0.00004682498350805  0.00005212074549529  0.00005744370898470  0.00006205053689001
  0.00006619882018518  0.00006996843845111  0.00007296727236593  0.00007682554738386
  0.00008156122131296  0.00008509999491949  0.00008843142831275  0.00009155909223516
  0.00009506371802979  0.00009941648475537  0.00010263372595276  0.00010529281327011
  0.00010834366586162  0.00011026988638553  0.00011280955233296  0.00011580748468446
  0.00011906588342424  0.00012265489632814  0.00012758765584085  0.00013669052741851
  0.00014923707217811  0.00016319692062886  0.00017737505006092  0.00019276551103302
  0.00021056919614203  0.00022823902709834  0.00024635027384450  0.00026572591261772
  0.00028767310687376  0.00031533338814002  0.00034252048974572  0.00037812510953426
  0.00040582987049794  0.00042467397550261  0.00044035354916401  0.00046146819265088
  0.00048708639491240  0.00052085724777911  0.00056927024728308  0.00064250163215217
  0.00074963398030609  0.00083483170222757  0.00093043266321700  0.00104672809987207
  0.00116437072426441  0.00129393679556761  0.00141248595388910  0.00150188066452014
  0.00167113075821555  0.00190958995272219  0.00220294644570251  0.00257255788779159
  0.00294031754679521  0.00335770047308974  0.00381381279074952  0.00420542484273505
  0.00447243984923721  0.00477535283226709  0.00507368339935687  0.00535935501162145
  0.00571667812889438  0.00658510026287398  0.00771450786901052  0.00888461132874012
  0.01043701559445641  0.01219062897226163  0.01440325561854445  0.01708047000464519
  0.02065202107846202  0.02382341738146103  0.02576349470211423  0.02699442892269897
  0.02836211097411634  0.03011888623331099  0.03202780011413230  0.03577942408574782
  0.04476947643560663  0.05485631097805737  0.06856173178388980  0.09540513194073354
  0.14167392728592162  0.18559171933186011  0.27003884356358432  0.38351843476001740
  0.49964260689983425  0.67922051057947308  0.84735907432783308  1.00000000000000000
 -0.00000030441377229  0.00001532056379245  0.00003332857803139  0.00005013053901368
  0.00006613548382082  0.00007836481335763  0.00009092701016500  0.00010471168411187
  0.00012073759477274  0.00013450968120338  0.00014919852809730  0.00016778448919379
  0.00018923110750352  0.00020997907365513  0.00022910518441179  0.00024501484982489
  0.00026174403093286  0.00028024767642646  0.00030093076674657  0.00032395807709391
  0.00034496267468313  0.00036539346639949  0.00038606191687523  0.00040843001233440
  0.00042307430269313  0.00043437564277503  0.00044568456034673  0.00045699747472520
  0.00046985892098305  0.00048334252981574  0.00051088727586734  0.00053876822301446
  0.00057116681917724  0.00060269426696189  0.00063359551216587  0.00066349616653473
  0.00068995160891932  0.00071769671180104  0.00074534903098397  0.00077667943714342
  0.00080886930508809  0.00083904649007300  0.00087331150210946  0.00090728556655304
  0.00094262545552726  0.00098145490522603  0.00101527578585016  0.00105184062937767
  0.00108984779870895  0.00112979136574916  0.00117619547810725  0.00122948852497816
  0.00127900391507518  0.00131658540254513  0.00134938897178815  0.00139117651902526
  0.00144133990926875  0.00149780526694877  0.00155621251143949  0.00162936998747463
  0.00172577875963071  0.00183212293521441  0.00197352653461954  0.00210586599539910
  0.00220908706637278  0.00226286579568837  0.00232415634141697  0.00239289386302597
  0.00248484806489423  0.00255530374424776  0.00261850113757130  0.00268162482504454
  0.00275474534230157  0.00283900668218917  0.00291740303630011  0.00300248657359433
  0.00309985508265254  0.00324670473638189  0.00342126249093085  0.00352208595728339
  0.00360505098864155  0.00367027307133640  0.00373595055759083  0.00379431133920400
  0.00384523279789033  0.00389974537759939  0.00397761775418798  0.00416430644393727
  0.00435382718944061  0.00449756085798994  0.00462329381910508  0.00472579286588750
  0.00509031260492245  0.00570964065023425  0.93464430274713939  1.00000000000000000
 -0.00064018681610534  0.00206124023708366  0.00602229339815539  0.00958090889354750
  0.01296945815848595  0.01589654503606881  0.01809648205284627  0.02026972130682823
  0.02307534160309914  0.02649204164031602  0.03095649601702685  0.03686448246043268
  0.04471416548532294  0.04981635829454361  0.05510403804609933  0.06038386702900730
  0.06628272336636316  0.07274848428794570  0.07960001371970521  0.08755164154210579
  0.09384103196023962  0.10311668194669329  0.10984446891332852  0.11623902952756153
  0.12243438853952272  0.12861386164006891  0.13693358453161933  0.14579407486901311
  0.15612433074583668  0.16816463879248400  0.17851421488598163  0.18768791479595875
  0.19111120067383564  0.19572056155347500  0.20267009191629096  0.20904572772573635
  0.21474744009735489  0.21819499899439732  0.22079058845719318  0.22399936431857606
  0.22741923076669984  0.23210149004117661  0.23604014332473305  0.24007141051819730
  0.24568813156119362  0.25755589998247841  0.27642348702724950  0.29478107264632442
  0.31218229405234810  0.33058922388608097  0.34957611806462091  0.37123791804545986
  0.39343221366853320  0.41727888010624048  0.43834745875135706  0.45986483925750349
  0.47993571347619030  0.50112967186327695  0.52440042743266901  0.54402521572016971
  0.56438640174630339  0.58337086299949392  0.61083739461880304  0.63637503898813064
  0.65453205267370240  0.67331362319969823  0.69323000675355984  0.71919629229417759
  0.74062301600399105  0.75903342508304883  0.77637389116050548  0.79420500832225016
  0.80948725504958929  0.82309383528323221  0.83552646673374431  0.84300676743894587
  0.85603824829754493  0.87001520429025891  0.88224433627331311  0.89228107633132203
  0.90258619933731477  0.91204751775306192  0.92259323249102965  0.93308247281289902
  0.94396773349152130  0.95558095487698425  0.96740820113476478  0.97540819051775984
  0.98135258105389755  0.98642486969603271  0.98892153021177376  0.99141819072751480
  0.99378539914819530  0.99585693276546350  0.99792846638273169  1.00000000000000000
 -0.00178843876993564  0.00999148043479203  0.01599913245504878  0.02217718936928403
  0.02917236615024727  0.03685058719160149  0.04614665268826250  0.05656319166374864
  0.06877989555059497  0.08020531336690499  0.09123554778318835  0.10285174165932993
  0.11826931314526065  0.12797056436934878  0.13752057598233394  0.14780401687428160
  0.15424906077955433  0.16234262625187285  0.17193443345870066  0.18311375702580521
  0.19918353953733905  0.21130450763491124  0.21723561248202899  0.22275389821290720
  0.22844645176302697  0.23502693206049646  0.24056240088896821  0.24540217457903951
  0.25081782291696786  0.25885330549079894  0.26587469495353044  0.27341006513000959
  0.28501576625659397  0.30069326980839339  0.31126602655708729  0.31843556622921271
  0.32515832021941588  0.33203120028027261  0.33972833317901985  0.34939082482826767
  0.36217141387732193  0.37729017231217243  0.38830212078816484  0.39999260902959055
  0.41320358380204814  0.42862962386529890  0.44434801952397129  0.45685289244913896
  0.46739190599770181  0.47712507177462377  0.48586701018213313  0.49737119314163775
  0.50798149365999956  0.51861690409867522  0.52941318632278556  0.54286884911928945
  0.56047431248638413  0.58212709438418764  0.60199875632825106  0.62090159512350840
  0.63831649457494344  0.65275091561190413  0.66414951906966002  0.67158401965751036
  0.67764015045210935  0.68310844105199542  0.68944564260459962  0.69587073982649250
  0.70239561223036262  0.70820042497136770  0.71380560217316968  0.72097415156585154
  0.73140687801298887  0.73876766105567815  0.74622685587576298  0.75603350306566619
  0.77042790210026191  0.78415051636330524  0.79535876636234115  0.80640480364103229
  0.81972131705550622  0.83440596703259984  0.84884884717714759  0.86461542286525694
  0.87276656265568353  0.88321730706531987  0.89382641897491621  0.90539186902477087
  0.92445802446501968  0.94037758023555740  0.95440237979714404  0.96546041876789312
  0.97536454175654352  0.98564124094667627  0.99317981590541804  1.00000000000000000
 -0.00365947805085640  0.01368239568215983  0.02799914685199693  0.04205313067758625
  0.05855069887366593  0.07922890328636716  0.10131086652735372  0.11809614825551115
  0.13092280395970265  0.13967913139365726  0.14568363916168797  0.15196835362293262
  0.15827073497282271  0.16551471419020869  0.17632420480236041  0.18833795949777188
  0.19785761334972324  0.20337915972100271  0.20771656618443615  0.21370469018315830
  0.22135995994427460  0.22925450549149765  0.23813084892492375  0.24700719235834984
  0.26208565274112527  0.27810150181583865  0.29383336941644711  0.30766601348837591
  0.31491987512597630  0.31858108179520533  0.32477337281402363  0.33069805552223974
  0.33643659770327528  0.34183614966486225  0.34751087493676547  0.35216854873909048
  0.35701002889635736  0.36238151975892507  0.37011857123384778  0.37683556944833296
  0.38602574165788905  0.39852683036270314  0.40857538802525695  0.41944144517412341
  0.43252203427179925  0.44780829471153372  0.46070923307009681  0.47171817389563969
  0.48133980776096419  0.49123352932422432  0.50088120801240665  0.50809558473380434
  0.51683780096207943  0.52638119181420673  0.53601584515818335  0.54492266892208818
  0.55482012266562297  0.56585859854583309  0.57641356566105451  0.58729940041120732
  0.59821381804981633  0.61225227556473338  0.63815320102174600  0.65936959718703259
  0.67449087029094412  0.68546531467820659  0.70038611894123071  0.71380028811947660
  0.72106294182932584  0.72716957456308939  0.73456125892244006  0.74240216130945913
  0.75288111468728802  0.76314362201578978  0.77634691043861792  0.79288940941948471
  0.81482605044678791  0.83492397473457103  0.85268219088897201  0.86899042257884673
  0.88324168800853009  0.89501352792650857  0.90405383376989668  0.91179060002231194
  0.91967587373224347  0.92808462683429294  0.93713702493391648  0.94505491760592442
  0.95278362935054317  0.95965672594734730  0.96492448059922742  0.96994906736375452
  0.97603842653763440  0.98393122399154298  0.99285299432355589  1.00000000000000000
  0.00062941689376925  0.00098341862214607  0.00128616813786250  0.00159328732832476
  0.00194188417036213  0.00231477851966439  0.00270314093568382  0.00312149813450879
  0.00352871117387973  0.00397073417673464  0.00445070186603312  0.00485496863599388
  0.00527853955606793  0.00573696008375679  0.00611381669771480  0.00639819858972578
  0.00670284787436945  0.00704240763322638  0.00737487587451342  0.00770346725774753
  0.00811219367981971  0.00857891259248118  0.00918649898073136  0.00997329060777568
  0.01092362541206433  0.01204144327444733  0.01341955126978463  0.01486866993293160
  0.01614184709694034  0.01710729246281681  0.01794188181990213  0.01864804961476007
  0.01925906117280855  0.01993495933639878  0.02105084289493322  0.02236236119115622
  0.02399372606015480  0.02617450370831239  0.02864846245663285  0.03135153939683356
  0.03395261247530346  0.03659340277668758  0.03946039029664549  0.04309315478866303
  0.04831911650727512  0.05423705971020293  0.05923219856166587  0.06517771755845760
  0.07222117520104601  0.07760429284682811  0.08123490664319795  0.08623430452444626
  0.09358040007174687  0.10296966102779349  0.11386032932746223  0.12885008373731888
  0.14303901499918256  0.15546281482506974  0.16732984247383448  0.17894424466309805
  0.19400667128291596  0.21032071890488604  0.23551220446669163  0.26477385540224058
  0.29838281684428275  0.32561152164332569  0.35123880662338280  0.37540837948612271
  0.41277258997692956  0.46968913171696758  0.51141082676856520  0.54991453997231465
  0.57535235465923140  0.60639392996740182  0.64003526859117998  0.67056285034343854
  0.69693124255376870  0.72566081668641846  0.75905077521204234  0.78984907923261427
  0.80996460334240350  0.82881594189077012  0.85058652706111493  0.87078737519769045
  0.88429242364163840  0.89596905454119546  0.90833138061576268  0.91898812545325759
  0.92758268667849419  0.93689133349762532  0.94747691744567919  0.95664590356841650
  0.96622600182122775  0.97534322274255691  0.98339929931785386  1.00000000000000000
 -0.00454431524456042  0.02149160006895744  0.03847741811367522  0.04367790450931597
  0.04886083862575597  0.05394875228185476  0.05902183130139222  0.06391780900145602
  0.06881378670151983  0.07917475534191620  0.09009568360113031  0.10234495491999560
  0.11348526410275368  0.12397804126154889  0.13493603958769879  0.14189141321262197
  0.14840682904930516  0.15487658257968145  0.16061689975056442  0.16579394461047461
  0.17574558602384407  0.18614007424730694  0.19593931070798692  0.20870950290230017
  0.22581395133024657  0.24300736759909197  0.25968322933799415  0.27101325563264173
  0.28008013492157285  0.28926096433509657  0.29823507601448068  0.31189669391412994
  0.33358401057441978  0.35491109813901722  0.37267550947748629  0.38672672768370486
  0.39950346094985262  0.41096564659003570  0.42216934984914883  0.43232047577347626
  0.44152288565398851  0.45210694004781843  0.46341696150193656  0.47723186074839874
  0.49464197388691777  0.50487116655902786  0.51491809216315332  0.52477418192911807
  0.53400348459662517  0.54220512818149857  0.54712039842796378  0.55089769926831023
  0.55584663621825892  0.56132251522530463  0.56817083920386147  0.57345119078719209
  0.57742893030147779  0.58120021084680196  0.58564523828773585  0.59268168031023860
  0.59957073815492079  0.60574198256603906  0.61903616129895167  0.63555230563852316
  0.64692810064335904  0.65537974730669879  0.66406248262596035  0.67154312691865636
  0.67871628736818113  0.68794624895921042  0.69503147896276374  0.70063065643808697
  0.70557318369635202  0.72024713469164081  0.73825286701188175  0.75764276918609674
  0.77255616486102097  0.78271291691036327  0.79225505983778854  0.79982226490856279
  0.80608692266506343  0.81225646297151688  0.81994879077523231  0.83100518407927038
  0.84462348021517097  0.85965489864494415  0.87860983422165828  0.89175801056262716
  0.90439893197240251  0.91578409326190036  0.92871388664187915  0.94070751583383061
  0.95391263612708554  0.96566002279458396  0.98090781105235403  1.00000000000000000
   3.7250672621708994E-026  -1.0000000000000000     
 T T T F F F T T T F F F T F F F F F T T T F F F T T T F F F T T T F F F T T T F F F T T T F F F T T T F F F F F F F F F T F F F F F F F F F F F F T T F F F T T T F F F T T T F F F T T T F F F T T T F F F T T T F F F T T T F F F T T T F F F T T T F F F T T T F F F T T T F F F T T F F F F
