 -0.00000003168417783  0.00000018347000150  0.00000034738374941  0.00000051062676529
  0.00000067899467616  0.00000084364855491  0.00000100636871129  0.00000116572116180
  0.00000131062938317  0.00000144550340527  0.00000158031333771  0.00000171823838514
  0.00000185407127342  0.00000197110801624  0.00000206327074518  0.00000215409326761
  0.00000225684455685  0.00000237073243220  0.00000248637993361  0.00000258845031240
  0.00000267316723315  0.00000275555336613  0.00000284447253832  0.00000293059934336
  0.00000301741249539  0.00000311976014837  0.00000322929021872  0.00000333382946151
  0.00000343176097065  0.00000352559484455  0.00000361789350172  0.00000370415501105
  0.00000379590772411  0.00000389249807129  0.00000398807560347  0.00000408330402059
  0.00000420023371974  0.00000437316155987  0.00000454305813855  0.00000470465915861
  0.00000485061728126  0.00000498032251573  0.00000512570478927  0.00000526695656623
  0.00000541464889303  0.00000552909200806  0.00000564097222344  0.00000576051679487
  0.00000587772620190  0.00000599019077076  0.00000610526377400  0.00000621498414170
  0.00000640127049636  0.00000661204599545  0.00000682293906965  0.00000703769198279
  0.00000729969776029  0.00000754714662654  0.00000777723913855  0.00000799657780171
  0.00000822198660352  0.00000846923375123  0.00000872533712627  0.00000897717491198
  0.00000916928583459  0.00000937282621131  0.00000961154905697  0.00000981832958322
  0.00001004549380319  0.00001025551321809  0.00001065110012111  0.00001109007156536
  0.00001147458129284  0.00001186515203108  0.00001231519731971  0.00001286093435568
  0.00001334704869906  0.00001369622671287  0.00001399890559093  0.00001432927505302
  0.00001477442568455  0.00001524245158235  0.00001565015254660  0.00001598210152256
  0.00001633299937593  0.00001678211065271  0.00001711517072354  0.00001742796873607
  0.00001790163996107  0.00001848355411010  0.00001891246701187  0.00001938051038148
  0.00002015425318239  0.00002143380881864  0.00002343458285641  1.00000000000000000
  0.00452342778357378  0.00759695840000181  0.01223421435744004  0.01725681615886165
  0.02214684264998216  0.02823610000276107  0.03585367935694238  0.04420817157662309
  0.05330625722377610  0.06312307875022920  0.07273139929229534  0.08193362121952211
  0.09096399474723121  0.09979857139614949  0.10877966378269638  0.11847131080442579
  0.12770931933097479  0.13669085916907486  0.14617543174224357  0.15577616970069985
  0.16535945248257072  0.17311847337652880  0.18073034632604573  0.19060195353015724
  0.20231224769674871  0.21168102382999790  0.22030421114173102  0.22997104276315650
  0.24058753996569254  0.25176488557386167  0.26390828077255918  0.27260674983430982
  0.27958142091562116  0.28566322635742702  0.29155168914055740  0.29959735102436114
  0.30698211926823243  0.31187954067043666  0.31688689011569682  0.32488549626372543
  0.33254305318575872  0.33987367218348247  0.34698444472789236  0.35235167322942457
  0.35711875604744631  0.36190081832882143  0.36630925713086465  0.37469556696041045
  0.38456629373287654  0.39460826567171953  0.40425135939565554  0.41268780904649482
  0.42074124213131736  0.42834579163384395  0.43691064161522036  0.44700354847638291
  0.45855631702381733  0.47104757194571928  0.48250902992653427  0.49247290320486864
  0.50335355514234703  0.51803057936745689  0.53218946762744201  0.54498935308965424
  0.55598285066878927  0.56508962458171008  0.57389162608021083  0.58300596533417637
  0.59204525814150899  0.60135173349007620  0.61142137458010248  0.62205704794977734
  0.63351915411422832  0.64548996858977781  0.65834348405969001  0.67237016368328606
  0.68565881811273843  0.69776042048927189  0.71025316436288899  0.72207891560017945
  0.73292741235063386  0.74428238032433469  0.75702758214538324  0.77039262276239340
  0.78338922940270672  0.79787560165508675  0.81097391967978649  0.82304724598372381
  0.83446915919725662  0.84601438122812234  0.85815001262906054  0.87472827387843755
  0.89852084644004693  0.93125335783173280  0.96690520333562535  1.00000000000000000
 -0.00482070772692846  0.01801935552953365  0.03216773524266056  0.04571402356690218
  0.05925573281098086  0.07118242753293511  0.08691319173294937  0.10115008060064699
  0.11367302417397965  0.12585355491033468  0.13738707642154346  0.14857178662513718
  0.16013653286601034  0.17219611142735508  0.18550008766754658  0.19972133740576536
  0.21344334718188515  0.22627204725502631  0.23866681314391941  0.24900454232614505
  0.25768678240652088  0.26593442852674543  0.27284210711197204  0.27878077701550963
  0.28538594199752554  0.29355038150514062  0.30070949835607219  0.30786510776064663
  0.31617339400950462  0.32661288122297605  0.33768381198446717  0.34861318313205603
  0.35835694745735908  0.36688409413837703  0.37543982669328835  0.38424745578156866
  0.39219397893874530  0.39925610665762784  0.40762780125232523  0.41749213097594307
  0.42761108409583937  0.43798061245372055  0.44792090478258284  0.46041224660804958
  0.46754459954936356  0.47413764219788085  0.48098372746150497  0.48814780551637099
  0.49534948761208147  0.50276763376874756  0.51153553822086639  0.52128969062002273
  0.53184888143762010  0.54373656617337107  0.55701182738479760  0.57015586074138735
  0.58146693819358819  0.59083949035744421  0.59906086111624890  0.60726359904737093
  0.61539638953449549  0.62404573754887516  0.63283044180586812  0.64105338147164925
  0.64887874940903245  0.65676369878441665  0.66485729877868016  0.67356405148521614
  0.68270739657636015  0.69158593682734537  0.69990040100662387  0.70867585734465699
  0.71900330680897806  0.72963423251426218  0.74014194382811804  0.75005902023269710
  0.75912169921667561  0.76902745472999157  0.77978111326714927  0.78918170112035979
  0.79757054583356968  0.80520326790907393  0.81838872753574243  0.83419364270704455
  0.84982761752587477  0.86501153061225955  0.87995020940772273  0.89484594698754216
  0.91003700683608890  0.92346975062348657  0.93568410264796475  0.94758594559225373
  0.95978863332463471  0.97140353692032555  0.98370804914192622  1.00000000000000000
 -0.00132645468872998  0.00676639883605309  0.01259740432929714  0.01907634829608537
  0.02525509450223313  0.03020438373258743  0.03715311001902530  0.04516133713760297
  0.05451865047262372  0.06596859566518845  0.07708973257841337  0.08918786892798658
  0.09908926762862851  0.10755445046813548  0.11656891843124748  0.12614670478767501
  0.13520698865882042  0.14357721500845322  0.15314573552837127  0.16442796124086531
  0.17630428714907928  0.18842751369722091  0.20118429128460766  0.21388292702824344
  0.22596751691736902  0.23703379675181668  0.25009988706187852  0.26185404217174968
  0.27257336032611712  0.28289890034714943  0.29345448327261087  0.30526938304552353
  0.31879908505962973  0.33402218991316801  0.34876851155722871  0.36130763471096677
  0.37295036503087553  0.38460803898390733  0.39696379352851130  0.41049368207912107
  0.42429137317243604  0.43825034813876734  0.45191140152379849  0.46505494551191662
  0.47743052386034879  0.48919009362094568  0.50027865562942964  0.50962881098318213
  0.51822601008321301  0.52671291283835764  0.53494483496615153  0.54381808310828239
  0.55304386623309676  0.56050065102763291  0.56722919554826778  0.57378953871342786
  0.58098770684626999  0.58879367787509029  0.59767480590478250  0.60703475399909379
  0.61718551866891780  0.62806809287010978  0.63905857240848685  0.65001751402567931
  0.66088570632168431  0.67182607302761288  0.68282747402851585  0.69201770387300243
  0.69987748031323771  0.70773129060703510  0.71845559879927590  0.73118193370783713
  0.74338850635497400  0.75535352615598461  0.76693432480356361  0.77683347569801697
  0.78711783194220841  0.79871635883532499  0.81121426478105962  0.82286480864711520
  0.83440548874962528  0.84730617787563423  0.85876132288805074  0.86798092218305645
  0.87683432947785656  0.88607166338120147  0.89576148408956713  0.90516487210261909
  0.91535528422726342  0.92822114739343420  0.94375396044963911  0.95596260510685538
  0.96838457884066087  0.97967413554620209  0.98881545137145332  1.00000000000000000
 -0.01017131743435225  0.04781575217122987  0.09721144655621648  0.13775498974615952
  0.17574055164709415  0.21401572056824636  0.24871639205168036  0.27556295104033435
  0.29716615240300892  0.31865695168001751  0.33617784121562705  0.34849058848670117
  0.36064286173791599  0.37132467844496220  0.38240865204481977  0.39222138425763431
  0.40428672630635615  0.42432733162871977  0.44300853378162275  0.46094716336134611
  0.47720226961399820  0.48926211620257937  0.50229206923608760  0.51445960901930032
  0.52760356435527278  0.54188088580378713  0.55666002912296897  0.56916942735434417
  0.57814910232808348  0.58683701265630095  0.59477818480610711  0.60255404060691575
  0.61042943893955315  0.62042216427551267  0.63073833709042193  0.64081388781211068
  0.65110338034288828  0.66103693440305356  0.66925401558637299  0.67654322053703309
  0.68420945755157814  0.69251020317837642  0.70037036189691526  0.70795027788213694
  0.71592545622796033  0.72362930525407665  0.73159214582664223  0.73990330207804100
  0.74762425032434521  0.75512293472817138  0.76273161851214411  0.77103839304243682
  0.77958436117143715  0.78776136726623114  0.79523204918852020  0.80232068017989411
  0.80908972355356257  0.81543248848633587  0.82042303680465700  0.82557238949300416
  0.83067669436252756  0.83524891348472674  0.83991115940555505  0.84514156408812136
  0.85064670315954938  0.85566193610318986  0.86048630610597032  0.86590008397753426
  0.87174864323939849  0.87759973244577938  0.88349882626128151  0.88923978433921391
  0.89458388760530394  0.89983843074396908  0.90458330120428265  0.91043601593820311
  0.91637596686902212  0.92189616084864545  0.92710335905844465  0.93241475174422273
  0.93808077066304396  0.94355505511304050  0.94665786985124845  0.94986416582311683
  0.95392582484782074  0.95787078206262288  0.96066689104683867  0.96363890102709027
  0.96840624349940241  0.97414163897489436  0.97896311691844040  0.98269265638342063
  0.98637197005442134  0.99006756666569429  0.99426842168120455  1.00000000000000000
 -0.00201094137961539  0.00828369005883936  0.01963544312095932  0.02982023071631493
  0.03999378772646111  0.05104541834735811  0.06317917722098879  0.07561443472943641
  0.08717884233829806  0.09930300811831606  0.11277672327573598  0.12779960439726321
  0.14349872335730909  0.15809788732469124  0.17216096723681146  0.18545966280225426
  0.19712524648972493  0.20854926919406430  0.22078845313213746  0.23225676706378195
  0.24133504319557919  0.25173101628903544  0.26358801269035453  0.27546866173821877
  0.28491837489583316  0.29278175410836843  0.30184517051424881  0.31031670108312420
  0.31801900742505357  0.32817896334169827  0.33879726851881292  0.34906871051504779
  0.35678149624957223  0.36433283841221181  0.37342052784739910  0.38269666825940973
  0.39169560677332355  0.40288185094184159  0.41420418348082710  0.42411943176880174
  0.43420899374082150  0.44463251241185114  0.45466867999062044  0.46427613532456385
  0.47358094952320628  0.48449370380176249  0.49709908033875067  0.50979397906698887
  0.52283422621992381  0.53682148612817371  0.55085771499713621  0.56358920077954389
  0.57966436124495435  0.59354967655237145  0.60531947714895262  0.61433759319895354
  0.62329198634121596  0.63204113489109537  0.63978493805956871  0.64774573116206213
  0.65672043989532103  0.66785860533349151  0.68333106341617655  0.69959298120299951
  0.71192551435576057  0.72267106711296214  0.73316021685282806  0.74412760739258532
  0.75332664903407831  0.75904031306359054  0.76543204443874924  0.77269199160455881
  0.77981853604845763  0.78623842435284463  0.79224723894803817  0.79792393566542452
  0.80457298494743323  0.81117437862402308  0.81994153332096231  0.82976873124097417
  0.84051181375241579  0.85122721878365037  0.86250968109983395  0.87398618933313155
  0.88478041049345868  0.89513197155083124  0.90560769135858477  0.91550790571942731
  0.92449395346466812  0.93344562227806338  0.94368483172731144  0.95536427160341919
  0.96718439670126999  0.97789197075184453  0.98909892802872790  1.00000000000000000
 -0.00247657847576485  0.00924815184429304  0.01891142791337008  0.02960308580291543
  0.03981589710856921  0.04883061974088743  0.05662796641426024  0.06426416939751824
  0.07266520232319595  0.08165824477443699  0.09067593504009112  0.10004338797084270
  0.11110499928219941  0.12393299469360007  0.13691538539592119  0.14807659573649276
  0.15899610919081550  0.17017597076663965  0.18288033141063847  0.19596530733542444
  0.20689737126105012  0.21631469173279841  0.22524434247868097  0.23419236047408842
  0.24481044718978603  0.25585962583792443  0.26468234092968307  0.27279365755936918
  0.28095797864214522  0.28885978755991920  0.29612996746195946  0.30451183458728870
  0.31491329279099273  0.32580100819328522  0.33709059221622001  0.34744939050863638
  0.35707219816453323  0.36766133211706709  0.37875270805974465  0.38957768408533117
  0.40024682603849837  0.41028146939405136  0.41967870152600473  0.42989022009231692
  0.44040469361749873  0.45053541418226351  0.46096582470406816  0.47182240120073737
  0.48242005082901751  0.49227086710764800  0.50223778533927488  0.51342666802675563
  0.52530832847696374  0.53774012498239743  0.55020515527777270  0.56244889901458317
  0.57461997296587941  0.58736295049486087  0.60167748139218091  0.61333731424428761
  0.62318349807468221  0.63259029571014969  0.64168789658712033  0.65041529451307767
  0.65770869476355798  0.66572097799619767  0.67565804110927774  0.68499223831279310
  0.69259449402184758  0.70102798458213622  0.70767392241012383  0.71353649032127264
  0.72186935062594204  0.73025595712361169  0.73758162776201419  0.74525932373795345
  0.75453306267134368  0.76720039168161425  0.78028488149792419  0.79457234160515666
  0.80909501909751158  0.82266121517223278  0.83526827887258948  0.84846508238464668
  0.86229670253786528  0.87558632599029629  0.88768521411891610  0.89939984263354567
  0.91176919963558734  0.92477471517810528  0.93727315784244825  0.94894534560045884
  0.96019897632279827  0.97368728614917333  0.98667255469821313  1.00000000000000000
 -0.00307082482962251  0.00913402734338144  0.02220875024486841  0.03532355859633260
  0.04800678956160569  0.06002273255082650  0.07122731127787241  0.08073976828339895
  0.08958686728938696  0.09894548044063639  0.11026904552978631  0.12144936920828966
  0.13337498646080362  0.14430763594640969  0.15381515058159079  0.16395498375299800
  0.17594189768900290  0.18933180827869270  0.20296759329220262  0.21584511782737933
  0.22674698682014754  0.23576034942736412  0.24364767309037588  0.25216493342155921
  0.25991737373384433  0.26741114595093468  0.27453275803409805  0.28155212675961083
  0.28930435340034810  0.30062208943223750  0.31327221891581059  0.32512553003855815
  0.33621614304943548  0.34654866931176009  0.35557910298313833  0.36662005311887541
  0.37717167746617081  0.38883826590316367  0.40199704182619134  0.41474260175774647
  0.42696493029503502  0.43989902437896855  0.45321987024926297  0.46555232054012957
  0.47630546682714348  0.48654093951847155  0.49623022059997329  0.50233304861421224
  0.50659302472340495  0.51199676493018265  0.52066714643093748  0.52797491239398264
  0.53579307836604351  0.54267704545397000  0.54921087648709777  0.55601823578985288
  0.56185178256613377  0.56959323466596479  0.58083693205391840  0.59423607992877092
  0.60891425552051259  0.62476729795042385  0.64168846961751536  0.65620935860606222
  0.66956382893588873  0.68215749583594831  0.69497513315247261  0.70836761366649403
  0.72290834609216115  0.73858617192026521  0.75227015771248229  0.76338426726845010
  0.77261516641169925  0.78118073758609941  0.79008012849915132  0.80075194452689580
  0.81321530912202422  0.82591977873622513  0.83768466083026283  0.84848435096404029
  0.85918510848753515  0.86991398691430366  0.87999063440240166  0.88996431708314416
  0.90012788362828866  0.90959680739014326  0.91963505741772356  0.93014062600623681
  0.94061782877094402  0.94874115432828521  0.95453254522628739  0.96187175073883480
  0.97004515865208385  0.97888563265068718  0.98796816202790150  1.00000000000000000
 -0.01105585282272893  0.08986907505257356  0.14056901799929214  0.19792552799185972
  0.25657156696056821  0.30806845630198448  0.35442356320379548  0.40235424264352293
  0.44513385193897487  0.48044428989061649  0.51502452499374640  0.54594262543417282
  0.57746667630157622  0.61626951479423320  0.65270246230376183  0.68483318133289772
  0.71867724779555320  0.74615564654614219  0.77156578107691043  0.79560213594760976
  0.82186926860835074  0.84618632273314232  0.86529920708560848  0.88288959079746487
  0.89629644968409383  0.90762592373502127  0.91729158803582656  0.92924909826140811
  0.94063382945142071  0.94951054281167224  0.95635885321824055  0.96080145910341763
  0.96393614108323289  0.96645527928535480  0.96861233696714699  0.97090753853571521
  0.97319401174621190  0.97513233164382096  0.97667278185808004  0.97797686495587932
  0.97897940153717011  0.97983296447795143  0.98061567229421009  0.98130554523504754
  0.98200902839761239  0.98265044721314621  0.98324601925728272  0.98379067118951713
  0.98432075612461234  0.98476401767917809  0.98515335780906987  0.98551223024642265
  0.98584619494166770  0.98616551655436613  0.98645798940596041  0.98672722287371240
  0.98698640622680667  0.98722005225625109  0.98744836914410083  0.98765776376613368
  0.98785015377990648  0.98803147374976674  0.98820620688979566  0.98835380292910502
  0.98850093395909322  0.98863424019649504  0.98874971367633679  0.98885106823869606
  0.98894789558715357  0.98904550661714652  0.98913961648429072  0.98923487523662879
  0.98934247480112758  0.98946350579161768  0.98958345335021647  0.98969643950209119
  0.98980338522364830  0.98990508398420762  0.99000470034700649  0.99010593539227731
  0.99020758187346902  0.99030816791926290  0.99040237618720572  0.99048759230247396
  0.99056730996409492  0.99064339039162186  0.99071694644099539  0.99079048089735267
  0.99086137528860885  0.99092300332167038  0.99097051224687516  0.99101553844806922
  0.99106104991679067  0.99110373626118209  0.99112761550124207  1.00000000000000000
 -0.02116080163117844  0.11678609444825430  0.17382508930740170  0.19940859490160956
  0.22039359615535967  0.24025451983001078  0.25788773141424409  0.27197403470166998
  0.28297082532393014  0.29211972800293384  0.30059417794285614  0.30923616289997724
  0.31824541784130728  0.32699330968215423  0.33459792159990587  0.34172585543027695
  0.34900850318525789  0.35411325571438562  0.36015237444037823  0.36680848815095285
  0.37359296000335623  0.37918688085404145  0.38406187944251080  0.38953283894934948
  0.39618235163535725  0.40312982896890420  0.41063778145986929  0.41721453858400503
  0.42162762023759576  0.42543000466340464  0.42965982612771569  0.43344457798811914
  0.43736900070505119  0.44160239216074237  0.44553565675601581  0.44945127354958658
  0.45400563886248196  0.45818834778946566  0.46197843029769892  0.46488514102072048
  0.46765130866533811  0.47042209445180172  0.47332618361111345  0.47660199126150632
  0.48081333598997089  0.48511354920587602  0.48847557524093432  0.49166181062132064
  0.49470187721050657  0.49791677232331988  0.50154551898564892  0.50502555089375767
  0.50859438615916452  0.51252657775225563  0.51649996847426471  0.52063021310509150
  0.52512764621846086  0.52992194950525784  0.53461057088220076  0.53911990991079306
  0.54448245638983628  0.55068927446793225  0.55694231997632793  0.56329546682916343
  0.56977700994542479  0.57781416980545153  0.58538374102302493  0.59275498337326527
  0.59963625611483484  0.60609700027460445  0.61241715796250673  0.61850314363973902
  0.62493944587985339  0.63119955933940164  0.63729525114227503  0.64347614328924885
  0.65055909410083468  0.65813293542627715  0.66554062863584540  0.67337644071450697
  0.68148358676507248  0.68916493082212860  0.69615864537427363  0.70303089512746486
  0.71033887510241034  0.71869767589047451  0.72917646556007742  0.74088408491817159
  0.75304193987162471  0.76514941169815287  0.77725998162273535  0.78981956080813920
  0.80386924113766245  0.82198382089943323  0.85890543390679064  1.00000000000000000
   1.3201519001564504E-013  -1.0000000000000000     
 T F F F F F F F T F F F F F F F F F F F F F F F F F F F F F F F F F F F F F F F F F F F F F F F T F F F F F F F T F F F F F F F
