 -0.00247904751460334  0.00968955117356169  0.01969762282258965  0.03005321766529269
  0.04058919099271412  0.05147838587469920  0.06239424540839873  0.07329270239445562
  0.08395894746059689  0.09468635970510922  0.10524124028975974  0.11559363596839560
  0.12591994057322703  0.13633313694031235  0.14691985359929319  0.15738035230832301
  0.16773445721387312  0.17802618505102008  0.18835240931252994  0.19874593872838955
  0.20918564130091402  0.21966467324918654  0.23013943274120324  0.24060584535375301
  0.25106409294823212  0.26145636599287964  0.27185724060879191  0.28222449624141160
  0.29264674852268591  0.30308040045329637  0.31353451974895841  0.32408091125074906
  0.33463867771641542  0.34525492019833726  0.35599835846132261  0.36664278660494132
  0.37718625241411385  0.38751599596771169  0.39792827375894196  0.40830318890882000
  0.41864984766846697  0.42892482883321342  0.43903125386398123  0.44909972397301728
  0.45913886831543776  0.46957733110211453  0.48008418988148022  0.49080987629624551
  0.50113158915133349  0.51168963207617169  0.52208182838458761  0.53244120271954187
  0.54258751948776862  0.55265853124880282  0.56309339999486430  0.57350430913985917
  0.58403869848606749  0.59436365606038288  0.60489101506634890  0.61564057046180121
  0.62656792292990404  0.63748100348543990  0.64800490786349108  0.65837688258852423
  0.66862210385229592  0.67900096209771732  0.68938614778037077  0.69989873555688020
  0.71037865410979739  0.72096004798016311  0.73148294962414306  0.74206346341548735
  0.75263408771519791  0.76316471704658329  0.77367656437116161  0.78418138157249917
  0.79470016950202105  0.80521953579893935  0.81573556334514030  0.82620373808801784
  0.83682109814375527  0.84747194623402478  0.85810587155655338  0.86874110334188148
  0.87939244509011116  0.89008293738271649  0.90081565175299949  0.91191177188842365
  0.92317518907937268  0.93417913788026075  0.94491331603829309  0.95549445739785965
  0.96601683100443936  0.97696668997993086  0.98824880725422959  1.00000000000000000
 -0.00247325785394090  0.00994736759761638  0.02019881569425836  0.03080571294663022
  0.04119659229971822  0.05198908100167673  0.06280168023768362  0.07368551778042001
  0.08458717830793404  0.09526967557957590  0.10569290483830911  0.11602042341352592
  0.12633338322385088  0.13688730245928790  0.14745393178684035  0.15807542613270573
  0.16870218691570699  0.17911593793157668  0.18940078133321073  0.19971901469719519
  0.21035887662065789  0.22126880606149796  0.23200307491464009  0.24263884956056542
  0.25303761965779331  0.26331660041018146  0.27365453620310615  0.28407714892544750
  0.29455048699752179  0.30503781406726382  0.31560642923323662  0.32626278573956419
  0.33679898648824252  0.34722302810150352  0.35760138612944631  0.36768609162681493
  0.37775667480642144  0.38784851635734746  0.39813354667032180  0.40863862724104527
  0.41933564138005236  0.43027958684451167  0.44126609210726897  0.45211396945971577
  0.46293094896462778  0.47359995913546576  0.48448638887519657  0.49540529185401616
  0.50630587124842541  0.51717824376693489  0.52795490302147330  0.53859943993180370
  0.54908929479726709  0.55946794659689925  0.56990970224155291  0.58033260581651835
  0.59081976299464711  0.60128248737214540  0.61163078990102748  0.62203489659309530
  0.63253908478280063  0.64317789414965987  0.65383457403809231  0.66418949494538781
  0.67442496596282242  0.68466677787988428  0.69514497386689544  0.70565335832410447
  0.71625077266044679  0.72668984952060844  0.73710058892519348  0.74740704656301915
  0.75764227361127368  0.76800666753881541  0.77825700971732237  0.78876595771554125
  0.79924851997667323  0.80989048581680589  0.82040079869834837  0.83082458029293493
  0.84133438163507346  0.85202321992002295  0.86286587024471229  0.87389925536394020
  0.88501076785233179  0.89596466359129046  0.90680111552608367  0.91744635004663788
  0.92789095662056198  0.93827571773381546  0.94863325001147192  0.95915164580195889
  0.96938864736503361  0.97948422895702170  0.98971783688297066  1.00000000000000000
   3.5633227143538230E-012  -1.0000000000000000     
  <DiscreteSampler_grid>
  Helicity
  1 # 1 for a reference and 2 for a running grid.
  20 # Attribute 'min_bin_probing_points' of the grid.
  1 # Attribute 'grid_mode' of the grid. 1=='default',2=='initialization'
  0.0000000000000000 # Attribute 'small_contrib_threshold' of the grid.
  0.5000000000000000 # Attribute 'damping_power' of the grid.
 # binID   n_entries weight   weight_sqr   abs_weight
    2   2424   2.089962084969658E-012   7.147517350826351E-024   2.089962084969658E-012
    3   2472   2.067686306378881E-012   6.964193692462983E-024   2.067686306378881E-012
    6   2271   1.983147667365916E-012   9.482221800892946E-024   1.983147667365916E-012
    7   1988   1.847610857421534E-012   8.046293800158835E-024   1.847610857421534E-012
    10   2346   2.033232445335713E-012   6.678040942552468E-024   2.033232445335713E-012
    11   2479   2.053663365211792E-012   6.961182946483389E-024   2.053663365211792E-012
  </DiscreteSampler_grid>
