 -0.00247335299807247  0.01050547970080915  0.02123266056640533  0.03238562612985132
  0.04306952400653232  0.05339776815153410  0.06342462793718762  0.07355883559422274
  0.08386547444083242  0.09436783362332438  0.10496939162064567  0.11577982150707949
  0.12648289169038635  0.13722724467914549  0.14791364116895242  0.15861963973954876
  0.16915908087844259  0.17964469904212177  0.19015157965195834  0.20070274230491397
  0.21124696739919291  0.22177951148704528  0.23229689377366630  0.24284261130516427
  0.25337765258459288  0.26393612236371583  0.27451745671066441  0.28508485388167193
  0.29554106409455860  0.30601994927086906  0.31656398541060055  0.32731461730467498
  0.33786745940379714  0.34833801934382586  0.35866019728329723  0.36907555137631881
  0.37965424886734989  0.39026277102303097  0.40090334704878555  0.41154935599405840
  0.42223856745133931  0.43289522345219072  0.44346606380749642  0.45403503291798447
  0.46456263093926781  0.47507720856242452  0.48559591107355948  0.49613994624179125
  0.50641534732342641  0.51660937619130454  0.52692805218288341  0.53723095768032292
  0.54757849655118329  0.55787416649843946  0.56837278001846336  0.57893127838840441
  0.58918009901630641  0.59959205755041356  0.61002759173783794  0.62063361381514581
  0.63102388724992831  0.64132441381130489  0.65167574506149706  0.66205324782646247
  0.67245474106918368  0.68281129396543383  0.69321914722097755  0.70375722986362177
  0.71437778995893741  0.72496366153877745  0.73551646362241008  0.74603669862469046
  0.75657204877516182  0.76709449277910635  0.77763171744970794  0.78816818149160839
  0.79870520514306709  0.80923453056976025  0.81973073111276207  0.83023059213105344
  0.84068881737606493  0.85116488709411076  0.86160033401873570  0.87212146439696125
  0.88257910605000445  0.89308359296441064  0.90356742351945019  0.91417760554330352
  0.92506987712841904  0.93628628499072275  0.94774557183020358  0.95889066716857674
  0.96924391855590697  0.97932650760282092  0.98939364514489869  1.00000000000000000
 -0.00272956095530607  0.01047084637280402  0.02140333826477318  0.03253603117979872
  0.04346050227782990  0.05391908245168586  0.06414947099447482  0.07425549053291172
  0.08455234982611622  0.09490254697839202  0.10529607181068326  0.11572004596579612
  0.12627740445070412  0.13686164385263871  0.14743929730122016  0.15796129234142187
  0.16844095851491339  0.17895375909766789  0.18934922144989344  0.19997501981120000
  0.21060296086760202  0.22157513328913112  0.23251186097168958  0.24342340388172404
  0.25414039912256203  0.26488313700722926  0.27563422307293867  0.28640115581443853
  0.29695071041944587  0.30753211428248045  0.31826740453398489  0.32908307706439366
  0.33965313548421661  0.35003833923876781  0.36037922819745127  0.37084608429878585
  0.38133327614363810  0.39195427582595216  0.40237820445215122  0.41281900043648012
  0.42315674846643736  0.43370696348356313  0.44419075200308306  0.45462098664310291
  0.46499202868992456  0.47549579190255270  0.48611369577101943  0.49687738422235861
  0.50770450526109179  0.51817017401073506  0.52869674426001478  0.53911587307180719
  0.54963339282072410  0.55988616781880396  0.57029886287870990  0.58081944652433859
  0.59156754576961401  0.60202544609709785  0.61253378964300176  0.62294504486690061
  0.63345924264340525  0.64404436162432566  0.65461928159113925  0.66512143509942445
  0.67532790762092376  0.68547587907801111  0.69569606179721533  0.70610436510804309
  0.71642436101238394  0.72657174573275130  0.73697247778776076  0.74738124101025671
  0.75809974678237835  0.76878909826636377  0.77958515978063081  0.79030357194159717
  0.80085186683259013  0.81142013071241592  0.82170243324192149  0.83200701908036934
  0.84256106818705312  0.85322900114371369  0.86374426477277066  0.87414383533679108
  0.88452005809648537  0.89515462269147228  0.90565357485470244  0.91633683703202251
  0.92682169187372443  0.93719504701252021  0.94759502408429641  0.95794456902958780
  0.96831378918196265  0.97875532963999146  0.98926727212275789  1.00000000000000000
   3.4018465461295305E-013  -1.0000000000000000     
  <DiscreteSampler_grid>
  Helicity
  1 # 1 for a reference and 2 for a running grid.
  20 # Attribute 'min_bin_probing_points' of the grid.
  1 # Attribute 'grid_mode' of the grid. 1=='default',2=='initialization'
  0.0000000000000000 # Attribute 'small_contrib_threshold' of the grid.
  0.5000000000000000 # Attribute 'damping_power' of the grid.
 # binID   n_entries weight   weight_sqr   abs_weight
    1   22   3.664596295762727E-016   2.428455448522337E-031   3.664596295762727E-016
    2   2332   1.918522801636295E-013   6.050294119591605E-026   1.918522801636295E-013
    3   2323   1.970186667912340E-013   6.309547055736157E-026   1.970186667912340E-013
    4   23   2.483411068415896E-016   1.372105615166006E-031   2.483411068415896E-016
    5   24   3.227907082889591E-016   1.376468008164394E-031   3.227907082889591E-016
    6   2249   1.886689090596944E-013   8.843305079294983E-026   1.886689090596944E-013
    7   2273   1.905567161368913E-013   8.766173838554531E-026   1.905567161368913E-013
    8   22   3.377836030725403E-016   1.484967746360110E-031   3.377836030725403E-016
    9   22   2.487545750328292E-016   1.407886408474301E-031   2.487545750328292E-016
    10   2381   1.998868617212691E-013   6.488595565002849E-026   1.998868617212691E-013
    11   2406   1.989106718501764E-013   6.437002584864804E-026   1.989106718501764E-013
    12   23   3.756970198585621E-016   2.423829573144970E-031   3.756970198585621E-016
  </DiscreteSampler_grid>
