  0.00507725591782777  0.00511025962880261  0.00517245759210946  0.00525496584793495
  0.00534279940926735  0.00543754845860722  0.00553320648225121  0.00562766372890327
  0.00573880959101792  0.00588211336976549  0.00607785150027280  0.00626775912704946
  0.00645614644827701  0.00664384278984951  0.00686376032966572  0.00711277746492466
  0.00736038236949536  0.00760869538762761  0.00786749456716379  0.00816852823518434
  0.00853032641728801  0.00889670895483437  0.00928209516838981  0.00974044331796280
  0.01021854244937183  0.01072175264069316  0.01128582235053840  0.01187776723982029
  0.01249209082837862  0.01312518441298353  0.01377164561867278  0.01437599461191955
  0.01502094495834790  0.01574095967604304  0.01653297317323515  0.01738431413245799
  0.01834865598305896  0.01952843035065458  0.02086544039691563  0.02227130835188745
  0.02373360522996720  0.02527985015253751  0.02691220001599239  0.02862333989522615
  0.03042109643234161  0.03230393718173450  0.03415070486415639  0.03613721782968568
  0.03826302092102663  0.04086391518463296  0.04377197524130702  0.04652846708385691
  0.05047116755506216  0.05661359202159039  0.06415559803731340  0.07198613204928948
  0.08069489754008304  0.09081090432559118  0.10330027916641960  0.11784082057007021
  0.13289851848923651  0.14743382219861728  0.16265264079677572  0.18246395360569492
  0.20348515334653786  0.22258825753697428  0.23791704712198847  0.25261690999427650
  0.26854934580946438  0.28673121806526225  0.29677321638637627  0.30505800963395641
  0.31358074879327752  0.32061477513701248  0.32643463534796008  0.33473658038435705
  0.34460252517865031  0.35326620498608741  0.37219123911309326  0.39330211997636355
  0.41238621241703233  0.43458594672381279  0.46264370833847918  0.48569362633050167
  0.50829422152723813  0.53966297561455068  0.57903695321277815  0.61296172345477995
  0.64532609489552228  0.68267641462193052  0.71978543166445008  0.76523871908031704
  0.81393766866916628  0.85187702181881753  0.89443866977065645  1.00000000000000000
  0.31253945832926144  0.32865508741653426  0.34477071650380703  0.35913341944099236
  0.37077540760990663  0.38237995387062262  0.39320714710234317  0.40362735099705654
  0.41367676214223487  0.42399773256589895  0.43290145723120149  0.43930149641427335
  0.44618913446148600  0.45311065477724494  0.45986185792214035  0.46646745920009475
  0.47321288612890988  0.48028773702884914  0.48417299500878624  0.48810615114560824
  0.49223834282474466  0.49652918460775619  0.49940683539972575  0.50042356670548604
  0.50156331117893560  0.50361228670464708  0.50640220141672321  0.50872964787968067
  0.51054981755015749  0.51257453148540755  0.51436913070172297  0.51641774464134471
  0.51863821607084970  0.52109879176645202  0.52363100947548835  0.52822241801985137
  0.53735561854815617  0.54613576520275353  0.55413747443173011  0.56176234447698414
  0.56906013676507028  0.57597517315409186  0.58171848989077624  0.58695639219277274
  0.59264756005816033  0.59880213205669885  0.60532430987084351  0.61213934485337362
  0.61900781794609039  0.62558059506894970  0.63179848414894846  0.63841412351322846
  0.64638808124426883  0.65301518636478484  0.65603552806809584  0.65885091964842013
  0.66222035771525334  0.66585273677501866  0.66963084121489458  0.67351658407697779
  0.67785700205701538  0.68251098150553946  0.68874773588047000  0.69480447247745880
  0.70076606818260390  0.70693872538502733  0.71429229843334241  0.72185935077276486
  0.72978742777932970  0.73530363092438467  0.73960838346998536  0.74409229817096556
  0.74994672955767461  0.75677423825476497  0.76546241968714412  0.77946474113537123
  0.79042135245433698  0.80056225358891964  0.81214775167790232  0.82701164119893944
  0.83913553444163858  0.84495898763774346  0.85037550831194331  0.85425475597795097
  0.85870258375595887  0.86374867216334461  0.86910934599491130  0.87411767201861301
  0.87798261250585963  0.88851022100737209  0.90035909009213633  0.91227106949242898
  0.92672761528325176  0.94075033376186201  0.95770016483907383  1.00000000000000000
 -0.00485085258005991  0.01457954225716887  0.03365072079634825  0.04990216781462719
  0.06263262172829195  0.07314509545554006  0.08321758082137860  0.09283877916461844
  0.10397132541719058  0.11711860139083702  0.13145683006540293  0.14642895904293435
  0.15977450225963877  0.17032580402529343  0.17916717979408231  0.18985830358970140
  0.20087514036717860  0.21135388249976744  0.22179538582793359  0.23233319794984725
  0.24415941748212558  0.25920121367678783  0.27353667841319423  0.28598029121062357
  0.29187645850276878  0.29785311933922320  0.30490608101341166  0.31196884385927470
  0.31860682276963775  0.32614495423065265  0.33582596212193072  0.34609390291653558
  0.35628984394525332  0.36629968641927002  0.37557965796555831  0.38373434599413775
  0.39124068287076308  0.39999721918986819  0.41131225822895329  0.42486470769458090
  0.43954545273523743  0.45359396897782778  0.46683253979318762  0.47943685401589625
  0.49260717053534453  0.50657207135008631  0.52104249142506898  0.53569837711791346
  0.54977373733303947  0.56424926364264705  0.58050144132267512  0.59524315623928103
  0.60703769054430545  0.61770740609260066  0.62853722467191975  0.64061915379000545
  0.65414912584185214  0.66665738266829244  0.67655865883127486  0.68547595502620973
  0.69423410801761520  0.70226016456453721  0.71016847219558787  0.71899721394552030
  0.72793674954831977  0.74075131707001030  0.75447871004511335  0.76823856219401321
  0.78189626925727473  0.79504183139952977  0.80620254857993434  0.81765140067593733
  0.82842791399807780  0.83570323787436940  0.83990844091357042  0.84445130049492234
  0.84913596568360017  0.85341563394685760  0.85804360601070073  0.86357771762173252
  0.86965489612971825  0.87549805511309087  0.88042791805488152  0.88554121878990033
  0.88988382954522927  0.89711233165253523  0.90834027090386682  0.92002724646828293
  0.93124497411463891  0.94219987990073728  0.95299051715377536  0.96303440518896199
  0.97373465189415642  0.98427746067779598  0.99298133384023546  1.00000000000000000
 -0.00433730242614696  0.01117153130053938  0.02512552382927984  0.03660166085973567
  0.04413606440981079  0.04994332707422167  0.05551480958704116  0.06149710383987071
  0.06624176660641880  0.07097991269377886  0.07640428577003926  0.08179566692736705
  0.08677678045941678  0.09176534120780348  0.09595783814322824  0.10092357106468690
  0.10540198479569884  0.11306043839263004  0.12241549449113462  0.13225878006333516
  0.14225650041845456  0.15215067427982437  0.16187189415179265  0.17199055158405999
  0.18404976158995795  0.19887245775366991  0.21385702025972347  0.22725190528923261
  0.23907232240096421  0.25064311312997190  0.26309940357766831  0.27591645390106045
  0.28519536580707477  0.29428101655276900  0.30800122712452926  0.32028807429457062
  0.33227303156240917  0.34256875563202038  0.35244250762190482  0.36256000155977108
  0.37282023475130294  0.38227451585554229  0.39029543589017252  0.39865940530664540
  0.40738626352593199  0.41538730144923358  0.42013454927043070  0.42558213696084862
  0.43028311516579498  0.43295855636137148  0.43605577177302113  0.43920666459539420
  0.44310930415752542  0.45229710869815032  0.46304803146011125  0.47392293968197330
  0.48689655856470038  0.49827654869815102  0.50779765309326463  0.51669711896033022
  0.52527945584223124  0.53561467391401218  0.54452498907018654  0.55359707946325920
  0.56358234163083587  0.57439585378309921  0.58584018974541185  0.59896288673856779
  0.61283442618819617  0.62705778085365904  0.64106319310863280  0.65621236014700923
  0.67333648868516260  0.69093470553286362  0.70636003873787045  0.71948198210622560
  0.73172683507920200  0.74402007781747392  0.75519800106384638  0.76437935821677150
  0.77477520530912802  0.78688800128980729  0.79922908361691491  0.81185939018933662
  0.82563022589979052  0.84064888978762675  0.85641472128824614  0.87223718977241671
  0.88781550410770682  0.90348168561540687  0.91935959638532094  0.93491109222810331
  0.95087884924726751  0.96697364190952417  0.98328613851374991  1.00000000000000000
 -0.00140060809033297  0.00649624055589343  0.01581847457606660  0.02575645105138336
  0.03724614286703058  0.05190600574852353  0.06794549842646644  0.08324621038888390
  0.09834205144313388  0.11342272040718286  0.12826021212882863  0.14169192033653419
  0.15175109735077735  0.16097417406236170  0.16839337704495089  0.17601298731101953
  0.18447429893234737  0.19312155973404663  0.20186034651709345  0.21125928550648987
  0.22208555822677606  0.23309471259174089  0.24299746497221078  0.25176498389995716
  0.26143538477905615  0.27408594552157062  0.28941134703080434  0.30320847102096721
  0.31786139812217429  0.33163523757912799  0.34415149010737128  0.35624016987117646
  0.36849413113848839  0.38093976635203436  0.39283200008413582  0.40814906041402305
  0.42304064138670511  0.44040250833069366  0.45430478862332663  0.46227775194011622
  0.46847899346536614  0.47402323897258358  0.48018867860559716  0.48695983160347306
  0.49341869161708884  0.49781984506595950  0.50377962390282360  0.50966399450055999
  0.51482663954253438  0.51942522455678208  0.52621289272235439  0.53696141891913540
  0.54948613126833490  0.56353552666611728  0.57949651065236574  0.59582958848289491
  0.61201068856219709  0.62644803417602024  0.63906617259439114  0.65218016977202609
  0.66635850502931115  0.68049019177010339  0.69207034850644766  0.70178794132848998
  0.71080348984648178  0.71945294620467615  0.72640208061581224  0.73253873950283321
  0.74002247336491755  0.74831773535266144  0.75730216712615939  0.76689843531094970
  0.78064922164819794  0.79472800785989017  0.80681241459329900  0.81755011203713879
  0.82948058304896666  0.84315971694546576  0.85605306720915053  0.86703891902952934
  0.87642560605231168  0.88516193199294491  0.89415655468133937  0.90323597525248178
  0.91018529775368173  0.91672427497119779  0.92413185636657758  0.93156693112132438
  0.93841106152876397  0.94698453138758487  0.95712288347870478  0.96595887392467428
  0.97418758519462945  0.98264390831745618  0.99161926417462765  1.00000000000000000
 -0.00349735020701316  0.01195040115045833  0.02626202144721480  0.04026478966497721
  0.05523236157015128  0.06965169410327589  0.08264351524913467  0.09508083429436140
  0.10760514035012299  0.12038324144763905  0.13302791344230519  0.14465401334720424
  0.15484089881292692  0.16442576604231735  0.17440021151178584  0.18461019503639969
  0.19520578637132513  0.20601374529087052  0.21713718101904225  0.23056583034081823
  0.24112000123733296  0.25117514404386027  0.26001505670184583  0.26939100843290320
  0.27677604605159145  0.28373257563730636  0.29122669886603608  0.29930718835489445
  0.30745784496424294  0.31652620339504028  0.32897048052182770  0.34446095110777070
  0.36093596700258346  0.37673550350448126  0.39103083924679832  0.40190060286492640
  0.41239388807907668  0.42259907765048266  0.43295077836488494  0.44652778218276856
  0.46073988191962356  0.47406241711778702  0.48638749197007125  0.49844413329564974
  0.51097588569626551  0.52238088286106432  0.53247880127582781  0.54215058214243661
  0.55183357681929512  0.55868122312673540  0.56471193149299981  0.57112601222314352
  0.57835233284051391  0.58640787634141478  0.59704015855701598  0.60859539160287601
  0.61828258485202892  0.62825954565552899  0.63715675261741933  0.64569677859988439
  0.65287809148824716  0.66065650969301426  0.67105875372363877  0.68355763458866581
  0.69491748452340540  0.70730369766837176  0.72024967538674378  0.73330795657939662
  0.74678723911405864  0.76050436825643075  0.77420653192440270  0.78899307587547252
  0.80676918534166997  0.82398888777675905  0.83519165773249315  0.84006532396438016
  0.84533813796604962  0.85028558202349913  0.85505172750640823  0.85915419874063093
  0.86400259405358615  0.87058663724458829  0.87606681505334782  0.88220908142271914
  0.88736297072909620  0.89326688567453338  0.90099370398049272  0.91519371950255490
  0.92862999807840019  0.93855327725740201  0.94813925676986333  0.95756247502285496
  0.96612508509837336  0.97626637263445049  0.98822404275445164  1.00000000000000000
 -0.00098325363775234  0.00309199039877925  0.00921932621008024  0.01618846504482418
  0.02335122081464651  0.03275829799331911  0.04518931712680979  0.05952481600144488
  0.07325636337087123  0.08299146801413614  0.08824417344878863  0.09305683762794238
  0.09839905357667912  0.10391298284583790  0.10941853927940759  0.11328096997194624
  0.11610999398441198  0.12132439887156254  0.12658950397963753  0.13214175767911646
  0.13725681346252031  0.14080299002951732  0.14445005594552729  0.15453054077529851
  0.16954594535260065  0.18566037092844287  0.19983503142006434  0.21270904198391555
  0.22467785281206412  0.23611232114290301  0.24568766344880189  0.25413434328696966
  0.26265825588266090  0.27183995381720771  0.28402347566566916  0.29742299191756838
  0.31144165891136705  0.32644708934352801  0.33796226951053993  0.34832585366766661
  0.35805997973210490  0.36740852665042539  0.37797199896301931  0.38946431651815072
  0.40318971767904460  0.41909668051465876  0.43400379506146669  0.44777507514556836
  0.46123979885758259  0.47464219691853082  0.48677168091747669  0.49751474942589208
  0.50906685874168467  0.52151482228468571  0.53252414812716542  0.54269124130053203
  0.55428602105169877  0.56854251243205056  0.58450430143866983  0.59810278975552122
  0.60981184996021209  0.61953277746631408  0.62826551914231610  0.63655361647298003
  0.64548251349207164  0.65544294632715372  0.66669843033306087  0.68117959311566634
  0.69487218247162463  0.70810900148848133  0.72126339305323128  0.73528484094554314
  0.75117666021989427  0.76778046893824214  0.78494534319686171  0.79754440023859619
  0.80570627983227128  0.81443747957992041  0.82369973684689191  0.83247792258727771
  0.83819429724402739  0.84409945227250283  0.85488547221980260  0.86857276554226204
  0.88166918270884986  0.89471248079841059  0.90833040823667188  0.91360701445105985
  0.92090439366954135  0.92708689416270218  0.93390704226935439  0.94400251526211643
  0.95702792555620053  0.97061116160305660  0.98479966664915475  1.00000000000000000
 -0.00281574755089534  0.00956202408608979  0.02342312211644522  0.03423416040735608
  0.04326342170126476  0.05216939076757329  0.06148489863675630  0.07065112609400415
  0.07968544606410537  0.09058988503801438  0.10389442371476854  0.11239156852138549
  0.12073367724808634  0.12981421389255465  0.13883440007950820  0.14776189351137733
  0.15730539336802560  0.16747584713716385  0.17897460285299063  0.19486787392207616
  0.20544313074932349  0.21580176541391244  0.22654126909394368  0.24020023179923267
  0.25371212015831535  0.26581198853787674  0.27699221810604563  0.28815511937217858
  0.29887678811403112  0.30963825002264128  0.32258053769612277  0.33525181412803845
  0.34677918002878066  0.35873245723598202  0.36783251171266579  0.37638296559449486
  0.38693979032754361  0.39920934383187873  0.40939400917968854  0.41587672730757136
  0.42050110287577802  0.42490652039058752  0.43059946465123389  0.43655081051587302
  0.44149848984293577  0.44625165294008340  0.45308666165533062  0.45885915023314050
  0.46376507025887354  0.47013622281945577  0.47549723393506843  0.48211713772454268
  0.49423114994125927  0.50764020822397071  0.52238694422271748  0.53917332377010330
  0.55466010178541691  0.56648887906763934  0.57699771405959843  0.58736340242395113
  0.59812121780917016  0.60849127463802777  0.61733928216426803  0.62489650659536067
  0.63137728797709847  0.63797943507297683  0.64557978173536934  0.65420833270242695
  0.66477589045670304  0.67692096515950173  0.68878707996096555  0.69945426401751742
  0.71052509636207506  0.72054951539548917  0.73225971316077210  0.74523484220073011
  0.75740137007869757  0.76916101743579557  0.78075433512329273  0.79296020749697183
  0.80606613074420586  0.81993264029669821  0.83449546060168223  0.84956918123510150
  0.86364831552280841  0.87585829694872752  0.88683615415335837  0.89760815505534186
  0.90875222471107031  0.92030584193826959  0.93245219879910679  0.94516096211493039
  0.95772376381448898  0.97029392461630515  0.98395857089645455  1.00000000000000000
   2.0899977765086574E-038  -1.0000000000000000     
  <DiscreteSampler_grid>
  Helicity
  1 # 1 for a reference and 2 for a running grid.
  20 # Attribute 'min_bin_probing_points' of the grid.
  1 # Attribute 'grid_mode' of the grid. 1=='default',2=='initialization'
  0.0000000000000000 # Attribute 'small_contrib_threshold' of the grid.
  0.5000000000000000 # Attribute 'damping_power' of the grid.
 # binID   n_entries weight   weight_sqr   abs_weight
    1   1069   1.396803995609739E-040   9.845478764795477E-079   1.396803995609739E-040
    2   26156   3.054387888363240E-038   2.370265147242836E-073   3.054387888363240E-038
    9   20   7.025049318047047E-050   7.413655244866616E-099   7.025049318047047E-050
    10   20   4.115913178109226E-053   3.351417528249498E-105   4.115913178109226E-053
    17   805   1.598445710926371E-040   3.029969143222661E-078   1.598445710926371E-040
    18   13397   1.944353107541679E-038   1.178234836350815E-073   1.944353107541679E-038
    25   20   5.282522098237339E-050   9.227690363385929E-099   5.282522098237339E-050
    26   20   3.903669142403627E-053   2.305711012743686E-105   3.903669142403627E-053
    33   340   4.903322555912799E-041   2.002638916747078E-080   4.903322555912799E-041
    34   20273   2.591341321316974E-038   2.326357628069473E-073   2.591341321316974E-038
    41   20   6.930293924517874E-050   8.377378198858084E-099   6.930293924517874E-050
    42   20   8.304132416228890E-053   1.264878829937397E-104   8.304132416228890E-053
  </DiscreteSampler_grid>
