  0.00664316318045264  0.00691608691144684  0.00712090281121960  0.00736182898264965
  0.00763606339730729  0.00791023308785307  0.00820008307944396  0.00850163230993082
  0.00881057601903448  0.00913081920034992  0.00946441348644163  0.00980229643506895
  0.01015783815879812  0.01053248666990770  0.01091387698070154  0.01131198999902316
  0.01172773243074539  0.01215525741636687  0.01260183670225753  0.01307393516042664
  0.01355298662492773  0.01405066668135309  0.01458214349308944  0.01511181156285172
  0.01567974077437533  0.01626301833531545  0.01686290129365161  0.01749285485618514
  0.01815025838408400  0.01882414307690864  0.01953610089273494  0.02027469484918076
  0.02103562316788963  0.02183893457186403  0.02267098673570449  0.02352708512337205
  0.02443441413788604  0.02537244668308493  0.02633941635552698  0.02735488302082530
  0.02840808472268163  0.02948334446336415  0.03066145005286797  0.03183168084777267
  0.03308795840634253  0.03439344211079514  0.03573078184880706  0.03715286299091427
  0.03863516633344410  0.04017363193677768  0.04180414222117297  0.04349309947020691
  0.04525420100555863  0.04711679515008883  0.04901778103309348  0.05105557845458503
  0.05319432659950896  0.05541755527498453  0.05776912509245898  0.06022416213535071
  0.06281440200014203  0.06555021210176211  0.06840724182456211  0.07142659590379899
  0.07460187011577937  0.07793456016477125  0.08149824322172956  0.08523043770325447
  0.08921551017106413  0.09341638018032669  0.09787684056453708  0.10266078017422836
  0.10767429559208823  0.11310202328555967  0.11882216193467834  0.12509943990811453
  0.13171383118377603  0.13891456846117309  0.14660587918917320  0.15496110426324808
  0.16403353534346757  0.17391868275420583  0.18485706268244440  0.19687540264837119
  0.21056597981370392  0.22577514661913117  0.24254347027494974  0.26141130448326383
  0.28313794869440112  0.30963298531204758  0.34330780607566480  0.38595843015726417
  0.44504274811491173  0.53044398135607984  0.69806500232012647  1.00000000000000000
 -0.00259669501781149  0.01017475735749625  0.02072897516900832  0.03133739924724566
  0.04189414501840380  0.05228472614852442  0.06276870694994126  0.07342697142893571
  0.08401898267247827  0.09484746381704602  0.10562846831406240  0.11639285743508761
  0.12712108230135746  0.13761810550661588  0.14806008261476658  0.15861139707630673
  0.16908080996139382  0.17965066022725809  0.18987735336501055  0.20031401736292742
  0.21071811507094759  0.22114678181624400  0.23154181599273979  0.24201095220110466
  0.25261180449354009  0.26307191762827331  0.27358128768884404  0.28409903012604792
  0.29446245684237971  0.30481065590763834  0.31513652377348778  0.32581670872830792
  0.33646275645799872  0.34699911981337095  0.35744253728879138  0.36755048157348080
  0.37760177552591112  0.38738619886468317  0.39727157893627019  0.40738823766275878
  0.41773041959567869  0.42879036478170351  0.43961223219069701  0.45067661752556565
  0.46155397902620182  0.47255671970334878  0.48348468943922990  0.49435542429068569
  0.50512044702625014  0.51574307857177559  0.52640937691819101  0.53703750750679380
  0.54776814031438936  0.55829777208424591  0.56884419219303783  0.57939124825784560
  0.59020457401289561  0.60105623545561249  0.61165035254547173  0.62225573696087788
  0.63277720367781365  0.64346955806957762  0.65391315883378487  0.66460825860302686
  0.67546402765636704  0.68635513319212460  0.69699915475409613  0.70770458937927749
  0.71810956358696276  0.72793766986694208  0.73774201383269522  0.74735718711640686
  0.75772394464313075  0.76785565421811641  0.77832929238224247  0.78879592990179437
  0.79948258297189223  0.80994923520722806  0.82026950819132471  0.83063906592756376
  0.84112062659673525  0.85168282004645657  0.86210782775661843  0.87259465021974658
  0.88316077887246003  0.89366014038063257  0.90424645309464358  0.91474057279376475
  0.92541749312023069  0.93606263404159984  0.94681544729316369  0.95724041239410662
  0.96765549648034554  0.97820830418333271  0.98904650195991040  1.00000000000000000
   3.7400805359798843E-008  -1.0000000000000000     
  <DiscreteSampler_grid>
  Helicity
  1 # 1 for a reference and 2 for a running grid.
  20 # Attribute 'min_bin_probing_points' of the grid.
  1 # Attribute 'grid_mode' of the grid. 1=='default',2=='initialization'
  0.0000000000000000 # Attribute 'small_contrib_threshold' of the grid.
  0.5000000000000000 # Attribute 'damping_power' of the grid.
 # binID   n_entries weight   weight_sqr   abs_weight
    1   20   1.554190626253180E-015   6.688828040651203E-030   1.554190626253180E-015
    3   26   1.323466426840081E-010   2.397671602564311E-020   1.323466426840081E-010
    5   20   1.453434301369117E-012   2.203944257633792E-024   1.453434301369117E-012
    9   162   2.079614451661382E-009   2.856031389541240E-017   2.079614451661382E-009
    11   20   1.269324879363257E-011   6.704112240855413E-022   1.269324879363257E-011
    13   20   5.393826551911918E-012   3.058963437932188E-023   5.393826551911918E-012
    17   80   2.012875903062376E-009   1.602061750352828E-017   2.012875903062376E-009
    19   21   2.127588135040488E-011   4.691910991576250E-022   2.127588135040488E-011
    21   20   1.772167872638151E-012   3.094850930197148E-024   1.772167872638151E-012
    23   20   1.666915640835237E-015   5.801450059366939E-030   1.666915640835237E-015
    25   13778   1.643954165850031E-007   7.635207058492941E-014   1.643954165850031E-007
    27   23   1.238613887899574E-010   1.596532406928761E-020   1.238613887899574E-010
    29   20   5.335554951271553E-012   2.987341856712959E-023   5.335554951271553E-012
    31   20   1.517123380272979E-013   5.746276802312732E-026   1.517123380272979E-013
    33   20   2.673670949827299E-015   1.914342712951186E-029   2.673670949827299E-015
    35   20   1.890676072309157E-018   3.637052886829825E-036   1.890676072309157E-018
  </DiscreteSampler_grid>
