 -0.00000031429065679  0.00000183271042263  0.00000418186598111  0.00000670360999778
  0.00000911351856730  0.00001134300807104  0.00001366121426281  0.00001593538767398
  0.00001842393126495  0.00002137156269432  0.00002457685473252  0.00002798448696084
  0.00003164487953621  0.00003574439968662  0.00003971760741245  0.00004331902318073
  0.00004666512592239  0.00004997288129851  0.00005335864310737  0.00005687455894818
  0.00006121802354315  0.00006621489026161  0.00007128979399698  0.00007572744573744
  0.00007954214129481  0.00008306479005932  0.00008646284230253  0.00008824039823531
  0.00008978200288091  0.00009136532834343  0.00009299892730112  0.00009471000057362
  0.00009659316399770  0.00009842571543913  0.00010080911314803  0.00010456202917626
  0.00010823777134393  0.00011264157483185  0.00011771422138886  0.00012327605258612
  0.00012914976894832  0.00013440700777924  0.00013962033332111  0.00014656714649444
  0.00015430146149240  0.00016327520178664  0.00017250159229040  0.00018241812622272
  0.00019271161563742  0.00020315737994614  0.00021387230602019  0.00022391721815373
  0.00023327467805009  0.00024238696086747  0.00025113886441025  0.00026014753036668
  0.00027018309090973  0.00028162664816248  0.00029507335540942  0.00031073290723452
  0.00032786564785027  0.00034520630457911  0.00036252532084455  0.00037924477810547
  0.00039783478241274  0.00041834214112186  0.00043891223474507  0.00046057192567556
  0.00048200728735926  0.00050743142859467  0.00053656698474549  0.00056374715263056
  0.00058975196251423  0.00061542185582820  0.00065908799899625  0.00070856784081898
  0.00077261389759539  0.00083209867830777  0.00088396710730853  0.00093087348646790
  0.00097567702558376  0.00100654751038256  0.00103953214619813  0.00109834031857964
  0.00115402324242609  0.00122902467594248  0.00136183349318255  0.00155339506470265
  0.00181091407982779  0.00214141510264794  0.00255936134301879  0.00314698158402003
  0.00456385051909355  0.00776611848337873  0.14804696955059876  1.00000000000000000
  0.00000070454861696  0.00000144953215131  0.00000221932715849  0.00000325135508598
  0.00000604023126323  0.00001058823765083  0.00001462579183702  0.00001799841771537
  0.00002183324919605  0.00002572666004094  0.00002806209374707  0.00003046152508074
  0.00003352750734149  0.00003659348960224  0.00004040658539037  0.00004443034635731
  0.00005417150957576  0.00007171458601635  0.00008534272287527  0.00010037090456958
  0.00011547559555133  0.00012796878277496  0.00013965604012213  0.00015623150445499
  0.00017689978440909  0.00019573401926582  0.00021770042118739  0.00023705543436444
  0.00025801691516159  0.00028486902153999  0.00031403064295880  0.00033906290086625
  0.00036230834258486  0.00038304868384135  0.00040359825542715  0.00042800029564254
  0.00046066845728782  0.00049941394073676  0.00053737624142883  0.00057704682483113
  0.00062215662403735  0.00067285949204436  0.00072763494362814  0.00078604823800669
  0.00084339323664154  0.00090268870428239  0.00096614412526414  0.00103821730586501
  0.00111859342636699  0.00120034966066625  0.00128125904440747  0.00136651100458776
  0.00145668400008102  0.00157657480300032  0.00162846735247624  0.00167575073155102
  0.00172320022843861  0.00177408816521647  0.00182352783119874  0.00187409960637196
  0.00192738622658296  0.00198551487497756  0.00206047268734925  0.00219004446628300
  0.00234276277014729  0.00250613827657278  0.00264508545421530  0.00278263184245783
  0.00291901580240289  0.00305708911370324  0.00322267971888482  0.00337741196568059
  0.00353715188771612  0.00371227579326124  0.00391934837280748  0.00415438680127118
  0.00439534646803412  0.00466293939106926  0.00495018878581477  0.00525214168042573
  0.00557147980780555  0.00590145380809888  0.00628113906733663  0.00679932969320483
  0.00739375899947359  0.00807555730755332  0.00879689388392535  0.00956413220067673
  0.01035898545924479  0.01119674750584728  0.01227269113470596  0.01399614371732547
  0.01613255372027374  0.01931669071424710  0.02467345199674598  1.00000000000000000
 -0.00000850225221781  0.00005345581178086  0.00016111527369661  0.00034686797158613
  0.00062445850724016  0.00105902260399104  0.00158838952809450  0.00241311030730109
  0.00335083706863775  0.00439609400895985  0.00589416234940543  0.00771184664726424
  0.00964309525598738  0.01176323205031122  0.01403952238711350  0.01628869311741608
  0.01896805048579127  0.02214873617946832  0.02587270495700313  0.02901661984449397
  0.03239252937263106  0.03650599333443331  0.04113833873521162  0.04463506285229824
  0.04704878489678783  0.04988181395320149  0.05270349957678475  0.05528286778432021
  0.05804841501818087  0.06069739393402088  0.06429123863921063  0.06866440883855460
  0.07291651089181035  0.07693191024534449  0.08153175064778180  0.08643307409866706
  0.09010267135413798  0.09128163400358517  0.09216002551914322  0.09301928149696115
  0.09373608336453834  0.09815091458989020  0.10318936797650206  0.10794499678416983
  0.11118170461227880  0.11441841244038778  0.11791238648050799  0.12142561159803748
  0.12470053023884808  0.12795718354169924  0.13196380634381516  0.13616968399087148
  0.14016549837697881  0.14373547190211930  0.14650685864254548  0.14900882810805058
  0.15060221485536179  0.15224235628461924  0.15397500836999659  0.15605096292890150
  0.15833489038617621  0.16055532652848711  0.16277582852648600  0.16542706110309971
  0.16837248639441396  0.17371629696809537  0.18124130533967195  0.18872532552765447
  0.19559836275874912  0.20247139998984376  0.20663054282687546  0.20870617163994390
  0.21078180045301234  0.21314792403009605  0.21554651237538572  0.21795850141760892
  0.22051544009453045  0.22302538056027510  0.22544449057549243  0.22806221091235240
  0.23058666129086913  0.23291424369437555  0.23515827793522873  0.23737824380900147
  0.24032126760329173  0.24445777120720830  0.25111579951546553  0.25691302162907093
  0.25975165198421268  0.26198551935327352  0.26492737207984984  0.26834782462981749
  0.27123230752760624  0.27419284336008520  0.27768818858947514  1.00000000000000000
 -0.00334592454647577  0.01358795114294249  0.02557449786963586  0.03685253469732806
  0.04850449485880600  0.06076373138689273  0.07482996374584568  0.08663077120571760
  0.09357821512242591  0.10360184124867061  0.11493258120212135  0.12559079202471915
  0.13550867477890036  0.14659605786384380  0.15913849969856023  0.17200058410043714
  0.18036170724992825  0.18862378244213154  0.19658587519045506  0.20434321032971725
  0.21184554868306690  0.22260346893492214  0.23458191268261894  0.24673460882913362
  0.25882582942524340  0.27058190050387282  0.28291856921903163  0.29612245946176380
  0.30851473964171983  0.32029903795910536  0.33123331649949861  0.34494886044010215
  0.36028133305855170  0.37414977748043976  0.38540742435677944  0.39484434100596411
  0.40362459596008526  0.41230325123908274  0.42123154438155191  0.43073044737295624
  0.44043170315117258  0.44979993036301907  0.45922420119850482  0.46881847946214722
  0.47827083340705262  0.48841480720291458  0.50041070433442558  0.51305293947182307
  0.52616439561715733  0.53943145490482036  0.55101757855158051  0.56133172515604379
  0.57181975954757069  0.58298901174517925  0.59479161382358181  0.60631561611134566
  0.61846062540938507  0.63155992502626401  0.64544599417306137  0.65717971078357262
  0.66692714675516751  0.67506651537465967  0.68327184470279334  0.69211452075043167
  0.70252994527203683  0.71500108161684328  0.72907725298382442  0.74393057205714497
  0.75837878144903370  0.77146738435894491  0.78308240132385420  0.79326521328978905
  0.80118840612393660  0.80805595955477827  0.81450742080075722  0.82169939340799347
  0.83278350574701110  0.84460121066842564  0.85798655226093212  0.87088170275735610
  0.88436684525475906  0.90001664214160315  0.90605406975401337  0.90963924414101471
  0.91341557186728728  0.91682121312786014  0.92031354338808891  0.92376716400620518
  0.92709440532170573  0.93357117104798537  0.94269583329822615  0.95297718740822313
  0.96484908100471867  0.97664796675714516  0.98841712398414650  1.00000000000000000
 -0.00013689148766441  0.00216087994114249  0.00456554109331863  0.00658012911237292
  0.00852340777325392  0.01029324666781673  0.01189287749748329  0.01348934738522785
  0.01525505339553744  0.01715942866737540  0.01908091119003110  0.02097089856726772
  0.02270406332833150  0.02435192056096669  0.02593812873531113  0.02746022893500435
  0.02902157388319751  0.03055206605702503  0.03209869769872163  0.03378717598585242
  0.03558903824658643  0.03739521669761434  0.03921053897825755  0.04114856299296247
  0.04328546871157844  0.04528979687723737  0.04739152092101144  0.04944110454713081
  0.05144724638364982  0.05339647007813116  0.05542089171592487  0.05773088128991682
  0.06033587755256282  0.06315235078718925  0.06610417704174948  0.06898914093725475
  0.07171785335133210  0.07435593404853501  0.07707233581343929  0.07971389927705601
  0.08243198592885559  0.08475489038551290  0.08722570681519756  0.08988187056537253
  0.09236403002635384  0.09461615593366475  0.09677469650564868  0.09901558705623541
  0.10149875395406514  0.10438657360033633  0.10698340310863276  0.10917784294456788
  0.11164636263459420  0.11459542071901221  0.11663985291635477  0.11763456212171447
  0.11868935849024505  0.11985785039536058  0.12136136237759261  0.12292929918764745
  0.12434140808478808  0.12559596342043783  0.12693911401776387  0.12864932018157452
  0.13214452433405746  0.13622421748858066  0.14111168741144667  0.14618501243405871
  0.15183084998084473  0.15840474645712888  0.16549057293225164  0.17277617308451707
  0.18120705272904761  0.19057263903585345  0.20380029088835327  0.22067798682759768
  0.23899716725183184  0.25805557645496968  0.27920574849773500  0.29490676457003767
  0.30848830920911907  0.32503568590195775  0.34781563333799970  0.36587154388528426
  0.38036029348437173  0.40162518077415832  0.42861301687048148  0.45665163339248882
  0.48698322700005714  0.55320632186249952  0.67404064350972359  0.77224708052031399
  0.81755390020635144  0.87155540795286324  0.93577770397643245  1.00000000000000000
 -0.00608244642591996  0.02613163468941108  0.05126830917840264  0.07647544487681467
  0.09757893696109299  0.11732199715098142  0.13717603060300618  0.15915467287386584
  0.18114314319837188  0.19649084853263468  0.20837565517163220  0.21985683897203975
  0.23210724912498881  0.24246774327436965  0.25015653758281287  0.25872233387330229
  0.26785912391195466  0.27844528984411587  0.28936802599180805  0.30044228594102279
  0.31202006393135195  0.32404169758838053  0.33527958625925841  0.34548096756960239
  0.35535621548650143  0.36483172652229129  0.37399726987878479  0.38094919157051088
  0.38774255026935700  0.39405040383398232  0.40020213989773246  0.40611853800977638
  0.41311755236631548  0.42040178751434787  0.42721697029006017  0.43352055447558324
  0.43889141159864342  0.44414474490018485  0.44902747296113410  0.45371862261643153
  0.46022296953086078  0.46773959390338582  0.47640746753283075  0.48598597297162904
  0.49465022843705075  0.50185534617597272  0.50738024198744103  0.51329521450483773
  0.51869528037320467  0.52149481254974472  0.52404671847167261  0.52671307492460695
  0.52948520119432019  0.53215436807713634  0.53479195280420444  0.53749739977465705
  0.54162464449106829  0.54883765884462643  0.55614878015720259  0.56329061883760301
  0.57093401934041244  0.57877087910182290  0.58670706766359559  0.59519066557903710
  0.60419703695684468  0.61309322371674857  0.62180067794725169  0.62970819796530220
  0.63753253824483813  0.64610632049933037  0.65541233152252887  0.66455259362036057
  0.67354442991259111  0.68294827943235392  0.69381310998230006  0.70602342441005916
  0.71880784881940807  0.73223284522821508  0.74557704828515392  0.75633663994287614
  0.76770236285914684  0.77707180844781842  0.78603530474247307  0.79884337706570074
  0.81204307579619284  0.82446534051045595  0.83559297237552166  0.84641357554710039
  0.85667521624696563  0.86764404940570927  0.87943026165531457  0.89144356144111969
  0.91385510822685212  0.94036399009215765  0.97005696355630688  1.00000000000000000
 -0.00089790844666384  0.00550336335238255  0.00965099781386196  0.01298426928630226
  0.01601822173337505  0.01881143758535943  0.02104784769037446  0.02296917698713878
  0.02517558571308188  0.02743949023554076  0.02909506966171937  0.03050261083580458
  0.03182774927488954  0.03280817399976570  0.03415557819009795  0.03570747074078644
  0.03739530614842163  0.03927716483444203  0.04135501443470686  0.04310272084627774
  0.04511969454228014  0.04756250762566165  0.05057092929262773  0.05333910272908999
  0.05586243361101525  0.05820352355469587  0.06011740797415658  0.06177321375389914
  0.06373267639497364  0.06591209917607647  0.06790274997056524  0.06959139372533621
  0.07124319067675616  0.07289121706296697  0.07492871860604482  0.07701729548025524
  0.07896055773682725  0.08059086783191885  0.08198145325163346  0.08360386180956510
  0.08518166319041720  0.08664792168316426  0.08824032970937265  0.08993146899801649
  0.09246229989463063  0.09376898658115328  0.09424510980126927  0.09475062353633301
  0.09557069739963198  0.09761709327882616  0.09996408510384863  0.10184603361349917
  0.10379921433656572  0.10576829645269489  0.10771651790851627  0.10951660635359431
  0.11127670363117034  0.11299725460967025  0.11443714031638387  0.11567791768636078
  0.11692703684624495  0.11902064447455435  0.12111425210286375  0.12317077245033103
  0.12521010604784899  0.12763724692660136  0.13099130995309069  0.13394149323813773
  0.13681528936155060  0.13968303377396690  0.14249137926464794  0.14522716632058352
  0.14826374781546192  0.15378466548764036  0.17359930228904366  0.19010633158652027
  0.19599528773326166  0.20041718495763364  0.20399046181595121  0.20841328138258930
  0.21313090497509327  0.21758135286233529  0.22350373548673549  0.22941792392621016
  0.23362196018864029  0.23691324005254835  0.24201283926701178  0.24957217883633384
  0.25448434601820419  0.25726194399031882  0.25920691782778982  0.26227351140253335
  0.26582502524400670  0.26943452769165843  0.27324962756833798  1.00000000000000000
 -0.00059719464490834  0.00225413963114135  0.00456054324000109  0.00628229840370770
  0.00809009000168877  0.00983869722629022  0.01159669690739653  0.01345873646653617
  0.01536674396022771  0.01729039405673859  0.01917917778816876  0.02052662961882095
  0.02187959608014359  0.02324143408144132  0.02470486815146213  0.02623923538738804
  0.02855835789005470  0.03076130442408711  0.03306895368988517  0.03569143427014817
  0.03863859850852366  0.04156015455266465  0.04502632668672420  0.04857284023892385
  0.05184474117014535  0.05496144555287713  0.05818575478577021  0.06182187636093270
  0.06617109848254889  0.07137727012338685  0.07683870682591250  0.08289322475090724
  0.08953500684544820  0.09656885467946781  0.10314985328609884  0.10983520392004441
  0.11802925721665998  0.12683450393013634  0.13516765737729194  0.14309437232366601
  0.15489160516620165  0.17142496325205120  0.19182844152219830  0.21469543699239502
  0.23849098433910354  0.26708690347161573  0.30494656419191735  0.35329394654199542
  0.39914413166894552  0.43812830633807420  0.50609105829930723  0.57462412400835328
  0.62955731199663734  0.68133335945399986  0.72063561942397214  0.75345494786263312
  0.78103073830797176  0.80384578443057864  0.82301794289842256  0.83897832259215666
  0.85222837629711445  0.86432753195745671  0.87540033481988988  0.88497368475880656
  0.89346645899640975  0.90072404979724285  0.90723308451684992  0.91347734096057431
  0.91924393324568199  0.92263504429132392  0.92447110768510232  0.92639814887261318
  0.92839116785138942  0.93038803238259637  0.93251140000185595  0.93467291734915769
  0.93680930970459397  0.94168952762978042  0.94623988388255242  0.95089228787306102
  0.95586678257562330  0.96029894176917185  0.96417821979863794  0.96762960431695211
  0.97101609835618830  0.97448983166102898  0.97803100889788852  0.98153745724648733
  0.98471811866633174  0.98756811388125820  0.99031131486652146  0.99266272200398664
  0.99485612797170042  0.99671274231834361  0.99839975185156926  1.00000000000000000
   6.5804583151948565E-010  -1.0000000000000000     
 T T T F F F T T T F F F T T T F F F F T F F F F T T T F F F T T T F F F T T T F F F T T T F F F T T T F F F F F F F F F F F F F F F F F F F F F F T T F F F T T T F F F T T T F F F T T T F F F T T T F F F T T T F F F T T T F F F T T T F F F T T T F F F T T T F F F T T T F F F T T T F F F
