  0.00463959551730017  0.00559380787209565  0.00649587179636757  0.00731714009084801
  0.00823063993940059  0.00925426173314927  0.01040404936209936  0.01168583178156507
  0.01302748114504365  0.01442937108636485  0.01588961185393828  0.01749089692602186
  0.01938803480052423  0.02155240798628975  0.02396612525451276  0.02646680837230460
  0.02867256538302383  0.03077384394233899  0.03295494917553977  0.03568730717770731
  0.03894362413940894  0.04266597191268225  0.04797933349746370  0.05341140971536898
  0.05870800245599478  0.06422054693963734  0.07023092624261253  0.07583301554164780
  0.08191662599705181  0.08905428482085072  0.09715760548024069  0.10470774473776708
  0.11159116988819599  0.11861984790590324  0.12577554521575374  0.13305388609620780
  0.14437887319065729  0.15698752790747195  0.16864504980518324  0.17805320146146120
  0.18707505961916004  0.19647304066653262  0.20908241795444596  0.22177054068045232
  0.23423943111588513  0.24667066893904674  0.25996349914094896  0.27454110647711361
  0.28971380141947850  0.30309833555576104  0.31457087923926169  0.32368537903451761
  0.33125001342515276  0.33880572065522924  0.34721353896096374  0.35827778200078397
  0.37091943217643730  0.38369284319549268  0.39669780550745637  0.40943179500179988
  0.42223125007581291  0.43784221886750724  0.45375694289443474  0.46919480490217241
  0.48503629218537164  0.50053461719418135  0.51733420280255515  0.53257251957719398
  0.54773179911117331  0.56059835805411951  0.57318282827258071  0.58474773548458792
  0.59648272537866043  0.61037590995845881  0.62535038717771629  0.64068717152865984
  0.65576234650183229  0.66996866967700497  0.68219925005426651  0.69583388600795593
  0.70835768870271820  0.72005265705576604  0.73194890640255794  0.74639867560082396
  0.76111689995113174  0.77688432691583675  0.78829813629729018  0.79989347639219155
  0.81215019232015451  0.82300616228776502  0.84215959363527959  0.86043696195186670
  0.88219623786171142  0.90821481766691126  0.93586779250012564  1.00000000000000000
  0.00001370675469005  0.00002014222864059  0.00002084862861984  0.00002157093340271
  0.00002219878590346  0.00002262434284706  0.00002298893977358  0.00002339588419114
  0.00002379503858535  0.00002412923334706  0.00002455866073818  0.00002508468718753
  0.00002570280340258  0.00002630405309429  0.00002674600724321  0.00002720763171349
  0.00002776862841365  0.00002853103492788  0.00002912641073360  0.00002972283144713
  0.00003044382997691  0.00003121638205505  0.00003197248804083  0.00003263415735224
  0.00003334069131444  0.00003399521323809  0.00003469133574970  0.00003536468817892
  0.00003607978988616  0.00003687094692118  0.00003778859469613  0.00003883665299540
  0.00003990377653565  0.00004104500907060  0.00004219607636132  0.00004332445953358
  0.00004437562927006  0.00004540669172565  0.00004656267038661  0.00004762276883130
  0.00004862602925310  0.00004956967262449  0.00005046160989815  0.00005133694889470
  0.00005210916457335  0.00005267171174444  0.00005318709555292  0.00005363972907199
  0.00005403329823778  0.00005443649941632  0.00005483314337054  0.00005524875307792
  0.00005567348736415  0.00005606382526284  0.00005645124356413  0.00005682480945162
  0.00005719934498570  0.00005762877038964  0.00005809474770532  0.00005849492720365
  0.00005883469063651  0.00005918323259485  0.00005955835408390  0.00005995133171041
  0.00006033784843652  0.00006072190241434  0.00006108633820914  0.00006156944513457
  0.00006227165119343  0.00006276942333727  0.00006322707954314  0.00006366467205114
  0.00006414776513288  0.00006459935072075  0.00006503747281608  0.00006553830609474
  0.00006590958486740  0.00006628874129523  0.00006668528865304  0.00006710336630876
  0.00006753518463257  0.00006851514907787  0.00006937748699200  0.00007005024646768
  0.00007072850283704  0.00007128852114211  0.00007166198504028  0.00007202515063910
  0.00007237514525476  0.00007273222774505  0.00007309265954669  0.00007360734882912
  0.00007420854673083  0.00007688110162154  0.00007731678829998  1.00000000000000000
 -0.00795241240301780  0.03828770958707377  0.06440282234331859  0.08960874963556285
  0.11680414187651980  0.14686448455166090  0.17269863528874041  0.19212392936651293
  0.21227639774335744  0.22993059512460623  0.24700688077587771  0.26631870707088717
  0.28849442044045071  0.30987080133913331  0.32842187354240143  0.34103165002842167
  0.35169495545206203  0.36197809186341695  0.37102287482525415  0.37939230832450266
  0.38767665048739103  0.39557058585220745  0.40428828704494352  0.41386040079212993
  0.42424162926642051  0.43477005109960271  0.44349675035170372  0.45196963779539734
  0.46157620689551565  0.47593598472961268  0.48656209048583732  0.49595016412655313
  0.50524859972775515  0.51365668268988895  0.52257712417654689  0.53351022680535976
  0.54585533017533761  0.55783097981685725  0.56995898894859742  0.58132748482350483
  0.59067665616922294  0.60002854443339648  0.60923330968065603  0.61786948426353527
  0.62569983030288889  0.63321281350936631  0.64038690889358851  0.64858390573397795
  0.65873215662067064  0.66935065663041182  0.67973738401486028  0.68799611152436513
  0.69273640385016155  0.69673488807258432  0.70139331925482673  0.70642679130573238
  0.71179526243142632  0.71716237899087909  0.72264509506664687  0.72903614388448135
  0.73484787976643362  0.73946063040016463  0.74350077594786579  0.74762807475723669
  0.75338088461239916  0.76132001257458803  0.76983219584898155  0.77847214268382703
  0.78586949562015262  0.79408284276840946  0.80327496192489123  0.81340977532570535
  0.82400756909319062  0.83469356253390270  0.84506436959881115  0.85451044591416125
  0.86295423272638816  0.87136299031647746  0.87813178676602843  0.88326534482675867
  0.88881644378313540  0.89419366168640158  0.90157804696603561  0.90873274813408933
  0.91612055721201902  0.92261635308612333  0.92981166715079810  0.93721174607470914
  0.94762924680545779  0.95706647039999848  0.96520318944320038  0.97255748796422037
  0.97897096558899899  0.98630757628612131  0.99322768380120630  1.00000000000000000
 -0.00349928640701115  0.01326323825398099  0.02790402289821385  0.04217622277078749
  0.05647105103302425  0.07082966184487324  0.08349041059863328  0.09313145193804140
  0.10176814547187205  0.11063513502776565  0.12045332437440576  0.13012011253709108
  0.13929034109868249  0.14764466089223793  0.15843683926952834  0.17023027075385266
  0.18310015753848194  0.19507328471059951  0.20479821244056678  0.21535975425176049
  0.22738071994121331  0.23985762292528834  0.25255540172299118  0.26427041804094109
  0.27520828475463294  0.28624506336061400  0.29935047051162433  0.31046598711466189
  0.32179961124451983  0.33340551792195294  0.34492423242198006  0.35641231478853530
  0.36817100705974998  0.38041896507198403  0.39267711470633287  0.40275157959706809
  0.41170103524115770  0.42063802162793773  0.42982468088486664  0.43885619599960557
  0.45022994054869991  0.46042271242393235  0.47153290553478566  0.48437752749999036
  0.49783773227734934  0.50855406102204781  0.51824953869474077  0.52721253057403972
  0.53438898828433623  0.54115120373641568  0.54892845195800233  0.55791878436169606
  0.56506498278958406  0.57608277479177550  0.58678898667846435  0.59664434410125133
  0.60853173969462881  0.62074288529759802  0.63391634393196594  0.64904676996721178
  0.66614147949203317  0.68125079729504068  0.69512585502777868  0.70720063587430326
  0.71722734782820263  0.72654148839447052  0.73528925976381743  0.74394786389848233
  0.75405484374234633  0.76620764403047359  0.77511203558059205  0.78231087417378697
  0.79060291740248034  0.79830240065261804  0.80383892734912377  0.80927708320880021
  0.81537349497236467  0.82198160238857076  0.82805761887821761  0.83680092263951866
  0.84781776096300876  0.86023713190338336  0.87188785624784781  0.88185669957601553
  0.89130944841846027  0.90069337733569876  0.91028902139962775  0.91885501715711460
  0.92637520563465814  0.93383255774833485  0.94272177319323069  0.95286952578944306
  0.96424389535254129  0.97670026887406514  0.98824975586604080  1.00000000000000000
 -0.00386545211335073  0.01837400456667112  0.03844536346973167  0.05805402621898578
  0.07767667901370356  0.09725781273582791  0.11737704693705643  0.13500442169004478
  0.15351119808114863  0.17040884376950829  0.18801147847321126  0.20770739329245722
  0.22451308916041438  0.24042691372614139  0.25762080973859219  0.27446137734285780
  0.28921230662693331  0.30220299650227039  0.31676668449370571  0.33117778153155281
  0.34665622634638393  0.36103257341784462  0.37418112617530003  0.38723641194748976
  0.40091173076684311  0.41569428981669265  0.42958112412731703  0.44107444806155072
  0.44861182275840555  0.45729034007119718  0.46585164123563699  0.47354033113189292
  0.48075066581282805  0.48873329888864997  0.49653259831801011  0.51145688552268331
  0.52909352089048467  0.54785043865077288  0.56557054058719625  0.58185827705949533
  0.59626291909415230  0.60820070155625372  0.61873056801865978  0.62838712597251478
  0.63656934895754891  0.64465509606002969  0.65179652587751202  0.65921388208765419
  0.66605659855484989  0.67065283085195748  0.67566743130712459  0.68008142359484569
  0.68753102990383996  0.69518841431609879  0.70369571778239193  0.71447971116769815
  0.72806809244859727  0.73931977984305641  0.74810967635566417  0.75707206761667878
  0.76567174758180689  0.77314698404582438  0.78052644605917665  0.78796423654252556
  0.79527892627917152  0.80381160045363287  0.81075880165644221  0.81725424632656052
  0.82410094668248124  0.83139667364880288  0.83813971947423860  0.84532308008542423
  0.85235114040956361  0.85769076160380575  0.86247715213560738  0.86834950044087966
  0.87457215475496664  0.88076454928106340  0.88714302077450702  0.89429444304816308
  0.90035192826567412  0.90576366168036804  0.91050660622996638  0.91532168335835007
  0.92417142887516035  0.93317780780319015  0.94194254515581188  0.94996875814016313
  0.95718224351165926  0.96346423813147197  0.96994683265373149  0.97616311196019723
  0.98241183986077651  0.98864116802327584  0.99417113002230117  1.00000000000000000
 -0.00356509480800805  0.00862183479785925  0.02060515935053873  0.03241323145028500
  0.04448961006527639  0.05735228541504889  0.06925136606067345  0.07900409969524470
  0.08819718065143232  0.09732535726277164  0.10785552194858136  0.12124150667221696
  0.13562604914941206  0.14784341479786520  0.15919504401349754  0.16862492261549236
  0.17606038808418770  0.18306444160219537  0.19129729232827242  0.20067613990798269
  0.20941833272157764  0.21782949250316416  0.22665554096865162  0.23829291027380556
  0.24963772091737380  0.25836966168116127  0.26693102036362953  0.27593434239433923
  0.28621084822104070  0.29917674762551860  0.31211859261487623  0.32533291676604437
  0.33974184788667028  0.35174173874047321  0.36403488407515144  0.37556559693167429
  0.38513714603177485  0.39370149904138596  0.40314556053544276  0.41438228840344737
  0.42717354238326011  0.43882812269731397  0.44962770556165049  0.45987065166625607
  0.47079370501396395  0.47996889444945584  0.49054266381888734  0.50079282390729241
  0.51133418604080971  0.52204384956351413  0.53257619430772063  0.54300936184019477
  0.55420633758132021  0.56702216773283265  0.58209051809482260  0.59572702243499565
  0.60863227264446440  0.62143626889378301  0.63288337167471587  0.64417269083805972
  0.65218591961296346  0.65994315723739805  0.66864063100320770  0.67709355110262437
  0.68392711070167989  0.69003341004394980  0.69694169899021963  0.70404811976003878
  0.71365242746524638  0.72638488541113466  0.73464940593712502  0.74349822491330952
  0.75290616349998107  0.76167326083100850  0.77022064091328291  0.77894824258748452
  0.78873389656326320  0.80189699016998639  0.81718271301789402  0.82745840331431386
  0.83810443228031817  0.84856360565063249  0.86141476322688038  0.87324658408197153
  0.88305229920430195  0.89252538901848111  0.90273301971948217  0.91251139243417301
  0.92266020442452445  0.93400537714476706  0.94490484895697002  0.95569730346831594
  0.96675843144831664  0.97808093887979863  0.98959489521522559  1.00000000000000000
 -0.00658439469832548  0.04646409698642395  0.08134931233225305  0.10653213262819920
  0.12960076790978320  0.15010567382988918  0.17101398078611371  0.18957716814195319
  0.20661109855969656  0.22336521769847612  0.24188506700056986  0.26279673029856943
  0.28052553897434424  0.29597596624182670  0.31084136112340321  0.32166512017403176
  0.33123216758810015  0.34065823357417557  0.35169202355576323  0.36362873196685691
  0.37690369555379727  0.38849785630373895  0.40262288744812541  0.41647764614197702
  0.43128304791695515  0.44370822282854278  0.45533515010836711  0.46701609736610655
  0.47595675415623723  0.48252376724962420  0.48740396258496221  0.49345579580036281
  0.50113733342833899  0.50713208936608756  0.51304485998653582  0.51985349213636656
  0.52849372657676341  0.53516793312171906  0.54097429517001250  0.55086219926414892
  0.56092417877286804  0.56834407266314990  0.57536321774838561  0.58238767047926343
  0.58907142857229611  0.59523810666365096  0.60109024284807633  0.60687313534141329
  0.61308492172834839  0.62009533577863052  0.62979020149600107  0.64343430448232308
  0.65574370712939900  0.66703005280934591  0.67712026295082939  0.68591079353568085
  0.69374616181317006  0.70099370357118473  0.70893482644712524  0.71671148154970843
  0.72382843918092266  0.73071122450838466  0.73849808676709350  0.74504478951331321
  0.75338365037272348  0.76359762942397258  0.77349944661518111  0.78106712740032846
  0.78853536283123415  0.79593436194847555  0.80374659903391699  0.81182757363855707
  0.81843543262639817  0.82455328563152974  0.83049840239119821  0.83592899945295407
  0.84138404573652581  0.84704974443068015  0.85284235846619427  0.85872263142612781
  0.86510626936047297  0.87280789982471174  0.88063455065871066  0.88934417775554164
  0.89798865750366785  0.90570567781253986  0.91357039556249398  0.92128722440780830
  0.92887799621110889  0.93742007070732924  0.94738211469901401  0.95802862660134824
  0.96971725875038572  0.97962511139790609  0.98973073510671872  1.00000000000000000
 -0.00296960348950383  0.01178045490088557  0.02384947309141413  0.03607286413738519
  0.04815734502783139  0.05976091622193209  0.07062945034977612  0.08154275948848018
  0.09408714798711057  0.10853303135045721  0.12296850991267497  0.13643569203459613
  0.14881657302173604  0.16059364546992469  0.17253015050440007  0.18454726240319430
  0.19583782616717360  0.20544229842137296  0.21601801976765331  0.22696572873889778
  0.23722698734920017  0.24599869992631146  0.25401230001151193  0.26332835568586366
  0.27386798641728655  0.28551615761727789  0.29696681694708332  0.30967996746103066
  0.32412692375696672  0.33899336248239537  0.35342435188178134  0.36689997122338153
  0.37995216430394246  0.39138893516734730  0.40272454105126682  0.41411380256495867
  0.42631401839483590  0.43887429805018641  0.45034575637265428  0.46111563588669979
  0.47243689819140461  0.48359406302805580  0.49426776826763813  0.50444978076770375
  0.51444423488357471  0.52446443047740132  0.53365783407027201  0.54411736760284157
  0.55813565797548281  0.57338625690033351  0.58643539848508774  0.59540172965790328
  0.60445399859399018  0.61194335808921951  0.61933878308225765  0.62649431159100033
  0.63314497682499238  0.64070603560478379  0.64755829049332225  0.65313710726927399
  0.65862553483454767  0.66424869057626923  0.67033143802332162  0.67747394352650592
  0.68321273944417726  0.68950331617470784  0.69737780684974415  0.70503311560332649
  0.71456417829133845  0.72628486496302125  0.73693860263904010  0.74542396606576411
  0.75454135531362987  0.76384128325903367  0.77337351007843236  0.78713183679083931
  0.80015200787347895  0.81318572108151421  0.82546995500480469  0.83863574955396525
  0.85097996962265754  0.86016005867424616  0.86767013887492872  0.87463685645313349
  0.88253829928404359  0.89077481103350076  0.90028423441591365  0.90891279855395180
  0.91931291335319054  0.93232731857931950  0.94269517605130448  0.95180420143554945
  0.96072975074293498  0.97024674744775430  0.98286125994839679  1.00000000000000000
 -0.00573140796665731  0.06458016861166010  0.09014451755414837  0.11713763218824960
  0.14425820497001596  0.16496101992201626  0.18506821906060525  0.20642597286451808
  0.22823885733711491  0.24723545860145804  0.26044384467974407  0.27239455166208482
  0.28346955635383003  0.29481566811783988  0.30733129740885151  0.32887650086221831
  0.35522446371253652  0.38047776454256549  0.40252000933697757  0.42186254538606899
  0.44221050724788952  0.46421153365524570  0.48473874679345913  0.50279376261962050
  0.51985239596138910  0.53711555688590895  0.55150776962349302  0.56268791623249437
  0.57265561390346043  0.58258117735106141  0.59381489475591642  0.60668423443663577
  0.62305318422533207  0.63884422596698043  0.65169663261696109  0.66509045220837604
  0.67928581515913167  0.69366553252163310  0.70720623671728522  0.71894392033925314
  0.73068946381985456  0.74299970309202990  0.75684765532832110  0.76994660068786258
  0.78272657591297012  0.79508032307810539  0.80690857956923834  0.81808899365538568
  0.82828238465175019  0.83941777311775234  0.85150384522170219  0.86328875331404387
  0.87345617572022127  0.88400265981149828  0.89474790874213317  0.90250239053471248
  0.90939913392010263  0.91631619498418682  0.92212340874747090  0.92765652361339257
  0.93437214465528284  0.93957079985619296  0.94426202693768324  0.94862161424592972
  0.95267367015015081  0.95630257029400201  0.95956616026234098  0.96255001671417395
  0.96531348227327562  0.96791273082874085  0.97014849830208272  0.97222983774740446
  0.97422786599922884  0.97619953426803696  0.97760273430999634  0.97891448594007202
  0.98015528792402173  0.98131640169195289  0.98234162467825470  0.98335182782780739
  0.98432019250893710  0.98517488114688068  0.98591136901725307  0.98659994830305042
  0.98724552845903746  0.98782147095293227  0.98838058119005345  0.98880663564129034
  0.98922268295493365  0.98961696709360247  0.99001049044285772  0.99042430020772132
  0.99083484411874267  0.99102554099350526  0.99120523700863072  1.00000000000000000
 -0.02080087762411557  0.13326442495012880  0.17000977422198565  0.19149076065307974
  0.20900176196072920  0.22617882584012772  0.24267965057988347  0.25862748421681414
  0.27357286378058376  0.28623272932474275  0.29754610595003794  0.30860032258571901
  0.31946397742196392  0.33192399831959740  0.34226885471207219  0.35129172596296332
  0.36024696441622611  0.37019027731715554  0.38148695281579514  0.39317767657645786
  0.40343912772830814  0.41277667321983835  0.42202512949234616  0.43076764677804469
  0.44028541664274851  0.44978658810180522  0.46016014988020354  0.47042978838986865
  0.48017297530072506  0.49007688133382787  0.50037044188676683  0.51010239035451432
  0.52006763332793171  0.52978701635205339  0.53861099586883043  0.54663749095960812
  0.55427655889215877  0.56124840100170392  0.56831841916928028  0.57501141513901677
  0.58148576480729108  0.58748002844883396  0.59293696102929860  0.59845596134367240
  0.60626193466879152  0.61426856677705199  0.62218527379159727  0.62860288397924524
  0.63417983889086604  0.63912529982897937  0.64357738536511500  0.64850776212989747
  0.65388440636457457  0.65975452200524487  0.66520984589573384  0.67040546927069822
  0.67589590528389010  0.68162175449324847  0.68900450937645552  0.69847850890635099
  0.70855951394921335  0.71353518574605823  0.71877345953914018  0.72441784121499275
  0.73057929653038156  0.73717231052611176  0.74364107536670121  0.74920233412371340
  0.75309879285501280  0.75633349922126913  0.75958370400635722  0.76311666893763019
  0.76656983416158286  0.77232254614322127  0.78000428505124819  0.78719528314968179
  0.79395446518509627  0.80026928553650167  0.80710215487566506  0.81412794464301663
  0.81884999723281759  0.82506502124914172  0.83181147770896402  0.83703630396127249
  0.84171279445834479  0.84625518741008254  0.85110471555950284  0.85735155983076328
  0.86462929937367627  0.87135184560099288  0.87744416759864896  0.88521330929162945
  0.89561551334003375  0.91401509240327294  0.94213304101450357  1.00000000000000000
   1.3580802282230316E-012  -1.0000000000000000     
 T F F F F F F F T F F F F F F F F F F F F F F F F F F F F F F F F F F F F F F F F F F F F F F F T F F F F F F F T F F F F F F F
