 -0.00007659376999302  0.00553656426595578  0.01558663661030716  0.02774673670008519
  0.03994895954360021  0.05176252165710370  0.06314580533727286  0.07442624985155022
  0.08540114132812170  0.09605347446648020  0.10647792218079592  0.11666151832965056
  0.12689671599582586  0.13684018043888346  0.14679140506852692  0.15661055443166730
  0.16623314665448016  0.17576187505033261  0.18513327146818737  0.19432533872707650
  0.20344102235654390  0.21246840693326999  0.22139856253790985  0.23012109259137009
  0.23881955545441635  0.24746984384217960  0.25602030071901349  0.26447695161217621
  0.27283247759329404  0.28116375460076659  0.28959474023464937  0.29804734897726720
  0.30643235581953465  0.31476482424438657  0.32302198044240288  0.33118597441742242
  0.33932258561634665  0.34751910137448705  0.35572935669708039  0.36387138646649053
  0.37201939557065827  0.38014597445828846  0.38821176637729632  0.39619822137595295
  0.40426750499221231  0.41248397385691765  0.42077608198895333  0.42907415688279382
  0.43734343190855118  0.44557599531902670  0.45379884095263551  0.46201838432415443
  0.47020148218831070  0.47837190577797828  0.48659591249367740  0.49495706617578111
  0.50348208282167284  0.51190705332096631  0.52037429100046240  0.52884197494925511
  0.53729934424115833  0.54577545351026113  0.55426119711546995  0.56271752171398548
  0.57115985958725923  0.57983937934699248  0.58879746677036038  0.59820886265290663
  0.60767770332762738  0.61711787551968800  0.62662130804533722  0.63617623293573888
  0.64585367734095867  0.65560261487670390  0.66543741662291489  0.67529688786099107
  0.68529207462147568  0.69575623208347270  0.70671881266904235  0.71854479862248999
  0.73051646290654892  0.74258621921774359  0.75482893495900494  0.76732196134121322
  0.78007628470120627  0.79307416448481216  0.80628759223984281  0.82011635626757973
  0.83479786916596777  0.85082168042836903  0.86950954744765796  0.88893274678931422
  0.90997996635973588  0.93384450855846346  0.96350823771668648  1.00000000000000000
 -0.00221882646840044  0.00888064997502690  0.01829057271289563  0.02891554760401061
  0.03945877961484414  0.05089947306811333  0.06241893311466867  0.07480861309759834
  0.08684310985858287  0.09830910725958249  0.10994424479054160  0.12182617835727232
  0.13294649871108327  0.14370321959182203  0.15464554146621406  0.16566602621074852
  0.17648943859633903  0.18729158760643433  0.19820920090433794  0.20896450973250930
  0.21985886981815878  0.23083433063622857  0.24186061135198633  0.25238544728514983
  0.26250863116693485  0.27272566928215852  0.28326239465019648  0.29359801886204895
  0.30350100961096782  0.31347746721178366  0.32410644224211838  0.33488458477358213
  0.34554916440297329  0.35580446910056129  0.36608872439010720  0.37623959162143150
  0.38593349102514357  0.39577227054789432  0.40556680137934642  0.41548420750539145
  0.42505762352846427  0.43472535556303649  0.44446826403510264  0.45435652760297807
  0.46430920232478196  0.47433541801199025  0.48460641370891155  0.49523740941218680
  0.50641766506014896  0.51797851735034373  0.52852400583275616  0.53866475670706604
  0.54912488164661777  0.55959598200723260  0.56953133421617785  0.57926784223483829
  0.58896224561459554  0.59856501320789579  0.60780037042471435  0.61677447063329838
  0.62599834219372430  0.63563718101304267  0.64542197311945715  0.65525989995191802
  0.66544494356243900  0.67651082238447380  0.68755445498867607  0.69788509788691988
  0.70830414229963590  0.71890766734598821  0.72919985348798855  0.73905564920166877
  0.74920075721357293  0.76022214481072747  0.77151149388024132  0.78252710745631249
  0.79325961875541207  0.80379500833330220  0.81428470233592576  0.82454825706270263
  0.83482102783449252  0.84514004434950729  0.85567557245602577  0.86653929104726846
  0.87743663687501228  0.88806012128783851  0.89879955446427240  0.90955774951893731
  0.92038087475149555  0.93160305156423395  0.94282695434665653  0.95442146412694562
  0.96600213286546555  0.97783303010119083  0.98891843862730122  1.00000000000000000
   6.8151246368767154E-008  -1.0000000000000000     
  <DiscreteSampler_grid>
  Helicity
  1 # 1 for a reference and 2 for a running grid.
  20 # Attribute 'min_bin_probing_points' of the grid.
  1 # Attribute 'grid_mode' of the grid. 1=='default',2=='initialization'
  0.0000000000000000 # Attribute 'small_contrib_threshold' of the grid.
  0.5000000000000000 # Attribute 'damping_power' of the grid.
 # binID   n_entries weight   weight_sqr   abs_weight
    3   84   1.194163571775075E-009   1.750554365807208E-017   1.194163571775075E-009
    4   20   7.844880912660398E-018   8.178534068783117E-034   7.844880912660398E-018
    5   20   2.151194215453106E-019   1.133149039904506E-036   2.151194215453106E-019
    6   20   1.902737643688612E-029   2.489195487093658E-057   1.902737643688612E-029
    7   12543   2.269329854293209E-007   3.692196693995212E-013   2.269329854293209E-007
    8   22   5.165345628551808E-012   1.327067570610745E-022   5.165345628551808E-012
    9   20   3.369864721664493E-018   7.807753945696937E-035   3.369864721664493E-018
    10   20   1.163103347254394E-021   3.312564958968475E-041   1.163103347254394E-021
    11   91   1.027164430152465E-009   1.592128168956018E-017   1.027164430152465E-009
    12   20   5.254698757335821E-017   3.325558760846835E-032   5.254698757335821E-017
    13   21   3.811700263219093E-011   3.735550163360637E-020   3.811700263219093E-011
    14   20   3.540033148013303E-021   8.616201395444444E-041   3.540033148013303E-021
    15   21   6.366769486531932E-011   2.974123971557735E-020   6.366769486531932E-011
    16   20   2.773591745096701E-020   3.453492599338323E-039   2.773591745096701E-020
    17   28   1.120815571552732E-010   1.206211542294802E-019   1.120815571552732E-010
    18   20   5.409869152143327E-014   7.166403866247256E-026   5.409869152143327E-014
    19   69   6.513957607546145E-010   6.879049926334004E-018   6.513957607546145E-010
    20   20   9.342230493775999E-014   5.901702913734504E-026   9.342230493775999E-014
    21   20   5.069891150446914E-017   1.165295562540418E-032   5.069891150446914E-017
    22   20   3.540033148013548E-021   8.616201395446129E-041   3.540033148013548E-021
    23   1057   2.995142873290507E-014   5.316203570480413E-027   2.995142873290507E-014
    24   21   3.512192413585420E-011   5.306029575155389E-021   3.512192413585420E-011
    25   30   3.255005263035886E-010   1.088244424797630E-018   3.255005263035886E-010
    26   20   2.130362398701341E-019   2.057528210412681E-037   2.130362398701341E-019
    27   20   8.616541628593254E-017   3.150497361383860E-032   8.616541628593254E-017
    28   20   7.748901887003858E-025   7.626819493685115E-048   7.748901887003858E-025
    29   158   2.559144068343972E-009   4.987607719550432E-017   2.559144068343972E-009
    30   20   6.586212624005938E-013   2.982446612642161E-024   6.586212624005938E-013
    31   21   2.269582322277459E-011   1.070053584914907E-020   2.269582322277459E-011
    32   20   7.758700572030434E-020   2.599313651079391E-038   7.758700572030434E-020
    35   34   4.759850993970708E-010   1.581573100072811E-018   4.759850993970708E-010
    36   20   1.283385024938754E-013   3.282264989623057E-025   1.283385024938754E-013
  </DiscreteSampler_grid>
