  0.00245463609554853  0.00317170206481677  0.00381488787928913  0.00445807129589968
  0.00508527330316609  0.00550294108166278  0.00592567505856959  0.00658460196133916
  0.00830659099281953  0.01001033799727056  0.01171215571335701  0.01351496045765043
  0.01528518174551647  0.01704717637295016  0.01884759685831995  0.02069933700555509
  0.02284414871701694  0.02510230826068127  0.02729546695585311  0.02950262971804376
  0.03180156396905607  0.03409314987518315  0.03638595977030215  0.03869181415520126
  0.04100257439978777  0.04421500977481289  0.04844664609727350  0.05442421075508672
  0.06089899765189977  0.06744720062921369  0.07399278719626637  0.08051041670378221
  0.08703647476624458  0.09381794987668009  0.10072021575968437  0.10763293562281834
  0.11456665084413740  0.12172743977492570  0.12948818378904903  0.13838651692265322
  0.14759769220360083  0.15709232497769485  0.16670432838521523  0.17629935383981843
  0.18598772072011122  0.19629086393405604  0.20731377196361697  0.21934773497131863
  0.23327021726912067  0.24871031051521345  0.26464091217965541  0.28113408269912493
  0.30014086291263714  0.32774566841593866  0.37414972942586544  0.44018040817618154
  0.55456448995018737  0.62952575497073637  0.66473076204384551  0.69066871956662335
  0.71183235506802822  0.72946748117189109  0.74563385881389421  0.76163704531431708
  0.77687603118597237  0.79045490047714506  0.80165125368530699  0.81238663074021700
  0.82288249951691550  0.83295918180251749  0.84245006339706940  0.85134743844577643
  0.85987325097307332  0.86755665356489342  0.87502440673049797  0.88231280827462277
  0.88943713662879065  0.89641010035307633  0.90324220431005664  0.90991497640320673
  0.91643428024298534  0.92286384620106554  0.92920846396326207  0.93543166424035795
  0.94148666996169161  0.94732464878615352  0.95300500947516231  0.95862508379096845
  0.96418062516116099  0.96964244722190551  0.97495476645756796  0.98012325281790758
  0.98515649994688148  0.99012460127757262  0.99507240895358728  1.00000000000000000
 -0.00088012619081204  0.00087033217906160  0.00644923808620518  0.00951690343524360
  0.01277448803043215  0.01597439851303669  0.01919154667016727  0.02287203394192466
  0.02719202961984722  0.03144522328160539  0.03568201934662768  0.03977338729441228
  0.04567750436894952  0.05605435944933859  0.06816595736282340  0.08071971107653540
  0.09355601075970515  0.10605983021769784  0.11622490045195727  0.12544317972001706
  0.13607775712851533  0.14722386742126337  0.15868719792578995  0.17148263785404583
  0.18220465018666512  0.19318563028659005  0.20451137661401464  0.21593621768210589
  0.22737380488813480  0.23880627285984773  0.25023664981044208  0.26148631865543071
  0.27262029996993181  0.28364814534576865  0.29445923738232310  0.30521951430739208
  0.31610841078017299  0.32708812231309131  0.33819142515633027  0.34941472566256510
  0.36106201128691301  0.37327287046129964  0.38560228340414454  0.39749938562740844
  0.40986318938475857  0.42435791540482837  0.43845336748257396  0.45263315450135927
  0.46701430720078374  0.47910327325158619  0.48986787603392101  0.50096858190771354
  0.51236779326579629  0.52373184416166596  0.53501685583424463  0.54622000615329336
  0.55744440256421057  0.56875446181971778  0.58006335795610220  0.59127122101222518
  0.60251496486205858  0.61399945708086356  0.62561359000615768  0.63743711881178255
  0.64888396892027667  0.66026958654281764  0.67175484167666411  0.68318778324768703
  0.69468688016230784  0.70620803881858207  0.71786157931766292  0.72956100329357221
  0.74124503437356670  0.75286569136650372  0.76455741422025103  0.77623254196910441
  0.78787424957687591  0.79941681339603932  0.81084456477798827  0.82218704468746895
  0.83327362166050345  0.84416828265021526  0.85517618628540848  0.86633282227544428
  0.87757124614606830  0.88888128517690601  0.90047634903927387  0.91213236946693665
  0.92146105755228613  0.92733928440416036  0.93729427241491747  0.95200614317822951
  0.96771878416451229  0.98293836739793927  0.99730657819049118  1.00000000000000000
   1.4067234866353940E-014  -1.0000000000000000     
  <DiscreteSampler_grid>
  Helicity
  1 # 1 for a reference and 2 for a running grid.
  20 # Attribute 'min_bin_probing_points' of the grid.
  1 # Attribute 'grid_mode' of the grid. 1=='default',2=='initialization'
  0.0000000000000000 # Attribute 'small_contrib_threshold' of the grid.
  0.5000000000000000 # Attribute 'damping_power' of the grid.
 # binID   n_entries weight   weight_sqr   abs_weight
    2   20   6.517397527437363E-020   1.805643635420098E-038   6.517397527437363E-020
    3   20   6.517397527437363E-020   1.805643635420097E-038   6.517397527437363E-020
    6   60021   5.984529126376028E-014   6.272864493378212E-026   5.984529126376028E-014
    7   20   8.140145737954221E-020   3.696390291986273E-038   8.140145737954221E-020
    10   20   6.517397527437363E-020   1.805643635420097E-038   6.517397527437363E-020
    11   20   6.517397527437363E-020   1.805643635420098E-038   6.517397527437363E-020
  </DiscreteSampler_grid>
