 -0.00000000005543502  0.00000000181859873  0.00000000438769431  0.00000000708854078
  0.00000001027243604  0.00000001468809086  0.00000001961550212  0.00000002393777001
  0.00000002802935431  0.00000003221830813  0.00000003629482914  0.00000004077316915
  0.00000004591891680  0.00000005312691472  0.00000006072986442  0.00000006814225485
  0.00000007488486896  0.00000008104235407  0.00000008769642113  0.00000009527281648
  0.00000010312982708  0.00000011121110660  0.00000011927687311  0.00000012692796431
  0.00000013402338884  0.00000014083176362  0.00000014775900277  0.00000015522836119
  0.00000016329428977  0.00000017152007526  0.00000017977606756  0.00000018871796809
  0.00000019870305304  0.00000020866121045  0.00000021847311139  0.00000022967551027
  0.00000024048603614  0.00000025059745025  0.00000026065313080  0.00000027115962158
  0.00000028192848724  0.00000029214192018  0.00000030219892472  0.00000031216087970
  0.00000032196604435  0.00000033321177552  0.00000034583665968  0.00000036070408756
  0.00000037836975185  0.00000039490739458  0.00000040986853927  0.00000042178554080
  0.00000043330447189  0.00000044664353126  0.00000046032332976  0.00000047464650407
  0.00000049057131807  0.00000050685003506  0.00000052263220448  0.00000053837820309
  0.00000055430419349  0.00000057016657455  0.00000058740843306  0.00000060592896167
  0.00000062423066412  0.00000064248466417  0.00000065987459769  0.00000067714862080
  0.00000070004528962  0.00000072536910312  0.00000075329120476  0.00000078546613868
  0.00000081853568988  0.00000085211055826  0.00000088594780387  0.00000092105139556
  0.00000095875427794  0.00000100396573808  0.00000105811877338  0.00000110933346451
  0.00000116190556507  0.00000121867896278  0.00000129185018441  0.00000138855002078
  0.00000148748504194  0.00000157449962043  0.00000168252841991  0.00000180517784084
  0.00000196450881434  0.00000213934346691  0.00000233296847898  0.00000256777104752
  0.00000301176302373  0.00000385758470849  0.00000501860866137  1.00000000000000000
  0.02025417200953687  0.09998910362458888  0.13599787526564067  0.16399585042669318
  0.18702063933652061  0.20786515330295405  0.22620210116189740  0.24488262715043571
  0.26290479058222288  0.27811161115269556  0.29084315589730836  0.30251115391348143
  0.31390772472183642  0.32324601009071674  0.33430122941325563  0.34769313120662509
  0.36042187297745626  0.36857334883685466  0.37451366003650638  0.38030089135714751
  0.38590825001613538  0.39381631160953762  0.40313852161429925  0.41232880435814540
  0.42334986699384880  0.43609121473998058  0.44862087112517407  0.45973232385210622
  0.46904253397382867  0.47747560439393794  0.48646647368171003  0.49467072555680963
  0.50337280225738146  0.51292178739668637  0.52305465299282949  0.53215825484194224
  0.54025288760493817  0.54942076851900401  0.55941169612485642  0.56994523785359774
  0.57993461600805818  0.58892762827086054  0.59848268831699925  0.60782387160158546
  0.61637480520892773  0.62511813789574544  0.63331553350265601  0.64096351929468875
  0.64946947841238212  0.65871453141719294  0.66623529757377065  0.67543224504555410
  0.68418868652250242  0.69313682916302810  0.70354557933467854  0.71438380147572289
  0.72670654394230016  0.73902559843872340  0.75021832398768551  0.76021566364944204
  0.76860331598223564  0.77706912702885111  0.78512357002111932  0.79313721072333832
  0.80038925929932936  0.80757742099089447  0.81494316655427157  0.82262695609431358
  0.83084396463669008  0.83952987800726953  0.84862337210530581  0.85787244818549535
  0.86587235473060553  0.87341190197701724  0.88019598595515525  0.88640595228125918
  0.89282514703548110  0.89938091407728071  0.90657838989185380  0.91386273038609744
  0.92015389679110438  0.92533952080293214  0.93012558374226595  0.93481117787189949
  0.93925689065700813  0.94353018236016217  0.94792906686020306  0.95164200489845496
  0.95512471385111664  0.95812416103256082  0.96084507405165587  0.96354421985873751
  0.96625533683527653  0.96874095561971107  0.97040976575495907  1.00000000000000000
 -0.00224640179491729  0.00799846417282554  0.01677187791340884  0.02457804678111336
  0.03159489126919428  0.03753031854452259  0.04301189341186233  0.04905297227601754
  0.05537136587248785  0.06216388685672219  0.07015214710192111  0.07804229708393083
  0.08677454064161030  0.09701052295152018  0.10804853397387594  0.11796574947091504
  0.12738457983120499  0.13691128280220582  0.14733440291928682  0.15677625602693443
  0.16524414253129466  0.17403562218042640  0.18323849198228528  0.19436373508117138
  0.20709306790743906  0.21950917044153728  0.23174648955173302  0.24287512341031522
  0.25374409638510786  0.26610410669714274  0.27856177731596515  0.29049103266714166
  0.30240388190411815  0.31425866130027563  0.32492224733986058  0.33379488729469553
  0.34204708052120453  0.34966930841914284  0.35774528131578592  0.36683414040470835
  0.37716999293395187  0.38909726967895092  0.40044166574039641  0.41039268048096189
  0.42006765562451637  0.42964270928003234  0.44082088917311357  0.45289467587793170
  0.46357520077049214  0.47351229982307197  0.48372458185409678  0.49549177794379001
  0.50889698616094881  0.52297044078129151  0.53707361884827143  0.55085923195498832
  0.56555151091624234  0.57960384198153958  0.59118331291888671  0.60302618395947105
  0.61563034331676614  0.62876802452396541  0.64101788961364270  0.65236677673938448
  0.66374003876095866  0.67415032421709553  0.68387603595284119  0.69444922200166304
  0.70678600107122647  0.71864163321866881  0.72819097967697777  0.73876891920625021
  0.74946651248408303  0.76072954998872866  0.77067110802485428  0.78042648231903500
  0.79087117782015492  0.80227611872780880  0.81207210004992958  0.82074651088089112
  0.83002663015673539  0.84044887127642043  0.85005587191526144  0.85912796026218097
  0.86882445355705107  0.87859498871154462  0.89174210758425621  0.90449326828491583
  0.91687962849899074  0.92868832882356289  0.93774407856013542  0.94965681497685528
  0.96097270570825233  0.97288580105546851  0.98625107993607253  1.00000000000000000
 -0.00247706794683795  0.00773566487476959  0.01618981703864363  0.02397007249121298
  0.03220546030726507  0.04139743915241731  0.05059779005616156  0.06011239915451477
  0.07027986207075369  0.08116088634254001  0.09233657989894062  0.10396290165850369
  0.11471449369973928  0.12593632223678292  0.13686499578973202  0.14839617343217837
  0.15954864605390939  0.17022302616695356  0.18087831147871408  0.19198116141938087
  0.20351263502654909  0.21519867876268861  0.22642784173628622  0.23628713199135482
  0.24535709285822901  0.25491744033553837  0.26302737479512800  0.26990565900037428
  0.27635524864349337  0.28545829789348931  0.29576487471416119  0.30558851064325454
  0.31500663286723157  0.32612815641570592  0.33781895213405905  0.34949156048215524
  0.36045745164396481  0.37125564383202325  0.38138126435002390  0.39123142200615907
  0.40167781961342974  0.41178439703208464  0.42124673501748561  0.43002642926366175
  0.44054677781984308  0.45216799895836718  0.46481045535696552  0.47795438074319746
  0.49062499006935761  0.50163211168230337  0.51103512535631734  0.52236564117817175
  0.53357883196046541  0.54679709686077871  0.56190945257377645  0.57761552497348378
  0.59154205708144092  0.60394988368618929  0.61501133837957478  0.62545915369125482
  0.63609845791023978  0.64776021518257132  0.66060277667329526  0.67363514180180351
  0.68737096034951539  0.70045281599965914  0.71242992828543139  0.72373471700863745
  0.73514049459577635  0.74692033471437502  0.75703666943251424  0.76579976638446179
  0.77488366290609001  0.78530351560672962  0.79637624813994667  0.80673257621204575
  0.81711436593419073  0.82727658353414946  0.83597406490471149  0.84404602827645792
  0.85322340401990426  0.86279680056137331  0.87301973237342523  0.88178471825322846
  0.89167932950007667  0.90066106610136876  0.90981141110571040  0.91932829299126484
  0.92884040224895426  0.93872331691993338  0.94952854396894448  0.96088542259557097
  0.97239646320590434  0.98179343435031341  0.99091161513498416  1.00000000000000000
 -0.00319684438038333  0.01261456512658177  0.02450875864986417  0.03585911811757247
  0.04666429803901991  0.05692859519668950  0.06672625078700437  0.07584313804982386
  0.08456939858367624  0.09428487096946470  0.10535944371260055  0.11746113872981521
  0.12892432946932728  0.13919114129786594  0.14878892139285049  0.15818329922014962
  0.16737277432471120  0.17706730301980503  0.18621574790539125  0.19559428978890298
  0.20653998617445993  0.21882426879997444  0.23178180588512723  0.24395703492217594
  0.25382755740892005  0.26333504023962595  0.27245555750728923  0.28117106387975488
  0.29027483033649271  0.29794778412696588  0.30452180364411224  0.31191453716208151
  0.32077201180379061  0.33151713325934978  0.34318433972108314  0.35201416335758196
  0.36032077069330487  0.37047762302278620  0.38018505383443413  0.39080350245400131
  0.40270327829291286  0.41430357761088754  0.42552788948889431  0.43544033928502057
  0.44451115861688939  0.45498701579808343  0.46807065017678201  0.48276825558152003
  0.49519782923357913  0.50690913396884540  0.51753738209044853  0.52874740700586109
  0.53847439711012168  0.54790933697220756  0.55754255226232707  0.56671307305551222
  0.57579126551400739  0.58499024957502943  0.59529538180521901  0.60632205605113865
  0.61928485231502173  0.62981852166009666  0.63836985843671168  0.64639090185557602
  0.65457127545129856  0.66282593087981700  0.67111646071873432  0.67757862489156129
  0.68422018553103026  0.69247105706669787  0.70526277251884539  0.71903516452914118
  0.73181440684087318  0.74490318228960883  0.75862305874600477  0.77326915919630890
  0.78785887244873287  0.80140926695137582  0.81492514461061649  0.82845013656595445
  0.83975383832141093  0.84897034779541858  0.85832652505580120  0.86850566413636743
  0.87864641817820532  0.88827511120064051  0.89822345796657332  0.91143690579686831
  0.92505017673513035  0.93629305102680660  0.94703470233740406  0.95623186356757262
  0.96639129283956815  0.97717774078597519  0.98798112749877054  1.00000000000000000
 -0.00167160917416948  0.00584781596826829  0.01471114057068700  0.02358555244784049
  0.03319041266655196  0.04488859409131769  0.05816729205351025  0.06900411712639655
  0.07819045925921669  0.08661489742546677  0.09457262901518683  0.10398733865130748
  0.11310976739062950  0.12296979181465249  0.13175167891143827  0.13927450296911728
  0.14687461248954278  0.15510649172397553  0.16376223971164192  0.17417501981138281
  0.18443707464945147  0.19773103280864532  0.20969078871564870  0.22097119998860137
  0.23194837291790321  0.24270463862936276  0.25374391807395974  0.26402357545118238
  0.27292125087027552  0.28152154586375405  0.29041651100953120  0.30188710343129216
  0.31266824863127007  0.32336876241549933  0.33466667661536748  0.34324843418466017
  0.35143606266450284  0.36073141556653054  0.37207135102221228  0.38184897275579271
  0.39165522675003178  0.40198197703038430  0.41319118252035186  0.42482833657363872
  0.43662833232472620  0.44853847988024248  0.46036221633949997  0.47235389185803406
  0.48578992451567304  0.49996082045409296  0.51241623320199803  0.52347609886339075
  0.53329756040420473  0.54352522417120464  0.55456366263718015  0.56620530406285718
  0.57856664520034085  0.59188618990619324  0.60590890060299263  0.62167758748996971
  0.63578915490345467  0.64737381442754971  0.65606176476016398  0.66496961831469059
  0.67454967558628764  0.68454594310913486  0.69496349657474032  0.70502040303517288
  0.71625103124681255  0.72805569300042960  0.73944126753726247  0.74899271979103943
  0.75816367685692576  0.76630174484944835  0.77468977451162480  0.78266385012565898
  0.79155692184326920  0.80276741601190360  0.81697683405336852  0.83243979031098592
  0.84504675434554033  0.85454172674726814  0.86280217299593753  0.87120067675633173
  0.87970534876270257  0.88962545019736017  0.89959044611915229  0.90994397792522397
  0.92242319555526020  0.93573777293604499  0.94821895146832913  0.95977323180938245
  0.97063660719178924  0.97998506739234648  0.98940698783276648  1.00000000000000000
 -0.00001092467727896 -0.00000319071559088  0.00000454324609719  0.00001227720778526
  0.00002688011383910  0.00004249466419286  0.00005888872478968  0.00008175218956595
  0.00010550930422872  0.00013243844636187  0.00016185284380612  0.00019421037911609
  0.00023231762778504  0.00027239342383688  0.00031522139704262  0.00036032222873818
  0.00041475495135862  0.00049121216194040  0.00056777421364406  0.00065550537741526
  0.00075401113966053  0.00086103655357372  0.00097690035813010  0.00111875656119305
  0.00127698700566750  0.00143837674633249  0.00158641130303769  0.00175154993524164
  0.00192993568725028  0.00211988819122928  0.00232214540271539  0.00253685934543641
  0.00279707516278594  0.00334440045453427  0.00400340766812735  0.00478784222904842
  0.00573986475097742  0.00697196006401822  0.00832688077242946  0.00978373959307598
  0.01154883607147040  0.01346747833524349  0.72353826142167366  0.98594565776055776
  0.98730988282176790  0.98844021601012499  0.98953939738984453  0.99036339048741262
  0.99111890474008835  0.99201605752372723  0.99296829675759624  0.99377613298837597
  0.99442813780280881  0.99498582399682156  0.99549959135130694  0.99596736236409189
  0.99637193376397570  0.99671991518271230  0.99703722694874053  0.99732570201651138
  0.99758060966246198  0.99778848361091854  0.99798573079364872  0.99817000511624721
  0.99832335859641808  0.99843843174586022  0.99854638874137325  0.99865113734937194
  0.99875045683611263  0.99884479786161329  0.99893364806159324  0.99901813773217152
  0.99909664204324677  0.99916777401886792  0.99923605269387561  0.99929912413340816
  0.99935785979352065  0.99941046904130992  0.99946011426393655  0.99950798386406547
  0.99955362368657075  0.99959900500815646  0.99963931183947852  0.99967822273698959
  0.99971657454908536  0.99975302947160105  0.99978557407441893  0.99981605422076014
  0.99984504552865361  0.99987057596292594  0.99989497079287926  0.99991796074427164
  0.99993924594861150  0.99996003672151135  0.99998004922864403  1.00000000000000000
 -0.00267693638527379  0.01130642997469903  0.02202456286321509  0.03174188607547086
  0.04081801245612581  0.04917564621352342  0.05951032746202559  0.07012552847107743
  0.08016076689887343  0.08974330897428809  0.09882751916124863  0.10862637578504844
  0.11896500980374596  0.13045250218879045  0.14212526345236923  0.15345150362701218
  0.16496906878848086  0.17732840840943317  0.19074872982405278  0.20483983838998893
  0.21826055513027165  0.22967942368132291  0.24001291657718987  0.25105281635624288
  0.26275935104376275  0.27778141687108354  0.28986171657169818  0.29869814404498884
  0.30546435327937038  0.31263366479581056  0.32129569238130684  0.32980951982527351
  0.33791937739190686  0.34568769410258798  0.35348303034065937  0.36286375271541582
  0.37311448702652894  0.38293724976392718  0.39135583498731774  0.40100454475534120
  0.41227494154673305  0.42542415462376182  0.43968700999819638  0.45160651756633691
  0.46322073721765467  0.47481167801065005  0.48569069554518074  0.49560260029871678
  0.50546577625315348  0.51627763787453551  0.52606694646783325  0.53487427262336984
  0.54330820051656614  0.55105991854356962  0.55940490563525935  0.56994411508634091
  0.58281226078862380  0.59292018495682841  0.60268047000329661  0.61028672161806663
  0.61866486043136681  0.62792282136275701  0.63847222957629901  0.64964825882157795
  0.66053502463635017  0.67191657822744122  0.68426109036457228  0.69535440507758794
  0.70574680696544145  0.71654517496726255  0.72828215803940499  0.74060129159546384
  0.75273023635050007  0.76419390392057596  0.77594956157449535  0.78799230763586459
  0.80102251198566854  0.81211325687056479  0.82096162685402085  0.82961006172393226
  0.83906103989449798  0.84998175770004536  0.85984010220930085  0.86835863129803215
  0.87595075331553562  0.88435843960594485  0.89288372068351574  0.90145951081167341
  0.91093642534478825  0.92252332351145083  0.93637727731866183  0.95158906568768009
  0.96753933598429620  0.97941145028299259  0.99014222576008915  1.00000000000000000
   5.4217498651548015E-023  -1.0000000000000000     
 T T T F F F T T T F F F T T T F F F T T T F F F T T T F F F T T F F F F T T T F F F T T T F F F F F F F F F T T F F F F T F F F F F F F F F F F F F F F F F T T T F F F T T T F F F F F T F F F T T T F F F T T T F F F T T T F F F T T T F F F T T T F F F T T T F F F T T T F F F T T T F F F
