  0.87609810281989897  0.88547127352442734  0.88934116521018913  0.89108417970006826
  0.89275894366900643  0.89420797025208165  0.89550848945318851  0.89670487633112039
  0.89782689124575721  0.89888716926351242  0.89990106851298568  0.90087146002196805
  0.90180353727273821  0.90270780289479646  0.90358329794572834  0.90443932912114655
  0.90527606295057539  0.90609516528351342  0.90689888664784379  0.90768941256656188
  0.90846951857656844  0.90923874907894375  0.90999491138350441  0.91074058546881487
  0.91147963781985530  0.91221319158231218  0.91294084138033216  0.91366205161874070
  0.91437652527891622  0.91508454089945390  0.91578755409479806  0.91648769923239515
  0.91718360523966935  0.91787822815139941  0.91857008960973252  0.91926142922322496
  0.91995317853490621  0.92064352834288588  0.92133447612484887  0.92202445428365354
  0.92271402223652477  0.92340420655976119  0.92409591610569386  0.92478989715823978
  0.92548639511491348  0.92618497613621131  0.92688414190397184  0.92758532379311598
  0.92829017498192978  0.92899832677572125  0.92971078271777385  0.93042531844794218
  0.93114357978629791  0.93186633439248778  0.93259480887359825  0.93333060540431800
  0.93407258167305751  0.93481966824132934  0.93557308639997172  0.93633506716364145
  0.93710643889887113  0.93788579913287695  0.93867361310920938  0.93947247384847699
  0.94028348970569298  0.94110651282836255  0.94194213999621323  0.94279188808198167
  0.94365294867099914  0.94452733404985545  0.94541616813529261  0.94632656307764085
  0.94725793372032674  0.94821322446653611  0.94918504490227584  0.95017936573099537
  0.95119882419732671  0.95225338205056176  0.95334581236501170  0.95447219457442911
  0.95563816992982020  0.95685339491874855  0.95812108982523347  0.95944749149223396
  0.96084145251465058  0.96231795176734991  0.96388292310251211  0.96555344438978619
  0.96736882864193374  0.96936046684419919  0.97156412824706928  0.97407202424061723
  0.97709711520396048  0.98084651913509480  0.98641043289233599  1.00000000000000000
 -0.00232318635510745  0.00933615318665385  0.01929474025521795  0.02945843832332573
  0.03967023368711618  0.04983899508625445  0.05998663275428152  0.07009403570278412
  0.08029819457995624  0.09060462874534982  0.10104625208093553  0.11159690076904057
  0.12215045953276309  0.13270337692803411  0.14345823043494846  0.15418063430610335
  0.16480592262731841  0.17500506709916050  0.18535472875251099  0.19575145063003849
  0.20605107140020940  0.21643565807751158  0.22680838028742009  0.23720745700287793
  0.24762565309664697  0.25811791691013475  0.26888610375472771  0.27960799181294366
  0.29052566425687737  0.30119502224825428  0.31158996374307074  0.32184844601570722
  0.33220784931882902  0.34265870156561484  0.35302849610811010  0.36350903191003009
  0.37409806193073752  0.38487030460979993  0.39563264968022804  0.40632462423438842
  0.41686170579779241  0.42736570699695753  0.43805262654875632  0.44869726896621742
  0.45939157714553586  0.47018849193458445  0.48075833229758386  0.49148830506242086
  0.50212679018341955  0.51309996593397245  0.52409634467423860  0.53497838764135364
  0.54584232201018734  0.55647211813918074  0.56697003819804526  0.57740546764791878
  0.58780538661212056  0.59841889670052439  0.60890235214764998  0.61949287219202032
  0.63007320117268273  0.64075159020259287  0.65158982698896128  0.66232882704668006
  0.67298619389265901  0.68335866717875893  0.69402557945163090  0.70466673798971702
  0.71538580016178033  0.72604282030361866  0.73674329137744887  0.74736111473682509
  0.75782516785875131  0.76841896067942139  0.77900946989545850  0.78980683723908252
  0.80053605825265417  0.81148432254746228  0.82218334998364828  0.83289400340009589
  0.84327679897823327  0.85375487478045464  0.86423608173593347  0.87481455474438097
  0.88543812480174144  0.89587590405552753  0.90656758728281372  0.91704306832189264
  0.92743152524461681  0.93774383710016607  0.94807782080154568  0.95855531042974762
  0.96909455119215782  0.97936025522475478  0.98974949922812816  1.00000000000000000
 -0.00252124092602803  0.00997546157306037  0.02027055903476638  0.03077773111094773
  0.04112704288041046  0.05132044834579343  0.06149371936061963  0.07213464861593775
  0.08250531131349634  0.09301030666360240  0.10337085674459760  0.11427254899786404
  0.12509444716325069  0.13580788398232516  0.14637006715041209  0.15717117361617405
  0.16798152111634973  0.17866014029125699  0.18935948419639659  0.20003831098117247
  0.21058188047245083  0.22108344444445682  0.23152613843561690  0.24217249912186983
  0.25285588742335741  0.26368007108393560  0.27454956957311172  0.28543841439823608
  0.29614379444206984  0.30677233242386603  0.31743468644451434  0.32807394825154751
  0.33858445755859956  0.34894015555295105  0.35941693431181343  0.36991247298271845
  0.38029175073593258  0.39060698203275301  0.40115130170049323  0.41171268225311891
  0.42229490888666615  0.43275583234919751  0.44319767078753103  0.45364787627727338
  0.46394536694878097  0.47429898348707156  0.48461377244117382  0.49495733430333211
  0.50546514925507069  0.51605671510755824  0.52675153661677976  0.53738776092223894
  0.54806502833207060  0.55853615926053390  0.56890933557668499  0.57944760658283623
  0.59010603288689023  0.60074615718645130  0.61117779994693211  0.62174352345506279
  0.63222903234641770  0.64276295301577091  0.65337417308206369  0.66398447122096216
  0.67450524959319147  0.68473606512450902  0.69503788523710697  0.70530589007416100
  0.71559060461925794  0.72586736159195675  0.73599053338643461  0.74633825927017106
  0.75679389374012029  0.76770204334482073  0.77828389301570056  0.78863080027948473
  0.79890342492764510  0.80933435031025369  0.81996648674246908  0.83045593005424445
  0.84126379579285127  0.85221580477801084  0.86303590656012497  0.87401597643782047
  0.88456286771962112  0.89490416966323927  0.90496743015150805  0.91504353645181913
  0.92561438339125912  0.93602310805738909  0.94649174293882743  0.95693267106813429
  0.96758475556164369  0.97846569134663697  0.98919022112199684  1.00000000000000000
 -0.00235154711535559  0.00921588073529291  0.01917122246079503  0.02980337625246980
  0.04022959493273310  0.05075880151786837  0.06126658388798807  0.07188091903779616
  0.08248306341961728  0.09288524070129169  0.10338047533455955  0.11404980387293660
  0.12454078831752459  0.13517690526603549  0.14559247629486141  0.15650219367086393
  0.16720468118466611  0.17802283582123407  0.18881210856827424  0.19961025820496320
  0.21026407749956999  0.22088372756410954  0.23165174903189423  0.24224529545802989
  0.25259531653323269  0.26288672430340282  0.27333360804666429  0.28389800596330472
  0.29459802505614757  0.30544877716763419  0.31639423130886307  0.32714201691671807
  0.33767035405960932  0.34809014936591509  0.35843495483819499  0.36878248281706877
  0.37924185375996472  0.38975750793257152  0.40035659874926782  0.41084738004644855
  0.42144758252851711  0.43201595428531031  0.44258032127331043  0.45320837408414383
  0.46383442041209344  0.47443350036659304  0.48487894889158650  0.49514767153978861
  0.50526360765955081  0.51542771120140862  0.52587474043019822  0.53654922100162072
  0.54712432172296566  0.55760208184059301  0.56807774325540050  0.57858806018051179
  0.58896904125175986  0.59942224513994091  0.60995836964700834  0.62068700120910392
  0.63119332510235415  0.64180017922488219  0.65268531362549309  0.66338912786795856
  0.67383465612389404  0.68404324629055757  0.69466434446661385  0.70552843785065245
  0.71644126468010527  0.72743567584875357  0.73819518252620031  0.74906614867982213
  0.75949124899618070  0.77023894690587280  0.78089032172421646  0.79174674989262506
  0.80222042109578140  0.81265047192108719  0.82322855406476880  0.83381633605470729
  0.84429108744876147  0.85460221839576833  0.86490941316348324  0.87534028201922776
  0.88601123522870306  0.89655608399541475  0.90699180334487151  0.91726002456946421
  0.92770397470539290  0.93819020554883259  0.94849601063769806  0.95881954034783334
  0.96917793857352230  0.97944869694086367  0.98980606778366487  1.00000000000000000
 -0.00221179705798173  0.00987454497027817  0.02038536255448346  0.03081213306642273
  0.04145194498397224  0.05185746617224264  0.06218334674139970  0.07244876283101628
  0.08263157408387271  0.09304028982778037  0.10346532719355488  0.11386543556531797
  0.12439617861882613  0.13493021011846137  0.14525530432538125  0.15557362964478250
  0.16575759921692626  0.17611113589951577  0.18685222282701153  0.19776719258859873
  0.20881741988416466  0.21957745067419648  0.23002233085956769  0.24046967975696348
  0.25085364803306914  0.26126984360143424  0.27159961824066886  0.28190308265927927
  0.29225746778122014  0.30253307588895167  0.31313563399444033  0.32381227107217025
  0.33437110854580082  0.34497928033643371  0.35553208474284842  0.36638309143030506
  0.37714408257575960  0.38786876440744988  0.39856962469757218  0.40902026927312995
  0.41957829253703260  0.43015826224981796  0.44071541496584477  0.45137374788143997
  0.46236247487101140  0.47367940148482279  0.48477370918821289  0.49557947121902263
  0.50620160707072637  0.51659778807722045  0.52682246097309893  0.53707137896482948
  0.54750324498173430  0.55798966507233294  0.56839995523493381  0.57872709715613269
  0.58895715681977745  0.59918746934051637  0.60958024130400068  0.61998228558476121
  0.63045640813773385  0.64118353952909690  0.65201761607352082  0.66284247178652134
  0.67331712934699639  0.68371927567829527  0.69405749886156953  0.70457207484616968
  0.71524883339575485  0.72615000045269595  0.73672197999248901  0.74727510638494088
  0.75752258432485120  0.76794264763371989  0.77803073645195120  0.78833118568631155
  0.79871063902065353  0.80925083662800867  0.81985220048720742  0.83045121114342657
  0.84078016370274256  0.85120254332699408  0.86165614532128265  0.87241655104505245
  0.88303386696434683  0.89376146638863652  0.90433119572705445  0.91512354188980205
  0.92562039323767853  0.93641257689432145  0.94699348859594501  0.95755863818746900
  0.96825774324864422  0.97891896707420589  0.98956120183104512  1.00000000000000000
   4.4987702697992334E-039  -1.0000000000000000     
 T T T T T T T T T T T T T T T T T T T T T T T T
