  0.02585322347255479  0.02593237388897499  0.02607925825138876  0.02619665902440874
  0.02630687097570277  0.02642560599690189  0.02654675555473362  0.02665404590265479
  0.02673961275411832  0.02682347088585262  0.02690699826723631  0.02699246506510817
  0.02711406498333559  0.02726624994686658  0.02745224558653610  0.02773237664342005
  0.02807691023450947  0.02833559059013661  0.02851702271551356  0.02858890155139744
  0.02868127587535259  0.02879948915455233  0.02894957007051535  0.02910103495440296
  0.02923409416934354  0.02935578428359501  0.02946104578146319  0.02958280121402099
  0.02971320849997659  0.02992991237314538  0.03016022743713992  0.03040622113080776
  0.03067056889495333  0.03111602414840472  0.03167727900991323  0.03231988255485271
  0.03242105040170967  0.03254519484753705  0.03265584104152263  0.03276646128430522
  0.03286386333208175  0.03295926706247235  0.03302321350085279  0.03307534339217136
  0.03312669930345307  0.03317557813184761  0.03319465113049751  0.03321522997445088
  0.03324355114436357  0.03329341225821588  0.03344097435223056  0.03364936452144160
  0.03379636157804839  0.03395225007444563  0.03411475374265516  0.03419774502681766
  0.03429709724421982  0.03445326242067746  0.03462119305654452  0.03477712128209252
  0.03509519372905100  0.03548013954132001  0.03610267168956061  0.03682218218693446
  0.03767855746713088  0.03836858229134228  0.03901289874324698  0.03963042189071891
  0.04020661117826905  0.04062359564920356  0.04101100613839251  0.04145738119465407
  0.04187521459801775  0.04220477244478884  0.04275974559439778  0.04364080517869903
  0.04472508813561746  0.04567589989542648  0.04627626233711016  0.04687098811276388
  0.04750610131547170  0.04822389379830314  0.04903842965645333  0.05000697494128848
  0.05131774390157009  0.05297018562806610  0.05455689644867744  0.05521152679563331
  0.05633223576457640  0.05798191286747147  0.05969300955787694  0.06699359643182090
  0.08638935873325501  0.11483081294832645  0.16710761816219377  1.00000000000000000
  0.00494942263304171  0.00495810865247403  0.00497232893688555  0.00499105806563838
  0.00501519453556406  0.00503975303649444  0.00506349003421244  0.00508351227538540
  0.00510035233736897  0.00512224947228892  0.00514721015445524  0.00517238882061912
  0.00519929222410672  0.00523512199607493  0.00527041127056632  0.00530287694230836
  0.00533534261405041  0.00537369052437770  0.00541316957496627  0.00545231715682684
  0.00549087800717294  0.00552863219214457  0.00555670875687505  0.00557804748363018
  0.00559898503303675  0.00561484864908871  0.00562753526490182  0.00563876344260916
  0.00564852775392635  0.00565616036201362  0.00566323942533585  0.00567414724223647
  0.00568807334756900  0.00570638367717121  0.00571612262165809  0.00571866327173227
  0.00572207205707443  0.00572506370486665  0.00572791145748305  0.00573051823848080
  0.00573309662877204  0.00573596678708224  0.00573966259395010  0.00574424851839986
  0.00574814965185612  0.00575087242023307  0.00575437982880772  0.00576624339952715
  0.00577955674060192  0.00579155953786570  0.00580558026261618  0.00582126772864061
  0.00583865868376143  0.00585821246303409  0.00588468627142177  0.00591252940297983
  0.00593017432300392  0.00593495895673729  0.00594107399539425  0.00594844928667660
  0.00595525581196338  0.00596183365721127  0.00596823656226282  0.00597925377210543
  0.00598815819594335  0.00599627773403891  0.00600649168057007  0.00601712666997016
  0.00605318461375074  0.00610436388781951  0.00614724082762389  0.00619541085701503
  0.00623238070793138  0.00625998112442927  0.00629015373852925  0.00632123263662846
  0.00635028062894290  0.00639192363366931  0.00645505851723410  0.00652978027279416
  0.00662164869687495  0.00670474974119556  0.00675238754640925  0.00678802271096098
  0.00682498540838966  0.00686808018609464  0.00692871375346901  0.00699424048865985
  0.00706216612096589  0.00716008727111629  0.00729988886117751  0.00746186650059641
  0.00771349880517784  0.00808150744238690  0.00901489806266233  1.00000000000000000
 -0.00098014236869475  0.00084569500645523  0.00267153238160520  0.00449736975675518
  0.00632320713190515  0.00822086221085441  0.01034077334203302  0.01246068447321163
  0.01458059560439024  0.01791860831286298  0.02178994016465243  0.02391399325104259
  0.02599129078383063  0.02807104315945334  0.03036146386467894  0.03241072819210596
  0.03423995789952017  0.03598082644343764  0.03758945758913187  0.03922207217120453
  0.04105328236229048  0.04433697887769895  0.04976966476800912  0.05456762581857979
  0.05855531279129850  0.06234356945625373  0.06637210065719060  0.07086745405353742
  0.07713313814417329  0.08331391187125095  0.08866913659040335  0.09524848316778725
  0.10075686964471735  0.10284353012103030  0.10392660001324737  0.10555570668968432
  0.10610746716286452  0.10634238339991971  0.10669798719874213  0.10768679401929199
  0.10871184822209420  0.10974291825872685  0.11099463300604050  0.11304167975299304
  0.11523955800453094  0.11755076771225796  0.11982439222881636  0.12740449682371682
  0.13049898404835975  0.13302236216344268  0.13598182485813656  0.14047999932892799
  0.14674311269764242  0.15506057752549227  0.16033602094789223  0.16661337277495156
  0.17187888400842999  0.18042667282525182  0.19346223775996388  0.21257905852167203
  0.23173299980198686  0.24884056222672038  0.26594812465145390  0.28222109651046068
  0.29847896332516433  0.31788652798297390  0.33667903569601276  0.35286810497972554
  0.36969590777272904  0.38476791246417785  0.39877217912883917  0.41280289410065490
  0.42821148076450799  0.44397016673190604  0.46038810832567728  0.48187156507756329
  0.50774216512376158  0.53603100223196121  0.56728995629970480  0.60104155156791828
  0.63414964026561349  0.65431356584547529  0.66564278381658304  0.67443478882902397
  0.68353809732925430  0.69094374590755836  0.69884103132896314  0.70933108659795119
  0.72873753259996354  0.74061647971736744  0.75752226679753554  0.77189476333377216
  0.78642772722932486  0.84143270448398833  0.94023897140354828  1.00000000000000000
 -0.02221910960826159  0.03226562956310811  0.08634127260266349  0.12391727689036759
  0.16149328117807171  0.18465998542235040  0.20233014003621116  0.20944528282881972
  0.21232193984506917  0.21902339319824260  0.22647134833343935  0.23475447680471828
  0.24296136671334267  0.25157111941205801  0.26071773330938697  0.26668935298122043
  0.27763359962533624  0.29547292695435878  0.31781833974882301  0.34657192504528150
  0.37102556759921940  0.39091385283134383  0.40277992302617138  0.41267488605467040
  0.42078845533989800  0.42951115381822369  0.43942170489996935  0.45321173627391353
  0.46159015040865559  0.46959097618270068  0.47723094398151472  0.48514518585840871
  0.49333181838472051  0.50250614931945803  0.51289557282407916  0.52567912687917773
  0.53988924636619240  0.55931789323900949  0.57891498801711461  0.59296429965759712
  0.60215983258621442  0.60994967174041237  0.61551634438920055  0.62072571327022330
  0.62661411648663856  0.63309995701591260  0.64085352929710726  0.64714796451957746
  0.65201140493182208  0.65685168119233783  0.66408822143597823  0.67236829219280503
  0.67469182046204401  0.67680654324299305  0.67889453538142852  0.68025303486696831
  0.68249916151266499  0.68525373351619856  0.68900985698879269  0.69363753253048588
  0.69831828293529030  0.70460557919622424  0.71317952499351911  0.72140489844176503
  0.72798494294346905  0.73436118619410617  0.74071909284463477  0.74812042859487871
  0.75490673348541937  0.76184057549093420  0.76803500967871996  0.77292015909104439
  0.77706914340695077  0.78396288778556189  0.79273171033958112  0.80064590756337350
  0.80466539835914641  0.80802639480376626  0.81297179677442033  0.82918832752758642
  0.85591281774002437  0.88638777742997099  0.91505633005875264  0.92820711815927803
  0.93167046662053532  0.93519726830486016  0.93818353953479938  0.94054493202443157
  0.94398103323584959  0.94570267057316360  0.94815525287291069  0.95369724151211466
  0.96283266394678702  0.97308531085099537  0.98617260213816371  1.00000000000000000
 -0.00101774557450676  0.00617658463918489  0.01833194188065337  0.02993018978628498
  0.03877911421788197  0.05167187223842210  0.07220607670293168  0.10849623051042820
  0.12489902894676765  0.13239614593206958  0.13875200889065026  0.14617368768755695
  0.15218146346712721  0.16100093615602240  0.16476760089594333  0.16665845148668257
  0.16823433920708694  0.17217089915636397  0.18112364563893724  0.18687756842476982
  0.18905733095141755  0.19208384706361462  0.19479820211488835  0.19994369947274440
  0.20905498702194933  0.21969153711883249  0.22740228722677580  0.23115260556182571
  0.23485192264277643  0.23854905873804508  0.24289539204989369  0.25076101245921678
  0.26243910276211463  0.27516887770476617  0.28782608581359986  0.30729451965529475
  0.33052654584887003  0.35726977434843549  0.38530951632433125  0.40947186486721537
  0.43072437751959120  0.44845460529926900  0.46414116335414812  0.47988981417700372
  0.49617564336842745  0.51429982418713605  0.53355519459835987  0.55070498464186290
  0.55921422692126888  0.56807843858089968  0.57719624340973330  0.58573012358774301
  0.59507045805784820  0.60219540923050674  0.60766176001786032  0.61397945879340077
  0.61887372892257675  0.62341667284669655  0.62837783540033731  0.63408162816419034
  0.63662158925755963  0.63921051781607152  0.64252438389980360  0.64642870105424455
  0.65115896829006725  0.66048726793110979  0.67272949813684912  0.69102446022490438
  0.71137428657095203  0.73350958479989159  0.76377906046459243  0.79404853612929327
  0.81593012546369870  0.83201487746856573  0.84805571328812235  0.86359893205619931
  0.87726118718770063  0.88975134234127473  0.90177124007026654  0.91377216204601752
  0.92620035992041572  0.93941095595987079  0.95503933651241157  0.96433088713198500
  0.96858180951255157  0.97280911138655290  0.97686474353087460  0.98084940440852253
  0.98525345284456189  0.98981407167477486  0.99315756250665410  0.99390203279895495
  0.99476295664943803  0.99566379429180463  0.99699272767062808  1.00000000000000000
 -0.01247424784900461  0.01415730777373703  0.04078886339647868  0.06619355905364929
  0.09093878522727894  0.12133057787770285  0.15411394653262112  0.16155943484204185
  0.16718887238957006  0.17030155685923090  0.17506182015454591  0.18320511036840278
  0.20127309471007790  0.21081489219313262  0.21539568910882889  0.22064256908884841
  0.22613530518421920  0.23244306507318946  0.23935130147420847  0.24589985378833082
  0.25180021910160322  0.25517425864655457  0.25841473191810738  0.26300958585787515
  0.27132295487670299  0.28093824951325530  0.29693989443724161  0.31618293988500351
  0.33961362372729287  0.35769203159602903  0.37377102626627434  0.38895192292193398
  0.39807193842199906  0.40312272357621476  0.40753211097416187  0.41265194793722842
  0.41753619046129492  0.42312612352166507  0.42897022690418896  0.43588743436859184
  0.44305920474804078  0.44963433933680963  0.45425582234924583  0.46023467136504348
  0.46724459630240012  0.47423689045358020  0.48125059907532125  0.48832151955096287
  0.49936122105717645  0.50975752113594586  0.52023636022255149  0.53115042537155521
  0.54373992800916915  0.55847390770427141  0.57139955906601470  0.58219161758791460
  0.59065015571679536  0.59689290390660488  0.60321397608547345  0.60957117554473783
  0.61596593024894497  0.62518252895720072  0.63641276994731433  0.64971700467054838
  0.65205518727428136  0.65402419201843409  0.65536167221896013  0.65650301693075730
  0.65745970805365084  0.65842749253499822  0.65989087318371020  0.66293147113794382
  0.66643650819828470  0.66938479296412201  0.67276688647133998  0.67929047541058241
  0.68709638432133890  0.69321468495022764  0.69904589186231225  0.70234960236121391
  0.70759573293748224  0.72069422320996113  0.72915690241824671  0.73630791663380513
  0.74593683756958273  0.76193509797587633  0.77930505598033251  0.79507779161382908
  0.81004061163637286  0.82364420263561733  0.84368109126551893  0.88221656199241871
  0.92310825688953113  0.95008717079699889  0.97772737759606732  1.00000000000000000
 -0.00081684204982179  0.01088480306873050  0.03717622170397768  0.06034991713305622
  0.07118086086200474  0.07837977879294862  0.08315758092508781  0.08671600892354057
  0.09222626392905993  0.09858026861689977  0.10775769701802761  0.11224274329826953
  0.11944686113848436  0.13833468246982283  0.17353045225921623  0.21960942838327691
  0.26254186728387213  0.28821416269412309  0.30009575207300104  0.30733890990326684
  0.31195363130380727  0.31577430387414507  0.32102491309233810  0.32554093059020356
  0.33217246271552825  0.34147973646858309  0.35021951621511510  0.35874205031445866
  0.37319258113815063  0.38947650550103174  0.40254151882896311  0.41434968203493100
  0.42113719347840939  0.43697670175184339  0.45915430920532030  0.47506761539387077
  0.48932482056771653  0.50045252186724909  0.51211309115789772  0.52092841571349946
  0.52668109738278601  0.53103317937899863  0.53332351117564014  0.53523564052565809
  0.53802487286949907  0.54179962371951107  0.54810813118343504  0.56014551911309396
  0.57276318213634991  0.58463901998223555  0.59671651006201554  0.60966997561951508
  0.61947017589236819  0.62247076715403526  0.62580362310099447  0.62961385695713523
  0.63396503705213580  0.64009849110004979  0.64694875468251878  0.65273616015659641
  0.65826552534962079  0.66453057944889060  0.67099378944989485  0.67649254238221168
  0.68186085023220389  0.68727948447541776  0.70524549424748451  0.73486520099336838
  0.75686750508219491  0.77327606584134523  0.78679840029120118  0.79836115404976971
  0.80807411094664217  0.81854251027041403  0.82470133630280307  0.83056356754278327
  0.83562292636464364  0.84055285018044079  0.84481277065060911  0.84907269112077743
  0.85443895021581695  0.86043686251771345  0.87013668399830935  0.87916172730251618
  0.88789166920038098  0.89378032576701494  0.90026569980422921  0.91510188836676565
  0.92954103265762000  0.94280100503393627  0.95212114770936340  0.95888249307828977
  0.96497193184491747  0.97284183679223979  0.98627281578949366  1.00000000000000000
 -0.00183309702555063  0.00859522285595572  0.01881244567864042  0.02848252093403073
  0.04933107657460220  0.07594324404968016  0.10024169704796103  0.12284487109332011
  0.13290608873920978  0.13512936128966252  0.13992595415444944  0.14939904046921607
  0.16153021757921585  0.16984032769230203  0.18034585472211820  0.18805510724565214
  0.19488444376149347  0.20201534602550292  0.22062926086701493  0.24971871000303750
  0.28225175222575610  0.30960859545415903  0.33450824405968699  0.35802117395908528
  0.37869894194441878  0.39885194258293261  0.41819511498540168  0.42942280537806321
  0.43832229708127124  0.44643639492878207  0.45225127086797329  0.45720114506292592
  0.46094656150821300  0.46387142733945935  0.47289023864124513  0.47864818208977544
  0.48208156101651722  0.48533456215681275  0.48848881435387648  0.49143947551438538
  0.49530676725648359  0.50066136147101925  0.50825119093854998  0.51508896198448506
  0.51867101038603081  0.53017715991480929  0.54983244982242485  0.56788497004306193
  0.57587248391488577  0.58261216732411714  0.59173207850824283  0.60145131849547517
  0.61132151846064198  0.62163115859776485  0.63284836065946537  0.64555031512090766
  0.66690925418334734  0.69060968045421589  0.70846409625080453  0.71705202399008505
  0.72164758310130328  0.72690516459406251  0.73384236256812596  0.73790433587856352
  0.73975335530489705  0.74221497129166925  0.74811075334010091  0.75488030046427690
  0.76145268090117346  0.76762126951773701  0.77508515625537289  0.78523589191338550
  0.79204987294286033  0.79661908908848433  0.80020815668580170  0.80652331968796742
  0.81327189359899599  0.82007732767672736  0.82674655765953120  0.83339565186143094
  0.84092493813783453  0.85060519145499303  0.86166914760113011  0.87540705316841216
  0.89133080849628210  0.90521932908412017  0.91889212239100027  0.93253169561109617
  0.94708343015614838  0.96259439377716149  0.98087099894499774  0.99402834318410349
  0.99670327072585452  0.99785877113218491  0.99898794165383964  1.00000000000000000
  0.98783896106052838  0.98879881040875406  0.98917866629223938  0.98935223310917964
  0.98947252582117462  0.98957851461234347  0.98967148173511765  0.98974978523656909
  0.98979808954159343  0.98982999943918426  0.98985241630375520  0.98988056917873168
  0.98990846063981275  0.98994211418473144  0.98997454650777039  0.99000159994057446
  0.99003089344083417  0.99005566724068261  0.99007922226647593  0.99010340501539962
  0.99013125249759226  0.99016106188246211  0.99019847193639110  0.99022788458035427
  0.99024273866023726  0.99025572285229047  0.99026512870670469  0.99027643110279695
  0.99029025940803439  0.99030825067951456  0.99032460834668701  0.99033580072172700
  0.99034520142302940  0.99035562831201707  0.99036907419612064  0.99038978523689647
  0.99040046721762798  0.99041033487903540  0.99042031640310857  0.99042742512287985
  0.99043823339676385  0.99044961489019656  0.99045537480580614  0.99046150242685904
  0.99046765718405227  0.99047191353885322  0.99047655076909924  0.99048466723597217
  0.99049784058819024  0.99051261797755241  0.99052950487440095  0.99055219710322218
  0.99057413293443197  0.99059069465315230  0.99060749148968119  0.99062289969717887
  0.99064035916086379  0.99066299481890674  0.99068568673252400  0.99070852961730638
  0.99073290233349887  0.99075750882744562  0.99077803299836420  0.99079807777179407
  0.99081670696044066  0.99083348695604900  0.99085080860322639  0.99086812014683312
  0.99088301272299217  0.99089943947836834  0.99091843779357736  0.99093834013299298
  0.99094811210767764  0.99095381454057874  0.99096035555103157  0.99096705137091001
  0.99097354757522382  0.99098067925896838  0.99098831426920697  0.99099631694193235
  0.99100531011587856  0.99101549162960101  0.99102411424003600  0.99103219542654197
  0.99104057860877504  0.99104845557180510  0.99105659945692659  0.99106428936146740
  0.99107174965477052  0.99108016825187872  0.99109038854467280  0.99110219065224758
  0.99111511030428390  0.99111925272158796  0.99112292963235105  1.00000000000000000
 -0.03069347373094828  0.10815274904408978  0.18668070883846694  0.24450508164953244
  0.29446188590959943  0.33519142192323687  0.37037398826127160  0.37947160692075937
  0.38405598238190597  0.38822581145632523  0.39518351096874793  0.40281778104912069
  0.41042393279647088  0.41948709194598638  0.42594116685679767  0.42986785359055496
  0.43583360161762941  0.44532248090290361  0.45718407085391738  0.47036597653473461
  0.48647979811493297  0.50417113599688890  0.52423646282159875  0.53574967323860745
  0.54337221590052664  0.54902841052260720  0.55668668359917772  0.56485826862946587
  0.57507282807116500  0.58171754600350400  0.58635491600848155  0.58952769788106751
  0.59172523951329004  0.59484628911135473  0.60008249315560458  0.60657179966395924
  0.61411976810807689  0.61841438700970019  0.62297364766789953  0.62632179004908839
  0.62754311251315587  0.62895629160227906  0.63036154554292245  0.63173897231148468
  0.63313089079971352  0.63446868353425101  0.63640366149563854  0.63948333086166176
  0.64189861924346325  0.64411621255845830  0.64637612989361071  0.64878024292497771
  0.65282706258953482  0.66047885939576201  0.66863694325066958  0.67739966925023132
  0.68318866426311176  0.68713518875805191  0.69137934827835734  0.69556484508655569
  0.69931717857459663  0.70299552640690588  0.70662605601092143  0.71164275180042180
  0.71582998790725583  0.71920509765805252  0.72226069620514721  0.72546240238010884
  0.72931351000626632  0.73434961428242540  0.73794019351600948  0.74099524073191159
  0.74659328450623874  0.75600749847880711  0.76721094151499891  0.77837765231702782
  0.79255558061734777  0.80084558417443930  0.80534114193560613  0.80863824464767409
  0.81165659841076143  0.81487392691622773  0.81861382607963062  0.82265247390765328
  0.82953373835713928  0.84024177473174977  0.85287610719744322  0.86469813493266545
  0.87313148271232310  0.88009346689038470  0.88787088072272358  0.90005588389461644
  0.90994916118501890  0.91773887717023050  0.92131316033485455  1.00000000000000000
   1.6631145864314633E-013  -1.0000000000000000     
 T F F F F F F F T F F F F F F F F F F F F F F F F F F F F F F F F F F F F F F F F F F F F F F F T F F F F F F F T F F F F F F F
