  0.00004521480070042  0.00015827446257522  0.00021825681986160  0.00028562045638272
  0.00036634862618380  0.00045893332531155  0.00056500854624928  0.00068223899857251
  0.00081047190892995  0.00094687379559589  0.00111687097878250  0.00133744244333963
  0.00160667572791509  0.00193694248090163  0.00232832457822186  0.00276071521335470
  0.00325086948162327  0.00381485959288346  0.00452110894172923  0.00533864491332021
  0.00623018737246279  0.00729418918513780  0.00858353566170246  0.01011940879895042
  0.01193450496848093  0.01382353790343947  0.01565072023148190  0.01708293233327026
  0.01859247886280341  0.02027122080274401  0.02230600397353472  0.02451824170703303
  0.02682001015863041  0.02882184655116269  0.03118408266239897  0.03422152304518510
  0.03797726711121997  0.04075685663413061  0.04331862320755595  0.04518440712519252
  0.04742953136276887  0.04927468694117985  0.05033857468633428  0.05125884358862824
  0.05315237661523333  0.05668974965666488  0.06083762687488571  0.06649982014392097
  0.06941458710329459  0.07145450426857484  0.07321481861555448  0.07531570782281546
  0.07861979179659211  0.08247427822229472  0.08512376552940691  0.08755170489163608
  0.09001635824854637  0.09297427194596253  0.09702541195343140  0.10346139110771649
  0.11118433164600301  0.11865935897803660  0.12499041287710944  0.13115061543342696
  0.13715996602779326  0.14477931175541808  0.15335364627939357  0.16145202129323416
  0.16935563747168686  0.17718932472099078  0.18555462735179665  0.19400814126666902
  0.20240654637173866  0.21498362877038618  0.22810296368999664  0.24161940347745034
  0.25424703429614787  0.26680036044046523  0.27960701779920888  0.29376209634298012
  0.30744552434560046  0.32106785987249237  0.33399058660164627  0.34566310762287400
  0.35797051394315088  0.37231935049054543  0.38711449910790491  0.40217674008990806
  0.42058807837857343  0.44241188951006544  0.46249232063784101  0.48188385338866219
  0.50609015086281606  0.53243678733414790  0.64899137160678411  1.00000000000000000
 -0.01239163826262044  0.95834810412138449  0.97619834371346748  0.98289171526491337
  0.98979189469666773  0.99272329043908603  0.99464228241992581  0.99553094874515047
  0.99599263680938399  0.99642714436765167  0.99676374352844066  0.99718632087233161
  0.99761323895259846  0.99799195271154995  0.99824973508158832  0.99836357088198691
  0.99844955172597338  0.99850853516504934  0.99856204056530184  0.99861195359420318
  0.99865971919351393  0.99872179471094913  0.99877006525765100  0.99881235221167730
  0.99884022707550735  0.99886469390981714  0.99888743694603632  0.99890949870810464
  0.99893820650217890  0.99896903917277857  0.99900181786553854  0.99902921744946960
  0.99906611605639539  0.99910579500785002  0.99914682267370070  0.99918565505440715
  0.99922302596190704  0.99925951021360393  0.99929088198262850  0.99932155444365911
  0.99934802748578289  0.99937377367940639  0.99939863718978450  0.99942317275373971
  0.99944633934834903  0.99946657952879070  0.99948282313825931  0.99949661974739779
  0.99951030302801569  0.99952483304124762  0.99953854374498874  0.99955299558224475
  0.99956778360248666  0.99958135008922422  0.99959458519875211  0.99960745950084073
  0.99961930674269395  0.99963131789113513  0.99964411920000051  0.99965794946134334
  0.99967137237325088  0.99968383449794751  0.99969631512019275  0.99970817101341281
  0.99972015661348501  0.99973151792458814  0.99974327157199394  0.99975528478976894
  0.99976711207647562  0.99977855570452057  0.99978913871715003  0.99979943792773307
  0.99980967624352557  0.99982054870699522  0.99983042006879796  0.99983998307366995
  0.99984944465130166  0.99985896232003402  0.99986953174991344  0.99987904548371820
  0.99988734385552647  0.99989562462898252  0.99990422389380629  0.99991269572058517
  0.99992093832298334  0.99992904338441735  0.99993744990923850  0.99994530665303272
  0.99995292999292129  0.99996032506379740  0.99996753871321986  0.99997474763843464
  0.99998192090275706  0.99998830108021886  0.99999426771569844  1.00000000000000000
 -0.00000049391129938  0.00000320336874388  0.00002251478604150  0.00008389824170141
  0.00023229472770025  0.00050764785748837  0.00100744839964821  0.00161689012041671
  0.00219912869258553  0.00295893637721909  0.00364478979085754  0.00442535346711428
  0.00540898486082503  0.00639029687394816  0.00748389437486375  0.00847242368804480
  0.00925961256325914  0.01013505121433706  0.01150784336679525  0.01333864010559527
  0.01485319531117139  0.01570686133980847  0.01645072115181663  0.01716261272509206
  0.01812380291728033  0.01930508594597811  0.02075168156465736  0.02229123690420733
  0.02378100584672655  0.02529825492292744  0.02706726609041685  0.02867801538924702
  0.02998066579293053  0.03126605451556839  0.03306250455255849  0.03569563530835421
  0.03804600357982375  0.03996005132469004  0.04191833368712217  0.04418131044676885
  0.04641881598513360  0.04784216321196708  0.04880316499122708  0.05057615523363489
  0.05257205937195455  0.05465324547084903  0.05661808683828067  0.05830099003211745
  0.05946729948661859  0.06068846981802829  0.06216876884624379  0.06434109174675673
  0.06678411912005315  0.06880657124133660  0.07093710296384639  0.07311831303694315
  0.07572541723332242  0.07794298064606768  0.07982399516697924  0.08137665773230975
  0.08327995618197916  0.08770774723537540  0.09099869056258100  0.09408860483168634
  0.09709883127891931  0.10032057750940541  0.10395180496836244  0.10846791136088145
  0.11269043990709987  0.11794140546008856  0.12188838546350772  0.12481629501285232
  0.12913445036933102  0.14031865220614465  0.15138678046055515  0.16096714236271226
  0.17054750426486939  0.18889895412732968  0.21250258886894632  0.23852378459315099
  0.26743568367182291  0.29912106846439268  0.33614676807812149  0.39299874933401224
  0.45942815213894544  0.54106505989057607  0.62974549261179935  0.69437745574252274
  0.76647589836307262  0.84331958004398244  0.90498000840851212  0.93604269871649148
  0.95731068942315722  0.97362077928934176  0.98737715350955169  1.00000000000000000
 -0.00060746400997621  0.00154598508979239  0.00426909137385828  0.00728003511639187
  0.01018133026034393  0.01351071571568668  0.01684360399025652  0.02098501303056280
  0.02491608955979513  0.02866595674911566  0.03238121065292941  0.03640945849108948
  0.04066980988502755  0.04520682569775310  0.04999874814310612  0.05484926436170096
  0.06018137901234342  0.06658546367578577  0.07420151491050389  0.08135310607195738
  0.08970741077612160  0.09861796916956257  0.10717404482565855  0.11507545666353448
  0.12283225742133105  0.13072309843584462  0.13709774731134905  0.14408010037620081
  0.15154612033877862  0.15884572301349767  0.16586094708591365  0.17327494018849113
  0.18256498282012931  0.19285754051139736  0.20347999528087996  0.21297910282137961
  0.22095173935152557  0.22936674339084129  0.23933218480779345  0.25016676068079097
  0.26056499949937217  0.27136177210883172  0.28515069969009049  0.30036191427955411
  0.31512724207923870  0.33056906608098813  0.34811696236952533  0.36609110635028552
  0.38066620072057433  0.39332710723324776  0.40998476733938011  0.42820449396922899
  0.45072589976034527  0.46882700109888720  0.48407833775899511  0.49989837226010586
  0.52191805284519799  0.54267177297912028  0.56027975542465691  0.58158229340272016
  0.60646983781234853  0.62692676181964069  0.64562004161711595  0.66227170371642907
  0.67408656427824054  0.68527274534435390  0.69760275974043351  0.72149962468207562
  0.73938420019646034  0.75762410851443507  0.77531499863174658  0.79305510876861329
  0.81083268305021594  0.82901541075823615  0.84978370178150409  0.86959404016690733
  0.88602428362229069  0.89919751319297225  0.91243024714419552  0.92467698236520945
  0.93490413824709750  0.94818053475318076  0.95846376320551574  0.96773089512946286
  0.97573318875523851  0.98296741642340413  0.98797848381661302  0.99116565371877419
  0.99346743311914165  0.99518600567356452  0.99635900740939232  0.99724357523234197
  0.99803773752248870  0.99873040403432900  0.99937294418654765  1.00000000000000000
 -0.00501814926139973  0.01872790701439013  0.03276267867507197  0.04389772283678062
  0.05384809431322785  0.06227557850098109  0.07091958532356753  0.07953754162593522
  0.08800959498048551  0.09738847718738572  0.10762856320858309  0.12025581524697854
  0.13413871413160738  0.14788078340777180  0.16066675170606304  0.17291682973686323
  0.18402184997381871  0.19350857949987813  0.20299878756923112  0.21232740137284570
  0.22283727456698652  0.23413448905196765  0.24481513583074757  0.25485610285435401
  0.26462963212993906  0.27384963569560278  0.28689093699000900  0.29833397204844148
  0.30791449296623219  0.31694690499893741  0.32589388059088620  0.33560407026044009
  0.34845046871235258  0.36421264327634972  0.38051211016293046  0.39733071204072984
  0.41415186450870189  0.42846372950490075  0.44015343611503738  0.45064288178950640
  0.46085359948119325  0.47349618846507191  0.48674683614601943  0.49660291253011180
  0.50502268132322914  0.51323902685741640  0.52099314673545716  0.52662021109818369
  0.53147576458450174  0.53768035716591933  0.54464289512562303  0.55173808135911440
  0.55930059772715868  0.56798496807656329  0.57784704752473848  0.59157396039239374
  0.60607965889086013  0.61794845843184232  0.62629605893120066  0.63278629001431896
  0.63951239013694339  0.64893983006827805  0.65843275055264294  0.66691772871603894
  0.67711642673492500  0.68874225768010433  0.69726665268201293  0.70361451408860276
  0.70972884910034273  0.71742432881309326  0.72634462381947251  0.73893309523686890
  0.75429481185070957  0.76958884101741309  0.78337450003469933  0.79535600427487041
  0.80610034132817676  0.81689655395171423  0.82810826502770163  0.84078010932340275
  0.85392235416678908  0.86299015229473752  0.86998453425849498  0.87984997065267423
  0.89048303837438925  0.90146572217695820  0.91194693706027785  0.92259992698171134
  0.93285517197518419  0.94230236078598018  0.95152962188897316  0.96141938914376246
  0.97136077335731208  0.98105612115301644  0.99026355860321968  1.00000000000000000
 -0.01084510458838967  0.04580703608222272  0.10030584905453024  0.13136932226290621
  0.16255007133315272  0.19621832096515374  0.22663483262196696  0.25536565811740292
  0.28359336645326405  0.31222406424502808  0.34416325967328565  0.36875363492660901
  0.39012060124458819  0.40998870585278119  0.42905535691992014  0.44920221122389459
  0.47272744359559421  0.49770012344205267  0.52531203421018657  0.55590723922845986
  0.58255264902797088  0.60650639057437616  0.62879776018255840  0.64832022354176189
  0.66500768177899039  0.68063554181645891  0.69735424120023271  0.71455790424586341
  0.72856599154135793  0.74137479881363233  0.75348345480727441  0.76559833092516638
  0.77576082136195146  0.78396074015941297  0.79197756662727636  0.79940175603854924
  0.80725760249036960  0.81419587185088771  0.82026085001194404  0.82970775044161493
  0.83858652984962601  0.84587452763775850  0.85302529291583307  0.86090015986579582
  0.86941353949676214  0.87804127890599526  0.88684371101614978  0.89496618050837362
  0.90183094438611944  0.90792223135340422  0.91360698462158041  0.91871122107171088
  0.92378600090620289  0.92845982137323357  0.93334659322877445  0.93783364604749264
  0.94170760365492390  0.94515709244026924  0.94874442302509088  0.95234710297403991
  0.95636423958385985  0.96000459527932147  0.96320588868944579  0.96628550608597197
  0.96934101622309532  0.97236554428551436  0.97526990963537197  0.97766127432296568
  0.97993183145853091  0.98202851444391781  0.98391587275772130  0.98553880278354189
  0.98698601562848443  0.98810014483191122  0.98898480032460478  0.98985176386369222
  0.99067797850057848  0.99165223341925457  0.99241736312066775  0.99307206603419107
  0.99364941908995930  0.99416829758775782  0.99469967572385665  0.99524878956313079
  0.99575856286783004  0.99619110192384908  0.99662550158290741  0.99707768249567763
  0.99755602249995512  0.99800484543624723  0.99839022094913266  0.99875007206912381
  0.99909756262092919  0.99940834013661273  0.99970780324326181  1.00000000000000000
 -0.00153904469232366  0.00639744443465532  0.01464042190725586  0.02311850714440974
  0.03040392147705426  0.03795885247536145  0.04664389109309458  0.05582773669526339
  0.06312924738381685  0.07911083650021951  0.08913134073910718  0.09715858994111509
  0.10361623474771087  0.10970899344046880  0.11906792329103341  0.12781853410925376
  0.13851500232463534  0.15078017767396179  0.16293667736420830  0.17487506056297064
  0.18658431171469747  0.19596959135133274  0.20470984266804990  0.21657269427530490
  0.23071999520083769  0.24292642544030502  0.25301283109586542  0.26178492067691828
  0.27023183286590685  0.28068493596315613  0.29204477579180377  0.30438395989834077
  0.31900730750291711  0.33352752735011171  0.34646581093352824  0.35775553665284121
  0.36638541130820029  0.37259054075291259  0.37994312866150320  0.38810954613814919
  0.39753556799675932  0.41061674277133525  0.42635442606410512  0.43933246126033138
  0.44864500587184858  0.45646675988019858  0.46357469087994702  0.47022033080646092
  0.47832661493342965  0.48831908005214725  0.49891295574167921  0.50970928556210127
  0.52163494367393448  0.53317039542668399  0.54549259446554166  0.55874193467171784
  0.57195650169329004  0.58405419373081002  0.59532520711584691  0.60587191499710646
  0.61754081646304282  0.63008384274567686  0.64179986564806957  0.65227437352734685
  0.66174525052573840  0.67072799298136665  0.67967750832573171  0.68950605826483025
  0.70044103649895184  0.71236773460267122  0.72206402125056934  0.72803499708423347
  0.73520676175565303  0.74484734381311068  0.75581903235541281  0.76529390403030528
  0.77586579296413349  0.78647656717104542  0.79695764232422006  0.80676585629084896
  0.81488529332383530  0.82295040422492627  0.83244969382192957  0.84447922068093828
  0.85941866630316344  0.87388887596296405  0.88751551866111467  0.90194976816449413
  0.91644858238767624  0.92940878236246005  0.94036517554578991  0.94959737317094162
  0.95935633953888755  0.97134374319997607  0.98524981224310393  1.00000000000000000
 -0.00221028791182956  0.00972537141978725  0.02172227801309170  0.03336605427794400
  0.04402152120204010  0.05615570611238530  0.07087242475407490  0.08617098682269915
  0.10000014241445046  0.11241870944303459  0.12271371260829513  0.13254732963806004
  0.14330686894475883  0.15611301837596936  0.16737554481119429  0.17657681087410082
  0.18463792503401952  0.19196913634275117  0.20183237682050095  0.21282279922350919
  0.22359795291174492  0.23407996974702378  0.24369964704698746  0.25416246442959473
  0.26663430448714509  0.27984560801781888  0.29308404442724156  0.30821581563287265
  0.32474142487032198  0.33911861148040712  0.34947955613936971  0.35958838105236168
  0.36933766830364489  0.38096523441132685  0.39425957814657331  0.40677288919122545
  0.41738666194055035  0.42693318881090975  0.43627712891331560  0.44508423398698604
  0.45575914163914910  0.46779836080715359  0.47829883260719813  0.48736795823830975
  0.49357153473251142  0.49834981115281579  0.50452720716956134  0.51481972933277675
  0.52761338067980634  0.53740221020870815  0.54557496587816612  0.55397905849678797
  0.56269858466313150  0.57135482900684509  0.58013823513514928  0.58823323754328316
  0.59585670067602925  0.60189534643494458  0.60656627129643592  0.61020763081425000
  0.61446988146189674  0.61939428936948371  0.62661637343928134  0.63612074935420582
  0.64647160103802970  0.65863867194596948  0.67137046023970548  0.68489568676281876
  0.69387536001784289  0.70420058108709938  0.71398537460768241  0.72338187899771345
  0.73576274178519829  0.74814857830530446  0.76012494675237485  0.77323284283169558
  0.78470544560366884  0.79592425717680915  0.80634517758687863  0.81649030445297499
  0.82743285736790073  0.83867645023232851  0.84950713299214786  0.86072189775845431
  0.87002885327676693  0.87888302957688680  0.88883497986665516  0.90069334008735136
  0.91260522070358308  0.92550179062258819  0.93837350498826499  0.95075192357766403
  0.96189970592571306  0.97376085536793244  0.98601437442290241  1.00000000000000000
   6.4666972771561166E-014  -1.0000000000000000     
 T T T F F F T T T F F F T T T F F F T T T F F F T T T F F F F F F F F F T T T F F F T T T F F F F T F F F F T T F F F F T F F F F F F F F F F F T T T F F F T T T F F F T T T F F F T T T F F F T T T F F F T T T F F F T T T F F F T T T F F F T T T F F F T T T F F F T T T F F F T T T F F F
