  0.00502179825585992  0.00512092450159702  0.00533522244447257  0.00564330509254429
  0.00602808775699954  0.00647945941694895  0.00698527842992037  0.00747210142200851
  0.00795702358738646  0.00849038413790662  0.00903629488442117  0.00960785956811620
  0.01022316865436552  0.01086134863429839  0.01152777462807318  0.01222521817669403
  0.01295031091989745  0.01373198384273010  0.01457523515530990  0.01546535483401465
  0.01641806322292971  0.01748768234221619  0.01858083414522068  0.01975910652785939
  0.02097514281892424  0.02238583420634624  0.02391576363394873  0.02550822747693795
  0.02719447659783370  0.02911020857611408  0.03113759102660423  0.03330093371325703
  0.03552743449860098  0.03772847588544017  0.04016122979418258  0.04314841553228013
  0.04689668058042393  0.05098778631727095  0.05542465864826050  0.05994477129575499
  0.06519284610216111  0.07092399865743021  0.07720427925846099  0.08391275361675313
  0.09106896053593105  0.09893369041092419  0.10782269568457743  0.11740457007395001
  0.12725186597151983  0.13809618051221031  0.14884100587462201  0.16016640081474026
  0.17175021056905612  0.18378310148642168  0.19580750258310106  0.20793436978816965
  0.22028144878513609  0.23391668542655827  0.24733303959332292  0.26044782013506301
  0.27349978949359832  0.28701582279116733  0.30049041843670460  0.31407266068194450
  0.32817421457646534  0.34312847258398066  0.35790579924596821  0.37358639833408608
  0.39101993269450447  0.40847807688688370  0.42521848743064178  0.44128399814607544
  0.45705366387390201  0.47306595878328978  0.48917873437045495  0.50589855906084669
  0.52331050303843474  0.54116913108450260  0.55867925933513063  0.57643687709374669
  0.59432385318147951  0.61300084438661429  0.63211000160379605  0.65164847403457316
  0.67365187555223383  0.69568899272499951  0.71667869346314317  0.73710071047970382
  0.75975393914408051  0.78308926576837345  0.80687422835342604  0.83270447406882986
  0.86030736456039780  0.89039578601261693  0.93034410215534169  1.00000000000000000
  0.42021265023598614  0.43276233516551038  0.44111799171243998  0.44464182950693859
  0.44834311899093332  0.45284292483095923  0.45823056161604614  0.46548065949734468
  0.47955355194483085  0.48986389944976888  0.49197254799779921  0.49561247634898736
  0.49959122825921598  0.50419880323519906  0.51216881412470139  0.52082264514478971
  0.52669929383781278  0.53216568729487312  0.53840530821937382  0.54727330266693708
  0.55374077163492497  0.55789052546815510  0.55986576165220736  0.56250033741255390
  0.56529037008377792  0.56862350269465933  0.57201352178072407  0.57505399588921191
  0.57775780032098178  0.57987771515794151  0.58214608743764484  0.58431681057771345
  0.58688592453773036  0.59009447297540196  0.59355358973206951  0.59947431539781293
  0.60569298843276176  0.60743265061399243  0.60965646594637446  0.61182436800983508
  0.61386557644265383  0.61592695011562903  0.61824300128365417  0.62065967503357256
  0.62285346411038234  0.62461752532474035  0.62621571636464690  0.62787725484845236
  0.62961525421296105  0.63253684967329715  0.63657343909729625  0.64073964617190926
  0.64398430039889665  0.64830358295122359  0.65199513772884365  0.65483228042693287
  0.65756123020445467  0.66035596612085568  0.66332922809459827  0.66641450924879020
  0.67090336889903568  0.67729145105542987  0.68285679134758404  0.68874929554242181
  0.69489316888928887  0.70069357667714482  0.70579792882100112  0.71054781387117261
  0.71542537245471272  0.72037936677869996  0.72473885528893967  0.72872224929366547
  0.73248419746599847  0.73603005673380961  0.73969313810019222  0.74339725504279763
  0.74699759405701827  0.75162464263010409  0.75799237070912584  0.76534670527240212
  0.77359208444723537  0.78361285503317557  0.79509790629279298  0.80735550741823403
  0.82021866445793246  0.83410147263921597  0.84676799364859279  0.85840300247734369
  0.86960059477587393  0.88075550778939005  0.89277301803194853  0.90566989379446994
  0.91987577522270425  0.93675425407749491  0.95956024275916108  1.00000000000000000
 -0.00403289944832104  0.01403505521758005  0.02647738332736770  0.03713412390807144
  0.04724011955080369  0.05652452582885049  0.06644014688040195  0.07535354372465630
  0.08527196827743458  0.09482322363775172  0.10408008244905567  0.11335700725457548
  0.12278158232250899  0.13396910460972913  0.14588314731779292  0.15757072848417888
  0.16991652985578129  0.18235187026560876  0.19480973226846815  0.20782224195278373
  0.21932007860289515  0.22951034866884712  0.23930832652866352  0.24830650716222930
  0.25818076036971999  0.26873247842441400  0.28014966286920240  0.29232684906123696
  0.30455021819552230  0.31608728659922353  0.32687138473656568  0.33747411436984598
  0.34825536776409982  0.35915565749432266  0.37004083009568650  0.38092424930508112
  0.39206548914766176  0.40254629516640394  0.41253447843467272  0.42369375708395074
  0.43472179951540180  0.44606482899332134  0.45690686869724539  0.46766220398754904
  0.47888884568026585  0.49000882926090800  0.50022886757226193  0.50967565035487028
  0.51911260442215368  0.52901335054134691  0.53871960435309096  0.54780533521059449
  0.55680251865547747  0.56826962654115987  0.58160972431850766  0.59357245444589013
  0.60456560427463490  0.61620100087724416  0.62815671999090383  0.63986678652217954
  0.65145632993033575  0.66257845656405090  0.67384789588276894  0.68519445451887473
  0.69701935121003677  0.70798960894809537  0.71867144757264523  0.72968770550014472
  0.74202835947019141  0.75433168440441845  0.76620145458515043  0.77747230551185864
  0.78823883534946892  0.79746422430262720  0.80545566976070471  0.81288559976274566
  0.82054911758205173  0.82843154476845016  0.83745560194110835  0.84684339166926004
  0.85613462740689805  0.86600775735375723  0.87544116095872271  0.88306643810637053
  0.88954815357652772  0.89613764838945309  0.90388070105105012  0.91325817616543414
  0.92309241073667880  0.93226670434833958  0.94254523066670448  0.95405225783404868
  0.96530009674684569  0.97601110354351484  0.98789258483898723  1.00000000000000000
 -0.00166268214572201  0.00649270537321773  0.01469429456243677  0.02231849616296647
  0.03016410767126355  0.03980753891442772  0.04987283162452921  0.06114704200041959
  0.07248798117550810  0.08206683103389591  0.09120308161889808  0.10076125304239149
  0.11084853937311931  0.12098754569748245  0.13254181299322229  0.14547458557395651
  0.15748660203767847  0.16948546560587532  0.18056139788182363  0.18957895912252801
  0.19789543689180084  0.20614627033015964  0.21468895390702389  0.22625435961466805
  0.23830204854697398  0.25034995003681670  0.26287324330492928  0.27503658701812522
  0.28786233858180749  0.29768599855740796  0.30681240120107678  0.31553888165843247
  0.32466547520465006  0.33400040055571811  0.34463015701546490  0.35501333912161637
  0.36672103396540318  0.37747697285575899  0.38783697964542613  0.39828503603521959
  0.40898658741033111  0.42034255009202709  0.43375328920460882  0.44580863464928216
  0.45798566825053055  0.46865905843871419  0.47956499533060043  0.48936335605090747
  0.49957576449320779  0.51010492242259808  0.52105022785620347  0.53237222312921895
  0.54390578623104480  0.55564127031344179  0.56673506229140347  0.57790538901351429
  0.58857434646740958  0.60042126698679910  0.61053429528198888  0.61931631356684680
  0.62757533403958121  0.63581491637932341  0.64516171956114410  0.65494749667915864
  0.66518180664573900  0.67629928279052531  0.68830521096287711  0.69975463329336685
  0.71121634069965756  0.72216652511409507  0.73361488895625560  0.74562085654684462
  0.75776571249445379  0.77055406006094440  0.78326312576264501  0.79541171749405615
  0.80536263079155201  0.81447226552444740  0.82320725838645759  0.83202157736423654
  0.84166259188882231  0.85196752070421966  0.86272169991926306  0.87377710546310916
  0.88513706654144064  0.89709575336005309  0.90998401028128451  0.92184781019059658
  0.93278918407489975  0.94304992496672435  0.95297350746403953  0.96205519925823213
  0.97210068372431935  0.98155567602448757  0.99140780822748464  1.00000000000000000
 -0.00199799965522861  0.00772586645254866  0.01735482406552338  0.02648682188245236
  0.03743189953416724  0.04765960153934760  0.05798876323825933  0.06871033775417076
  0.07994402557541527  0.09200991291615673  0.10317644029582575  0.11357712689183863
  0.12360663530727338  0.13354444119314698  0.14440600523584174  0.15552480114512124
  0.16639640517826160  0.17728281118855230  0.18790464422104400  0.19873969495322424
  0.21008521051874346  0.22208757344843250  0.23510082435605192  0.24799190646487018
  0.26086789708800479  0.27355027649712849  0.28667602602316633  0.29920688828303449
  0.31087322270572637  0.32142435824316501  0.33191369617299843  0.34279224644714179
  0.35458026332462600  0.36663199977281191  0.37770505447261954  0.38751072151739135
  0.39717266164291809  0.40675218919283296  0.41540692257203832  0.42316697907980722
  0.43059422441660916  0.43964090741863687  0.45247847117110523  0.46491552411485071
  0.47706829627148400  0.48947610863262125  0.50215636300782818  0.51281043208552290
  0.52393824107880560  0.53464155953773007  0.54464449435712670  0.55398093754829980
  0.56374436727289001  0.57410630768761672  0.58459641146942831  0.59500865744912224
  0.60546866870813609  0.61626687833238858  0.62772934784072609  0.64018352568107895
  0.65227107444902532  0.66339570225497790  0.67428560033880158  0.68552298685745283
  0.69679873751158539  0.70693000480221413  0.71526733720875058  0.72348479060046389
  0.73294960174210833  0.74357925474797482  0.75336796345064982  0.76286145814074191
  0.77290362687456915  0.78315789531882396  0.79247230434217464  0.80155859724173673
  0.81084911913406432  0.82072736583550077  0.83004223689105416  0.83995155522659348
  0.84958782857742920  0.85935605544470595  0.86870035992861305  0.87867358960133313
  0.89063725550403572  0.90081410026908693  0.91029270576304988  0.92110789752687650
  0.93109774949435165  0.93978417190032415  0.94730860534371009  0.95508866233633904
  0.96477858957524976  0.97636997674688042  0.98808405509046238  1.00000000000000000
 -0.00237245097631054  0.00791444078858437  0.01753789890982000  0.02885843395592273
  0.04094055727453155  0.05291128796823215  0.06281204261838039  0.07287940320935964
  0.08315953547687312  0.09547797641418979  0.10765171940910054  0.11913222322414251
  0.12964598059760510  0.13952436674719837  0.14952372156044355  0.15960076514413640
  0.16976449976289570  0.18037050498108242  0.19154602250166827  0.20262731764460820
  0.21276622176267301  0.22244597129473623  0.23231648980907801  0.24176108960954062
  0.25078876481435630  0.25942705060347421  0.26954674785917709  0.28206965664104483
  0.29334716433693897  0.30305657673633152  0.31358612785928824  0.32482851341336760
  0.33592831030703507  0.34785940247810665  0.36003937428455174  0.37051431609879559
  0.37906449552371729  0.38691309926163148  0.39575862473385415  0.40654246465126120
  0.41661400321273756  0.42638270425100600  0.43612451134802338  0.44925902082779356
  0.46263737410647687  0.47531381885292279  0.48711573609086006  0.49802241971343020
  0.50899167801983924  0.51964883915309323  0.52938036678795575  0.53852313710290090
  0.54755332745365404  0.55643147057265452  0.56517321905525519  0.57398479827206106
  0.58400859895816459  0.59589977105794800  0.60782850292013557  0.61852353162140505
  0.62941035626623532  0.64084523851464337  0.65234942466081480  0.66372375453318955
  0.67439309829026606  0.68502479555508022  0.69522217448117807  0.70545848081529916
  0.71639450799286652  0.72809731189567162  0.73917846943095411  0.74952616908279346
  0.76032828881524506  0.77113857283519915  0.78165526687502318  0.79090086993702491
  0.80055072315413256  0.80967921737760062  0.81887129639489353  0.82848830765457337
  0.83917113458493831  0.85109247112088593  0.86361806338477476  0.87561272304947002
  0.88692669096394416  0.89718817827534814  0.90834630532694571  0.91953128542724438
  0.93035980362010717  0.94133033682710987  0.95234453855925982  0.96270139506147834
  0.97205227602260247  0.98126741833928377  0.99051303128107981  1.00000000000000000
 -0.00316747264495660  0.01173199701720164  0.02334610807949549  0.03448999378434403
  0.04485501221872799  0.05472301682745407  0.06454987566822520  0.07403861753140632
  0.08272260394227572  0.09024195764513301  0.09808794635002925  0.10670784036110004
  0.11457655147902564  0.12331623585804856  0.13277124785543590  0.14154445621458112
  0.15081645545130476  0.16232112879586427  0.17429510017551320  0.18674782528658546
  0.19934988216213756  0.21033245311474028  0.22126407738786413  0.23183192074951642
  0.24215710122849110  0.25282166935725492  0.26372076375924031  0.27541190036498042
  0.28806295526343340  0.29878227337844587  0.30821312522972927  0.31838262871471412
  0.32867263565605054  0.33805371813010793  0.34642598954389975  0.35559839971446922
  0.36660710252027923  0.37804768610706380  0.38972019116988732  0.40201506815517862
  0.41483375634930486  0.42740118975536229  0.43939584045816044  0.45164468872701213
  0.46435587806921619  0.47674054542237149  0.48934301087917448  0.50236589244469232
  0.51512600809410880  0.52741431489395540  0.53838802807421715  0.54808031985614747
  0.55606095496327068  0.56386682088760010  0.57210229784072619  0.58109936944970642
  0.59004663214534958  0.59880207870895419  0.60837587388215486  0.61900953770293876
  0.62983847643038360  0.63941180433114841  0.64957466600373992  0.66060173332688965
  0.67307911511829199  0.68392834452504070  0.69359002816249171  0.70300703811169807
  0.71352265036508444  0.72425367229781035  0.73503646253649557  0.74548210425099670
  0.75490742706288416  0.76457996322972166  0.77432154942373643  0.78507771663744441
  0.79560421765837119  0.80537227846554238  0.81485731970511777  0.82429546409577226
  0.83455468687500334  0.84663158111823877  0.85956803391122893  0.87154246674324209
  0.88243961034524410  0.89232184219457678  0.90307451590753440  0.91412490679619496
  0.92518521437537815  0.93598567357755391  0.94782352748893295  0.96072349838299553
  0.97165121317510461  0.98197445005729911  0.99072694376281578  1.00000000000000000
 -0.00150324293782730  0.00612300730473887  0.01383264527622861  0.02155325699819356
  0.03005050973741014  0.04007821641844121  0.05052467099400430  0.05989307744168792
  0.07112843789778688  0.08247111942636649  0.09424201034074273  0.10662597113410620
  0.11927019684836132  0.13210866933375032  0.14428578975347311  0.15485845009985322
  0.16544920443125155  0.17608651289582761  0.18702405922178511  0.19825401025868827
  0.20912180908348973  0.22052359597798418  0.23327729981339296  0.24647706815736267
  0.25820881938055090  0.26847324203546447  0.27728249422606888  0.28637306018907427
  0.29537780435972644  0.30484722232419154  0.31464944143289580  0.32468775594233695
  0.33501394721913380  0.34535935600198825  0.35570817510530628  0.36652675820646485
  0.37799844776684871  0.38923930361597830  0.40020038688044102  0.40871062374250172
  0.41808064891181229  0.42676692966963092  0.43479074922571748  0.44196238084071787
  0.44967903744991550  0.45809174131624220  0.46990486369240014  0.48238806518532695
  0.49280876079937447  0.50173532932007625  0.51101091584556080  0.52061760528402656
  0.53071846751986240  0.54102742458155750  0.55195552794833158  0.56476995234672844
  0.57796673890833006  0.59122027913686093  0.60352146402299245  0.61592728021038801
  0.62821322107933542  0.64001245932993212  0.65128403515644495  0.66256895018265138
  0.67421474045225493  0.68479788671857234  0.69530759621247529  0.70598183769337941
  0.71733382493143838  0.72809695641115701  0.73789763919886042  0.74775495562751804
  0.75802385980364440  0.76913618927727656  0.78105573448926269  0.79240540491692968
  0.80284884293924108  0.81327093395198891  0.82444055587637755  0.83697167722816623
  0.84910318969728393  0.86065465233572225  0.87244652563848768  0.88243356920773686
  0.89294202980394488  0.90370136480311614  0.91486172317990289  0.92543160934678648
  0.93487304342830058  0.94369577526699522  0.95278317408624880  0.96256981737393565
  0.97185820656669597  0.98144542825695502  0.99050134507730092  1.00000000000000000
   4.1143269082092903E-041  -1.0000000000000000     
  <DiscreteSampler_grid>
  Helicity
  1 # 1 for a reference and 2 for a running grid.
  20 # Attribute 'min_bin_probing_points' of the grid.
  1 # Attribute 'grid_mode' of the grid. 1=='default',2=='initialization'
  0.0000000000000000 # Attribute 'small_contrib_threshold' of the grid.
  0.5000000000000000 # Attribute 'damping_power' of the grid.
 # binID   n_entries weight   weight_sqr   abs_weight
    1   4949   4.948809645486922E-041   6.074296865320475E-080   4.948809645486922E-041
    2   27   5.438286738365873E-044   2.869115617801016E-085   5.438286738365873E-044
    9   20   5.820205963183570E-053   1.529505773460667E-103   5.820205963183570E-053
    10   20   2.965663914667778E-056   2.857545307932200E-110   2.965663914667778E-056
    17   4483   4.638090745094407E-041   1.649159268023489E-079   4.638090745094407E-041
    18   27   8.995073780371932E-044   5.395023242923631E-085   8.995073780371932E-044
    25   20   4.239477596346590E-053   7.241985035913030E-104   4.239477596346590E-053
    26   20   2.915359515306783E-056   4.981157795894822E-110   2.915359515306783E-056
    33   4548   4.490225412489178E-041   9.124844958282143E-080   4.490225412489178E-041
    34   25   8.134991232139266E-044   6.056923118217297E-085   8.134991232139266E-044
    41   20   4.521705924301354E-053   8.314470902323250E-104   4.521705924301354E-053
    42   20   3.731014332568066E-056   1.052283532997673E-109   3.731014332568066E-056
  </DiscreteSampler_grid>
