  0.00004956974337890  0.00013149618474974  0.00017284564228195  0.00021730676173238
  0.00025967658535993  0.00030549830451794  0.00035999128866148  0.00041113663366252
  0.00045323266395135  0.00049380809427472  0.00054384159985844  0.00060199440780055
  0.00067395157654779  0.00074834754799371  0.00081737883211524  0.00088106096825882
  0.00094281487528060  0.00100950274207585  0.00108850092661682  0.00118448960368718
  0.00129289524334013  0.00140077812554633  0.00151421300091294  0.00164342381823513
  0.00177549729018925  0.00190665279201148  0.00203442896369118  0.00215607732590902
  0.00227326540586996  0.00240046992966337  0.00254406356481782  0.00270256347805347
  0.00287092921575425  0.00305051595017678  0.00325102184886124  0.00345006441363491
  0.00364427631850760  0.00385035875802910  0.00411116113929136  0.00442392807317916
  0.00471010618097945  0.00494666711868118  0.00521436663412333  0.00551929112564975
  0.00584413465837689  0.00616287446404773  0.00648805605276919  0.00706032160028800
  0.00788400713132257  0.00861599464652772  0.00945413925941164  0.01042004752308241
  0.01141434836115564  0.01242641472308224  0.01356962847066522  0.01481994933213866
  0.01614826487863114  0.01785057658137285  0.01960179854659882  0.02141509636554034
  0.02333308411863004  0.02512670950427633  0.02682966215584969  0.02828926471959289
  0.03007010800296243  0.03291399209573451  0.03570770710254013  0.03891498834196418
  0.04181171777067186  0.04395286752050035  0.04595797980129764  0.04926194019870790
  0.05223390581252108  0.05505679232527496  0.05775362307003433  0.06086250058722169
  0.06673418677549485  0.07261428247875516  0.07903390643126101  0.08799277539946262
  0.10053096544978699  0.11665998089815441  0.13318914442259983  0.14932076278817097
  0.17014433311158778  0.19586055164182167  0.21224550026783917  0.23117222796556686
  0.25047571859348461  0.27275573654210067  0.30176370137662167  0.33303764777290767
  0.39818182818275000  0.51178722836892487  0.68143766549375617  1.00000000000000000
  0.00008009240221930  0.00017592516944444  0.00026100094963328  0.00032136573037234
  0.00040854948800982  0.00055863617687243  0.00068429524872591  0.00078123759972070
  0.00086503679833363  0.00094281476176618  0.00101069093268420  0.00107666506730073
  0.00114955652722297  0.00122618350507401  0.00131199299880512  0.00142434870903175
  0.00154524042900265  0.00168572811685819  0.00183674375487252  0.00198344950516625
  0.00213381237599637  0.00228159051992401  0.00242249420707221  0.00257956940940919
  0.00275345520571208  0.00293139640012112  0.00310079721158441  0.00325961503724368
  0.00343252199803542  0.00363861087133276  0.00386826489394545  0.00408671366989597
  0.00428815283568466  0.00453999548252736  0.00484052861490816  0.00515430285048051
  0.00549685483838298  0.00585392438807779  0.00627590088712900  0.00674196037764475
  0.00717152173322071  0.00755707878304862  0.00791169540411106  0.00837610007864077
  0.00895910240221754  0.00956564693001727  0.01013915664667237  0.01066263964600176
  0.01116184017134117  0.01175907474508962  0.01246748245438656  0.01306468050385572
  0.01365943863927376  0.01441591887262301  0.01534043773682210  0.01627073961331136
  0.01709533681683896  0.01827112164696613  0.01979191790619097  0.02135343338384095
  0.02301929253316918  0.02509012143963702  0.02744338343972285  0.03005704813716472
  0.03300075559597000  0.03688891663287641  0.04034397299216844  0.04403565679945148
  0.04813427514812640  0.05284405414733513  0.05857305555387522  0.06542540861520070
  0.07305378332757242  0.08047917410996781  0.08697893243260776  0.09310749642549895
  0.09904162534543851  0.10532447114356226  0.11303043357988256  0.12401014666703335
  0.13756165376142176  0.14968293182965137  0.16363986558627022  0.18099377055686805
  0.20032238897274440  0.22211731347352681  0.25496097956603392  0.29527943076843866
  0.32845196013370970  0.36473080975764421  0.41078482795344995  0.46073859063476691
  0.53472428497737468  0.64441683595816024  0.79225658436299606  1.00000000000000000
 -0.00557243618407211  0.02183516538973265  0.05016760027998077  0.08087422670207528
  0.11850415000885288  0.16082862391979633  0.20954937793776277  0.25732999225521475
  0.29638953910317262  0.32892836329037112  0.36058893892628874  0.38376386257103096
  0.40469607342779151  0.43367097767015805  0.45987619540277214  0.48033102406306272
  0.49756381121946774  0.51950402759008485  0.54762188961378777  0.57593687224767232
  0.59453587045769762  0.61117529292856043  0.62629516259688145  0.64024428399989786
  0.65366258466066507  0.66699887538217573  0.68013262091320825  0.69480224819676573
  0.71092629218414072  0.72446460525741618  0.73858062087335852  0.75112859122074294
  0.76185886564108263  0.77119473599473887  0.77964455826780354  0.79013168202700745
  0.79908155589480090  0.80656987756909848  0.81317070786397383  0.82096348989621848
  0.82919493501649311  0.83842193802385379  0.84744255576106697  0.85512494068337619
  0.86129169388071192  0.86626406627933228  0.87116193544443044  0.87606548692624853
  0.88083266610386801  0.88659423718901842  0.89183521961980339  0.89654310524738701
  0.90060623842092435  0.90493935088005362  0.90985765619609227  0.91467609143329887
  0.91926089865612803  0.92333116050878028  0.92724284171372617  0.93123185923378715
  0.93541113941613674  0.93932617277730424  0.94284968323686924  0.94634802818723229
  0.94996659968181074  0.95367547354717885  0.95717679918617637  0.96036001516976344
  0.96319122750638253  0.96581354529652319  0.96846257075930853  0.97123701286107156
  0.97394398168727081  0.97635245993664455  0.97842724617098475  0.98037330522538280
  0.98240920005553833  0.98441686250047278  0.98660020483900923  0.98842447140853729
  0.98974006510818680  0.99070815856329764  0.99158814147191920  0.99250972632903589
  0.99340642028821202  0.99429162599262388  0.99516301039762378  0.99590395973181800
  0.99648936981343694  0.99700362869361825  0.99750085839633362  0.99800093728928330
  0.99852626590026994  0.99905078381380119  0.99954617353295172  1.00000000000000000
 -0.00249005624543696  0.01013546694605418  0.02123113285722396  0.03357692103650688
  0.04658512207851258  0.05996862207804582  0.07017675531353385  0.08002965438448938
  0.08987451349091995  0.10061974946611771  0.11174507214829160  0.12252647650496971
  0.13303923006634896  0.14393307204597167  0.15571183865729529  0.16905128366684619
  0.18440042535675102  0.20088947654585410  0.21434612048087626  0.22378619160870411
  0.23207183462163469  0.23985182245014425  0.24806217564750010  0.25963829612795997
  0.27122154641127016  0.28718120221641458  0.30253463516791362  0.31627365612120872
  0.32744390641055421  0.33619411111181735  0.34420272956754444  0.35289715677106792
  0.36324662931860191  0.37393406392049644  0.38435876054836365  0.39305437925243675
  0.39922892769066759  0.40480047491016974  0.41089147339401982  0.41812399476145717
  0.42579711165043255  0.43292732358777658  0.44063558253572399  0.45031461219656943
  0.46042719567519058  0.46896672267395456  0.47790109828212551  0.48663532944147381
  0.49545349744527978  0.50351049048975705  0.51137558974005293  0.51741152546227709
  0.52343315803159129  0.53163348888804218  0.54235709692727840  0.55452139313967996
  0.56689277082977241  0.58169247332937923  0.59882997661625903  0.61595679736396147
  0.63137726179864584  0.64179708219350518  0.65045847391542166  0.65874640184667177
  0.66598078321709453  0.67496605875818572  0.68577298297458733  0.69904008690441732
  0.71326911685685634  0.72836142179804142  0.74553471252016579  0.75945507852172145
  0.77100237050345033  0.78134725470127719  0.79138779719912200  0.80063538069806384
  0.80893189227817597  0.81949407406917807  0.82981122707424415  0.84022591056695517
  0.85112734171030813  0.86179249642774725  0.87095432145419183  0.87901263006503105
  0.88726659760126558  0.89468363885250457  0.90322855236602950  0.91338396986184189
  0.92432721383839600  0.93592502760569829  0.94690206084233208  0.95762007265737770
  0.96782106478832974  0.97780265619178597  0.98862737222122365  1.00000000000000000
 -0.00067204062643508  0.00020244456345150  0.00186517578778220  0.00427534487701086
  0.00664800635095899  0.00966511694938941  0.01318186406884070  0.01703585841069906
  0.02120696995744056  0.02670255887843819  0.03249256214547516  0.03798029823044784
  0.04215631786700916  0.04661705573370693  0.05173911608382570  0.05653478367583795
  0.06080883245404489  0.06498800557097055  0.06991298948720050  0.07534851231142302
  0.08070571935141019  0.08920868088652806  0.10399955005149707  0.11997530508111490
  0.13586355663592664  0.15188005849099118  0.16762271647471610  0.18289153169406813
  0.19909714422238578  0.21721308278531823  0.23719554787023198  0.25513220817704357
  0.27322004897245739  0.28875923254697161  0.30530916226070443  0.32330774161688197
  0.33847563228243116  0.35346688888590899  0.36739085612117889  0.38150791753324431
  0.39719894087263458  0.41291600476416201  0.43250001864008214  0.44928431479371062
  0.46652679640628969  0.48579281085919840  0.50548279394152307  0.52210673779238970
  0.53963017718614259  0.55589897550819600  0.56917885699151716  0.58296096643342676
  0.59936172734423077  0.61681237216330198  0.63317818752655797  0.64916817786217373
  0.66595712712602473  0.68394389688997059  0.70364487904427653  0.71490671699642383
  0.72312119716071255  0.73107012478687960  0.73964574963980290  0.74811847274001908
  0.75723944606161353  0.76660500783527674  0.77748645708772202  0.78884511955767178
  0.79945422898540530  0.81058214203603363  0.82118342454050852  0.83220835743902621
  0.84571177292639055  0.85748491800660320  0.86706374394287578  0.87582474497075302
  0.88470578731773208  0.89346902239903825  0.90149959571694038  0.90899143820714845
  0.91622230857473119  0.92388571183173596  0.93058012194016382  0.93731205611129875
  0.94387536038822872  0.95023628202756039  0.95642339492896289  0.96181492737414109
  0.96707836099895073  0.97219215468118791  0.97766280714356135  0.98344684137140759
  0.98848904953157157  0.99278506505440101  0.99649941590297630  1.00000000000000000
 -0.00252838096131727  0.00931000359812523  0.02059502086802178  0.03297950443850090
  0.04478646362017823  0.05673994391235571  0.06803239362240242  0.07904438762128860
  0.08867635958755025  0.09810673164918594  0.10912108912161068  0.12185192618832448
  0.13522011653901689  0.14730773295523525  0.15868399702867647  0.17109614219241251
  0.18292752427378875  0.19584748659177614  0.20886436509221515  0.21850445387433082
  0.22455172554180089  0.23057678053010147  0.23597009637490168  0.24142392380294617
  0.25033052890993734  0.26350193411821182  0.27495602402779040  0.28299420299689509
  0.29065675788689971  0.29893469054364052  0.30773795588897407  0.31677137196850541
  0.32809692928932205  0.34134316010007404  0.35193279168645297  0.36200244421345001
  0.37216195056853929  0.38225225051911055  0.39174132082879054  0.40263302993449057
  0.41469351412754363  0.42738964544959251  0.44089034970160307  0.45513216489207808
  0.46982371872157580  0.48314635204035961  0.49501026304028628  0.50360523934761814
  0.50987633454764425  0.51676777357077897  0.52428783608965934  0.53305192402166723
  0.54006959239203156  0.54703571454261812  0.55430874461367696  0.56190615616110628
  0.57105801695026648  0.58253108051393820  0.59532661718072755  0.60809159238636445
  0.61867015585758300  0.62975108230498333  0.64124424670696767  0.65173072501329110
  0.66020811864259710  0.66898758464963548  0.68251895165493526  0.69601767615020571
  0.70759536717622318  0.71672415517937038  0.72558971291003804  0.73485636624486306
  0.74319079957567402  0.75154757525490612  0.76077521864067221  0.77010929042266585
  0.78253022358107427  0.79729549221279239  0.80941564470196914  0.81991918856871637
  0.83024615683948921  0.84138874240240435  0.85417021302626583  0.86749675982377661
  0.88045833603922830  0.89323054306661198  0.90645675697439787  0.92176687828261317
  0.93798070680438062  0.95082038374000666  0.95765820252152023  0.96403755958537429
  0.97084651502658692  0.97854799742840315  0.98906907381506715  1.00000000000000000
 -0.00001783077793813  0.00000360240434720  0.00002503558663253  0.00006631567258688
  0.00011350035619359  0.00022044726282017  0.00035694245599245  0.00054885881908143
  0.00087019489575636  0.00139652446655136  0.00207631935699325  0.00304552238589129
  0.00461305071529078  0.00752025764188460  0.01212081856935017  0.02226682324296643
  0.03975475845062237  0.07030555413344643  0.12350510281936912  0.17672171881860713
  0.22876978475751292  0.27855276648248800  0.30692849107043013  0.34276868456556131
  0.40202651020107227  0.47598617770044815  0.53805351060401041  0.60826539798611179
  0.65693891376659774  0.69088745113390271  0.71234160832136306  0.72661932052687839
  0.74040498237343932  0.77885195717507694  0.82456366987673069  0.85452644389489851
  0.87383511084853027  0.88913353406098905  0.90375558010763535  0.91649753536373513
  0.92600710967315358  0.93468140471777983  0.94286080140827622  0.95108129191770618
  0.95791221726971831  0.96182522266538717  0.96488032591559891  0.96806602909184258
  0.97195129019112081  0.97514271864770574  0.97779760998403575  0.98009374093478607
  0.98200379989398268  0.98388642742624999  0.98593870649733772  0.98781475159445531
  0.98928768055676730  0.99060428698085368  0.99183789119940746  0.99298118680559366
  0.99382380447670859  0.99450988451078959  0.99509153360259306  0.99560349393959580
  0.99605027654866074  0.99661904694216119  0.99706653436684112  0.99739453339199036
  0.99767276757182211  0.99793506976813862  0.99817333788233498  0.99838954790694534
  0.99858502852382081  0.99876948676566824  0.99893103661157368  0.99908736069690929
  0.99918479361201118  0.99927718252867637  0.99935812582414496  0.99943217643303994
  0.99949813366033380  0.99956369629838271  0.99962844823789931  0.99968980572939647
  0.99974115904876415  0.99978748739850276  0.99982492616570939  0.99985404521182375
  0.99988093748325357  0.99990485673587248  0.99992557828793960  0.99994400120307081
  0.99995871672163406  0.99997323123473358  0.99998661561736679  1.00000000000000000
 -0.00370165108610201  0.01280479618818925  0.02794144652394618  0.04284022521715210
  0.05569115227318574  0.06690894292605037  0.07809619590169348  0.08835159688869101
  0.09825876002563680  0.10908306639862765  0.12072162171425968  0.13028566740716727
  0.13753299782019329  0.14500186366512169  0.15352512929931034  0.16330551760985093
  0.17322343472649934  0.18222755783421868  0.19236596929469979  0.20292820769549300
  0.21215919456707505  0.22053492243239231  0.22942971945890436  0.23987163459234997
  0.25314120422858627  0.26476456938695880  0.27632593046579856  0.28980385595650765
  0.30004010572413164  0.30867000450223847  0.31798521434436783  0.32923683998742004
  0.34133127802724361  0.35345168671746358  0.36531681790469039  0.37663952156678243
  0.38814773132538383  0.39998954919559332  0.41293822950301534  0.42635498847010778
  0.44007225424069063  0.45388300167547985  0.46723982124017088  0.48043079476074296
  0.49350848420681742  0.50478907962955155  0.51610925376664840  0.52759402011363787
  0.53451310004828911  0.54137855359652254  0.54604204816141300  0.55037891171949194
  0.55527571828507538  0.56067117148501477  0.56600369701774988  0.57128018232165934
  0.57732988286781539  0.58395045333160434  0.59064244475939043  0.59922680748899704
  0.61208216656247183  0.62703606113628596  0.64162004820818930  0.65705039604206239
  0.67329897304728892  0.68573837470779686  0.69782641711266546  0.70954747616592562
  0.71910451822427846  0.72767896549073352  0.73812796744005016  0.74930453515366624
  0.76233092290018778  0.77514942264714903  0.78810815333250817  0.80075972920278471
  0.81290223498754832  0.82400470984799157  0.83402559272984333  0.84435381359444561
  0.85408388692056703  0.86371739248759616  0.87496746095320310  0.88796602312888095
  0.90047493503391762  0.91042385174680007  0.91924965611354603  0.92892624586724748
  0.93989144666594016  0.95029065530508172  0.95806520328369660  0.96538263889690001
  0.97209455664661470  0.97895984373136702  0.98839043612084920  1.00000000000000000
   1.2759512026353561E-019  -1.0000000000000000     
 T T T F F F T T T F F F T T T F F F T T T F F F T T T F F F T T F F F F T T T F F F T T T F F F T T F F F F F F F F F F F F F F F F F F F F F F T T T F F F T T T F F F T T T F F F T T T F F F T T T F F F T T T F F F T T T F F F T T T F F F T T T F F F T T T F F F T T T F F F T T T F F F
