 -0.00021664028305863 -0.00000168741652637  0.00079521981634071  0.00165586802204251
  0.00245544068537391  0.00314564798804207  0.00380697909985773  0.00443451255826266
  0.00507333688455454  0.00576960522448419  0.00667509166677546  0.00765652833686920
  0.00880221313325869  0.01022240050541671  0.01182334343428923  0.01367036216225904
  0.01570469488304241  0.01800205272083448  0.02071411335742773  0.02400702380090147
  0.02766440182259213  0.03157065243325687  0.03579243798229712  0.04005589512321150
  0.04667263413795544  0.05516896807630679  0.06336811016804458  0.07276133654890325
  0.08169023226923615  0.09062306115487991  0.09925618711953735  0.10854728815259629
  0.11830938708971719  0.12818342903845287  0.13812219610285625  0.14850975348242010
  0.15928238000493028  0.17022447339312663  0.18140476907692601  0.19289545088445439
  0.20439462794530602  0.21575421368620976  0.22703046797746410  0.23851256084728956
  0.25020345121357018  0.26208857015662901  0.27402028348395774  0.28591064943068917
  0.29809970142518538  0.31063802704717791  0.32325727928633952  0.33537509268201005
  0.34833249917656983  0.36102869556246098  0.37345409769605598  0.38556396077477750
  0.39808945278579205  0.41073902832533049  0.42339267225825578  0.43622664572190500
  0.44945711184017273  0.46239137272665914  0.47522390886716459  0.48802219414018239
  0.50088963952720011  0.51386012639549927  0.52740026647911009  0.54111395125992479
  0.55464225984003224  0.56894061273778129  0.58363661946279755  0.59781287512748171
  0.61138160823930765  0.62476728067585441  0.63763004367643539  0.65054724085458948
  0.66395315720431591  0.67764829981378660  0.69161219249137895  0.70574453149941363
  0.72010216937103211  0.73424547888896230  0.74832313008895368  0.76233531198952253
  0.77790103299895352  0.79444626640722205  0.81070937312865854  0.82666789623962433
  0.84338639771184698  0.86030946887746440  0.87685387493073508  0.89363159479893417
  0.91135236544858977  0.93121936420855322  0.95658875819490707  1.00000000000000000
  0.18838365024596768  0.19750770364030676  0.20124901143154605  0.20373843901585578
  0.20867743117106136  0.21836516987053095  0.23389538723617634  0.29708390750739938
  0.36027242777862239  0.36494280434921444  0.36643421943827292  0.36909265393496260
  0.37183743068842051  0.37421004482884829  0.37820902546087432  0.39539757315904955
  0.40106760531756241  0.40393195595145426  0.40618187330487099  0.40799307145044189
  0.40963437153499560  0.41109687500992403  0.41228826836550042  0.41674025833981493
  0.42215085314580675  0.42449550636606231  0.42696890691360456  0.42917208822423658
  0.43094071582521004  0.43305139970331563  0.43480605877541889  0.43672277966444878
  0.43869023528537338  0.44077956402668500  0.44259752508186417  0.44434695984734734
  0.44611855214959922  0.44809650366863013  0.45036209644561875  0.45292047073873343
  0.45557615945246765  0.45836708721527925  0.46079625389398005  0.46286635825934541
  0.46505369542537139  0.46732498119539229  0.47013165068782387  0.47308211810648687
  0.47588136698175099  0.47881387439531686  0.48193977011923250  0.48536368404103425
  0.48898133943302802  0.49432605795798418  0.50072537325679012  0.50663425167122977
  0.51166329605266125  0.51588682543751752  0.51920155558691405  0.52244618937438181
  0.52596648026020520  0.53047395284336829  0.53751895883599166  0.54394936307286690
  0.54879319755787437  0.55388988719855492  0.55934760585009835  0.56409515888454009
  0.56888452045241922  0.57379329786877220  0.57868595068589779  0.58344809812624154
  0.58782156608202818  0.59355015012615275  0.59963389363911346  0.60654344858214293
  0.61413860567553868  0.62223014199731475  0.63098277700720351  0.64047017801996697
  0.64991993738871123  0.65830950351176709  0.66672806741222135  0.67647556447201562
  0.68849516002549804  0.70219561573870082  0.71518681739436840  0.73040425063109626
  0.75212831253241763  0.78073313081909823  0.81399510488821603  0.84553450223751780
  0.87541545421367317  0.90681727705954163  0.94570317819316951  1.00000000000000000
 -0.00263682153400569  0.01189823832331412  0.02334162878493670  0.03237177121802338
  0.04156115908437968  0.05059271874426171  0.06022190948082158  0.07048008469898655
  0.08010572843381107  0.08980117983998366  0.09917998124512874  0.10872856881261364
  0.11866582494426492  0.12930829519372208  0.14042917425133411  0.15055518524266781
  0.16020134397978247  0.17079449105424829  0.18153035767401052  0.19182964548926063
  0.20125296637191631  0.21028200201514521  0.22009227078015314  0.23034443309461675
  0.24138873905484676  0.25339773171933494  0.26523821453035373  0.27650765354087320
  0.28745121542776947  0.29864345258806541  0.31007419503612071  0.32108517438387868
  0.33172760702252829  0.34243955553347238  0.35301900863066410  0.36369611384546080
  0.37418327112461652  0.38483479935639958  0.39470815800430947  0.40273992518773694
  0.41029625543900028  0.41850886827713096  0.42690927459648864  0.43504101000813644
  0.44298393838725214  0.45117608927406921  0.46046392544282683  0.47130696375773473
  0.48247088619510320  0.49333772952146104  0.50437380588913328  0.51564773522660634
  0.52786548682882140  0.54076514446153512  0.55380990810955510  0.56656406446989560
  0.57870037516126238  0.59020739588467197  0.60128088274890168  0.61208703349916660
  0.62247627026614138  0.63312541007619816  0.64414473408454542  0.65469934735260860
  0.66487239527844677  0.67495486265581950  0.68513231640420502  0.69487793715591262
  0.70484128913837352  0.71458183335435888  0.72448775236939333  0.73487149779833649
  0.74546447537423821  0.75625917717919100  0.76769316959730061  0.77947613381177006
  0.79109638932120208  0.80276733552766011  0.81357677303876119  0.82308426441276117
  0.83252691476776608  0.84234509031116755  0.85296347693857533  0.86449635570938488
  0.87635541934054484  0.88825757617132839  0.90040729889739812  0.91254487846907462
  0.92449178985608083  0.93685243350606351  0.94997992503761863  0.96007476648540757
  0.96951108914831463  0.97878180692355532  0.98786169796451251  1.00000000000000000
 -0.00270488468755449  0.01055125261900038  0.02099095616163560  0.03240275592808114
  0.04437084224018369  0.05630002061094309  0.06762357953261132  0.07798781352361996
  0.08863818083056735  0.09931539595567078  0.10847447813360878  0.11644309409883642
  0.12499632764718424  0.13396635207544977  0.14296512264770347  0.15195030866392109
  0.16049485631771199  0.16994539582243373  0.18090897675290293  0.19193759616734829
  0.20216299217438638  0.21219923346153266  0.22243774541702721  0.23260107819913700
  0.24281016128638519  0.25391302299149748  0.26593171241226021  0.27693165452458807
  0.28687947365243754  0.29671759199852654  0.30661266021535033  0.31616209195582906
  0.32588103896035642  0.33484236286529245  0.34613349098242657  0.35695630242463361
  0.36840754840914847  0.37945751481496615  0.39142874663169652  0.40340484634471102
  0.41295597845164450  0.42190856652992331  0.43061099672882375  0.44015197341314033
  0.45183719736040023  0.46335765440517285  0.47355840855891534  0.48289354981321209
  0.49212347077199825  0.50187754008419116  0.51238739660574906  0.52278022191012519
  0.53311111392761534  0.54332161481827701  0.55352625727331828  0.56415115002777094
  0.57480558438905227  0.58419580630066337  0.59408810659941402  0.60378626282538528
  0.61420340460305445  0.62634726627569925  0.63899869165486034  0.65195721101934967
  0.66450036356837994  0.67659692922295012  0.68857253771498239  0.69860503648007732
  0.70866600798951751  0.71848492840689948  0.72851252106640940  0.73896424685762496
  0.74902816184866494  0.75891373913301463  0.76967394133073297  0.78030595752955356
  0.79140321076200615  0.80192347302672184  0.81207536230919475  0.82283660873064379
  0.83333046066823968  0.84285172980371226  0.85269984253389930  0.86334377869979106
  0.87556958553561803  0.88769605379017169  0.90020642078554658  0.91367016622857167
  0.92569444488241837  0.93757710790805349  0.94871698776167535  0.95990558510293189
  0.96998219415122378  0.98007300986518564  0.98952475251582328  1.00000000000000000
 -0.00253763951796880  0.01030301643747354  0.02165628052679928  0.03399808330949287
  0.04410063564660788  0.05324728004706464  0.06245497511421704  0.07127346844328104
  0.08218174160940736  0.09401724858076292  0.10633989304196337  0.11709796013745900
  0.12750302495733379  0.13750031824867964  0.14780267190213475  0.15896145256259855
  0.17027912734151013  0.18183179999097918  0.19337313280699417  0.20332996566367145
  0.21356513577420974  0.22384155205847323  0.23451204673952489  0.24565623519588506
  0.25698930493804778  0.26972730725034177  0.28201616529615264  0.29415298728726880
  0.30624277815284628  0.31816568210907031  0.33077445466557009  0.34159339290200635
  0.35248250922525942  0.36368141199917298  0.37498757782767705  0.38561809988341600
  0.39658297893353561  0.40750196877632855  0.41863640021001225  0.43011697538050275
  0.44218136475932313  0.45471222314210241  0.46718394493046467  0.47893858661193905
  0.48969350905956782  0.49941745447833980  0.50865733693331072  0.51819438379303562
  0.52886556578890054  0.53997109323353476  0.55085598542718395  0.56205441978582826
  0.57392276477784598  0.58570319574283491  0.59596970784905712  0.60596424657894699
  0.61655161825157689  0.62703636778703042  0.63615355740995105  0.64540525264164617
  0.65379188425987533  0.66128438407130541  0.66901943980060707  0.67696044557411583
  0.68515598636108688  0.69369497895271648  0.70263986879500695  0.71169145736405781
  0.72308293620841890  0.73371789923317976  0.74438746875233186  0.75397770988533541
  0.76302605042136951  0.77150132889062961  0.78023510939710228  0.78969657578368702
  0.79987949669368186  0.80976009553789452  0.82003003145659548  0.83050245588473515
  0.84235600325210525  0.85442987145529081  0.86577479899365273  0.87688349836672141
  0.88774261507407881  0.89838056048394876  0.90807521128205948  0.91806522038080862
  0.92867354217418552  0.93950210993198369  0.94992414468350539  0.95967669690325774
  0.96925585203326237  0.97885563107132456  0.98844831781640563  1.00000000000000000
 -0.00163453418052895  0.00763223113638845  0.01494474652791579  0.02244901530136530
  0.03053249217230580  0.03905384003791714  0.04795182263486281  0.05657866213307977
  0.06666782962752371  0.07798990654787837  0.08823742777087755  0.09773449414053138
  0.10737597017641118  0.11753532197762356  0.12924719771465765  0.14120822317727985
  0.15228425137448076  0.16322190917622681  0.17445584987348881  0.18584002299926264
  0.19733145475272221  0.20876144360116691  0.22065277238751221  0.23174182913171668
  0.24261237084199350  0.25318326865979013  0.26440200320582230  0.27641395960280357
  0.28831200550472086  0.29890477079986694  0.30947127299086380  0.31987280595245671
  0.33133297650688720  0.34340754398704676  0.35535586050540874  0.36731095654229201
  0.37991177567702344  0.39205836025536478  0.40344574130284722  0.41492054517014126
  0.42749155578787035  0.44044121348989784  0.45297402158049610  0.46462449847667758
  0.47600085250538132  0.48705017332156392  0.49796551994879551  0.50827523161122878
  0.51864714758926700  0.52893948849801575  0.53900864980369501  0.54882276789614903
  0.55864232017300441  0.56850593554511475  0.57813951514952211  0.58769309544203041
  0.59703394515016650  0.60554968160027378  0.61352411883873514  0.62107005334462306
  0.62881086306044609  0.63861001896189085  0.64897609593476735  0.65953529875653338
  0.67027838142404583  0.68209096601495078  0.69357301914373615  0.70486982372689166
  0.71645681175329934  0.72823588375251147  0.73909366867520077  0.74975073549163140
  0.75947795433993293  0.76929435076413011  0.77906158177472329  0.78968186066131041
  0.80116966105905629  0.81271253343742911  0.82403904295506802  0.83547054695369583
  0.84698915605585201  0.85847748925676715  0.87040180623055718  0.88281667827886656
  0.89523489478866836  0.90715856081211543  0.91881205382998810  0.92694644562550732
  0.93610879069260655  0.94516368956107799  0.95420371514546642  0.96309613579881737
  0.97154500456652904  0.98075422271720258  0.99040432251192456  1.00000000000000000
 -0.00165208231153495  0.00816508791631864  0.01617898114073400  0.02458012946846156
  0.03348647305704757  0.04260243318327007  0.05310948234543356  0.06410036779080394
  0.07506240644618141  0.08601242804760777  0.09655785967353027  0.10690241616812746
  0.11755664704932765  0.12891573176369184  0.14133033572366593  0.15407020746952510
  0.16605233791660837  0.17546816121887515  0.18447510948843374  0.19368627585753073
  0.20332756920733144  0.21255201897327056  0.22130563387518348  0.23014336975967603
  0.24056534493472922  0.25159167989884956  0.26158030605220295  0.27126746097282084
  0.28096986517880190  0.29060957457591263  0.30347015315960219  0.31563389326109054
  0.32774200823856586  0.33954074144123919  0.35179779758422941  0.36402058069228443
  0.37630418012103450  0.38761514143603354  0.39888534712179519  0.40885425999937813
  0.41847658858812470  0.42820504691327560  0.43888475244856867  0.44996571083311437
  0.46054013073599820  0.47076255078010365  0.48121635365594750  0.49239910380014895
  0.50371803943416305  0.51463576334817562  0.52566433739078233  0.53707860009970698
  0.54910561815788106  0.56179293400497721  0.57458760438058498  0.58670285468658134
  0.59768233827293415  0.60835350698890456  0.61901298443433772  0.63049530726332514
  0.64247457363910920  0.65510685680037650  0.66775275672361900  0.67910862168623276
  0.69032086726088893  0.70064938568413015  0.71082091225525212  0.72135766188861095
  0.73262842664928196  0.74410785791624556  0.75555921381456892  0.76728725685716803
  0.77603298530314768  0.78297881171502026  0.79000554833415171  0.79737394954266383
  0.80723652395959078  0.81794603366829366  0.82859388863931005  0.83969087042601831
  0.85141649392080421  0.86265653617613969  0.87366345327813488  0.88301828073234967
  0.89277451927973883  0.90278683867073883  0.91292106551762020  0.92272154147135632
  0.93162432533112771  0.93984357678499530  0.94806376962958550  0.95691420366724478
  0.96646291755194347  0.97752656236331514  0.98860341310852928  1.00000000000000000
 -0.00295430709593304  0.01207425466565941  0.02408222489963563  0.03514987805668599
  0.04674395811123384  0.05685476752397042  0.06593920077927642  0.07564214928370025
  0.08487800748191604  0.09498342487348807  0.10682386231483482  0.11837605039595792
  0.13001759271198135  0.14173764625041044  0.15326228960477850  0.16501887802407725
  0.17625858240389347  0.18756938377134560  0.19876693011800367  0.20869181587119698
  0.21767255026986906  0.22634327547849875  0.23511872846010057  0.24551527301699339
  0.25720342813598124  0.26933772838377457  0.28058281983219746  0.29135774234747364
  0.30217303507548138  0.31352163298056940  0.32567517132482871  0.33784924017297996
  0.34943737941759068  0.36059809552954541  0.37116337539703254  0.38202301418316897
  0.39299863098307386  0.40304170518973315  0.41300893519661264  0.42290367457493100
  0.43356436281009075  0.44423692379843149  0.45436023528298553  0.46378075544560105
  0.47394046834786513  0.48440708911452834  0.49616375256156842  0.50861293006237773
  0.52151859755109964  0.53264982812179629  0.54332346352381400  0.55365622804286985
  0.56378521787142954  0.57275732319622796  0.58186114036848613  0.59127726597691954
  0.60023492375741683  0.60855742442910554  0.61655398760046309  0.62600439819129772
  0.63731550750313115  0.64888110187252368  0.65960911704410918  0.67019270346129212
  0.68111049972141346  0.69180954198321032  0.70258289630217252  0.71328901394461419
  0.72445448203264684  0.73592897692120884  0.74655961692180117  0.75708569487909416
  0.76817399171752787  0.78054474811923791  0.79272465200436559  0.80412575695754318
  0.81514070098743818  0.82623926468766873  0.83792639015680637  0.84921896924455320
  0.86011857561755045  0.87076419059925625  0.88151777613654925  0.89246342688829350
  0.90413420859496452  0.91480920529603305  0.92437196462462645  0.93334710515633301
  0.94162225864220905  0.95049837501404211  0.96081680475913034  0.97102554108722738
  0.98052361858285275  0.98795752655238100  0.99399931032423283  1.00000000000000000
   5.2507579455214948E-021  -1.0000000000000000     
 T F F F T F F F F F F F F F F F T F F F T F F F F F F F F F F F T F F F T F F F F F F F F F F F
