  0.00570885460114926  0.01099503419335093  0.01831713298236085  0.02653387567375918
  0.03513946191137736  0.04384729216742000  0.05264070579293973  0.06141319069405494
  0.07042940854793019  0.07947354187125988  0.08852887298403267  0.09754627845739744
  0.10659659569392682  0.11573636137300986  0.12480721073163376  0.13376637006049480
  0.14271716788186703  0.15184414898433643  0.16122479454772859  0.17076080197813709
  0.18042665714070114  0.19036009943482210  0.20067889014976364  0.21139680996657398
  0.22222993623862755  0.23293837427974118  0.24355928805439922  0.25411942313685232
  0.26471716042689009  0.27535240214705248  0.28606552885183073  0.29685719863449161
  0.30781264491995719  0.31908749308361978  0.33072288205765316  0.34268920289991056
  0.35491316732747125  0.36721828791697181  0.37943387815536334  0.39170689512686513
  0.40426086646156062  0.41686656447360410  0.42937760486775939  0.44193347025699259
  0.45467731548562623  0.46729509274459258  0.47994684937089954  0.49274086086087754
  0.50550405276124244  0.51822246867660338  0.53091892330495694  0.54361576772594900
  0.55629123635261557  0.56895245808010175  0.58159691121840729  0.59424018912808441
  0.60676290454126125  0.61911534255621070  0.63140160567749570  0.64354652003998569
  0.65552887807191407  0.66738021795711122  0.67923770937650751  0.69105338202285005
  0.70290831639109863  0.71465756317986961  0.72615829609844429  0.73735796595999825
  0.74830339317286299  0.75915697554166162  0.76995793503330601  0.78069175679314351
  0.79097906170534316  0.80082883786741965  0.81063313144824745  0.82060030553913821
  0.83081199311168696  0.84108381916548625  0.85121325412816029  0.86109254345503339
  0.87077562935969677  0.88025834541474102  0.88945780803893559  0.89835977743317108
  0.90694625727900513  0.91541019752608577  0.92394365906550802  0.93255247406233721
  0.94127636724041586  0.95005013032970709  0.95861565565247087  0.96671491617069449
  0.97480049579383998  0.98279931242282570  0.99134192798772780  1.00000000000000000
 -0.00241566366168155  0.00911728859239833  0.01883059405340087  0.02918762628015413
  0.03939117416351724  0.04963453042292436  0.05994488697765687  0.07000085603297540
  0.08026023458620349  0.09029162081927022  0.10049143609895080  0.11062784563964242
  0.12113292313827927  0.13179583385578902  0.14245282609729307  0.15297163169039985
  0.16334059549101559  0.17403613488854505  0.18475010359726005  0.19595099484778508
  0.20706999475851312  0.21855010259857041  0.23006025215853945  0.24180110128761567
  0.25328110749509214  0.26465643041404058  0.27561211328992929  0.28645243869937281
  0.29703931442956466  0.30743137969282847  0.31781510352440567  0.32822006356641409
  0.33874445905079170  0.34939233792314373  0.35993613107645939  0.37043213122645108
  0.38091906240431722  0.39154612402528322  0.40193418523627239  0.41224277299795398
  0.42253747505325562  0.43314498665498469  0.44365943683090020  0.45406221527306700
  0.46445045340941066  0.47503935436918621  0.48564336479454651  0.49625754837021796
  0.50672369806652195  0.51698815729763736  0.52726385396990516  0.53795709296498473
  0.54873239661565176  0.55927330911915774  0.56959121955439362  0.57992672358437136
  0.59006371380116507  0.60012903510996574  0.61042204418648705  0.62108637030650693
  0.63154769142207556  0.64182344994499285  0.65200237569650310  0.66256806020963410
  0.67304403593107198  0.68352214887890239  0.69354854345782480  0.70360115589934014
  0.71375216735636815  0.72405228257367094  0.73431666534966367  0.74453718949365033
  0.75495999435915384  0.76565202728266213  0.77632146579814598  0.78692971485248531
  0.79743808447993092  0.80798460647564252  0.81850232341322315  0.82891447129356188
  0.83942834687650347  0.85036219377238864  0.86187201861504148  0.87347579963033761
  0.88440736614898674  0.89511180456023487  0.90540351952571507  0.91609995756629448
  0.92644373361682153  0.93661716691375385  0.94697326268012139  0.95742666041596403
  0.96817466116105166  0.97854753991497800  0.98932276462175572  1.00000000000000000
   6.1612576006232871E-009  -1.0000000000000000     
  <DiscreteSampler_grid>
  Helicity
  1 # 1 for a reference and 2 for a running grid.
  20 # Attribute 'min_bin_probing_points' of the grid.
  1 # Attribute 'grid_mode' of the grid. 1=='default',2=='initialization'
  0.0000000000000000 # Attribute 'small_contrib_threshold' of the grid.
  0.5000000000000000 # Attribute 'damping_power' of the grid.
 # binID   n_entries weight   weight_sqr   abs_weight
    1   3314   4.859088661406771E-009   5.710972443899190E-017   4.859088661406771E-009
    2   25   3.086273333994283E-012   1.251401965954981E-023   3.086273333994283E-012
    4   3181   5.008033132857006E-009   5.944971209074981E-017   5.008033132857006E-009
    5   309   4.138751181341128E-012   2.027572878676949E-023   4.138751181341128E-012
    6   28   4.593632294485393E-012   4.785910481575632E-023   4.593632294485393E-012
    7   27   4.763766823913106E-012   4.963166425341771E-023   4.763766823913106E-012
    8   209   4.689853750126543E-012   2.588489643500077E-023   4.689853750126543E-012
    9   3257   4.911921326921304E-009   5.473143168719254E-017   4.911921326921304E-009
    11   26   2.967570513456041E-012   1.203271121110559E-023   2.967570513456041E-012
    12   3710   5.408855700075504E-009   6.951972608679898E-017   5.408855700075504E-009
  </DiscreteSampler_grid>
