 -0.00000038220038782  0.00005166065792364  0.00027537252921946  0.00072543613626325
  0.00141196536421407  0.00228534203634562  0.00335505142344392  0.00457956529085269
  0.00601077706129583  0.00756608670393044  0.00923680814048514  0.01105631825680273
  0.01302216750636335  0.01516475912791523  0.01740536764561907  0.01974704267105117
  0.02217334671748678  0.02471377736633245  0.02743761571221353  0.03026247843421685
  0.03319067988807049  0.03609699803046440  0.03908171109444213  0.04211410445409270
  0.04525604967065811  0.04844377278922671  0.05174944216494371  0.05515024236957789
  0.05862432704634555  0.06224727838322040  0.06589192553258934  0.06956999354369876
  0.07337253838813740  0.07727643432500329  0.08119704074199501  0.08519463336568353
  0.08946408058494067  0.09373551535560012  0.09805091790757837  0.10240689100184204
  0.10705886830177887  0.11172142213667119  0.11644821514505932  0.12128597472112018
  0.12625069588907617  0.13131566721470828  0.13625292235979486  0.14119520437019265
  0.14651590520005164  0.15207554214298546  0.15771808095792292  0.16337958085590143
  0.16908684401527657  0.17485809887595444  0.18073740062824195  0.18673655203182588
  0.19274309170262163  0.19884978473835371  0.20507324129962073  0.21141256109620574
  0.21814632900379285  0.22494086449862136  0.23179607156512694  0.23874742522687137
  0.24604162070447780  0.25385313615439009  0.26192645855179414  0.26988065353568541
  0.27796730986157964  0.28625719279962969  0.29498905823599464  0.30427809288018293
  0.31394861398961815  0.32372141047829983  0.33333672412623355  0.34346804196719966
  0.35399937695069489  0.36490812396763728  0.37631971741700987  0.38811775810614862
  0.40032491319095131  0.41268325127070365  0.42717486261076915  0.44280382938134766
  0.45864043486456157  0.47484571117796742  0.49133918812758126  0.51274480521535160
  0.53563132319255169  0.56019613060300777  0.58753191700189356  0.62198432936958747
  0.66231236796019577  0.71700365867518157  0.81072723928060153  1.00000000000000000
 -0.00244793371020861  0.00998879493104649  0.02117603945363075  0.03233551755881080
  0.04366385012702399  0.05485554319550927  0.06586924175642962  0.07673613282777748
  0.08751209581262946  0.09832766741634372  0.10909161639520018  0.11968673275737764
  0.12997311672959908  0.14005538779991000  0.15075541700031378  0.16189553511743771
  0.17272667266083341  0.18338584051995518  0.19466460176211922  0.20661378991357726
  0.21788340631937200  0.22843007993383160  0.23858933380850389  0.24876481884612184
  0.25885856213238317  0.26934077515281701  0.27998740578207187  0.29058689086118167
  0.30083520699420585  0.31113956975475771  0.32173294378363443  0.33297132352436842
  0.34472101313052289  0.35646416940826370  0.36776720601321394  0.37836230811653326
  0.38839882939870013  0.39828730025672177  0.40822590121785629  0.41825230627751231
  0.42837354621105145  0.43852885759129673  0.44863522030209951  0.45888763528854026
  0.46930761864196563  0.47995084885350986  0.49040031823170666  0.50078241479442998
  0.51113155203536997  0.52143882715172230  0.53172586228702468  0.54215647516551135
  0.55289735989651845  0.56384738763386599  0.57465476985930608  0.58529703002498346
  0.59586555863104496  0.60645960212602568  0.61702984683758799  0.62740348778085842
  0.63773056435557773  0.64799448253857916  0.65817349197488595  0.66835000901991615
  0.67868173072388693  0.68897557253818609  0.69929957709862922  0.70943866740612405
  0.71959783364190755  0.72982841163243783  0.74012115754676577  0.75038250995540534
  0.76027265973587377  0.76998030219289526  0.78023127259381353  0.79107419479656504
  0.80193271686865564  0.81226883197688815  0.82220184202320634  0.83207951821770487
  0.84168502443926030  0.85115555940688026  0.86139362963072696  0.87161008855765110
  0.88242596811866592  0.89358657702758815  0.90514881004422398  0.91673689539109127
  0.92788759574245372  0.93890997343576166  0.94964537197753474  0.96047880005877084
  0.97090407659930289  0.98083253992971053  0.99048475117907353  1.00000000000000000
 -0.00257991791290367  0.00971041432483371  0.02038173413503740  0.03090016636711643
  0.04151091468127800  0.05155949224376705  0.06150659597958109  0.07154967439410845
  0.08165207094804310  0.09148142729276675  0.10125787625827411  0.11128112664965389
  0.12174260890759166  0.13224636420577093  0.14277238521798427  0.15356841660707451
  0.16490745782577171  0.17624699433633848  0.18780336955222798  0.19969829507552914
  0.21172781792564527  0.22388399379819879  0.23564015542964439  0.24738816683429207
  0.25877461331608059  0.26997044499892109  0.28052013369566980  0.29109803232285847
  0.30177450586082433  0.31211726798496203  0.32248131730680596  0.33304117139714223
  0.34404690921856207  0.35532188956817695  0.36708318717371502  0.37912661840220008
  0.39043713140764341  0.40093451369947147  0.41134321339679913  0.42156313886026775
  0.43149437547866720  0.44160222087200696  0.45168085013121612  0.46180569930561416
  0.47198768924740298  0.48244829795776845  0.49343314376288966  0.50439535691834092
  0.51539351025034885  0.52647146617591289  0.53753611057035067  0.54830135592028151
  0.55897375337976052  0.56951077219296342  0.57989682826460598  0.59001470768899544
  0.60024455998665005  0.61070841225302186  0.62127374047644124  0.63177652349881952
  0.64203827554186732  0.65237756894646337  0.66298662711472056  0.67350151105027167
  0.68402523114953850  0.69440986413468841  0.70459090732120466  0.71441470879822055
  0.72416821401692932  0.73430466062569277  0.74475170137957536  0.75510435799534437
  0.76530634415588872  0.77554506818429747  0.78559460916869239  0.79600605218601328
  0.80642057486618357  0.81763552529143724  0.82941375603285405  0.84081406419754712
  0.85184728946899346  0.86247142618502304  0.87251847023858942  0.88196091557400735
  0.89108034890434906  0.90089207279211569  0.91147630665434975  0.92214991301815774
  0.93252411005559166  0.94262033935719403  0.95268973678780111  0.96228988610651733
  0.97169777590330408  0.98074691182382445  0.99037225666939865  1.00000000000000000
 -0.00210238561224507  0.00884468933302413  0.01787278730799211  0.02752663519135176
  0.03714380847308992  0.04695973676364622  0.05704130636749941  0.06720760903293245
  0.07740235628625022  0.08745808610338365  0.09780738399945951  0.10818322593843042
  0.11864414599265570  0.12910784660208705  0.13986173226102688  0.15072272900066830
  0.16168343396487997  0.17274483479542635  0.18350857684647698  0.19422333316102861
  0.20522529872897383  0.21690356617769330  0.22890056286846081  0.24024465655642327
  0.25084112313724710  0.26141858542549956  0.27197587364581816  0.28265428165051171
  0.29328335264510796  0.30388340709213213  0.31410863630024460  0.32400082350067411
  0.33414975471470965  0.34466903465755577  0.35546907791292875  0.36591840863268688
  0.37648215467684520  0.38769867831455374  0.39956208709460195  0.41131131085582984
  0.42330828865716896  0.43509808332658012  0.44631751359142341  0.45701246323084060
  0.46762241054208503  0.47795197172075088  0.48807228039381623  0.49789895245496441
  0.50805844965969160  0.51807582186454770  0.52831756680969133  0.53861004902802634
  0.54928313384398963  0.56040491330343312  0.57127331997903674  0.58230334111540394
  0.59340402025766226  0.60438653203151205  0.61497662645530515  0.62575388073014149
  0.63652969483933464  0.64776643183341320  0.65908473806139312  0.67057353004720355
  0.68171018467873978  0.69279426539727373  0.70340968849760632  0.71358536151610397
  0.72363828067463276  0.73384433167985064  0.74424905227762705  0.75483510337513970
  0.76525506601306104  0.77565512014365245  0.78579252221467333  0.79597318905292502
  0.80650296226915330  0.81643532098020410  0.82608301111098104  0.83530967725469318
  0.84442739930214683  0.85356608436739312  0.86297478183334964  0.87230634205614055
  0.88258398766130786  0.89363919898157873  0.90495840828726937  0.91618243988118109
  0.92682954950691421  0.93707848763094015  0.94731453684357170  0.95751430891466793
  0.96809064069891382  0.97856379949642092  0.98954108229184334  1.00000000000000000
 -0.00230243642922614  0.00986940005232259  0.02039205322252783  0.03126593170287104
  0.04178770019942342  0.05241568288932464  0.06286407512094207  0.07341808630100904
  0.08393305068944455  0.09479306404961230  0.10573315044124497  0.11651175330851053
  0.12729464465750906  0.13810196797034319  0.14926852135571547  0.16090889237998540
  0.17203645092107298  0.18302805209654482  0.19399619340563212  0.20447088041142783
  0.21442719413337341  0.22375744015286239  0.23352412581175436  0.24387554715592458
  0.25460740451224606  0.26539083583326128  0.27572710137401907  0.28609777719173596
  0.29690023347962469  0.30804638025822556  0.31919824016098536  0.32943104707009380
  0.33967354010468997  0.34985026280238946  0.35991232833556641  0.36970448671951645
  0.37970223880305992  0.38966309419186779  0.39998471159541649  0.41017135722052633
  0.42033698388456475  0.43097282867005826  0.44109700701297627  0.45125868725176654
  0.46100515366958078  0.47182400183167672  0.48175203706595360  0.49174130450243919
  0.50170876956411925  0.51217304815108677  0.52233686267094193  0.53229373788129919
  0.54254885583810164  0.55265298244121142  0.56286369965089067  0.57254773750527810
  0.58227119665854055  0.59166514899863076  0.60142483666912838  0.61126459583523440
  0.62108064817325703  0.63104884128001404  0.64152104162372603  0.65224299949401154
  0.66295371525347568  0.67366297998810831  0.68471047550358111  0.69597119594391288
  0.70824045676019420  0.71998042223652303  0.73171833468811398  0.74218488991080689
  0.75244586630248478  0.76316688457336168  0.77413959819246059  0.78518437466883650
  0.79601317744368927  0.80680274664074714  0.81734074804794132  0.82747917011014493
  0.83775642441328457  0.84884770107647678  0.85992514204724435  0.87080065479424351
  0.88138373475966403  0.89188037160369849  0.90208994488100813  0.91220805300058028
  0.92253444881032698  0.93334484025630349  0.94455294893171993  0.95558639342553575
  0.96658214672446940  0.97730556099311794  0.98844919654679619  1.00000000000000000
   9.5322957086425719E-029  -1.0000000000000000     
 T T T T T T T T T T T T T T T T T T T T T T T T
