  0.00192329573603224  0.03541174629649013  0.06054824056680732  0.08008791852131747
  0.09699204174687660  0.11235420805665769  0.12653767594868662  0.13986982101750317
  0.15245682481739464  0.16453964250766404  0.17608475988100131  0.18732064477447841
  0.19813162035451329  0.20871615688558504  0.21894491696143617  0.22899891369000677
  0.23877657023025778  0.24841157632775784  0.25784097334608247  0.26715787208235681
  0.27631801911991377  0.28535148215779271  0.29425216516620295  0.30302464091433318
  0.31171029912524983  0.32029314537393089  0.32880136009610950  0.33722351659678046
  0.34556071254966603  0.35384166161942698  0.36205620616277862  0.37022467077257565
  0.37834161529836496  0.38640949612830888  0.39443714115787804  0.40242210485755625
  0.41037235083051399  0.41829140051006647  0.42617950794313181  0.43403981012450371
  0.44187066315256140  0.44967266911050585  0.45745429059981529  0.46522177065845033
  0.47298319900898111  0.48074042541182455  0.48848963481368252  0.49623169145439427
  0.50397088246323130  0.51171702322081758  0.51946335652728814  0.52721765877164162
  0.53498329797566857  0.54276802490588694  0.55056699799378372  0.55837794097794646
  0.56620763466949942  0.57406031282579828  0.58193608341751590  0.58983662317548435
  0.59775648906705769  0.60570678822502588  0.61371412033772876  0.62178060617645659
  0.62991757798719539  0.63811005577119573  0.64634775499741859  0.65463856874131543
  0.66297819909972455  0.67139993872269077  0.67991491037616214  0.68851010250179734
  0.69720855079347377  0.70599589842373589  0.71490584869237916  0.72393467553416269
  0.73308737205696306  0.74238909369180806  0.75182737193610139  0.76147479800280615
  0.77127407279398386  0.78132882480655830  0.79154856208984370  0.80210900989766576
  0.81289310551798111  0.82409210123582866  0.83560800042227279  0.84767037938738621
  0.86022940597036957  0.87352265013565678  0.88768027697332275  0.90303459135994757
  0.91998357773877504  0.93966706697136926  0.96508084929887261  1.00000000000000000
 -0.00246485557322684  0.00954685193235353  0.01978028872259903  0.03041108474421121
  0.04105206583779773  0.05155929876670813  0.06207979407710984  0.07255673478920897
  0.08301314905116587  0.09343871884737311  0.10387142130447871  0.11447377013003041
  0.12509030469922844  0.13572115962393957  0.14626188947437116  0.15682074177427824
  0.16741899580917563  0.17794141609688838  0.18842424744478839  0.19889733527378620
  0.20939034706289045  0.21992340219461870  0.23041016022617367  0.24108201215031932
  0.25167933128652609  0.26231737582648879  0.27295456365271187  0.28358607458705243
  0.29419851874954511  0.30473348397912053  0.31519438727461530  0.32570328413178606
  0.33621485837078585  0.34681200186632832  0.35733845852261731  0.36784926683586289
  0.37838474796012189  0.38899684683328462  0.39968484909509405  0.41042895194313772
  0.42111822360722811  0.43164655491947096  0.44213569855360002  0.45257215551076080
  0.46296088342756531  0.47330841028857684  0.48369891766169276  0.49428564258444840
  0.50485857868597828  0.51548864507908942  0.52595555517220016  0.53645260413877516
  0.54685800746954161  0.55745473397199097  0.56796080315575370  0.57857755618569839
  0.58911124630867284  0.59968957595196704  0.61019923494968498  0.62068000518803701
  0.63111021455553373  0.64156725913946844  0.65209251146968039  0.66266585285899404
  0.67316533266416134  0.68373279814566912  0.69429575434049551  0.70489391639472854
  0.71536238891645010  0.72573597742548346  0.73609315056060787  0.74653870752661566
  0.75710695284858121  0.76770284553174450  0.77814436980739632  0.78862099296850852
  0.79922139573233564  0.80990720997835786  0.82045604355475388  0.83088774409157695
  0.84142186491942139  0.85193674913950745  0.86241567751111281  0.87280831824267491
  0.88332823022385687  0.89386803099128076  0.90448042787265381  0.91516621147557597
  0.92585205860914144  0.93645571663046079  0.94692909067978559  0.95745305196939956
  0.96812611493132661  0.97875726914006722  0.98938008680951817  1.00000000000000000
   9.8787399642672896E-008  -1.0000000000000000     
  <DiscreteSampler_grid>
  Helicity
  1 # 1 for a reference and 2 for a running grid.
  20 # Attribute 'min_bin_probing_points' of the grid.
  1 # Attribute 'grid_mode' of the grid. 1=='default',2=='initialization'
  0.0000000000000000 # Attribute 'small_contrib_threshold' of the grid.
  0.5000000000000000 # Attribute 'damping_power' of the grid.
 # binID   n_entries weight   weight_sqr   abs_weight
    2   22   6.488435260932199E-011   5.058966679331827E-021   6.488435260932199E-011
    3   7004   1.693132616282157E-007   4.451468814209531E-014   1.693132616282157E-007
    6   22   1.011012588573767E-010   2.051957654231894E-020   1.011012588573767E-010
    7   23   9.670617660528927E-011   1.962742093099066E-020   9.670617660528927E-011
    10   6967   1.708859475056054E-007   4.533472713275986E-014   1.708859475056054E-007
    11   22   6.505018479763943E-011   5.177672054822698E-021   6.505018479763943E-011
  </DiscreteSampler_grid>
