  0.00006451371261485  0.00019152785341582  0.00025058831168881  0.00036256755912886
  0.00049133899365625  0.00057563520849763  0.00065402740839602  0.00077118419286232
  0.00095534999413729  0.00109863734304080  0.00122045036220423  0.00132586934706156
  0.00142979760847911  0.00154792829875647  0.00166648592631624  0.00178479796780223
  0.00189842951647014  0.00200145001268927  0.00213474135687375  0.00227206410229212
  0.00244720284963286  0.00269059606833843  0.00292373046908248  0.00313082705984355
  0.00333025048970805  0.00353199882823346  0.00374586733567812  0.00398181843624917
  0.00425508722865880  0.00452928911109389  0.00481421488098945  0.00504924073947191
  0.00525184084237011  0.00546222985205300  0.00569708507196989  0.00598217067735592
  0.00634967909401804  0.00671907153265353  0.00696945240887253  0.00719749055536730
  0.00745156974784842  0.00767950006233126  0.00789913701414097  0.00808229531127241
  0.00825452283454546  0.00841805248615403  0.00861971434822521  0.00885425478100636
  0.00916041496062762  0.00951461069509624  0.00991782539050873  0.01037329011837623
  0.01103821031296063  0.01182227143830923  0.01251099104954278  0.01315237863870303
  0.01450341645514734  0.01611935372788508  0.01781009828576210  0.01925854286976719
  0.02041102031197658  0.02139327930422793  0.02244819250229548  0.02358902388905937
  0.02466145643840356  0.02566457318271723  0.02671622590718757  0.02909442376629415
  0.03136498959630606  0.03341285539121029  0.03553069917382017  0.03775701505829911
  0.04010446887440516  0.04296992212140402  0.04643008740905410  0.04999858389560221
  0.05444437346285470  0.05954120602684748  0.06503381860052575  0.07039777333427058
  0.07471201814425979  0.07814084623754804  0.08252014758407880  0.08970675896241807
  0.09629388342589740  0.10494547730530729  0.11447997090005758  0.12774090402574417
  0.14193258006902484  0.16736135045938424  0.19490866813560315  0.23044886703783682
  0.28189606624884134  0.36582620769992324  0.51948315900305830  1.00000000000000000
 -0.00000002440150763  0.00000256577327281  0.00000597359584479  0.00001294678037921
  0.00001913242411670  0.00002227872844483  0.00002542950968823  0.00002879262372535
  0.00003207837179394  0.00003531264669243  0.00003877794992160  0.00004526515815355
  0.00005398870585578  0.00006083692652520  0.00006774279272726  0.00007471014105372
  0.00008166957324923  0.00008790549050939  0.00009439984030571  0.00010103838228925
  0.00010899793100041  0.00011946035251562  0.00013288902363592  0.00015013671326760
  0.00016715905164096  0.00018514388871899  0.00020178807918227  0.00021767354547536
  0.00023452489689878  0.00025354431070636  0.00027579638859737  0.00029694022809756
  0.00031758365536243  0.00033856107950034  0.00036251739565513  0.00039162624250874
  0.00041375693549480  0.00044090991197259  0.00046472859137440  0.00048525225012922
  0.00050616514625111  0.00053287691300681  0.00056017252630632  0.00058603117345536
  0.00060953693971894  0.00063504187129372  0.00066922987567342  0.00070505986022238
  0.00073773785966009  0.00076888058360391  0.00080639676002634  0.00085075635581249
  0.00089746231663447  0.00093739452818825  0.00097374477657267  0.00101095692985583
  0.00105694695519602  0.00109696618303286  0.00112897342131396  0.00116328888535765
  0.00120328675454972  0.00123949072487485  0.00130508647470260  0.00140339541580621
  0.00150536364480537  0.00160177265340687  0.00170668144862781  0.00183638034068493
  0.00195116033669167  0.00208320565876119  0.00220565521616889  0.00232429467177510
  0.00245015401897623  0.00256838884541448  0.00267146279651728  0.00277646680552936
  0.00289855892513700  0.00303212318689416  0.00317228660825310  0.00332617273778106
  0.00349424700973515  0.00367826098865521  0.00388116183111977  0.00410162005775535
  0.00430210407541066  0.00443697320416774  0.00451165988203500  0.00457546207093765
  0.00463563522621865  0.00470408690433509  0.00483350077508456  0.00497225075980596
  0.00511590336180781  0.00526205149226109  0.00538807145512782  1.00000000000000000
 -0.00000341789748493  0.00002864622616609  0.00005210110038543  0.00006418294629775
  0.00007496302804983  0.00008806370382349  0.00009920720869006  0.00011379316901264
  0.00013322797228227  0.00016051717129786  0.00016980747913486  0.00017807378583663
  0.00018688436271072  0.00019441749925875  0.00020244934801353  0.00021230502792136
  0.00021935462358644  0.00022500241363293  0.00023135997966430  0.00023951363233231
  0.00024965221239212  0.00026069950798156  0.00027290209935589  0.00030484521225654
  0.00032470835147930  0.00033857103870623  0.00035478193300098  0.00037178800264051
  0.00038836274416400  0.00040511025418902  0.00042420694250867  0.00045903659024555
  0.00050358718072521  0.00054883299509038  0.00058122412652887  0.00060834583132323
  0.00062701725354079  0.00064505849642115  0.00066531940459612  0.00069257441834489
  0.00071821280582183  0.00073930859578084  0.00075709979693322  0.00077519335640828
  0.00079853310228611  0.00082419369327128  0.00087058030103509  0.00096200824110093
  0.00107068894597948  0.00117740019116710  0.00126816007872698  0.00137263742391784
  0.00150471370588798  0.00159930921235812  0.00165188325648183  0.00169850403467737
  0.00173695839125842  0.00177386107056559  0.00181676898419616  0.00188625776897369
  0.00197106724903036  0.00204691802233160  0.00212846669297968  0.00220204465928801
  0.00227432288059481  0.00234557736627059  0.00242578095346301  0.00255104953919426
  0.00269891602986133  0.00285699011905269  0.00304515268841138  0.00327517948825118
  0.00353011462277873  0.00379430897223437  0.00397678678481305  0.00419140061805057
  0.00441675957782017  0.00467802224108486  0.00500021202336808  0.00556591242112669
  0.00634632772161527  0.00710978144547712  0.00782977730842882  0.00873871904241272
  0.00997598342530919  0.01179362327082771  0.01384130501241349  0.01555725725973211
  0.01788645139876753  0.02254488490783439  0.03198476449058092  0.04618329221979758
  0.06555784680738505  0.10213042933302896  0.20205316335290743  1.00000000000000000
 -0.00498543178197680  0.03089003341889399  0.05838166074314251  0.09142243055540922
  0.13816869175033925  0.17465611044581206  0.20550149778382754  0.24696552618883097
  0.28638979163907713  0.32679119768213183  0.36229350072104977  0.39363264879259563
  0.41768502975438659  0.43803770623745547  0.47346791542348893  0.51451547777541495
  0.55487600639163948  0.58878944728661775  0.61187351751780472  0.63305135377078292
  0.65738071472129456  0.68191041746944669  0.70033278943391730  0.71630114122895183
  0.73130109172393154  0.74374846006897299  0.75401501137760829  0.76311016947405796
  0.77518226263261203  0.78695729443514872  0.79757506420199253  0.80683934385259082
  0.81580151737028173  0.82537000025452301  0.83461365898991469  0.84175286241564018
  0.85032383865293959  0.85841370885793333  0.86399015374847843  0.86934233180560982
  0.87544059760260795  0.88167880228084461  0.88969136475516764  0.89714844984088238
  0.90117224417922270  0.90443323217939176  0.90723534848233256  0.91002674798728278
  0.91302138155253953  0.91697684591769379  0.92185945348970588  0.92723456547253635
  0.93113000682005342  0.93471943889863973  0.93805191362822515  0.94113949012806997
  0.94427016719575085  0.94777497907541786  0.95132040288207131  0.95481409272327111
  0.95811758821440962  0.96024448536926044  0.96212318774677663  0.96410479106258029
  0.96585050778180237  0.96730975683232334  0.96861042327538260  0.96969099880115439
  0.97081446823605488  0.97197909687933104  0.97320138328245087  0.97452686470097150
  0.97604403714415133  0.97791476288239065  0.98005472713800579  0.98171787256711096
  0.98301123706413596  0.98401322369488353  0.98505979083826223  0.98608681391853603
  0.98710000105723006  0.98812172644825691  0.98914069256015469  0.99032711217711167
  0.99150679427256017  0.99255579298521779  0.99352921344393630  0.99445407120865936
  0.99513226083374640  0.99581022755745630  0.99648707560823135  0.99719213437902587
  0.99792842456823982  0.99864839742455058  0.99933678591696051  1.00000000000000000
 -0.00216522654095731  0.00933024176950091  0.02071168717610239  0.03300777891065448
  0.04612531101829447  0.05933149051805633  0.07204190556088974  0.08517274703418441
  0.09633787595932569  0.10610466759985850  0.11644243908450781  0.12458883193479341
  0.12931562342276115  0.13522789594035348  0.14157875612611792  0.14849050722066351
  0.15661316423160443  0.16568767842313853  0.17329432104142312  0.17801979652918265
  0.18226455058905638  0.18687891298816134  0.19680455705961442  0.20730851789985361
  0.21590787890211766  0.22400170314444373  0.23303333251262176  0.24355424225513997
  0.25333643867418759  0.26160862473583751  0.26999479930770398  0.27893737202086993
  0.28774974491358302  0.29679669863790059  0.30308222342125501  0.30879296476206097
  0.31441159726623225  0.32075314547397171  0.32801074867269686  0.33811012853814676
  0.34639540431416016  0.35469711118406277  0.37161762825004363  0.39385309514375588
  0.41622503385983656  0.43659738890628574  0.45712875364158978  0.47577835924976508
  0.49194926534125943  0.50359602719478624  0.51253870133248192  0.52223248460439209
  0.53140856242022849  0.54101647734212288  0.55145519852524238  0.56206039689752596
  0.57102887836100769  0.57784315955131449  0.58538691370338702  0.59444807347023254
  0.60290472195314881  0.61032641144700883  0.61685516797318529  0.62324837479891959
  0.63260242724032711  0.64454082830433412  0.65595374540759210  0.66733831015925837
  0.68098464648791379  0.69816070977089739  0.71737066371343561  0.73841633721396260
  0.75548224890320503  0.77132111408999937  0.78562980496752932  0.79680922062721582
  0.80573195250100149  0.81402122523623088  0.82168013018195329  0.82976942776057405
  0.83693981271435325  0.84429612685028199  0.84962170666674841  0.85438854366535222
  0.86026025503431680  0.86641774859830489  0.87618567628955268  0.88723244712800875
  0.90004061779340527  0.91789294640920494  0.93721993008227367  0.95524144400391553
  0.96910191061411277  0.97977815557774917  0.98960008923892750  1.00000000000000000
 -0.00105167291303376  0.00295950719214990  0.00934327158213722  0.01623932518343003
  0.02276185945743902  0.03288431753773627  0.04984912535190580  0.07199742799659549
  0.09426341280843217  0.11379550575991346  0.13268904417082916  0.14422192399121506
  0.15480165415833946  0.16529600294426397  0.17649475877355031  0.19014560310498482
  0.20005992173538809  0.20888483479545616  0.21822102565861670  0.22782247726116353
  0.23409948656490970  0.23920917336371250  0.24386723798426971  0.24843328366500589
  0.25275896695674643  0.25785984451838423  0.26530259211723201  0.27689807447029607
  0.28326186217299970  0.28636568555016850  0.28951969166499814  0.29613006069457848
  0.30380735666648506  0.31989755808948356  0.33674527660823228  0.35246959052267629
  0.36628690249880769  0.37561200250237547  0.38424373971118270  0.39232536746234942
  0.40063834611402566  0.41072255084464560  0.42253875480783604  0.43583983254214104
  0.45117031431415461  0.46641678199984260  0.47980853387522482  0.49208792043178196
  0.50417259270815962  0.51665735490190112  0.52885401388064002  0.54061410042817770
  0.55193177660887838  0.56502530450574073  0.57663536395625847  0.58621642903688609
  0.59550287244422317  0.60446609280540831  0.61491205754656919  0.62869312043480696
  0.64067563271726924  0.65050439346212197  0.66225331827805289  0.67536980855642292
  0.68846115154664389  0.69808671664554189  0.70629116099441713  0.71463570544309285
  0.72508453165523323  0.73507371587127690  0.74155476325062886  0.74883392643785496
  0.75926182815124987  0.77548464008570883  0.79115995909085735  0.80564641090532729
  0.82042066317279849  0.83553453154825819  0.84953287632425178  0.86196201568790709
  0.87286131744501816  0.88186854854942898  0.89084140158012060  0.90152639117715527
  0.91036638082540378  0.91802435982926478  0.92525627783810005  0.93266683238408687
  0.94125775510524945  0.95031339357174882  0.95962575609558254  0.96645824142690506
  0.97192195138688453  0.97844449691193325  0.98830879845629160  1.00000000000000000
  0.00207451748285869  0.00355845989823550  0.00452371521042741  0.00550324025683295
  0.00652668792398986  0.00755013559114677  0.00877161950269376  0.01003874483329541
  0.01126425883992666  0.01232573940447130  0.01314127811780595  0.01401916947568904
  0.01495137406534773  0.01597393289063926  0.01703952794901387  0.01821486920931364
  0.01941438041779676  0.02064982663030733  0.02200293895992217  0.02339269667403711
  0.02470896924227142  0.02597153665789048  0.02764477963898082  0.02970641928578336
  0.03211337002476247  0.03423788609388322  0.03643384647016084  0.03871559849571229
  0.04191887086802022  0.04563144323189810  0.05002611918568748  0.05409188490764671
  0.05779124609923615  0.06126222607943926  0.06456271267510803  0.06699737250642723
  0.06944956079226151  0.07208304671611854  0.07475289385967691  0.07749069622002525
  0.08037178527253641  0.08399361887038215  0.08866750281717375  0.09291236182952137
  0.09677878957269312  0.10113344963833008  0.10614577267161003  0.11173443973853299
  0.11688821515663665  0.12135523520658718  0.12593725970840897  0.13216839124703614
  0.14170378124828817  0.15156218806300256  0.15753059269784817  0.16263342715741891
  0.16736941367023891  0.17277774487847516  0.17854275749048276  0.18402645170715068
  0.18906026560158459  0.19397101169219397  0.19881483387467005  0.20412582511299104
  0.20860351402112179  0.21212306284668875  0.21568379108491503  0.22011226314195459
  0.22363530836046694  0.22701996502151117  0.23366083540080174  0.24560995072749406
  0.25583156073284080  0.26444654465609052  0.27489943344911816  0.28665783109481219
  0.29831448733402066  0.30876986335202078  0.32280287059570639  0.33877731881652634
  0.35455410353980776  0.37777383773025741  0.39975886380750264  0.42365631132110099
  0.44806708767414799  0.47866318525851981  0.51695851971798978  0.55239024048113683
  0.58542448139858072  0.63462279718616377  0.67738655588841146  0.72360941138749990
  0.77141807919836225  0.82576647096496369  0.89003336251265164  1.00000000000000000
 -0.00198495433333048  0.00669858467141775  0.01401007515248253  0.02100413875117132
  0.02811387287776246  0.03645325769942869  0.04379258737070769  0.04780082802399370
  0.05079941769232590  0.05398970616807284  0.05758127496870640  0.06127414004460024
  0.06833545351799322  0.07160398014186162  0.07512337066413888  0.07816015407927125
  0.08083479349647214  0.08342797186302216  0.08668275893290858  0.09219135564051034
  0.10017718620062308  0.10928823647934052  0.12261035168054134  0.13116001078331410
  0.13847432441606639  0.14597529853237173  0.15352106134635535  0.16134191009064963
  0.17257103698807641  0.18815709450157098  0.20511423151933855  0.22120416657486291
  0.23708385655780229  0.25417234679922629  0.27323485256677638  0.29268935810691182
  0.30996359757911202  0.32353994711508322  0.33664127039424802  0.35021245245645222
  0.36693529035772715  0.39198924226573206  0.41328550645822049  0.43647610521503716
  0.46055797369081392  0.47799401005570746  0.49678004593966923  0.51250986284275823
  0.52839596992467119  0.55343903698634689  0.57206538025832065  0.58451493970094415
  0.59332265645090754  0.60318339047888170  0.61752331842124020  0.62715210951166511
  0.63676840950034308  0.64997682311866178  0.66924939885641466  0.68626738399219600
  0.70284893797229731  0.71410180059577699  0.72505056096962328  0.73504381645524230
  0.74390907224738978  0.75285604937887451  0.76121536167227133  0.76841472927480114
  0.77518793060490776  0.78332513443234442  0.79334844102982949  0.80760859774589355
  0.82570291767790482  0.83981073544428420  0.85346471899315657  0.86543674164063922
  0.87653648683595398  0.88896274485845073  0.90097108096958867  0.91307169836223145
  0.92495648118802309  0.93494179158014190  0.94161724626919874  0.94629731320964117
  0.95286939765487100  0.95958318785264396  0.96334114634439749  0.96674038239793492
  0.97002783989117880  0.97324130224380279  0.97753571106120485  0.98106134636808662
  0.98480974822036471  0.98902635045559595  0.99402222667436924  1.00000000000000000
   2.7272547671144369E-008  -1.0000000000000000     
 T T T F F F T T T F F F T T F F F F T T T F F F T T T F F F T T T F F F T T T F F F T T T F F F T T T F F F T T F F F F T F F F F F F F F F F F T T T F F F T T T F F F T T T F F F T T T F F F T T T F F F T T T F F F T T T F F F T T T F F F T T T F F F T T T F F F T T T F F F T T T F F F
