  0.00016804420783611  0.00559384946935241  0.01195263280368435  0.01853690074375210
  0.02518993769807865  0.03177392205300607  0.03828002875118074  0.04466248307091288
  0.05091740759145444  0.05707766242576858  0.06312982219326127  0.06915920698344015
  0.07513838202298131  0.08104777556055461  0.08689866726364731  0.09265892551310158
  0.09838321491124279  0.10409685240363799  0.10980665350902988  0.11551559946061943
  0.12119035287032295  0.12682781171054144  0.13243851621427497  0.13796461739855520
  0.14355225300815497  0.14906940331714622  0.15465505952760733  0.16022189955323846
  0.16575183917789910  0.17128996469820096  0.17678071731925002  0.18228502430637031
  0.18783262760502439  0.19337833541059476  0.19893708358871443  0.20451045848063368
  0.21010801374764901  0.21559947024405318  0.22124104303644343  0.22691384535407891
  0.23255532562069187  0.23824495744050081  0.24397028425518158  0.24969706845192288
  0.25540924350285854  0.26115006596966517  0.26711366516277529  0.27305989843500272
  0.27902752473093390  0.28502887725625359  0.29118839540444191  0.29742107749826557
  0.30363737825445919  0.30989629746800551  0.31627492734282359  0.32274872409176170
  0.32923264058316182  0.33571680509119251  0.34232878310102888  0.34908654702222042
  0.35592776879940297  0.36279902864140345  0.36965174709579907  0.37689284112646015
  0.38426453326627741  0.39172489754981571  0.39917285303515215  0.40668388861454419
  0.41454024673570777  0.42251064172915126  0.43059264554166005  0.43872388221107622
  0.44720847438477451  0.45608782163631556  0.46519208332889589  0.47434902795045186
  0.48371948543647347  0.49358501928487214  0.50403824355932914  0.51469090331055123
  0.52566438829171491  0.53714168938958151  0.54922190923388026  0.56202367135838904
  0.57498138737396443  0.58956744105425718  0.60515481330404675  0.62147961218432979
  0.63930350233980127  0.65931785546439681  0.68179050953835729  0.70772556569834399
  0.73983185716487387  0.78278904969148855  0.85362865025664636  1.00000000000000000
 -0.00223139320714433  0.01007188116775495  0.02075415111644202  0.03177415538327585
  0.04297260008898563  0.05368678461138704  0.06429051578205669  0.07477293550579074
  0.08544935226564492  0.09565350466321405  0.10601805251216638  0.11639549002738563
  0.12706329820373349  0.13792097452362154  0.14900794550394900  0.15979909074136195
  0.17054278976324888  0.18101424347845826  0.19151754044380603  0.20200144233978459
  0.21265238330962338  0.22324214589417365  0.23404325899711603  0.24465964467337667
  0.25514298719619427  0.26542640222435410  0.27586402106104241  0.28633181463678109
  0.29636347138899177  0.30626339366267563  0.31641862998648795  0.32660742996222475
  0.33735295850887503  0.34836619490405318  0.35941249021694516  0.37039667919633334
  0.38137592082491473  0.39227024307972747  0.40250701709617209  0.41237016527598819
  0.42237073007431120  0.43241834434629434  0.44234674108272615  0.45209481871584528
  0.46217325597429448  0.47286012285165141  0.48360440855723491  0.49471193341038211
  0.50599321777903317  0.51759143491769877  0.52922100345572087  0.54065154693046091
  0.55148485837752792  0.56194888897501427  0.57246770188438023  0.58279062583180352
  0.59295827459825146  0.60332237627573571  0.61409322295575597  0.62460839817342761
  0.63450024672519634  0.64430879522722362  0.65425223663450138  0.66440432850886799
  0.67451613609366023  0.68451905542314262  0.69474715363187989  0.70561236078117739
  0.71707456844618755  0.72849425637357734  0.73902838882946242  0.74939593205214428
  0.75991456949600567  0.77046515894793344  0.78129716668458782  0.79179170031458090
  0.80221206646347454  0.81241095444068356  0.82258171014168358  0.83258168993714377
  0.84268134049053400  0.85298381845802795  0.86386617644707930  0.87504732764886994
  0.88631163670352309  0.89743661614705339  0.90830035967783485  0.91905108709950456
  0.92888202635878880  0.93875176305614660  0.94832573366697615  0.95774750739256609
  0.96769199212865686  0.97780978868690094  0.98884682531003343  1.00000000000000000
 -0.00216328741121584  0.01019305405492902  0.02092908243425563  0.03138835878636844
  0.04217457632857734  0.05258466862905132  0.06295432111220940  0.07325981556376170
  0.08384428976587081  0.09440950287739888  0.10520386351732776  0.11636061097920697
  0.12767660688157706  0.13881859675404812  0.15002399644278830  0.16116503220977402
  0.17214712840565935  0.18338236852062775  0.19411034481501172  0.20474132889641841
  0.21458116983714409  0.22436169321339328  0.23403869150204737  0.24385360149845120
  0.25396606037396902  0.26476389960067520  0.27569128043615798  0.28650111899466607
  0.29721724670783167  0.30759792968220961  0.31758201334861402  0.32732183166427647
  0.33716567738641634  0.34709869115337100  0.35709156761787259  0.36725057921452542
  0.37760020314809778  0.38789750754002755  0.39844557784177681  0.40942646455338338
  0.42054223180000916  0.43154998125964378  0.44250510748197736  0.45328436703476499
  0.46379776660337907  0.47385357109373072  0.48369986434830553  0.49337979667177934
  0.50317609020358078  0.51308743884923969  0.52314941406379756  0.53397973885212335
  0.54465955273746025  0.55530462455541896  0.56632457066832420  0.57797584989189499
  0.58895651291320139  0.59933862967654927  0.60958386922272578  0.61982812295259149
  0.63012534892770078  0.64059755245107841  0.65127087673736517  0.66187380234712390
  0.67226478197369721  0.68257102065871877  0.69305028505479271  0.70385841730636700
  0.71446908347773441  0.72511034665882235  0.73552425738200566  0.74600006858036927
  0.75605089438665340  0.76586961196559245  0.77610520077286294  0.78710691483557349
  0.79784782862041559  0.80854049581670739  0.81896587518175679  0.82967740999824569
  0.84043450301533462  0.85140190608297950  0.86202684089625059  0.87249583533514308
  0.88307785754021062  0.89384682014264549  0.90428284551709182  0.91497089387927799
  0.92537549639370442  0.93572168204043482  0.94613087111950589  0.95669796458171241
  0.96741178597730426  0.97817364896831993  0.98904423683281584  1.00000000000000000
 -0.00234708673998795  0.00997711928012714  0.02062225041024075  0.03159422011070823
  0.04297934377425647  0.05438957562808198  0.06561003949037014  0.07578988726727322
  0.08581552089076873  0.09546225033993340  0.10527235525498686  0.11530145673950971
  0.12588674424490048  0.13650540410725320  0.14677202487634755  0.15655381310962296
  0.16640700576713727  0.17604472189438050  0.18538539740682231  0.19482198802128683
  0.20460628904862507  0.21529919743307732  0.22642614076666825  0.23690218765047660
  0.24718367310772477  0.25748425769509464  0.26787313763729564  0.27794648621192430
  0.28772213826450971  0.29752840834053296  0.30749722895721349  0.31768031411622827
  0.32804755137852548  0.33821610609862063  0.34832322471991228  0.35868427828326382
  0.36957189094814485  0.38079747264844677  0.39193043456184323  0.40320488687457118
  0.41450317489552307  0.42616998414478829  0.43772553707535056  0.44882405085733978
  0.45968769955520061  0.47051527350727579  0.48110224972538779  0.49171329132880176
  0.50258407388516768  0.51378618579385593  0.52492524668060347  0.53606627255679629
  0.54701482102923005  0.55742827585781718  0.56825666133731567  0.57931604680139459
  0.59029559439282131  0.60136421551104791  0.61293384447509913  0.62446124987741636
  0.63497382195755125  0.64499590243755367  0.65486109784037250  0.66481027668165549
  0.67490047391067298  0.68512601399544548  0.69570196369011095  0.70621473595557149
  0.71667789135120819  0.72720667970747566  0.73788323506568876  0.74888608512372168
  0.75975869415633224  0.77063118723367163  0.78150952091048509  0.79236618256110880
  0.80318600010635921  0.81394204156851113  0.82502002335982838  0.83617663833541156
  0.84731025758941769  0.85803264666889578  0.86828105122376942  0.87828494048448502
  0.88816139984356846  0.89796459317227217  0.90794844105474448  0.91812489363596261
  0.92837599118911129  0.93865358560361756  0.94915147179815340  0.95962383806376506
  0.96959870142153437  0.97922277942151192  0.98960947257152854  1.00000000000000000
 -0.00228043884182946  0.01070611921558708  0.02125589292676527  0.03162110280019059
  0.04150692161328796  0.05151351687361175  0.06205142327799280  0.07310913247044433
  0.08378981018168384  0.09429685899528011  0.10444787760967558  0.11497987113669179
  0.12569319232217671  0.13645685561637691  0.14698103206554086  0.15744296343170466
  0.16800280915881574  0.17840187118724268  0.18902805230648861  0.19933296625413852
  0.20969354396938841  0.22010435437413930  0.23097375438889067  0.24179564037958523
  0.25230111466030142  0.26244548624819164  0.27291392750834204  0.28328113797675442
  0.29397967761960037  0.30452939951475816  0.31509784764356197  0.32538356492432297
  0.33580742043498851  0.34665530383118925  0.35731096661865347  0.36724335135785768
  0.37728797382391654  0.38738200067360151  0.39752932827520854  0.40771567469049197
  0.41797235934284355  0.42882468433130155  0.43963802318705275  0.45009761024546668
  0.46086958026438024  0.47099097123921729  0.48131131124038273  0.49127000210720306
  0.50148673353419659  0.51153070749105112  0.52152713559817354  0.53148522985763091
  0.54136961857356192  0.55144319976661260  0.56179731932991883  0.57242112629104169
  0.58291108563430849  0.59313638674097702  0.60333837894535880  0.61341996831237922
  0.62341571093627979  0.63339286460679112  0.64339847378064352  0.65362668362424192
  0.66396357321641075  0.67436681110468044  0.68506569473159840  0.69629530983844523
  0.70822023697888448  0.71967711994412509  0.73068064997477666  0.74155036232867555
  0.75237824362291650  0.76350347715290245  0.77474314635414843  0.78642776658182889
  0.79781326059721680  0.80909959255755326  0.82038425655697356  0.83150446247473064
  0.84227486979560307  0.85247904354513948  0.86265324600013327  0.87304023423432653
  0.88361560698418806  0.89400712947314986  0.90427908574611271  0.91438277588713646
  0.92454891825263685  0.93483972398167769  0.94527138169431224  0.95618614221439158
  0.96731019348726055  0.97855618679990863  0.98942774636167452  1.00000000000000000
   9.5566791388129480E-026  -1.0000000000000000     
 T T T T T T T T T T T T T T T T T T T T T T T T
