  0.00000000005589637  0.00000000083657912  0.00000000215937100  0.00000000415332984
  0.00000000696627669  0.00000001093391503  0.00000001428507140  0.00000001706862636
  0.00000002053376253  0.00000002439010938  0.00000002708057158  0.00000002993639623
  0.00000003318197881  0.00000003648072491  0.00000004030020333  0.00000004439158375
  0.00000004793054043  0.00000005281733012  0.00000005984207244  0.00000006691572937
  0.00000007397856219  0.00000008120221550  0.00000008936488777  0.00000009891449389
  0.00000010702240425  0.00000011510246132  0.00000012377864435  0.00000013277215419
  0.00000013963112374  0.00000014598217100  0.00000015396739900  0.00000016238613426
  0.00000017143455446  0.00000018179343712  0.00000019598737280  0.00000021084047911
  0.00000022309013861  0.00000023487591408  0.00000024627803774  0.00000025735066283
  0.00000027311641114  0.00000028907911202  0.00000030341833979  0.00000031991647784
  0.00000033902235003  0.00000036024719987  0.00000038564131814  0.00000040951429493
  0.00000043079698140  0.00000044753632018  0.00000046196471027  0.00000047782887416
  0.00000049695681886  0.00000051359809917  0.00000053048849232  0.00000054717321830
  0.00000056771447522  0.00000058885172866  0.00000060762605616  0.00000062495167450
  0.00000064243026533  0.00000066231111603  0.00000068895322923  0.00000071871132927
  0.00000073971889385  0.00000075822063285  0.00000077786942491  0.00000080051630895
  0.00000082595035045  0.00000086359182171  0.00000089841686351  0.00000091979677833
  0.00000093416694641  0.00000095134981509  0.00000097583665886  0.00000100308502367
  0.00000103480218114  0.00000107870976010  0.00000110834614854  0.00000113706000732
  0.00000117667817178  0.00000123007504067  0.00000133900434979  0.00000145818070528
  0.00000157284787702  0.00000167994994706  0.00000178299035769  0.00000186797483701
  0.00000196464674568  0.00000207128684869  0.00000219027973801  0.00000250235321795
  0.00000308299534715  0.00000403140414350  0.00000509553323195  1.00000000000000000
  0.02040658306815102  0.11728552352012631  0.16484979627607571  0.19805076639636968
  0.22838713682493056  0.25883745207119080  0.27765102308133477  0.28831053520012023
  0.29673880459497798  0.30482895848032815  0.31607611349239828  0.32610821361450826
  0.33640173708717491  0.35553512914905272  0.37457528541282753  0.39119635144945536
  0.40645976889281654  0.42161242510206254  0.43582584514245115  0.44612544617002520
  0.45479265905176341  0.46311927827648003  0.47231236436552415  0.48011209968541624
  0.48413691084536170  0.48811790803433053  0.49207112278835152  0.49693424301111827
  0.50251856870924649  0.51100261542305658  0.51966669638688789  0.52723642304994556
  0.53495605513174982  0.54290555628296966  0.55118646244059599  0.56057627044910496
  0.57068939225939574  0.58115628172510747  0.58971302192528074  0.59864239305129330
  0.60712374721647910  0.61609886646409673  0.62489775643458734  0.63366745381385092
  0.64260094006248070  0.65072594803651196  0.65779293847360953  0.66509755294508066
  0.67235109354819045  0.67993871498692027  0.68723906468504037  0.69417002349724977
  0.70249079041734031  0.71130501119804246  0.72279518078345073  0.73406096531219844
  0.74472587434369786  0.75276014930287782  0.76061978274743280  0.76941075655130331
  0.77902521678853220  0.78958385603245218  0.80033092512542270  0.80976013261527446
  0.81669448979947801  0.82365996184217460  0.83056455065180101  0.83609149307520303
  0.84281516406968027  0.85085163576771583  0.85974316785904881  0.87058727532336788
  0.88263705680129023  0.89429520324403344  0.90731896518333666  0.91824110032214856
  0.92545036114342227  0.93255723323968776  0.93933133931461887  0.94417686066429951
  0.94792249228436953  0.95060662649611694  0.95316049563328942  0.95603544994009104
  0.95848619851509143  0.96056610212949778  0.96169517271286475  0.96290279941729617
  0.96410478519295684  0.96531706868713985  0.96651770060848563  0.96746816459134422
  0.96830584996920033  0.96924567110228266  0.97029143195051848  1.00000000000000000
 -0.00000005636198502  0.00000000051319050  0.00000005738836601  0.00000011426354153
  0.00000017365296896  0.00000027047100707  0.00000036728904517  0.00000046410708328
  0.00000061052411241  0.00000077674286561  0.00000099656097729  0.00000123613679118
  0.00000151663457326  0.00000176384974412  0.00000198867728505  0.00000265710238355
  0.00000346843775801  0.00000430627110897  0.00000542895219086  0.00000728113822560
  0.00000931448877409  0.00001177365699269  0.00001448354458335  0.00001746402232963
  0.00002057012540152  0.00002406776859087  0.00002859120637177  0.00003415511715579
  0.00004064207028368  0.00004788799821863  0.00005636182417184  0.00006601465124538
  0.00007679365864626  0.00008895409276112  0.00010295548373137  0.00011955898486507
  0.00013935403858490  0.00016364027576492  0.00019067917256340  0.00021927601649740
  0.00024955635998647  0.00028552611072100  0.00032660230821044  0.00037522443668847
  0.00043558853841186  0.00050465346705918  0.00058014652443245  0.00066432996221457
  0.00076000158785941  0.00087092915449167  0.00100489256023275  0.00114744502192001
  0.00129904582306892  0.00145402690945177  0.00161910844005283  0.00179857872894509
  0.00198759446427712  0.00220342003897086  0.00243353921229537  0.00267155776243221
  0.00291788594246302  0.00321489421417733  0.00357674209147819  0.00399166487267172
  0.00444509133112960  0.00493364062723074  0.00546564691385733  0.00602483960013113
  0.00656847179482914  0.00707520102596937  0.00756224114021163  0.00806605911938604
  0.00860654694800929  0.00951735168372150  0.01046162783590617  0.01133856036581538
  0.01204506609964329  0.01290694495506996  0.49822354641520156  0.98819431204246877
  0.98970497397514645  0.99105576544226615  0.99207828986120983  0.99296229333154873
  0.99379992265736761  0.99461688934613202  0.99541836910178383  0.99618222040740334
  0.99691104058506075  0.99758218738124627  0.99809411326582931  0.99850899065492282
  0.99892310073741197  0.99928206715827461  0.99964103357913736  1.00000000000000000
 -0.00313754258724826  0.00820858985598866  0.01837172332278335  0.02767948748377239
  0.03534599146787443  0.04272058346047957  0.04902125009096551  0.05340906998137823
  0.05675415806748420  0.06224392208924018  0.06792761243710235  0.07360921504184043
  0.07824550023002184  0.08211981920543669  0.08587769613830741  0.09099359191671128
  0.10136011115232979  0.11425515668754331  0.12725937714932734  0.13868297037589769
  0.14838744512422855  0.15883310201187886  0.16835547480158183  0.17527198295032437
  0.18305623269735405  0.19132321453975099  0.20009493555701180  0.20993665640675113
  0.22170807126544378  0.23158105509130181  0.24176325150339903  0.25305215203747655
  0.26601398421374634  0.27980106434584961  0.29271880809376788  0.30476482669557164
  0.31445792956655333  0.32128051063817464  0.32810088768554579  0.33441278192172197
  0.33912716484918498  0.34337930873606637  0.34894331256694250  0.35683297643524925
  0.36501554727191465  0.37265355822007318  0.38523054031648957  0.39707349003892151
  0.40797843540316642  0.41731328059426392  0.42613619606173653  0.43544040990467020
  0.44641746491657391  0.46268749701863349  0.48075293928820878  0.49706034767364632
  0.51445013069708956  0.53221481629039424  0.54930764709728663  0.56507673891261345
  0.58017402930566020  0.59202878629802003  0.60427516565302530  0.61499477116463630
  0.62691339840067684  0.64033961340707479  0.65393669978923530  0.66810742766053366
  0.68337754955440277  0.69756244756357255  0.70836098493433719  0.71919682520121719
  0.72951938231207658  0.73965289466000561  0.75038858938205222  0.75636701850079802
  0.76255948256962058  0.76967225123188499  0.77911624480884445  0.78965080852070668
  0.79813933393048409  0.80520449274147765  0.81314166878071048  0.82652498956245846
  0.84030675885695749  0.84936371187850657  0.85655122920613480  0.86417949593669430
  0.87230319303827208  0.88434107908380832  0.90320719838703600  0.92593176687328904
  0.94758008598097065  0.96538289329966209  0.98293133462141746  1.00000000000000000
 -0.00398928750019755  0.02158770105146147  0.03792847490854070  0.05368444380423842
  0.07030849999511693  0.08626338152072499  0.10088043694364790  0.11525692838966387
  0.12925486192551766  0.14139539773713450  0.14955523161247744  0.15572472487767852
  0.16366141256159719  0.16894778005602618  0.17441790757107550  0.18017096503774738
  0.18586737448659785  0.19461160655565227  0.20379356985512384  0.21702530138263446
  0.23454006241610498  0.25220714550337875  0.26915322651712054  0.28528778138460098
  0.29940615665322629  0.31109461272274408  0.32265279836852911  0.33495127005440983
  0.34978891680848900  0.36868386982418805  0.37965205845169031  0.38482626892363281
  0.39012674849374790  0.39535823942748044  0.40099775065709453  0.40676199560320853
  0.41213702318436796  0.41707440732680928  0.43468564885660899  0.45357949010319210
  0.47096639693474401  0.48682140305053534  0.50200930704574942  0.51617552964910474
  0.53010505387356743  0.54413481867140356  0.55775617260846166  0.56886624758219051
  0.57979041719204805  0.59062383904557580  0.60111051993129616  0.60956842621733509
  0.61735240713829631  0.62458410967799183  0.63383336475683771  0.64567224936017187
  0.65807856289813260  0.66901685681163825  0.67594913435969373  0.68263071054553337
  0.68740331584882064  0.69296861366736517  0.69924536074792931  0.70813182856506041
  0.72010925228320788  0.73602359577523546  0.75216133918198469  0.76582430408529212
  0.77679599441901659  0.78486764105193740  0.79148600229182997  0.79743936772828428
  0.80357007783067491  0.81165289021701836  0.81673571810539891  0.82413344329217597
  0.83050936165355382  0.83635872635554098  0.84326989629903304  0.85113066090567369
  0.85838338902375744  0.86534042832965363  0.87275566255169079  0.88385162751547741
  0.89339690093433444  0.90134840770037328  0.90974975168543171  0.91816906593403824
  0.92766028794896449  0.93731500689596559  0.94817907225487752  0.95819283875444461
  0.96782550350031715  0.97749108383695349  0.98755117278239768  1.00000000000000000
 -0.00402774857504240  0.00818271714825654  0.01886697992002920  0.02608401214390335
  0.03206845493746065  0.03697344181490799  0.04177972704718655  0.04567394901179848
  0.04936358602990936  0.05366472580549696  0.05915833269337611  0.06446527519796269
  0.06888485778885241  0.07629442642277884  0.08723142711203448  0.09685611069486226
  0.10562887113073220  0.11325406711062051  0.12104327512764358  0.12849306622702628
  0.13506195933808074  0.14086216576524530  0.14638096947254142  0.15083077457746280
  0.15558685034915248  0.16117619128628816  0.16778566192103544  0.17608141155197166
  0.18454424759980192  0.19385885379424969  0.20282565993740301  0.20972214383009216
  0.21669692396559762  0.22469140795101805  0.23409764241348544  0.24365420949042177
  0.25336754398024641  0.26391251539055316  0.27090869432897963  0.28089416605942014
  0.29247339796992072  0.30480262268714675  0.31939735218400317  0.33354775204389980
  0.34665141561892399  0.35873968219601005  0.36847614345023977  0.37791261447558638
  0.38612093026759137  0.39584818876335964  0.40661049119722531  0.41880296397248745
  0.43104619727886107  0.44428811284669251  0.45808317439038404  0.47066715950909221
  0.48284321079709713  0.49387976632649788  0.50530072923351765  0.51757196911349035
  0.53095690827843045  0.54482078053677552  0.56161946807212493  0.57755972281789558
  0.59122589450755336  0.60324457451213587  0.61437812972312178  0.62618746833545347
  0.63936906786915393  0.65354299885778910  0.66684591854113573  0.67898387179827069
  0.69030724119304065  0.70145250567234374  0.71298288346675986  0.72746860599628405
  0.73777928200321963  0.74720056738866492  0.75554716131693866  0.76337272820076552
  0.77215189821660968  0.78507640332762108  0.79943102503299934  0.81745971585667321
  0.83560744004027165  0.85338271131676235  0.86795012313218312  0.88087694356869017
  0.89295144751345723  0.90739417159972480  0.92242413210359542  0.93768809813239706
  0.95220040639951031  0.96705408016863048  0.98300588464798755  1.00000000000000000
 -0.00215853793513825  0.01387967351977421  0.02722667284478586  0.03680944712986958
  0.04590577393479736  0.05503543003116237  0.06396824078034268  0.07263271580130205
  0.08452916564622749  0.09943719081261210  0.11726777207605685  0.13499122022600277
  0.15207582073405329  0.16878293767357172  0.18459824999225730  0.19971784252624969
  0.21277423442584756  0.22476588831701838  0.23214498874010647  0.24064519540574641
  0.24974194154402932  0.25895238585663316  0.26876394441369977  0.27888558779808170
  0.28814199357448961  0.29760149058370916  0.30738142399167784  0.31799926074567925
  0.33094236099917840  0.34383289883224993  0.35777275892008892  0.37161325161619752
  0.38348406371325017  0.39422520217454388  0.40619084432723201  0.42016560159199906
  0.43700403809979405  0.45377214400493665  0.46817884907806379  0.47915464216699882
  0.49104749506860940  0.50077937820887020  0.51132670355616716  0.52240559245547413
  0.53489992906199513  0.55038743815514535  0.56660323877408947  0.58245883464262427
  0.59797234547636557  0.61229237516381252  0.62545916085375908  0.63995332320081977
  0.65489654637025829  0.66889193618179932  0.68284691655886398  0.69780484457745784
  0.71163355053122890  0.72367544751169355  0.73503091928870257  0.74680466529816647
  0.75512770298105014  0.76075787262672079  0.76543193815047983  0.77029312725484278
  0.77493763694642126  0.77916596743150257  0.78280482817361796  0.78584573875078123
  0.79060982818104075  0.79602724730616381  0.80004661004902200  0.80333888231070227
  0.80529001254404597  0.80710300009030567  0.80875375218768186  0.81064269011600609
  0.81347205466762718  0.81911521539868026  0.83267385627315893  0.84421246305818531
  0.85599697699892108  0.86498455761841708  0.87426724995923244  0.88327823477453760
  0.89177539005554274  0.90178385482010803  0.90851413646524526  0.91572548451090152
  0.92368175903894845  0.93246882865014968  0.94220619841115527  0.95335389462246189
  0.96427112190581710  0.97506274843351737  0.98606373649882861  1.00000000000000000
 -0.00257712455094097  0.01296828143416163  0.02550187698571174  0.03563203172446816
  0.04554820282585367  0.05671620217343614  0.07034588189134319  0.08540593774287709
  0.10079369845168970  0.11473878754612728  0.12699122115573483  0.13684957008030801
  0.14610215248509315  0.15576795915927708  0.16355987914776929  0.17206887416844985
  0.18295210740005474  0.19500570464121941  0.20695080492354845  0.21789925601668494
  0.22842001992308195  0.23926097395928334  0.25136631133254034  0.26461901106384333
  0.27839335527850184  0.29199177587654446  0.30469677144186313  0.31800290119782948
  0.33107101798708627  0.34417680199376699  0.35499807685068696  0.36350570699893581
  0.36879858961811740  0.37389424548496930  0.37875083042871754  0.38443191398734966
  0.39269868401795827  0.40444032012499193  0.41862652375486065  0.42833941691749322
  0.43750516906305315  0.44669723530198413  0.45564892945769925  0.46438529093041642
  0.47504149726261236  0.48646204676501681  0.49862531643302016  0.51498185968616084
  0.53052682578054844  0.54376510255549704  0.55658283463579117  0.56861081594932972
  0.57918209477239491  0.58668945537766981  0.59238799168316103  0.59836398188744111
  0.60534368030808960  0.61304734864276911  0.61868190343910057  0.62105985385006734
  0.62347846291390641  0.62602789938994940  0.62885505515732898  0.63161355878896519
  0.63665052885553308  0.64315135626566278  0.65200201636545629  0.66528131637112420
  0.67962028178593492  0.69522917600108458  0.70878232649833206  0.71833461094976647
  0.72760704693410427  0.73470889710240295  0.74302000218166853  0.75335398170364976
  0.76355244868032590  0.77484324001656735  0.78955001472692699  0.80329592294953822
  0.81678143224821309  0.83205701235511753  0.85042823781783761  0.86706599052655886
  0.87733047169660017  0.88738912010852444  0.89720785010543602  0.90879958389354387
  0.92164246063281907  0.93332241868611521  0.94539969349318864  0.95662903700632884
  0.96702238989532840  0.97830598980012873  0.98929331915925656  1.00000000000000000
   1.8651657894663608E-016  -1.0000000000000000     
 T T T F F F T T T F F F T T T F F F F T T F F F F F T F F F T T F F F F T T T F F F T T T F F F F F F F F F T T F F F F T F F F F F F F F F F F F F F F F F T T T F F F T T T F F F F F F F F F T T T F F F T T T F F F T T T F F F T T T F F F T T T F F F T T T F F F T T T F F F T T F F F F
