  0.00007114054213631  0.00016436722864913  0.00024366534089961  0.00033826493579449
  0.00044971508045421  0.00059435957804586  0.00079034743163011  0.00102631679644282
  0.00132212336405971  0.00164333622954117  0.00192359908421105  0.00220372848458690
  0.00248978642508872  0.00284235410472841  0.00328853110585680  0.00378479131974095
  0.00432010368981829  0.00481342745150448  0.00528083205092078  0.00578801580392275
  0.00633795841845175  0.00702827786030365  0.00763812735226598  0.00824221211212849
  0.00885454452208606  0.00990923187879402  0.01117895944816806  0.01204444558209117
  0.01274562384757360  0.01334386537667522  0.01396366275439181  0.01461048996798357
  0.01522681057437757  0.01597157898322541  0.01712115793991717  0.01855213184973210
  0.02042489820670544  0.02270789011331130  0.02508400762215027  0.02716061502591295
  0.02926297760688767  0.03159721824196522  0.03355710143873166  0.03512261496629072
  0.03658508554838645  0.03830152975617609  0.04042633535154413  0.04180256628371813
  0.04313363533946927  0.04443744064070188  0.04610647162783233  0.05009387849236589
  0.05599258931555740  0.05988620034036304  0.06226895903505771  0.06470937049361852
  0.06675611994839549  0.06849551499552556  0.07096760438413882  0.07405076578938288
  0.07724388459438218  0.08051798036986514  0.08551723740328379  0.09034240930642745
  0.09902229912616815  0.10716900896258293  0.11498560901688461  0.12057964883977716
  0.12723057772555779  0.13372492187371388  0.13932299187726696  0.14294475043008253
  0.14622256528166130  0.14948939948385828  0.15598050374274181  0.16446181411876470
  0.17239353833623774  0.17602366208198605  0.17855785977929670  0.18166618694807182
  0.18487863848151612  0.18764247644858087  0.19058509588587658  0.20137282254823829
  0.21261418578303637  0.22562969266488783  0.23989575415395306  0.26457430633306472
  0.30185844511260784  0.34153277907395657  0.39169489167688409  0.45061652477013814
  0.53950661784589549  0.65869862927600753  0.82517017968447315  1.00000000000000000
  0.00007339864567702  0.00033225557513098  0.00049837780694377  0.00064637845166679
  0.00080108247128923  0.00098426112948227  0.00121117860587944  0.00144866395678847
  0.00171600303038664  0.00205802951463434  0.00248503479241977  0.00302534274180590
  0.00370473551669437  0.00444966969969503  0.00516403465011066  0.00595418338065410
  0.00682905778202980  0.00803724833359395  0.00929651499603853  0.01092346560648515
  0.01278367602085392  0.01526326155372723  0.01808879190578380  0.02159724319659377
  0.02536813030684418  0.02955559753705918  0.03424939604041317  0.03832642406351848
  0.04288962882035019  0.04775349902395077  0.05279091226457209  0.05840129678796732
  0.06502156927331480  0.07345525012047785  0.08464314174190472  0.09374348270948285
  0.10314386787122413  0.11381754906641171  0.12766577322813105  0.14097063592115971
  0.15137908097763103  0.16438434145960723  0.17393360674334388  0.18569757915779966
  0.20609623271782784  0.22013379450825910  0.23670477437945389  0.26370166841632064
  0.30844107568268841  0.34353846967834767  0.37898551683069936  0.41008376448716521
  0.44169353550703683  0.47317823745258525  0.50073616508640972  0.52352985475931413
  0.54337371802668943  0.56373500159185352  0.58271099931891279  0.59321199720560058
  0.60523230317372567  0.61752341343021744  0.62829220271618202  0.63906013687978880
  0.64903685077800022  0.65695208081491230  0.66373294339657452  0.67098010834652799
  0.67956783095996065  0.68823218750937154  0.69583898895503349  0.70358382308491296
  0.71030629247616839  0.71703590873883949  0.72380055116622311  0.73082093028560846
  0.73626677999431589  0.74137392902756061  0.74636777571580304  0.75153157355935285
  0.75789123771921596  0.76587117019332274  0.77739221716806950  0.79281909665255945
  0.81196793656767219  0.83142053288931528  0.85285509446828500  0.87434869498707779
  0.89169469581172700  0.90667909604869035  0.92053619781905716  0.93435277234354119
  0.94814890016021081  0.96541342151033149  0.98272891514681648  1.00000000000000000
 -0.00000238180044974  0.00002418255709944  0.00006430420896812  0.00011441711346813
  0.00018742128103964  0.00029171352938033  0.00040439570748847  0.00063285931100845
  0.00102080834843033  0.00141057877926518  0.00191728138599376  0.00272728853758254
  0.00360048732987197  0.00459615906264427  0.00583115783894441  0.00688206160465467
  0.00807122305477522  0.00971741563437982  0.01174493337948746  0.01347907664761333
  0.01557215415301117  0.01826354380576768  0.02035310116609572  0.02225065003059112
  0.02422256026736558  0.02726327715006448  0.03218799831444252  0.03606446174554524
  0.03964934026954424  0.04422023639364255  0.04914864876145340  0.05319996876243228
  0.05709301552551956  0.06142271368890849  0.06646568526033088  0.07064726919469409
  0.07598718300112647  0.08169637947501787  0.08786077857792737  0.09542043623260398
  0.10437410777637388  0.11365619332147153  0.12475493456180164  0.13667802506021273
  0.14736691350402392  0.15712414013784504  0.16545566324734745  0.17478280489913128
  0.18321158337938265  0.18993792794282735  0.19804131179195397  0.20396095855184268
  0.20956939284460252  0.21489390381903573  0.22018609199976291  0.22802365996762528
  0.23557549108814915  0.24014556823369226  0.24239043874690322  0.24410142072374436
  0.24615080749006607  0.24836439172603902  0.25074298978503784  0.25231975931693934
  0.25380282829858430  0.25509496886604516  0.25713291188130605  0.26080921332228929
  0.26493828300281208  0.26911721813448031  0.27341583414872894  0.27814316048965038
  0.28358680136455083  0.28865921771776576  0.29337166217553312  0.29740223121292203
  0.30106695032443226  0.30505957114121690  0.30856473752116664  0.31146335160045718
  0.31433772864787185  0.31715244713815921  0.32164005195370254  0.32577977107833067
  0.33030696007725829  0.33638869480522554  0.34333637710503834  0.35203513436061784
  0.36176954366673886  0.37378882734261770  0.39459084244879439  0.43002188217405890
  0.47699019589112351  0.53731420068488489  0.62998179720930703  1.00000000000000000
 -0.00043381485244044  0.00008932238651452  0.00061245962546949  0.00129645948193951
  0.00223022079807384  0.00316489092180120  0.00411797441916075  0.00507105791652030
  0.00635718674940493  0.00783591374848356  0.00956252251438609  0.01208792880717785
  0.01569995534804497  0.01859291718140171  0.02046289235865158  0.02267140402931477
  0.02514448579431566  0.02780557141877335  0.03058231104753818  0.03376772934661160
  0.03880574111551527  0.04380501722266819  0.04861539716071520  0.05296415162766779
  0.05699339533789287  0.06088130763440832  0.06467653825729368  0.06952222554537521
  0.07504085569844118  0.08082546938162370  0.08639069660378845  0.09187536238920109
  0.09819736092341157  0.10398017222907162  0.11564613135082838  0.12763637051220850
  0.13985826112873284  0.15262586429377603  0.16702696146114898  0.18476524225458688
  0.20004896211155071  0.21497469670038005  0.22847250805116004  0.24544900412576232
  0.25834764991611531  0.26966298130274402  0.27851154098347453  0.28672389189667008
  0.29522508344367965  0.30353057799387262  0.31345796298654127  0.32914425974228112
  0.34424685768424829  0.35682363303214626  0.37024995568548058  0.38341765660471300
  0.40376612900125858  0.41850386190128558  0.43427341390015045  0.45433033174806819
  0.47860255591131562  0.49706155265672547  0.51307053053988272  0.52730303934776679
  0.53911826661389417  0.54924923906428291  0.55881920452942135  0.56877628223557919
  0.58143012595731447  0.59683068976139841  0.61192571977988519  0.62800141802316389
  0.64653485125788313  0.65696333404488216  0.66556588757613733  0.67705920820457288
  0.68693556322726290  0.69693813292805229  0.70703762009708693  0.72321642121712915
  0.74627443903363633  0.76808793248802798  0.78457050915577398  0.80176640284754908
  0.81713191449556888  0.83694724530406861  0.85691171974653024  0.87599432680888301
  0.89608080919513966  0.91399553198909822  0.93060151740996799  0.94902771409926823
  0.96395907875335773  0.97647039749342801  0.98847670075524330  1.00000000000000000
 -0.00357967280996687  0.01748374047896939  0.03347087898984847  0.05138646785065441
  0.07047936004541418  0.08802601479726332  0.10107830344276904  0.11202200682421508
  0.12258511017117743  0.13446935684998154  0.14769479741349675  0.16137908135503728
  0.17866046879896880  0.19765013297203027  0.21696567856696100  0.23510960927714764
  0.25329901155608214  0.27278019616323618  0.28906639593228012  0.30669739515326810
  0.32459732797098723  0.34432464932387141  0.36147335574205075  0.37378946690220549
  0.38571457975732076  0.39798618037438421  0.41151600189302651  0.42463050751320131
  0.43397035618951696  0.44305281685479952  0.45141750417237581  0.46002413968051420
  0.47078419170497626  0.48346366950075970  0.49682982134250320  0.50740427197281446
  0.51577037057313813  0.52441227569683591  0.53288179023138116  0.54061049142790996
  0.54535343503259348  0.55045672203620288  0.55542095271613945  0.56524129950317226
  0.57821289911075369  0.59340991356754547  0.60786701681872013  0.61881823781633416
  0.63074524847089908  0.64316729040119602  0.65652601661385446  0.66867445618869770
  0.67974861915575013  0.69080523143149042  0.70418784531460255  0.70964814621853212
  0.71430817332932361  0.71921665754043163  0.72287541184875759  0.72588465281399306
  0.72879599762992220  0.73238798631628521  0.73937451959695599  0.74852250460466330
  0.75410942937823078  0.75940584178396864  0.76438795443916152  0.77067594003472539
  0.77718645705140577  0.78335557234393371  0.79118865845603514  0.80101449828567539
  0.81254100352293823  0.81931681695033720  0.82370520142422821  0.82734854354007492
  0.83271264710360693  0.83944139800382445  0.84679993330278391  0.85493654262201235
  0.86204947637813067  0.86941875251865808  0.87662956077324639  0.88471633388055304
  0.89599387846597711  0.90610042371383370  0.91809105451002182  0.92966537278643147
  0.93919674414180199  0.94774324445090241  0.95693824312783482  0.96454453203251966
  0.97217236086079395  0.98276007923777886  0.99090399982357158  1.00000000000000000
 -0.00435902785792875  0.03349984547353257  0.05420562659212814  0.07726966583134368
  0.11620661256416892  0.14328526913006373  0.16521738151549997  0.18852476142143454
  0.21176113986113360  0.23419229374236328  0.25827634446152042  0.28354807520579578
  0.30407330928220566  0.32045773656828641  0.33905647091220226  0.35465264307625810
  0.36846154764410771  0.38142160129723035  0.39330870969938325  0.40809981396317146
  0.42178851352500019  0.43822836712803154  0.45353549208954347  0.46679806962558429
  0.47970941969318426  0.49242150738005391  0.50451783349011337  0.51567186439599799
  0.52657966623756980  0.53716130910192017  0.54774590297190706  0.55963532724910614
  0.57104732570605032  0.58213426026615556  0.59224026120752049  0.60407207150339670
  0.61519864056542273  0.62686703369876795  0.63976778305833271  0.64943964756856376
  0.65452993567769546  0.65952932226893957  0.66587548305077504  0.67236314000369735
  0.67920371925537404  0.68614499263697926  0.69340259715690822  0.69870247474363600
  0.70397929786210134  0.71106594756758934  0.72122246790527300  0.73346873039978266
  0.74620448587528276  0.75789501741747844  0.76885632924709535  0.77936328248014364
  0.78833452472712406  0.79655036407790392  0.80463421236681187  0.81340140882564638
  0.82376198486989172  0.83528337592712421  0.84624628921987100  0.85640850408422853
  0.86660331675554603  0.87598172653714490  0.88551869952332551  0.89463596473331930
  0.90335791334028448  0.91212254142745330  0.91969451776017008  0.92754427765412384
  0.93391162256767202  0.93956011976281284  0.94505377553864534  0.95005366630310994
  0.95514520505164491  0.96008906150883488  0.96335435078227871  0.96730884800342154
  0.97116607649495690  0.97518983047415986  0.97805651589838205  0.98044712008703727
  0.98264070111714197  0.98484367309530252  0.98681919713064370  0.98828935389776329
  0.98967187681127278  0.99111632170623987  0.99283567333170697  0.99421491293490405
  0.99540924733740965  0.99670514005258848  0.99820115053744118  1.00000000000000000
 -0.00115909020900966  0.00614161604342588  0.01207729499416286  0.01865906303888664
  0.02461165589194178  0.02872423894932593  0.03302956932811604  0.03727216218020880
  0.04594152281318338  0.05904279913386621  0.07251535387667073  0.08626512952467177
  0.09982485455057619  0.11218171329377420  0.12344610091465563  0.13435944487495777
  0.14699527297656959  0.16299255087507700  0.17889530236327131  0.19609910250127469
  0.21348878620715864  0.22983031044143848  0.24515104231146806  0.25990944379659953
  0.27366519487960761  0.28816499848714883  0.30182339614472903  0.31368037380340014
  0.32054192475653992  0.32798667487088584  0.33825651236205656  0.34963359355333035
  0.35783793250037527  0.36422993305620954  0.36898288106331723  0.37600176044804029
  0.39187597694536580  0.41173694897478208  0.42958970183814027  0.44805871318730367
  0.46178587735833126  0.47514547913563832  0.48534517001370114  0.49608825148134161
  0.50771826562143862  0.51503942360941657  0.52152714662045752  0.52847329234061990
  0.53698171493982827  0.54663769557831843  0.56329360055449107  0.57940149159373033
  0.59552054368099594  0.61210306355915878  0.62404403615962267  0.63554718938354371
  0.64635923345979274  0.65887889671013555  0.67390133613191361  0.68806637069405086
  0.69946036311132753  0.70903901448170170  0.71594044263999390  0.72209098655731696
  0.72875982110948667  0.73593690471618745  0.74355872290319858  0.75411248806540410
  0.75804524841892373  0.76069742389227046  0.76332043506770286  0.76582483556984415
  0.76903657404476033  0.77322160641849114  0.77689165898199697  0.78219412708672142
  0.78996491371589872  0.79891800752099640  0.80928131658431546  0.82145015467304083
  0.83317698798948503  0.84152023185389124  0.85080016089129828  0.86074626922475195
  0.87038969629459095  0.88272401406746670  0.89682340034496777  0.90975082127449869
  0.92112896564180458  0.93231397330636789  0.94486998276189882  0.95560525659302575
  0.96561058592942517  0.97594869837080345  0.98705158630177059  1.00000000000000000
 -0.00246416306127771  0.01449994599591373  0.02658188374777893  0.03840805215200998
  0.05024212973744469  0.06357062429263940  0.07937997332406935  0.09498598619311646
  0.10929738622361168  0.11985079363046004  0.12880884901873912  0.13641953587782674
  0.14314763936671052  0.15090737290752368  0.15959327583823346  0.17030693885964823
  0.18278319971424903  0.19206611285881592  0.19862098710083714  0.20428200188111251
  0.20959704126536832  0.21303263095953420  0.21650314980636501  0.22058086662742327
  0.22425546707778241  0.22794610320175346  0.23128447297202026  0.23476811540126799
  0.24027630979093678  0.25061205055195940  0.26492844594590736  0.27764315691986419
  0.29133089767797304  0.30457601834983367  0.31733387824607612  0.32972166644418371
  0.34287578994213230  0.35861814045220147  0.37366716472882511  0.38253841333576127
  0.39200211618930342  0.40268524171854975  0.41349348751515735  0.42350646400313835
  0.43265578452318648  0.44432239162068843  0.45990902381730775  0.47409644473763518
  0.48940871933519509  0.50170184128041428  0.51236390826924150  0.52269241391381438
  0.53304817466241217  0.55154881122713306  0.57037496875359739  0.58650691448990455
  0.60177355749310979  0.61433319799301844  0.62525336933027242  0.63195053837658965
  0.63800871178444052  0.64369998789557381  0.64919463403378264  0.65588836016078722
  0.66397718483832102  0.67080152727144982  0.67900697192618875  0.68770439053333343
  0.69709378467473693  0.70624879082104930  0.71665503968424715  0.72387887758457559
  0.73149893782357878  0.74295687174182745  0.75680029908560187  0.77088831442010042
  0.78383854331324598  0.79703901377509856  0.81046568829999965  0.82373827438515279
  0.83796828075269092  0.85131185047302194  0.86667298436230522  0.87919252944057569
  0.88738273791890043  0.89387619951481412  0.89970448164834371  0.90524008098748021
  0.91088718086993659  0.91679948134766975  0.92435022987241722  0.93423255823095275
  0.94519661100630659  0.96088047642122776  0.97565413104314769  1.00000000000000000
   2.3165996983591382E-011  -1.0000000000000000     
 T T T F F F T T T F F F T T T F F F T T F F F F T T T F F F T T F F F F T T T F F F T T T F F F T T F F F F F T F F F F F F F F F F F F F F F F T T T F F F T T T F F F T T T F F F T T T F F F T T T F F F T T T F F F T T T F F F T T T F F F T T T F F F T T T F F F T T T F F F T T T F F F
