  0.00487573453917004  0.00532453080567668  0.00577332707218332  0.00612162345678452
  0.00643293461002396  0.00677937844228029  0.00714745054575079  0.00755798307968346
  0.00797911812634647  0.00842214017663536  0.00886582188478033  0.00931053338916797
  0.00983732129466045  0.01040118487515985  0.01098838665276570  0.01163672366163528
  0.01234014624427704  0.01312683172979726  0.01391783796362665  0.01471937367251181
  0.01558811343117417  0.01653879632801378  0.01756329225888729  0.01864532109188098
  0.01976773457115130  0.02108008126878741  0.02243551186785368  0.02391610582083088
  0.02551132611389347  0.02721938569428899  0.02898176261268790  0.03073087912148896
  0.03268896173134128  0.03470991344960071  0.03685981329266242  0.03922130505554527
  0.04119864227105747  0.04437136391391976  0.04785899652658995  0.05161097566051980
  0.05578570366540597  0.06039804988405585  0.06542169612164468  0.07117830430047242
  0.07751135366097631  0.08472195895455308  0.09247253152096654  0.10007871373809415
  0.10749810081214919  0.11524429606685851  0.12364481682411581  0.13342591836151005
  0.14460131656438738  0.15638178801186806  0.16836906242006144  0.18018306849627769
  0.19180707095058547  0.20411195601163071  0.21785078324406346  0.23184796829696402
  0.24499300220611561  0.25868973651495530  0.27295356808791388  0.28740914466895678
  0.30211806380825823  0.31677112878876945  0.33155727121591749  0.34638295356677468
  0.36174662177537853  0.37761900972066470  0.39375013647898538  0.40996999910729576
  0.42685102347240039  0.44439170104402886  0.46188386645871032  0.47946008653967270
  0.49747276646617827  0.51647721837711746  0.53493513341726873  0.55416634058795244
  0.57399847861316411  0.59170671518283713  0.61035927375373822  0.63030395995619470
  0.65193047492770095  0.67516244004636783  0.69891143551483537  0.72165530447819093
  0.74610487055265073  0.77240621405492194  0.79807309178172969  0.82373279331804217
  0.85182512389300180  0.88377171470627303  0.92716711320772216  1.00000000000000000
  0.36375481074914967  0.38658920332421426  0.40850822044973190  0.41105541072470797
  0.41419957493347692  0.41776018067084508  0.42370365615969657  0.43159573799923839
  0.43749358572717056  0.44549532290660926  0.45606568872144787  0.46642645329056653
  0.47668551134963821  0.48327536438002822  0.48934066052038466  0.49720911917153371
  0.50500132934746012  0.51047553356034159  0.51338230511128502  0.51588666933604310
  0.51844887980796850  0.52797647112203649  0.53388510944397438  0.53707977233955051
  0.54010794614745794  0.54285887496344842  0.54611746382808857  0.54888029607986000
  0.55144558229781138  0.55386964424624285  0.55745282185279055  0.56370868777484084
  0.56712245332804334  0.57001963535185585  0.57216591724883192  0.57416837846827951
  0.57642359931204845  0.57923603259840517  0.58154479039507168  0.58363458396019885
  0.58569946635341819  0.58812900978145533  0.59063631491278357  0.59321026314289194
  0.59719544516989442  0.60262268302946143  0.60824564138682902  0.61400649430415211
  0.61873095974569781  0.62304670693706365  0.62685195294895268  0.62979196766677237
  0.63388988802993029  0.63772719152782442  0.64183094149148778  0.64622774298465324
  0.65055189662750901  0.65520001498182268  0.65948103698383054  0.66220609617129833
  0.66497898433848024  0.66732732355178626  0.66973132886304820  0.67228541081700222
  0.67523469170078965  0.67801419406169194  0.68118322847316382  0.68464466816237657
  0.68821792701014228  0.69308453439552542  0.69860192954733713  0.70401391463648999
  0.70943453923571476  0.71585215437114724  0.72448853808286995  0.73389805996870894
  0.74173356678385749  0.74774675285578596  0.75381557958078560  0.76011748267446533
  0.76725269485435088  0.77885174881532071  0.79239087557931376  0.80496854243384419
  0.81738708801651461  0.82968460731422622  0.84161353712490516  0.85277201153445426
  0.86459726550533467  0.87670828857953553  0.88955315584736672  0.90267441040065921
  0.91733016033053183  0.93465934105657678  0.95793067353652528  1.00000000000000000
 -0.00298092593472079  0.01243865335951416  0.02460589328991767  0.03816243104998179
  0.05088858040135467  0.06202298407491660  0.07075747807842779  0.07929887833809370
  0.08784078916002427  0.09617587355254714  0.10465672185371004  0.11273836771893969
  0.12060976792899372  0.12837855497461326  0.13675311049864691  0.14590133164187180
  0.15489156308771940  0.16270348665664744  0.17009275798409929  0.17965386850043571
  0.18940566410509893  0.19971813815637077  0.20961647145064297  0.21944211691059634
  0.23005493656347095  0.24115532245824758  0.25221391998931714  0.26261174706104351
  0.27412348901337713  0.28730327748125989  0.30104165913210479  0.31420038479446982
  0.32546114653118086  0.33757785372145055  0.34921829483756645  0.36117753951594211
  0.37310930970002287  0.38600451264654195  0.40047831814984264  0.41362211208491456
  0.42433792478147236  0.43379217726621927  0.44319708194313290  0.45206211305353894
  0.46076403080547607  0.46911333572073116  0.47815813027047294  0.48782373659557199
  0.49826782915939466  0.50908210951132549  0.51986169952099592  0.53050476639092159
  0.54122674167995444  0.55239256307346574  0.56395366128493540  0.57590128983607092
  0.58790295575233376  0.60022943498244719  0.61159017638863378  0.62223461962234716
  0.63320245629237537  0.64415729598878735  0.65492884139256535  0.66555218576521202
  0.67641743287995848  0.68819109856137795  0.69979035251586408  0.71221457347123218
  0.72532116213932596  0.73586227880746347  0.74496604435121661  0.75400839533789232
  0.76342863746529777  0.77274397466016531  0.78238290586480641  0.79250230963135693
  0.80374705916230449  0.81548029447042170  0.82820508907909085  0.84056653529653413
  0.85340348870299609  0.86648836531827989  0.87876654228644568  0.88851241878935383
  0.89756246756153568  0.90578918606726833  0.91360919701282095  0.92097905513890477
  0.92930566386417512  0.93867136570193377  0.94963220991498043  0.96018409541285099
  0.96986544937405694  0.97960305141761328  0.98976491811974876  1.00000000000000000
 -0.00284335564315414  0.01060984386246671  0.02212598239586323  0.03383248372438095
  0.04429232502172416  0.05467484669708641  0.06543313010112155  0.07808873661493602
  0.09118028259729534  0.10341416304602262  0.11511625712452274  0.12619625903044332
  0.13632558388944138  0.14628109371263456  0.15580112835688512  0.16543790192472579
  0.17544338030002191  0.18603729315532302  0.19778281167926368  0.20971959321493905
  0.22076697209157287  0.23129653491891194  0.24130683182958360  0.25117049172808470
  0.26161024251118536  0.27195101505921487  0.28162825389602669  0.29185796746039977
  0.30258876823672226  0.31324016602446758  0.32497115384307829  0.33581418212025738
  0.34465640856308000  0.35301656296350431  0.36105312468691081  0.37069902764118418
  0.38122011170112718  0.39215533791304502  0.40144812291368248  0.41104201386390549
  0.42037255415465030  0.42993311685666941  0.43945625983504333  0.44900662440813344
  0.45897028428296294  0.46963617735784530  0.48086688479508571  0.49162694143587549
  0.50254847346132769  0.51341561290176074  0.52471733101083973  0.53597676038031350
  0.54760277715822003  0.55817199271625817  0.56921646369116141  0.57875732462660168
  0.58785228954912983  0.59721557876717568  0.60797880462128928  0.61894101622038433
  0.62932868845598888  0.63928194052817977  0.65000382616475227  0.66189824729838653
  0.67455399095083579  0.68711932959937450  0.69874844995299679  0.71009020634923947
  0.72160610819506732  0.73187968275951909  0.74042886540099540  0.74909062095804679
  0.75838909797052778  0.76798659518976120  0.77676876721060084  0.78466935795714332
  0.79320657429960229  0.80333875782511688  0.81355371897978379  0.82436172305391897
  0.83536632754289419  0.84683136945376247  0.85805535221720308  0.86960259800464312
  0.88263436026098474  0.89669772681668947  0.91083576585946757  0.92361176718537252
  0.93470567540426819  0.94406098834410535  0.95271542059503977  0.96160286619332691
  0.97089998636687347  0.98072099388772205  0.99034661512583555  1.00000000000000000
 -0.00260161176947843  0.01237657776038882  0.02242105066220427  0.03245910382655438
  0.04153892343892965  0.05032234506268383  0.05880244739452904  0.06732179326671880
  0.07859891511182161  0.08981041516907151  0.10102674953526196  0.11215036911274463
  0.12311795044040992  0.13394186464177418  0.14542252265008698  0.15738818298958163
  0.16849136001183626  0.17870880865938440  0.18985422934503690  0.20010042782009699
  0.20981459676210973  0.21882192555733129  0.22864673138198460  0.23976998195164459
  0.25111683416576741  0.26122390179510557  0.27084621272514120  0.28135671812443419
  0.29259411863144591  0.30438350390626145  0.31613550698566012  0.32482185530340629
  0.33421474784887140  0.34334429870444211  0.35287590614574610  0.36264964184858883
  0.37348929033369249  0.38603324214363016  0.39911522589661574  0.41284990738439498
  0.42622373801644109  0.44027937820123730  0.45249845244948966  0.46371052680234148
  0.47449742269005668  0.48473294386324306  0.49493190438915774  0.50401672787043583
  0.51218712333155880  0.52155319345738438  0.53043406769573087  0.53943987871533361
  0.54805263514081382  0.55782582712449835  0.56777829489415299  0.58077225064824656
  0.59267189186352609  0.60567879251159784  0.61821497583650564  0.62854825879450316
  0.63714395585720562  0.64560046130977922  0.65429318886403531  0.66313283983054716
  0.67191618653702967  0.68042545250834285  0.68934158599938022  0.70037731372447554
  0.71018615891372616  0.71885065776063839  0.72777584201049339  0.73606729432728246
  0.74462568663087692  0.75257929966163728  0.76160017740044372  0.77045034845842431
  0.78329893602369605  0.79581030600918901  0.80450082961983627  0.81371333444423810
  0.82259155482815882  0.83252540130097497  0.84394882461767018  0.85544136543200111
  0.86773093625073139  0.88067794688786916  0.89325958152730678  0.90413534242191096
  0.91438792720096718  0.92492626057212868  0.93656814391464294  0.94929696559893340
  0.96251156000692428  0.97555737525485264  0.98762261135525731  1.00000000000000000
 -0.00207296295339786  0.00664158359060234  0.01481232565183043  0.02324195962035721
  0.03160522583137492  0.04081052095426842  0.05004318446947928  0.05956572032802391
  0.06954044446906885  0.08074383348374520  0.09353243890144745  0.10536643298952150
  0.11709209347114373  0.12911061667996424  0.14150671157331440  0.15231681850608300
  0.16186110063411757  0.17143773724591516  0.18145134604492039  0.19182786636536622
  0.20147385968750373  0.21122268438763980  0.22143932180279657  0.23020525228412056
  0.23814347450328169  0.24636319043679214  0.25567300562434947  0.26706156760134886
  0.27965214986450254  0.29134308654479646  0.30168287394173932  0.31202357258061897
  0.32243357553481672  0.33321776170483403  0.34411594156406028  0.35514478167726821
  0.36682892573985532  0.37927781907004254  0.39136660168868598  0.40277627001135785
  0.41344318765390226  0.42465774170030762  0.43598140154533610  0.44751832091586774
  0.45921301115176177  0.46974093532066374  0.48047477240663378  0.49151093423034264
  0.50255624504868102  0.51406801049250916  0.52596207742883394  0.53866279146362139
  0.55140687159355894  0.56309859277069585  0.57375698501012418  0.58529238448400955
  0.59782630731343744  0.61068963073761617  0.62133806252427870  0.63194087184144732
  0.64254999199655816  0.65319653577197756  0.66429799179438376  0.67577634874476289
  0.68778464309678566  0.69902494447433006  0.70960843277829400  0.71837104899035409
  0.72741870650655249  0.73640480931566810  0.74509106233152178  0.75436259524720262
  0.76367586889372574  0.77376958868876500  0.78545947007977146  0.79731368907464728
  0.80893701661680306  0.81899638998220192  0.82899006948271070  0.83921581839768578
  0.84883221037153433  0.85817331300319677  0.86651744052637591  0.87437106997039060
  0.88246582308919419  0.89050292266506281  0.89912498811013564  0.91024251911434140
  0.92190458695056299  0.93250469250530343  0.94199802366112273  0.95236963839301914
  0.96232558365578913  0.97453273151880604  0.98698664603320097  1.00000000000000000
 -0.00199819713795002  0.00849369409176651  0.01762863958806826  0.02701713958410756
  0.03577745715930140  0.04584689668466520  0.05600145059438377  0.06665705475805694
  0.07718664078121146  0.08784868553084466  0.09951677353597858  0.11123672645048231
  0.12212130124061858  0.13122107692722249  0.14045970113919515  0.14950126833659538
  0.15779553546647582  0.16628728657332584  0.17496121792294922  0.18295650989220033
  0.19115735464546665  0.20070919528133344  0.20987904427917065  0.21983928320488633
  0.22944429577509889  0.23955374148253702  0.25025609511197394  0.26062730498992093
  0.27110901408905458  0.28092255433493585  0.29111204921168354  0.30173685000699341
  0.31334232652052946  0.32539969891316556  0.33784928127130748  0.35062591392467407
  0.36478994153742061  0.37772082868178614  0.38959952053505414  0.40087836887502282
  0.41283299464749157  0.42616748464225718  0.44110218120373251  0.45559311129513647
  0.46685377899174557  0.47685461799944584  0.48476929609098363  0.49290688261584659
  0.50167730684701017  0.51063038651706960  0.51927679702107699  0.52775712441320988
  0.53746395310444839  0.54709979899029404  0.55728123863427015  0.56680517934837538
  0.57656452511523615  0.58795977714560954  0.59910190842855104  0.61005952855273804
  0.62035471949928189  0.63051985932451715  0.64050371792850724  0.65049725621947752
  0.66118797562705378  0.67222832949832456  0.68334766772493405  0.69470343712301608
  0.70644096139859558  0.71825339800960919  0.73040570819229333  0.74262746382664935
  0.75492209863436244  0.76614123806758683  0.77709022633353730  0.78771731904930620
  0.79937637286919860  0.81196131953436157  0.82479587048907310  0.83787717131358885
  0.85067116215014427  0.86201340506746726  0.87261832839852449  0.88260384096923572
  0.89230249308411436  0.90105317621215764  0.90912447202733782  0.91771080670658101
  0.92635726562527887  0.93472192364676698  0.94376754640808636  0.95286927465530757
  0.96331935603917740  0.97575009957183567  0.98763333205491866  1.00000000000000000
 -0.00298881792478682  0.01050580301131719  0.02009046176947111  0.02931332934423870
  0.03881729696653897  0.04864103025339520  0.05939123340552310  0.07052473106660827
  0.08075391888086335  0.09050703555287569  0.10079842750947078  0.11091284787279397
  0.12128747070387168  0.13212000011921329  0.14379175589468127  0.15440167140650396
  0.16507588433092282  0.17689418809864191  0.18973815552947287  0.20243538392366833
  0.21476063766845896  0.22644466340928146  0.23706332330448268  0.24707348231417109
  0.25711390199231510  0.26785133283732038  0.27897084777498132  0.29121574659993221
  0.30372263317188236  0.31669224368077625  0.32908348811601346  0.33883031803362101
  0.34670083066720903  0.35508018250605183  0.36476193263261586  0.37505217563943050
  0.38449724857795503  0.39334256249314137  0.40272766403364602  0.41244741441264976
  0.42217133099778481  0.43229829784887508  0.44305676661021764  0.45407781891322663
  0.46521803200419926  0.47638311373657488  0.48836266414865576  0.50103076454555451
  0.51354274164418834  0.52581711798023334  0.53775687835566599  0.54964578504010642
  0.56237618788122135  0.57548212864942228  0.58882289148905675  0.60040543360071363
  0.61231804516672705  0.62467938270594359  0.63789303448383827  0.65139455213574726
  0.66398242441655975  0.67602300552223105  0.68546652325338453  0.69421758889328078
  0.70245508468064899  0.71037293874775631  0.71922474740475828  0.72981408821816462
  0.74080965336735627  0.75062925700743610  0.76027101203127223  0.76938679618468941
  0.78027260763169193  0.79149013165156223  0.80136726285955684  0.81038198153890184
  0.81984634914507992  0.82996272555176642  0.84147306354878648  0.85296281113983474
  0.86220733853631870  0.87008480039377012  0.87790304266507002  0.88658680689298519
  0.89555217506506202  0.90423674768592854  0.91200171104691063  0.92047123458574942
  0.93008757607036152  0.94019773337219326  0.94953964122527346  0.95956939783151785
  0.97005387612428706  0.98042378021881527  0.99012240763606185  1.00000000000000000
   5.4651592035439754E-040  -1.0000000000000000     
  <DiscreteSampler_grid>
  Helicity
  1 # 1 for a reference and 2 for a running grid.
  20 # Attribute 'min_bin_probing_points' of the grid.
  1 # Attribute 'grid_mode' of the grid. 1=='default',2=='initialization'
  0.0000000000000000 # Attribute 'small_contrib_threshold' of the grid.
  0.5000000000000000 # Attribute 'damping_power' of the grid.
 # binID   n_entries weight   weight_sqr   abs_weight
    1   4473   5.756837210934037E-040   2.360087514293837E-077   5.756837210934037E-040
    2   28   1.496344848090085E-042   3.425560348763295E-082   1.496344848090085E-042
    9   20   6.457359505871568E-052   2.865616710309595E-101   6.457359505871568E-052
    10   20   4.922213278506068E-055   2.384581102211292E-107   4.922213278506068E-055
    17   4098   5.669545921003320E-040   9.797745610787395E-078   5.669545921003320E-040
    18   24   8.727930869118572E-043   8.552725194523263E-083   8.727930869118572E-043
    25   20   6.836245070337380E-052   2.619158398309765E-101   6.836245070337380E-052
    26   20   8.112101630672472E-055   4.904748061136900E-107   8.112101630672472E-055
    33   5409   6.462759739753320E-040   3.365426505702986E-077   6.462759739753320E-040
    34   24   8.986664162896885E-043   1.228750968969171E-082   8.986664162896885E-043
    41   20   5.608984727189006E-052   1.787809554297927E-101   5.608984727189006E-052
    42   20   5.057222685624799E-055   2.150445582912450E-107   5.057222685624799E-055
  </DiscreteSampler_grid>
