  0.02640777361294044  0.02701166221991352  0.02772461974941888  0.02855493707117094
  0.03034542404547030  0.03225714412442553  0.03413482757989821  0.03622474710331020
  0.03835080810807594  0.04050241740653010  0.04337657867874094  0.04640049135963184
  0.04946208050087104  0.05292148862186976  0.05689607637582455  0.06087241246430725
  0.06487715638271516  0.06895816387162085  0.07320320623887262  0.07756533834477664
  0.08193853966936608  0.08690331927195372  0.09221696861285669  0.09748309127045469
  0.10288778541864615  0.10903924041845056  0.11549927806494993  0.12238110412687910
  0.12945860148996730  0.13682100935838809  0.14428421504248021  0.15171062121878118
  0.15915025872025940  0.16687216384045692  0.17506402596941451  0.18346600451256928
  0.19202730547637756  0.20063040919562142  0.20943402094280908  0.21821672723360983
  0.22712208200054179  0.23645309410475621  0.24625672808314331  0.25628637430437878
  0.26612030402804393  0.27610901290436946  0.28665650059260606  0.29778797784934125
  0.30888596095902388  0.31950015371560619  0.32950998959332434  0.33956708650611550
  0.34905011105089384  0.35944151695890175  0.37034222905527070  0.38260954041567130
  0.39447325321749499  0.40545967579240560  0.41624466378468966  0.42680847482325368
  0.43723521813094107  0.44726970582872094  0.45754165472814418  0.46861055755252407
  0.47978644663572545  0.49046775806860160  0.50111528860245724  0.51203023454368379
  0.52367630711900015  0.53593422224251708  0.54835880990199548  0.56085821747806730
  0.57365741302363615  0.58700379115823187  0.60030608838963428  0.61347668659235666
  0.62693506407305666  0.64027824753838825  0.65352846548443000  0.66675791888093827
  0.68042274574045203  0.69495716662700169  0.71011358418291370  0.72493117067583202
  0.73960390264204601  0.75432402219622541  0.76939227191982817  0.78485274876490674
  0.80077607154730901  0.81660182761741795  0.83406114996252734  0.85347230220013914
  0.87582595739387714  0.90212500603959533  0.93705097927391978  1.00000000000000000
 -0.00008082375136524  0.00054023840978954  0.00089107974605693  0.00115873139766226
  0.00139950910775519  0.00163950959206564  0.00187291167800079  0.00210904096438027
  0.00234329874207365  0.00257448971448497  0.00279972982621113  0.00301070594841959
  0.00321866964243070  0.00343774175522586  0.00367199931504708  0.00390604073491994
  0.00412472859252909  0.00433947898816339  0.00456574525732917  0.00479735441603230
  0.00502493171407999  0.00525394922647382  0.00549446330584114  0.00572856863821684
  0.00596015589740100  0.00619216560541020  0.00644724888968957  0.00670685045738799
  0.00696609798835113  0.00721255241801923  0.00746573387696011  0.00771799855604254
  0.00799444191955637  0.00828492757274138  0.00858777373770871  0.00888346451952922
  0.00917634263577660  0.00946168169873359  0.00975993855543674  0.01009386109822953
  0.01045577474508856  0.01080247280734834  0.01114663701286298  0.01150376016127285
  0.01187021219246749  0.01230344717731858  0.01271390572723146  0.01321332838964894
  0.01368800951742750  0.01414848195640164  0.01465660300099033  0.01515087042283013
  0.01551940997888729  0.01587181566893222  0.01622836543875486  0.01659647408421006
  0.01697506890722979  0.01735718045642147  0.01779596771887859  0.01828790037408960
  0.01877814163687517  0.01933853759797859  0.01991948475053432  0.02053411917961702
  0.02107471725174819  0.02151015670219282  0.02193815942066562  0.02233960428346847
  0.02270982745960172  0.02315478192846119  0.02361241625025514  0.02408677303602895
  0.02449518468188766  0.02479416754458965  0.02513071828640088  0.02549318501583448
  0.02595493070557136  0.02643798486285586  0.02708662932329847  0.02775982976363880
  0.02838090799128376  0.02887349385268964  0.02931903802544647  0.02994686712863015
  0.03067851313970482  0.03136131034244578  0.03199190759518668  0.03257802842573026
  0.03308038118926703  0.03361911077871651  0.03421014121935916  0.03488960811553118
  0.03573544042885160  0.03638188805730294  0.03681764478368674  1.00000000000000000
 -0.00167046656092807  0.00692967171183333  0.01634028006341493  0.02708147301487421
  0.03972925559882002  0.05230743762756285  0.06404775240021832  0.07455598004630350
  0.08424665570550947  0.09357503794681270  0.10320627763741340  0.11244517781666798
  0.12177570269774929  0.13095687106477799  0.14039638693400947  0.14993179041855270
  0.16042376303462194  0.17121809915120925  0.18308910130975392  0.19443109261362879
  0.20667034359945924  0.21760386966352177  0.22858010780302745  0.23898134076373792
  0.24929772313594770  0.25982647009429138  0.27081914992172568  0.28288461187354780
  0.29527791107088425  0.30688628757474673  0.31882514329591555  0.32890570675800546
  0.33905570716462580  0.34877704960133726  0.35860764112539689  0.36907299618419176
  0.37921998140573171  0.38970070696398895  0.40112907766620692  0.41321131576498760
  0.42504419626947898  0.43612380645369403  0.44715480381555428  0.45846904070416084
  0.46915309778925796  0.47817440756741281  0.48643856217491749  0.49500205206470604
  0.50473568255992096  0.51600574547917566  0.52681481340749992  0.53715897193722884
  0.54779616640971285  0.55859462402660376  0.56943490507424066  0.58039228466183590
  0.59135080571434906  0.60221951932121198  0.61210993010239789  0.62199749217409828
  0.63104717384257658  0.63974911158491043  0.64869291639566828  0.65800784526669887
  0.66893583545791635  0.68003164077380895  0.69174566063265219  0.70378444096192116
  0.71601036168766807  0.72756296852258040  0.73868120355989175  0.74923941258200244
  0.75941629548129241  0.76874894219387757  0.77867943933224948  0.78950145008626194
  0.80126570101878436  0.81266399483935692  0.82334893207952353  0.83327685307369537
  0.84346690975368244  0.85413458224222572  0.86581950064863566  0.87600833731885108
  0.88520326560807994  0.89360636415182049  0.90195056369620019  0.91179950715315683
  0.92192522818764999  0.93368269125855152  0.94495091358529204  0.95593292530129559
  0.96625555611505243  0.97673628346777652  0.98785320493926876  1.00000000000000000
 -0.00273678654301863  0.01287409050096031  0.02593441765556461  0.03730304307295425
  0.04759257152408738  0.05640202372338288  0.06530273179023403  0.07463902746803575
  0.08440196103218289  0.09508562881978819  0.10587479712041464  0.11693655286029864
  0.12775227529877967  0.13851171206784874  0.14919486840484333  0.15982917611594183
  0.17079423920250333  0.18202493846766044  0.19339819593857197  0.20379770423459548
  0.21390000211110621  0.22452608587030320  0.23616317659372965  0.24871163713205621
  0.25944175456526020  0.27080784412810704  0.27989447682014507  0.28971833975211203
  0.29943940406310016  0.31070915279648686  0.32123021366407889  0.33179549813263803
  0.34231170353888729  0.35315861164407297  0.36371701959735142  0.37480680867162869
  0.38629015239131981  0.39853145434669368  0.41059169185234379  0.42291935848989176
  0.43484227574740092  0.44582110108705325  0.45526426756488497  0.46372607001660032
  0.47218793193123137  0.48114400238899629  0.49035602457748417  0.49972106468541189
  0.50972423566939562  0.52066764418797429  0.53233148815626485  0.54506310496032906
  0.55533406865568269  0.56505468390955338  0.57386809649246839  0.58203352378724615
  0.59044037995858389  0.59888691480675904  0.60797058815388771  0.61729212838081204
  0.62671860341266072  0.63617864720502915  0.64629019265359122  0.65734363614584534
  0.66720932396476995  0.67632562548596997  0.68569051542356130  0.69576450729644868
  0.70705092515955781  0.71785536524977811  0.72800892396003336  0.73789523679667191
  0.74819313419440847  0.75896534356515422  0.76954409187417805  0.78022999729515652
  0.79032335551290334  0.80018361469451260  0.81041370929420165  0.82176112498914855
  0.83434970340012116  0.84597080665152447  0.85754299548968149  0.86982873216133105
  0.88154089417740211  0.89173921103334608  0.90155317367219279  0.91137276446369730
  0.92227977788166660  0.93326817176165733  0.94544335131747714  0.95743439081160608
  0.96846127815530358  0.97894595682447993  0.98929243031078518  1.00000000000000000
 -0.00244946202820692  0.01109155906379341  0.02287190856868851  0.03464486707722417
  0.04728715458400606  0.05818385584558185  0.06699539285692950  0.07488377987230835
  0.08303212316888361  0.09208134991000656  0.10141817378075989  0.11084401577295333
  0.12095386313718259  0.13207020285196663  0.14320689499838610  0.15384585781787455
  0.16456113242308096  0.17452536677174221  0.18448403633154797  0.19437308023222957
  0.20462651605133120  0.21475179539999151  0.22432339567526177  0.23408688511988626
  0.24310532083555883  0.25408799195927029  0.26470628884265524  0.27562080160956415
  0.28650060752780332  0.29854042650629958  0.31098778638286462  0.32205574881064730
  0.33183333038010099  0.34088998163933476  0.35035096810676292  0.36095796382525963
  0.37205256624887911  0.38283028790454238  0.39395775929043775  0.40453807933871777
  0.41529885332538047  0.42621056259753232  0.43661823853062010  0.44719517976813444
  0.45745808504145902  0.46905423440229560  0.48203537126587276  0.49663944272685384
  0.51082070697171644  0.52411649967560714  0.53634924287112495  0.54762037392397001
  0.55721537976371527  0.56700282515745171  0.57541510516410521  0.58413789512535108
  0.59259085632392194  0.60140776681626107  0.61070327538737279  0.62068514845942313
  0.63189327261400619  0.64476559068105266  0.65712071293802854  0.66831967721914465
  0.67888744744769747  0.68978290745555393  0.69931066282980325  0.70777253317309718
  0.71588270292622069  0.72377710994457178  0.73340073392092087  0.74327960344398503
  0.75301382519789417  0.76171610577042503  0.76965602099792196  0.77925476806856098
  0.78947209311609379  0.80061876161508261  0.81175726994560915  0.82330926449287267
  0.83468357051288367  0.84603313769539124  0.85713992017533391  0.86831451684140326
  0.87895447497362234  0.88955975267029130  0.90057166740644201  0.91233853314490709
  0.92455399289596729  0.93632071920434590  0.94732766263715362  0.95759104685806617
  0.96701805786338380  0.97686315019617287  0.98736962306446985  1.00000000000000000
 -0.00223861414847772  0.00845690062602839  0.01717133755079913  0.02558959680765530
  0.03417829280347801  0.04313584405531116  0.05230701724728314  0.06159310480716344
  0.07189963338843230  0.08352658781876393  0.09622991673110563  0.10894662917461859
  0.12087666157841313  0.13190896135772287  0.14237226453365004  0.15276118931386440
  0.16325608916796480  0.17352806039767302  0.18363072294156424  0.19442391661131153
  0.20625367360071903  0.21757761871433695  0.22801390055352577  0.23796751342713124
  0.24822564903383654  0.25881355704625403  0.27036905055681593  0.28136726210752405
  0.29110878445996785  0.30010585942141838  0.30928191943447697  0.31904917320884774
  0.32868495596259772  0.33799605337405575  0.34741115689608087  0.35678726624729767
  0.36607391508921650  0.37551673511016093  0.38574971112101275  0.39701092523358283
  0.40816792536505886  0.41910987633071700  0.43077485255648457  0.44297455393550461
  0.45427107539365991  0.46469974806563219  0.47526350141534124  0.48582348227238858
  0.49642195397429245  0.50772405851035363  0.51978493012318350  0.53241474289995794
  0.54441340273852978  0.55560469699946502  0.56676599124047022  0.57821524920898237
  0.59069725464252010  0.60294942405160945  0.61507621286393843  0.62628504563855403
  0.63878482747235543  0.65096716848469238  0.66184087350576515  0.67097848229701562
  0.67999267852178402  0.69090794319213278  0.70249137862247613  0.71309929778564762
  0.72251382954636378  0.73131639771608625  0.74191447784150011  0.75248911141719210
  0.76381096162085127  0.77453143980679906  0.78503944559904049  0.79565640063031251
  0.80621770819473482  0.81648670301044002  0.82662718312794070  0.83652807930072026
  0.84625909223836526  0.85633405695450038  0.86661103218948576  0.87726009786453629
  0.88734512595105497  0.89759260031404198  0.90831787346881998  0.91823230453733662
  0.92650067957962257  0.93456518741160943  0.94363862489262595  0.95468816528681555
  0.96643758987829032  0.97854119290484287  0.98961984905321210  1.00000000000000000
 -0.00193159414523445  0.00919198906304589  0.01908754967575078  0.02946761185525792
  0.04049766845996344  0.05045255540307563  0.06012725472432857  0.07056901327405930
  0.08124819055136859  0.09172251649146072  0.10192868001173294  0.11274988669961711
  0.12454650215647689  0.13473101852765673  0.14521380973962253  0.15569962444957111
  0.16680361762438151  0.17774620811768982  0.18903720714581226  0.20098641346780072
  0.21292017709414629  0.22434850843708851  0.23481185974785956  0.24557634116232185
  0.25592162492477522  0.26795657055515210  0.28004495169525917  0.29166708635347682
  0.30195768522808714  0.31129964141535865  0.32087758551866430  0.33175772331906694
  0.34194398688751271  0.35136769499668008  0.36019269221823413  0.36976802690154043
  0.37948392133404285  0.38899235610656069  0.39870758710879006  0.40891421499852110
  0.41954997036995600  0.43037639744975992  0.44165460267860251  0.45398820278327018
  0.46679987040403059  0.47897210466599593  0.48909998092592122  0.49965964578229194
  0.51029216865707450  0.52047529532445813  0.52929596150211955  0.53906299017972326
  0.55028300623669213  0.56207613649974375  0.57299321071241593  0.58322517092827619
  0.59372316695293759  0.60453438706367246  0.61542749478654291  0.62604592204142362
  0.63728410986359085  0.64823272888521943  0.65856483793534515  0.66688321447379661
  0.67537719833037024  0.68356369597674349  0.69431434541194870  0.70546636334523916
  0.71766422012533082  0.72999364833687497  0.74243822030833018  0.75327381320682996
  0.76251476407866203  0.77103230976706039  0.77974107752544330  0.79021695214921850
  0.80156251941936629  0.81314060863737281  0.82411210530536538  0.83491647837379912
  0.84534524052353344  0.85487098665294403  0.86339662502979853  0.87121380016585737
  0.87973095253530298  0.88855534237205935  0.89838523296938078  0.90866365359780887
  0.92000693796628685  0.93213530598497285  0.94375727337090975  0.95461216782066571
  0.96538630326477337  0.97616834786726625  0.98765252280305849  1.00000000000000000
 -0.00223358024243797  0.01167870205122651  0.02274537742296842  0.03417977649531050
  0.04429087288389458  0.05496138519880470  0.06542390843847778  0.07628239339952886
  0.08796833792494496  0.09858940206958916  0.10781090843342722  0.11711814922797656
  0.12670622959771949  0.13783126528863018  0.14975631809374870  0.16248426818330725
  0.17245128642432078  0.18124593902165587  0.19000598837250512  0.19898249677770777
  0.20830126206550884  0.21682768631897867  0.22638672843189350  0.23672018341714299
  0.24847485635018954  0.25974193596776041  0.26991689880823388  0.28013732861921958
  0.28977232874338099  0.29968757319803024  0.31010917266425592  0.32123739360171022
  0.33369124712210940  0.34575510477374161  0.35759091776407470  0.36967398121881845
  0.38147724099487179  0.39269398620068990  0.40386929836260382  0.41532421079040316
  0.42580778485552395  0.43532830070124284  0.44477946107853145  0.45503195037347488
  0.46601805157706322  0.47659667698968206  0.48688314763333368  0.49687043000874836
  0.50625552366308824  0.51610276926758480  0.52599095937065377  0.53630250844657512
  0.54641015925755487  0.55687891757349472  0.56823516429321175  0.58085289714303545
  0.59447252632124270  0.60791255461181637  0.62025316001020958  0.63141067230015713
  0.64164528293570577  0.65226727620106806  0.66315220602088631  0.67536351434112185
  0.68595934807659475  0.69594363365923806  0.70608473241594272  0.71617477653403294
  0.72501369150839146  0.73308024398000782  0.74119651543500165  0.74996175713688473
  0.75949194980229784  0.76918439393809535  0.77895012529746266  0.78929328208698535
  0.79978170513090752  0.80966146311022180  0.81882957882115415  0.82750936906158878
  0.83643211392871031  0.84638150914051880  0.85734600776914871  0.86905413154973654
  0.88062555377624840  0.89252755445297960  0.90550972627584159  0.91907237998295910
  0.93163881909286239  0.94249467814635601  0.95236240342460532  0.96314362629895800
  0.97242989160901994  0.98210892822457152  0.99027681604827800  1.00000000000000000
   1.0920888978388092E-022  -1.0000000000000000     
 T F F F T F F F F F F F F F F F T F F F T F F F F F F F F F F F T F F F T F F F F F F F F F F F
