  0.00005148466061825  0.00013243806904958  0.00016643830792104  0.00019707535364684
  0.00023123907837107  0.00026825857120445  0.00029801739702457  0.00032878862674576
  0.00035980456249913  0.00038521436372373  0.00041867593052411  0.00045274557567425
  0.00048386452566416  0.00051995899801067  0.00055487778159146  0.00059149232991316
  0.00062867904393950  0.00066778687247240  0.00070911575648179  0.00075138029454668
  0.00079234725379996  0.00083116222878461  0.00088253661557834  0.00094447265438488
  0.00100977544990914  0.00105898298953797  0.00111223513938637  0.00118515588182141
  0.00125219359305714  0.00131321944559926  0.00138189466694323  0.00145280379908484
  0.00152264047941745  0.00157088030743104  0.00162650323235646  0.00171336862745540
  0.00179165324129786  0.00187081145426522  0.00195810183551101  0.00203970124896595
  0.00215780861655336  0.00230785693961771  0.00246357730614297  0.00268021768132122
  0.00289515438434499  0.00308841825947217  0.00323747027421275  0.00335276757850303
  0.00345197207924885  0.00354130522351962  0.00365676062453220  0.00377639824678908
  0.00386839155998638  0.00401365391360549  0.00416525114476415  0.00444489961834363
  0.00472112340409931  0.00498803544454901  0.00519961435651156  0.00533131740654142
  0.00546548857327477  0.00564703281578110  0.00582636812991792  0.00593978264754649
  0.00605432051678492  0.00622609556079341  0.00643601915699580  0.00670961489107982
  0.00692757742743413  0.00713156479465081  0.00733791261867003  0.00761889549908628
  0.00798110723931176  0.00873890288987743  0.00960474946576214  0.01092255255302163
  0.01298932338380687  0.01544743046383119  0.01795697310750072  0.01881462420169804
  0.01981065968835712  0.02116239626677618  0.02327268059834789  0.02602296585090778
  0.02991713021415564  0.03530338685236183  0.04121986710785840  0.04796097360053628
  0.05688099541412620  0.06676535655202588  0.07946200812370985  0.09612802344940365
  0.11766245727248262  0.16626033454055714  0.44000659990755198  1.00000000000000000
 -0.00000096396285536  0.00000412766267810  0.00000792758294259  0.00001188704339477
  0.00001697372654630  0.00002169382956003  0.00002661774199030  0.00003044743634013
  0.00003201394741701  0.00003353356166980  0.00003520165420534  0.00003710730626939
  0.00003985687207889  0.00004310702539436  0.00004743838662419  0.00005198655699958
  0.00005603180273065  0.00006059588250759  0.00006484838630704  0.00006911289986671
  0.00007390285700017  0.00007962649619446  0.00008431825704330  0.00008871212049909
  0.00009255419426493  0.00009574744176939  0.00009944611193312  0.00010627724609608
  0.00011296211948503  0.00012221353366271  0.00013380536629353  0.00014747019264130
  0.00016516850279412  0.00017799720939412  0.00018748578716538  0.00019436469464787
  0.00019990387729319  0.00020525309105520  0.00021092932842779  0.00021720006778904
  0.00022366765814902  0.00023050845802585  0.00023791537897522  0.00024598141457234
  0.00025387195694972  0.00026303959913026  0.00027360464394286  0.00028485507416863
  0.00029968516534208  0.00031823007344500  0.00033137542181276  0.00033808566909479
  0.00034341623534849  0.00034906521887204  0.00036142838643947  0.00037507765250666
  0.00038469557648297  0.00039282030404278  0.00040430851219112  0.00041532552771041
  0.00042483517292749  0.00043262059847108  0.00043764263809467  0.00044694820652484
  0.00046322693784298  0.00048935902599153  0.00052178109420631  0.00056343143385689
  0.00060076945120087  0.00064660062611565  0.00068987147929622  0.00074059002916729
  0.00078791536409196  0.00082568993567964  0.00085602120848632  0.00089033517335039
  0.00092129234591033  0.00096356851023045  0.00101917434465479  0.00108625093983502
  0.00115266779584815  0.00121606881191327  0.00127669114324867  0.00140559753775972
  0.00157781305856893  0.00176101805873860  0.00196354000582675  0.00224097629946492
  0.00247095160523465  0.00287721841630356  0.00341748631027630  0.00387248324922834
  0.00450815528463119  0.00700973789912450  0.25854912598019220  1.00000000000000000
 -0.00002121108067167  0.00016749730498545  0.00045623330461927  0.00074289571460080
  0.00096209882740312  0.00118587005139281  0.00153104390739421  0.00197056903297280
  0.00240111304534504  0.00285662433385961  0.00332919910247340  0.00380729279881792
  0.00427466598456244  0.00486256872090783  0.00564592583706911  0.00648859989329455
  0.00764105376880778  0.00905534871663011  0.01035671511090121  0.01150838594294686
  0.01247312574047543  0.01341645029198218  0.01441478086777125  0.01544028717915419
  0.01666748097527588  0.01837115357010199  0.02054531252599627  0.02252607357076412
  0.02427691978019706  0.02582445037627692  0.02723769281293702  0.02849896875109999
  0.02988887745933637  0.03152837677384474  0.03330330702499256  0.03497275210052864
  0.03670030381261326  0.04032169246491871  0.04530028276535577  0.05064100438688934
  0.05655104414369478  0.06140999919019468  0.06597316533507580  0.06905579536294956
  0.07075514668323735  0.07237235332234017  0.07465099134134845  0.07731414876508348
  0.07999904935635546  0.08252795875278553  0.08465056083413969  0.08649836114512270
  0.08857074957116097  0.09103544650315649  0.09250721995303690  0.09540681555908423
  0.10149534311302905  0.11273908432894944  0.12946898209498059  0.15442225430372813
  0.18829072049251711  0.22879118211149713  0.29530445303135439  0.31496290739981148
  0.32019319717024941  0.32459466955997807  0.32852635296799165  0.33010705885790614
  0.33293332620419119  0.33825290914629996  0.35042972951471646  0.36128680579228561
  0.37253920315011557  0.38405082241936417  0.39288875982429167  0.40528171381812206
  0.43670953882855307  0.48887992481735415  0.53896553440919459  0.55640405245618130
  0.57384257050316800  0.59128108855015471  0.59698283036788657  0.60107176026082609
  0.60516069015376572  0.60862575760838700  0.61179787943803221  0.61497000126767754
  0.62551027290043071  0.63860665228445501  0.64729713636683273  0.65609427604426140
  0.66903505496875915  0.73131520932163641  0.78419524472281710  1.00000000000000000
 -0.03845827282020316  0.16321251739897755  0.27165867704033120  0.29771090864729560
  0.34969559224842067  0.43214062617227267  0.49530486868450657  0.54236840278512777
  0.57807930101486193  0.59721472534978826  0.60964762773531733  0.62514264856712831
  0.63943806531096226  0.65219178779993658  0.66234862708073039  0.67099295113124380
  0.68005651803809131  0.68653563947799712  0.69323230113875334  0.70158571214664300
  0.71213462267628869  0.72046669618695824  0.72728104693167495  0.73449849075334073
  0.74424826308593961  0.75429970154964043  0.76705843654449335  0.77717926951325123
  0.78605348617610959  0.79502839518633062  0.80443037185536093  0.81454388694053304
  0.82279776250923753  0.82955782254119192  0.83506331824294910  0.84061975831836799
  0.84617600144205707  0.85158323273839920  0.86020648713085412  0.86902862180816587
  0.87670012865009983  0.88037851879428952  0.88410949090437152  0.88780360351557408
  0.89067860949413646  0.89245836613497975  0.89391465142729509  0.89561175378241420
  0.89781161044715541  0.90087730637344299  0.90482577698198929  0.90896624995142605
  0.91229247941537273  0.91486386554399723  0.91758088422324680  0.92091019611828939
  0.92487076548934366  0.92831007456359549  0.93074748874460111  0.93301574582954316
  0.93560180592466424  0.93921453132653321  0.94195910960285967  0.94404227769895555
  0.94556879917877634  0.94726714869054707  0.94879680108148778  0.95036020447381864
  0.95168901777200976  0.95257715017888844  0.95345110560758239  0.95429238540826700
  0.95598602709924585  0.95755642943753649  0.95953427711577888  0.96142236594465491
  0.96406747197038167  0.96720199412895347  0.96975220083783187  0.97228804461680707
  0.97478813709335943  0.97734197993383420  0.97995971374212032  0.98305851403486266
  0.98535485712589999  0.98719042159170645  0.98882085377260487  0.99039829587945616
  0.99196290853404689  0.99346880932711323  0.99484237686161425  0.99614088364232745
  0.99726951629395266  0.99821504849364806  0.99911412436750069  1.00000000000000000
 -0.00062721412714366  0.00400717325738540  0.00894239119498655  0.01484959857867635
  0.01882466904039554  0.02517123077202905  0.03292274811792965  0.03971167001281122
  0.04335357359851439  0.04672922379732451  0.05204943639757932  0.05834627394340998
  0.06255161754241625  0.07485918442873628  0.08594417772313982  0.09699450293884329
  0.10783771945644788  0.11780297865888505  0.12723394582077580  0.13599825566815843
  0.14592938578847853  0.15817007159399710  0.17319426018176146  0.19351835148769594
  0.20657046334839066  0.21657768832902410  0.22686772915481143  0.23884083744716297
  0.25593678857347812  0.27433686693489479  0.29258490085422412  0.31686876453068802
  0.33489616486113738  0.34906113887736590  0.36608751560653169  0.38551111918930042
  0.40488952579156473  0.42066387250747600  0.43202707452071165  0.44373546211945447
  0.45424875101166834  0.46038095467486423  0.46538005335289695  0.47009661845363770
  0.47433988056318438  0.48007314390058209  0.48777390443983581  0.49809841703380331
  0.50734469107018254  0.51241706143770305  0.51685955847042586  0.52795064418117621
  0.53728568628659590  0.54947703304353557  0.56291170319102635  0.57664086223936395
  0.59006203338247631  0.60133511484636715  0.61352116472192064  0.62145099466030174
  0.62838616761070754  0.63522512519837493  0.64176869989164997  0.64917102237858104
  0.65938627921817528  0.67222039884545737  0.68686587117417008  0.70212641597425918
  0.71534137114232232  0.72705500626790720  0.74236961960084680  0.75555638732190644
  0.76782624070100014  0.78096923360025161  0.79807426310449803  0.81459747267517801
  0.82604556231256288  0.83304238290319232  0.83881973544507460  0.84482539270295698
  0.85222592399548303  0.85916404497756826  0.86601684522475963  0.87259768087562783
  0.87890697754165392  0.88499279347412274  0.89626997430124478  0.90621825653643384
  0.91377384690273711  0.92131946015530064  0.93319910094859315  0.94846127091528853
  0.96255799546777587  0.97440088477519982  0.98702146186422013  1.00000000000000000
 -0.01001997462379683  0.03365885835512066  0.05258559668938546  0.06524083731307551
  0.07901839760751322  0.09169642460607426  0.10378191074383229  0.12130070510583213
  0.14159684866876476  0.15851984632398661  0.17089596579293850  0.18483511638079761
  0.19825525850538708  0.20719287406359124  0.21635422215092853  0.22683666153227852
  0.23893958178422137  0.25129353558155543  0.26166793316208431  0.26914536954193852
  0.27673964396204764  0.28345499963126608  0.28932991602248187  0.29537574444363940
  0.30192741673643991  0.30941335946008280  0.31915670077426322  0.32689090970170687
  0.33090147958660343  0.33628759279279746  0.34342161443377356  0.35278121964100495
  0.35961603313957136  0.36911687490617212  0.37616746167529680  0.38493558493780483
  0.39640897257964119  0.40696296267350246  0.42034174687698639  0.43752750642899468
  0.45687461499618731  0.47531945612715465  0.49259492424540036  0.50784304561856219
  0.51709867037172064  0.52414032070423255  0.53166216862088422  0.53761420811383664
  0.54316627536821749  0.55367653294878039  0.56776682875433016  0.58372587139211340
  0.60187269143418776  0.62246160670064776  0.63739726684716091  0.65362157559697120
  0.66553463116921840  0.67472247934976892  0.68009830839252272  0.68572268598783948
  0.69307140546155643  0.70258741743189290  0.71513780221017476  0.72980302295824295
  0.74365299983134159  0.75538306957538559  0.76597324404064171  0.77582272215030290
  0.79722962072387182  0.81591664005149034  0.83146426483995151  0.84515732582120584
  0.85653777780707441  0.86655614819722748  0.87595781968617570  0.88297890987789096
  0.88999494699315540  0.89493397197692148  0.89937252072980711  0.90317312650012072
  0.90570835701129304  0.90730469681332737  0.90948816791631559  0.91160571658686396
  0.91814948335354674  0.92775369845147349  0.93592494472077470  0.94531390840372098
  0.95686250247446814  0.96573976706114417  0.97218966736438339  0.97920206610108240
  0.98551709538825816  0.99086251347831522  0.99575602929125040  1.00000000000000000
  0.00020815505036076  0.00101611812543864  0.00170992195371109  0.00238347873458418
  0.00303784808872810  0.00368015083324798  0.00438019374504538  0.00498839296527064
  0.00560393864365716  0.00618060195233565  0.00698011212587286  0.00790505551659444
  0.00893641880255744  0.01030799412698074  0.01202718172620124  0.01348002921265605
  0.01477585562475792  0.01601667804549330  0.01712770715081822  0.01828164366317848
  0.01949848453413602  0.02091023218555197  0.02264719652151884  0.02450422916458561
  0.02625226701810977  0.02793302823136742  0.02965478618608108  0.03182436412718115
  0.03440247215744611  0.03688281256791273  0.03954709745879713  0.04220006922321810
  0.04474226464109118  0.04707519854909028  0.04867147936499734  0.05038019679502902
  0.05190024076509496  0.05279243972654865  0.05369956562147424  0.05453589738783455
  0.05516035552610421  0.05574063638483097  0.05635727393337024  0.05750385336438914
  0.05896521393879048  0.06011499034405145  0.06110990783864083  0.06213589526743008
  0.06340647242935120  0.06551298511944882  0.06876122695404821  0.07139549599149400
  0.07333689006876846  0.07512560929963623  0.07722435822558729  0.07989974457375584
  0.08252846175490397  0.08479123752506881  0.08679784200509214  0.08900599157477521
  0.09107327814321221  0.09323140215987889  0.09507099839042071  0.09661758620360675
  0.09859293741088504  0.10053665166797754  0.10264786252358386  0.10524730332518520
  0.10879864536289535  0.11282021304738613  0.11782982303822176  0.12552387527650713
  0.13665381856714079  0.15552940563176368  0.17531371836229681  0.20176590394013963
  0.25396402054729550  0.30131730426531694  0.32536501274281865  0.34306116362043837
  0.35452254948693229  0.36109346104388551  0.36849622161412959  0.37609327033738010
  0.38421576592900836  0.39257914855162968  0.40201695913597352  0.45255449846617912
  0.52154706660658234  0.58590930574231070  0.64082801720604177  0.67325687659562183
  0.68990334655842145  0.71309269082343862  0.73725237935349608  1.00000000000000000
 -0.00236152942315343  0.00449987086476943  0.01219788406981093  0.02067986295136433
  0.02914795987473893  0.03856508529493381  0.04976426998179724  0.06237745630474721
  0.07537706423673241  0.08426800280710700  0.09268141017432716  0.09839242159957702
  0.10328749464540021  0.10708911889975935  0.11055151847502453  0.11487682856972327
  0.11973419030344881  0.12683226002894973  0.13357583864017780  0.13806730627677680
  0.14122266314337556  0.14516031985600863  0.15306599073361865  0.16382697674481833
  0.18099594145128498  0.19912624019647987  0.21012572649715888  0.21863339893949241
  0.22749602408740965  0.23799675366192374  0.24966220249368404  0.26601741062898066
  0.29301237519029161  0.32211364315481816  0.34972636692502734  0.37909906936356236
  0.39763332900122078  0.41164983173459518  0.43090825105559005  0.46428808658398080
  0.51255299944044785  0.55214944773312835  0.58598971658577659  0.61678236408736531
  0.64571120757834277  0.67330817269190157  0.69304855601426640  0.70227049204224679
  0.70734610363657613  0.71205479233020863  0.71951935365818143  0.72798269583458275
  0.73625357062665830  0.74445562951791933  0.75238747853331422  0.76122760756651542
  0.77099902324813341  0.78008810574004261  0.78951362998439112  0.79636750694765546
  0.80225864217045695  0.81125451968426743  0.82617835201187828  0.83640945607488293
  0.84220079715696639  0.84704643745804808  0.85175803527963789  0.85815074333192398
  0.86560206967896514  0.87289303043976818  0.87959566823150159  0.88472745889564153
  0.88861746525618945  0.89249726142063213  0.89725693940796436  0.90366486457391548
  0.91036132259989067  0.91533908497625549  0.91945113940302692  0.92367547070435629
  0.92789107978054675  0.93179648418008332  0.93641965901900015  0.94133397200216795
  0.94670459442839550  0.95207068179869359  0.95743190368402764  0.96237623458247123
  0.96667561853964490  0.97029574935412888  0.97428957686914031  0.97853108485376794
  0.98353446531659894  0.98938336478417921  0.99490645954707779  1.00000000000000000
   5.5233481032725674E-009  -1.0000000000000000     
 T T T F F F T T T F F F T T T F F F T T F F F F T T T F F F T T F F F F T T T F F F T T T F F F T T F F F F F F F F F F F F F F F F F F F F F F F T T F F F T T T F F F T T T F F F T T T F F F T T T F F F T T T F F F T T T F F F T T T F F F T T T F F F T T T F F F T T T F F F T T F F F F
