 -0.00005046309419288  0.00183111123302628  0.00379140310301594  0.00615662766685827
  0.00903128486558466  0.01220090814053154  0.01701751160696319  0.02151104022482193
  0.02633654772995199  0.03140570387018646  0.03632603100933102  0.04078946256226532
  0.04542457013006801  0.05005043778883148  0.05437808941361857  0.05867213231211284
  0.06326258248030510  0.06761572844973956  0.07128410369478422  0.07497977274516678
  0.07829819874821557  0.08146216864645041  0.08487146399961301  0.08837821929236739
  0.09190947738999215  0.09569672654743126  0.09947167281886572  0.10374320419503838
  0.10842939706720378  0.11534712945352905  0.12390227743415626  0.13176152724634738
  0.13950833326370454  0.14705601113984904  0.15412023325366594  0.16127350737801741
  0.16883893568194530  0.17777603783226864  0.18659062496851903  0.19601107824584565
  0.20411843166725022  0.21091459140957475  0.21776181397305680  0.22469311146826648
  0.23269167907391289  0.23978978633186915  0.24814114640215923  0.25678909997149379
  0.26624558929424930  0.27613605550882320  0.28556441972431473  0.29463945151665749
  0.30370233875910324  0.31321995274732989  0.32390405827922353  0.33408256027895017
  0.34450419826882300  0.35542289993867227  0.36687989960879558  0.37902653455602570
  0.39243638580326567  0.40566796694146423  0.41616340970336102  0.42611074986276432
  0.43640566520774382  0.44566933968041139  0.45603106843465491  0.46826637935959686
  0.48175139195785971  0.49520413998174007  0.50864518989907237  0.52315684634048931
  0.53885834860408943  0.55497835789163430  0.57020897719222308  0.58452652081405898
  0.59764778354768355  0.61189776135081198  0.62458652918224622  0.63727003826943507
  0.64976022693657409  0.66247405148974958  0.67689697385085446  0.69404028417800856
  0.71233803443739840  0.73136951251298477  0.75087138267403863  0.77122499176456094
  0.79206524293468816  0.81368796900389451  0.83546468664999574  0.85831088057820670
  0.88470869198241797  0.91531780385209072  0.95452110501124576  1.00000000000000000
 -0.00000137817932288  0.00001319013490156  0.00002007416362108  0.00002629983076394
  0.00003242107724191  0.00003733696800248  0.00004263540283367  0.00004873870185345
  0.00005637101708928  0.00006436353984385  0.00007069637165144  0.00007683294777494
  0.00008252397473177  0.00008737735093087  0.00009268985458747  0.00009956590288528
  0.00010656039846842  0.00011348321887363  0.00011912631065462  0.00012411682660208
  0.00012948127462818  0.00013531393539995  0.00014180311016938  0.00014780470467597
  0.00015437065232621  0.00016095870923174  0.00016684580527246  0.00017193694787186
  0.00017770510202689  0.00018385911666048  0.00018978513123069  0.00019521244790537
  0.00020093757251221  0.00020778986974960  0.00021619235357864  0.00022539307593022
  0.00023303623650871  0.00024026607537024  0.00024660911370234  0.00025375373079381
  0.00026190703791766  0.00027069095546295  0.00028000654415874  0.00029040897548496
  0.00030150642104501  0.00031027604925343  0.00031835945087705  0.00032638298078631
  0.00033551169168885  0.00034749517730112  0.00036059949038134  0.00037284418647842
  0.00038503745914950  0.00039859857136402  0.00041497890508528  0.00043175366643608
  0.00044939060615227  0.00046679567889450  0.00048481086594177  0.00050373718096429
  0.00052556670881031  0.00055010287390508  0.00057320868436189  0.00059671567775373
  0.00062347872699051  0.00064857073196627  0.00067501924945197  0.00070172288880926
  0.00073275924301840  0.00077440861229641  0.00082806713523557  0.00088045809879597
  0.00092953468169464  0.00098103779402346  0.00102991885403594  0.00107304598505803
  0.00111864795769566  0.00116692509395538  0.00122492496817562  0.00130160192043716
  0.00140075474460616  0.00154194967547043  0.00170521894399543  0.00191139838815764
  0.00214811652128275  0.00243661551109897  0.00272190728793054  0.00304744264203848
  0.00344467427041194  0.00384328110155836  0.00414755393766605  0.00445182677377373
  0.00493682925069386  0.00543917035518794  0.00598716135190424  1.00000000000000000
 -0.00000481544428257  0.00001570015857051  0.00002544987769983  0.00003223013116428
  0.00003950238808310  0.00004862556879719  0.00005775049001195  0.00007055778918743
  0.00008670774143127  0.00010533858591678  0.00012116325018489  0.00013331732421300
  0.00014447383136173  0.00015588562925317  0.00016746915355202  0.00017864739469184
  0.00018967779306491  0.00020216875227722  0.00021744133222983  0.00023680050040942
  0.00025745184846799  0.00027680336128443  0.00029721398494648  0.00031974742194376
  0.00034556979626087  0.00037378570376902  0.00040579674787226  0.00043854852691703
  0.00047067644971296  0.00050369185223761  0.00054376228083804  0.00058940394118322
  0.00064204769942258  0.00069236254983462  0.00074604055882803  0.00080293234499837
  0.00085584476420284  0.00088790802825414  0.00091226485315094  0.00093792588931230
  0.00096834291810233  0.00100322140416873  0.00103960881032204  0.00107670071703751
  0.00111527123689892  0.00115699407419332  0.00119727462688520  0.00126766280700200
  0.00134047372964264  0.00141543519257411  0.00149864713608977  0.00161360587654263
  0.00172093666531060  0.00183297294595217  0.00196049338498549  0.00208039810708063
  0.00219062014886671  0.00229948417670820  0.00240949523192790  0.00252845242937911
  0.00265341198298265  0.00279235187194900  0.00293091708730391  0.00313269460587716
  0.00335890599083368  0.00353033549425065  0.00368630871388992  0.00384060470940218
  0.00402500322005455  0.00419970395530181  0.00438257114953663  0.00461984338193539
  0.00484697046405212  0.00511501107107246  0.00542394080009211  0.00575927304270834
  0.00615582739207498  0.00671764367000309  0.00747418306533297  0.00838983962381892
  0.00939739013456050  0.01058481997528722  0.01204923453744033  0.01367332298781298
  0.01525397548645347  0.01697522623320034  0.01886812047241460  0.02143918495208311
  0.02421400597552196  0.02899423920192238  0.03584088257345477  0.04662459058527259
  0.05875804010301831  0.07804877928674202  0.16110545228039241  1.00000000000000000
 -0.00802887261744898  0.10798693102696204  0.27983430019794620  0.41558177640102562
  0.52837050779910144  0.61282068542471868  0.66273710557428356  0.69599275205181022
  0.73065323371374225  0.76453401542437116  0.78893267191376715  0.80528256397640263
  0.81946161328247402  0.83349016952858201  0.85014203084109852  0.86718480269327725
  0.87999648647760254  0.88997466189139396  0.89888055884403906  0.90710793459895622
  0.91512198417781832  0.92256374481558212  0.92866321179846933  0.93399028349806035
  0.93905775112766599  0.94496010094448502  0.94969438762938385  0.95367307465147610
  0.95709536224045910  0.95993312333569059  0.96173816286628255  0.96372924602936216
  0.96546238628780734  0.96698217445903667  0.96867534842745184  0.97054633463847995
  0.97237569959481696  0.97399099694576718  0.97559442562180920  0.97711988420258800
  0.97854881436232943  0.97986047913093965  0.98110721157008896  0.98228304415215972
  0.98329821888282631  0.98419692746265797  0.98503991558309423  0.98583159345288363
  0.98647269146172134  0.98700014971893679  0.98753303196655484  0.98808640566957751
  0.98866429227988217  0.98924724865825431  0.98980681071393128  0.99033867853121638
  0.99085106987106664  0.99129067845863439  0.99167843443793124  0.99207055177725001
  0.99255709929943958  0.99301204027513179  0.99343423242329154  0.99383605159067800
  0.99421168065836518  0.99458405879161260  0.99496010611476449  0.99532322022357833
  0.99565372610459490  0.99595198407743968  0.99621935329589384  0.99646015048093672
  0.99668369257341960  0.99689862949034647  0.99711211523117627  0.99733545704155824
  0.99756865986039156  0.99779176547236426  0.99795586495693589  0.99811312408593289
  0.99827023819397587  0.99842042003952658  0.99856513810185288  0.99870273507746810
  0.99882830730810190  0.99894925586352623  0.99906797092799038  0.99918438054904857
  0.99929423945776708  0.99940297183386939  0.99951095677879898  0.99961142645743317
  0.99970987280799717  0.99980822449359907  0.99990468653805076  1.00000000000000000
 -0.00444382691462543  0.01123891334314375  0.02429966563251503  0.03524768181110260
  0.04842025163192884  0.06026174482035573  0.07216617400671191  0.08439784993950729
  0.09745292566542206  0.10934551928352923  0.12308707095001706  0.13724865249650936
  0.15008555923429281  0.16150432615538635  0.17162443789801538  0.18214659611891043
  0.19451166673159651  0.20849296684217827  0.22270826592017226  0.23577940227869873
  0.24725849098617728  0.25699063189735344  0.26571988875590108  0.27425657570252560
  0.28400850369609759  0.29326053799416668  0.30305872887671492  0.31250423753708534
  0.32002920982151434  0.32811381126028233  0.33703327778396103  0.34652222569235558
  0.35518984345160959  0.36364370785563127  0.37356944577757872  0.38483623251366245
  0.39738711066752203  0.41069598400120438  0.42255868738764835  0.43175768741812365
  0.43965177813661255  0.44752695711422003  0.45594437200500249  0.46462715437379920
  0.47303176422934001  0.48370991690307913  0.49724762534293265  0.50925714966518687
  0.51966852270670483  0.52884165663725635  0.53951264816481381  0.54983115893681100
  0.56109292021567880  0.57182587555101450  0.58178640328610542  0.59039987431778995
  0.59835454872846372  0.60698317760081288  0.61711012482791150  0.62931085446999480
  0.64143400974487108  0.65099830997305907  0.65859540376784975  0.66598573840331221
  0.67198213797806816  0.67682348793648017  0.68261936210195107  0.68930525602290749
  0.69385175899561014  0.69841213289299864  0.70316882925830693  0.71277095987370365
  0.72657463369935982  0.73976450608956290  0.75233324036390847  0.76656089356968049
  0.78061777537834620  0.78771145860341119  0.79405008850798775  0.80158862193479896
  0.81006813859033344  0.81938132524030505  0.82823424581047023  0.83858133347046615
  0.84644818352095597  0.85526589568084288  0.86431062246827284  0.87241556495210404
  0.88837209857986565  0.90452751578228152  0.92226453417958754  0.94253772719382356
  0.95700894578753071  0.97093747575560607  0.98400953021671489  1.00000000000000000
 -0.00084185437068381  0.00244847947035720  0.00844555085573518  0.01569319078350005
  0.02504585497981653  0.03553717964858284  0.04735062222663050  0.06244826775563976
  0.07937351656487318  0.09462521131177400  0.10855434755383862  0.12457436724441313
  0.14059113882265006  0.15671270504602125  0.17176622678669692  0.18461653922629326
  0.19563365079449432  0.20350452039949946  0.21050584502697364  0.21694891324144641
  0.22334609572577946  0.23203546620446480  0.24095793256467024  0.24942679881719648
  0.25771325735089584  0.26701658499378639  0.27800294011546628  0.29004762464179201
  0.30134042042103887  0.31282844978562485  0.32479169639863859  0.33690337409687132
  0.34914550306192177  0.35944717659848779  0.36855993557760292  0.37660791626512530
  0.38465274737370858  0.39259869149068216  0.40055161243467646  0.40867112536164540
  0.41563657033250506  0.42568169030169262  0.43566865942695515  0.44310021137944111
  0.45030513496982633  0.45734851392914372  0.46496739456045361  0.47362048763140163
  0.48099315306593260  0.48827821243365832  0.49649399137703132  0.50682703741706447
  0.51858938751496220  0.52857307748607874  0.53811480263999323  0.54695879543069392
  0.55555062444481074  0.56515380779394953  0.57537498814437604  0.58666235294223845
  0.59731027129938774  0.60983731626022064  0.62465913666551642  0.64030959169133284
  0.65578421923947638  0.66952004180448388  0.67963098346214212  0.69028357386341044
  0.70026863750762791  0.71012782411180719  0.72170131311071706  0.73542827111228792
  0.75069235247215216  0.76391948374947849  0.77300839799589893  0.78164222600336020
  0.78839634835403027  0.79513546466690921  0.80304316319777180  0.81322493064741186
  0.82509133190257966  0.83708014046113755  0.84865537909358857  0.86058802765396636
  0.87341255585323996  0.88707457577717086  0.89991999359635000  0.91230656728444504
  0.92262122746444120  0.93374831275718395  0.94530850548656864  0.95607832090597367
  0.96544712375430275  0.97550622811903498  0.98607522454219354  1.00000000000000000
 -0.00551466999066706  0.02919873256601701  0.05517650699370460  0.07918677571095639
  0.09929136869724453  0.11312338375328977  0.12700254806522282  0.13924877910579703
  0.15092538308167583  0.16674323284070441  0.18377870448661010  0.19892781813833077
  0.21428285978070918  0.23169117001573133  0.25286541799113488  0.27228519973268389
  0.28990739288767453  0.30714011575617656  0.32017042509616811  0.33160799806719643
  0.34199443060333240  0.34835923946605096  0.35524822696481745  0.36344169384578323
  0.37182371191884500  0.38023954010518568  0.39079700817385327  0.40299943691536910
  0.41930712721926133  0.43453790562067823  0.44692855904507056  0.46021881158564709
  0.47318508613182036  0.48662131115035268  0.49904557535799393  0.51041808177546155
  0.52219283143924522  0.53548632825528630  0.54834938715427983  0.56050342707795819
  0.57232703518960992  0.58492110131972552  0.59692148425032054  0.60705535446785874
  0.61371634491535687  0.62020218412497441  0.62704692543524543  0.63448103209478957
  0.64325328952223915  0.65272804453742983  0.66222351448002648  0.67221065777066624
  0.68207584761374640  0.69199173224088262  0.70340572279569225  0.71576352409770949
  0.72664186347631843  0.73712832494128688  0.74814806298462910  0.76107856087171577
  0.77562668148784031  0.78899692139195787  0.79739052272104416  0.80373876113650344
  0.80963818935165877  0.81561977026019650  0.82300606199954585  0.83029168803655962
  0.83554486770788960  0.84011872945532495  0.84433712562238306  0.84800761559072624
  0.85157542410964027  0.85620727345442671  0.86337990255708508  0.87142085902107191
  0.87764997084777396  0.88285633034410782  0.88830289317814493  0.89445413665019258
  0.90090676225735911  0.90717219724868370  0.91371980308927092  0.92098541596025363
  0.92847379829544285  0.93521056515133505  0.94041817821190932  0.94568419703191331
  0.95111562657575199  0.95672577970063788  0.96232115522422845  0.96758118802660975
  0.97350137461658071  0.98084378607095990  0.98971684610296562  1.00000000000000000
 -0.00165932742910972  0.00583183856898199  0.01352770462916828  0.01957041830244975
  0.02473359714408584  0.02965897775719978  0.03562507002327909  0.04097744759136789
  0.04533105958470444  0.05019579766378623  0.05494533693468902  0.06021151938361484
  0.06629001017178895  0.07272007168695162  0.07826693777253137  0.08476928037095911
  0.09270473117309305  0.10147191523537812  0.11045680622706124  0.12078232542891772
  0.13135845862765924  0.14340525487405403  0.15588921118043864  0.16772539864514321
  0.17887618199053837  0.19116398959382064  0.20542854428864421  0.21633251306901211
  0.22777897641203063  0.24033132565915280  0.25664497339819109  0.27279302229620339
  0.28587701355837852  0.30188092472377825  0.31867700820450195  0.33078774479688339
  0.34086150973825041  0.35548193701407899  0.37013806346849315  0.38012500471196198
  0.39147819843474907  0.40598032934633277  0.42618174418381638  0.45508812690426065
  0.48482271826183876  0.50608617757381547  0.52903146567835102  0.55467106794626786
  0.58059586267686158  0.60700861001068174  0.63361107589250265  0.65661008851034530
  0.67797044750165136  0.69639050414990777  0.71289175199388843  0.72801112479398333
  0.74516722267010527  0.76095908400490242  0.77369911436405703  0.78700915063763788
  0.79967794412035409  0.81220431279267524  0.82355745922875534  0.83235894291932067
  0.83976186420639354  0.84774727793732474  0.85671686763316668  0.86717073210024365
  0.87747474622107391  0.88565994660414826  0.89282427238948348  0.89993203484935502
  0.90705432385538176  0.91408042365315834  0.92083295993397329  0.92739589768502084
  0.93331164750676054  0.93915343044812571  0.94494235029877738  0.95062037463982008
  0.95632161831268991  0.96018195298022724  0.96296406204195117  0.96554954129798576
  0.96852345491149661  0.97182751192841987  0.97510714194514236  0.97818505539850720
  0.98043176710089663  0.98327550311994338  0.98620253630643839  0.98913854173122295
  0.99195195236938549  0.99478402266990973  0.99697043031166355  1.00000000000000000
   3.9209490407977766E-016  -1.0000000000000000     
 T T T F F F T T T F F F T T F F F F T T T F F F T T T F F F T T T F F F T T T F F F T T T F F F T T T F F F T F F F F F T F F F F F F F F F F F F T T F F F T T T F F F T T T F F F T T T F F F T T T F F F T T T F F F T T T F F F T T T F F F T T T F F F T T T F F F T T T F F F T T F F F F
