  0.00002431330746541  0.00030137535474506  0.00036282442346917  0.00043731226743704
  0.00057126302843040  0.00078491964840914  0.00107428321345984  0.00142013919965774
  0.00163096240712771  0.00191092803208441  0.00224144073260768  0.00266729033526572
  0.00308212074665779  0.00349627183942652  0.00404314251132441  0.00458623025263740
  0.00499596029603397  0.00536279900703083  0.00576989064217432  0.00627943820378210
  0.00694696615577542  0.00764420103398315  0.00875155798670978  0.00973341513643406
  0.01100076457874399  0.01247038837424934  0.01378785031289542  0.01514082514874538
  0.01653202482654881  0.01792463822174394  0.01924629768633095  0.02005177599246820
  0.02041629109089496  0.02092556189588350  0.02147930859517446  0.02212292378535018
  0.02254928102322302  0.02307896380232905  0.02386804681279638  0.02460331964034558
  0.02532878696766831  0.02603586323903696  0.02675491292150252  0.02717926748839857
  0.02790968766932833  0.02957660200915428  0.03082878752216324  0.03182760711516245
  0.03287506200270306  0.03397412488789460  0.03539453251269881  0.03698367741795526
  0.03876382339449295  0.04009669166167665  0.04133767236388330  0.04274964467687326
  0.04403432546608171  0.04522179505560623  0.04659368075927196  0.04800494076784971
  0.04920111597804570  0.05021133955016352  0.05121310571200276  0.05289143984846702
  0.05473269751236020  0.05711327745787331  0.05994838919276771  0.06190111974603658
  0.06294342682475580  0.06388065096169647  0.06525867348153008  0.06718663085961717
  0.06949432486268886  0.07202931831951220  0.07457722001575406  0.07762241883415222
  0.08093504246696977  0.08494534392903684  0.08923781184283375  0.09353027975663065
  0.09903180411001263  0.10454778396050562  0.11097297667847995  0.12031795177195782
  0.12966292686543568  0.14456097619394168  0.15978293863351070  0.17536890213404349
  0.20259132435771465  0.22981374658138584  0.25742128600940573  0.28929248134639329
  0.32116367668338086  0.36760157640441049  0.47499790544513898  1.00000000000000000
  0.00000097015522990  0.00000693780250701  0.00000873029575727  0.00000989413952162
  0.00001101228160749  0.00001203225028775  0.00001328834938399  0.00001404316164027
  0.00001541156744751  0.00001703923265374  0.00001819683001478  0.00002024357537897
  0.00002229551936462  0.00003455099322743  0.00005419912383219  0.00007510069051764
  0.00009535317735144  0.00010536903512872  0.00011698733051447  0.00012839080821212
  0.00013638229030158  0.00014165174601662  0.00014623336625965  0.00015145071312292
  0.00015758693116124  0.00016597773636895  0.00017921820484509  0.00019614740789030
  0.00021487849115828  0.00023260978401944  0.00025034107688060  0.00026500138446955
  0.00027933497094032  0.00029081662289876  0.00030146589857775  0.00031211517425675
  0.00032757431846287  0.00034313144386913  0.00035502372094436  0.00036605613066238
  0.00037876212122591  0.00039332391534932  0.00040702269192083  0.00042020542171691
  0.00043346778159952  0.00044732389762630  0.00047018340849692  0.00049569649047015
  0.00051305256243674  0.00052887415720484  0.00053986379382272  0.00054994696775524
  0.00056438218405082  0.00057737520085945  0.00059776625371167  0.00063845734421037
  0.00068718774989495  0.00072137696413985  0.00075078216573636  0.00078253182630707
  0.00081037504661328  0.00082988134388607  0.00084777080875911  0.00086368366306865
  0.00087938958781969  0.00090796567221135  0.00097349262716222  0.00103085973217885
  0.00107485939786484  0.00111272274898839  0.00114985775138039  0.00117951688123071
  0.00121567050210804  0.00126080068821118  0.00129730017891837  0.00133216086718201
  0.00135940105969622  0.00140156803876610  0.00143138373822357  0.00146367904158573
  0.00150913004183232  0.00157559131728925  0.00166404958847076  0.00179250270775247
  0.00189270900676047  0.00198622204763121  0.00207110781622355  0.00213418702912275
  0.00223103859685517  0.00239515830312026  0.00257580772735479  0.00294455395750919
  0.00396735613192809  0.00713323151537272  0.64262183881108959  1.00000000000000000
 -0.00000976248356254  0.00001361700060288  0.00003582180920585  0.00008243705384549
  0.00013611342375844  0.00019548180453717  0.00025547532640524  0.00031128939838119
  0.00035831504686190  0.00038413800662394  0.00044327137086626  0.00057478805519989
  0.00071927927114786  0.00089740552471808  0.00113047497519419  0.00160988635544679
  0.00197371767657577  0.00225780628200050  0.00255102189464211  0.00285082195161311
  0.00313026476911418  0.00344747233501224  0.00385004339278741  0.00433564270184114
  0.00499663232534196  0.00589534973978681  0.00670611986543753  0.00759092321354449
  0.00845532516548037  0.00924257808712666  0.00998379504184199  0.01069847554181877
  0.01142923894399211  0.01211598563064145  0.01290247776621548  0.01392442011834981
  0.01511392858670134  0.01630294779963348  0.01763090131337086  0.01915363322503006
  0.02086340896720462  0.02301587715068242  0.02510553414301377  0.02817714510622633
  0.03201098517562483  0.03621961609031435  0.04022288378863741  0.04251521756658339
  0.04397855743029359  0.04504990145196232  0.04605766277388810  0.04689459093881840
  0.04769439935699287  0.04878159808372042  0.04996239845279368  0.05109675914343347
  0.05239723143515711  0.05356016157774089  0.05477775827716970  0.05599819157422919
  0.05677711312597356  0.05715557894267033  0.05735764381728040  0.05763757125583173
  0.05796772919449944  0.05834869022034118  0.05883343922610269  0.06047396439580194
  0.06392197995777800  0.07012538485347412  0.08873959999481068  0.11410835180019274
  0.14420568496758251  0.17502239823275409  0.19233656080307107  0.19379747622024354
  0.19491343495343791  0.19604340256239483  0.19692167513337264  0.19776255188865244
  0.19865306622877080  0.19928104198847971  0.20139257751699449  0.20466240696245175
  0.20914583369994200  0.22161978139327701  0.23334599511214768  0.23906010113396059
  0.24116172559624505  0.24330113998730979  0.24545554683005000  0.24930952804892040
  0.25255950144187955  0.25441738509601131  0.25597897837985206  1.00000000000000000
 -0.00007019499198817  0.00002837728727317  0.00012694956653451  0.00027759549284282
  0.00046480966577064  0.00066428966963157  0.00090859395686444  0.00115289824409732
  0.00144709414248006  0.00175005519568012  0.00204839111783128  0.00234630101437919
  0.00258885857366981  0.00282336196921744  0.00303915508083356  0.00321514746426303
  0.00339113984769250  0.00359039197500409  0.00379325118467121  0.00400388659883521
  0.00420407649384899  0.00438553734931050  0.00456920798971444  0.00475057372520715
  0.00492720182574073  0.00519065480424083  0.00544573838736131  0.00569252157451968
  0.00588827533334866  0.00606095187575855  0.00624639815056000  0.00646961197802875
  0.00673511235853955  0.00706024213121847  0.00742840498605792  0.00770850777489565
  0.00800732762997778  0.00822774882115558  0.00839825070540844  0.00856943639837521
  0.00874473879572681  0.00899091387978657  0.00930371170655903  0.00960876999130150
  0.01001650379059281  0.01057628758871169  0.01100696305081857  0.01156116425990595
  0.01219631405776459  0.01282039069201497  0.01357331308538714  0.01450316421015777
  0.01549698527654954  0.01687181735019161  0.01863636902218073  0.02028503207351260
  0.02110056856073070  0.02144923261491296  0.02181474261126976  0.02243626425836114
  0.02359828339158226  0.02526465103772920  0.02695133142769398  0.02817059427748433
  0.02938344883581929  0.03077623700268105  0.03218475496412528  0.03327346751893986
  0.03431688654536433  0.03550242830293137  0.03707675944656166  0.03936012644548037
  0.04196513054520165  0.04497276026990598  0.04823048005417536  0.05254564944084955
  0.05725073399986993  0.06245438990426727  0.06755463503347758  0.07225593250242039
  0.07703018856975559  0.08166797554055084  0.10200165715466417  0.13729632471279904
  0.15552872150384917  0.17208473402979571  0.18391347375035269  0.19035403273074339
  0.20760440685913470  0.24165947156297943  0.27880361932685505  0.32788098358341089
  0.43354914279793044  0.69618305750877829  0.87544669901307970  1.00000000000000000
 -0.00105449873794536  0.00672824268857769  0.01238260194151209  0.01561026438235205
  0.01943441495335066  0.02227439993425241  0.02710198991753340  0.03342637376273819
  0.03591441872408341  0.03745165854465918  0.03920292615125291  0.04469453518430579
  0.05724856474590313  0.06940285211196891  0.07725008843323593  0.08359014424510684
  0.08904317647545532  0.09392228810477485  0.10055728626994183  0.10928337348479035
  0.11903476408234646  0.13414563455265596  0.15023383519987782  0.16099745520409853
  0.17176107520831926  0.18647583000145676  0.20100075383593857  0.21397152899764105
  0.23070593635250808  0.25207358607354308  0.27690514694762192  0.29770858683427237
  0.31803174239219756  0.33510951604789752  0.35156363772765276  0.36467606010025277
  0.37285310328413579  0.38189601572396908  0.39366089454442310  0.40603812737333322
  0.41565031971268152  0.42567553420439624  0.44351463019539156  0.45816235153065826
  0.47245071661587273  0.48619022744440954  0.49892368648144220  0.51515943358163396
  0.53226585097314283  0.54707759358302066  0.56394445494277756  0.57132990237619252
  0.57806679973860098  0.58337004825194050  0.58843135157592630  0.59398157913639527
  0.60000298748338021  0.60688073403978449  0.61391051577762279  0.61856275284933260
  0.62162460067787839  0.62467841486287734  0.62932080539740876  0.63611750437002268
  0.64944931790253446  0.66189652232686469  0.67518093782432664  0.68789850207453884
  0.69443867264599446  0.70025236008166269  0.70397956994928457  0.70786789678694628
  0.71196287561828231  0.71745093414103500  0.72511413554270532  0.74083277085442856
  0.76140193164370829  0.78067671758488666  0.80067439391141171  0.81098879617161368
  0.82049778444332166  0.82938851459867358  0.83791316018800166  0.84630170745957412
  0.85452477118889658  0.86545626380053375  0.88465562842217338  0.90489316855107260
  0.92367352834951399  0.93896352513365522  0.95062676327370466  0.95932356556782827
  0.96879549326637859  0.97871329161374321  0.98896472504758171  1.00000000000000000
 -0.00188855394339965  0.01285607313244446  0.02295090763088670  0.02666163484877049
  0.03021322534262154  0.03677308448838021  0.04657615411573586  0.05641636618696054
  0.06268599548581939  0.06502516751648120  0.06719156986354208  0.06918879175140025
  0.07124539339727487  0.07329549833787979  0.07872227975821791  0.08870834172441819
  0.09706022524268829  0.10767216075316234  0.11893651586759536  0.14120690613126269
  0.16316967593936424  0.17716558730499432  0.18975049327578430  0.20204231887829199
  0.21094360116773225  0.21703120127042558  0.22266167413991664  0.22800128697629876
  0.23317558040699968  0.24001885391259098  0.24513151986331197  0.24874962922219201
  0.25360096719145386  0.25613191221766241  0.25819058326968475  0.26033493738395519
  0.26271260816637082  0.26700345586027979  0.27436529163865098  0.28070602008445994
  0.28589805064370893  0.29189999600843031  0.30207188439290156  0.31496797222023226
  0.32844228179009521  0.34230760091320489  0.35752825082309891  0.37381248615854523
  0.38837109778235840  0.40081680181581603  0.41196252287649826  0.42246233808945016
  0.43283952898696759  0.44376865360677803  0.45812730044022687  0.47238847370116527
  0.48494539097492440  0.48930910903928665  0.49212617223447630  0.49665700036481836
  0.50117951337032640  0.50442618675105866  0.50747533858684113  0.51391328227794764
  0.52554678401521460  0.54094611741263166  0.55727762515621138  0.57434985129404015
  0.59180896449188858  0.61014959604343444  0.63446069822192175  0.65883537835508099
  0.68133920508200130  0.70214260379666393  0.72067470803906353  0.73458221304241456
  0.74417520502852008  0.75448505080118844  0.76563488887459252  0.77820980894291403
  0.79274866642223041  0.81437815866660046  0.83976638631775813  0.86041555799885860
  0.87666277218405808  0.88756046962430701  0.89405492844815415  0.90547881123378759
  0.91494462966196177  0.92263846053015985  0.93078482096131854  0.93954477219163457
  0.94802009545582278  0.95999338179822435  0.97572926147361860  1.00000000000000000
 -0.00040859301047348  0.00106392047173025  0.00239437890632658  0.00346423668577701
  0.00454230471921804  0.00564276422275020  0.00675878350797779  0.00783129708921989
  0.00877219780303942  0.00955094005504876  0.01037693862142047  0.01141255975296360
  0.01250902679457186  0.01364284889134217  0.01456711805373476  0.01526564156892729
  0.01584302543907593  0.01630894332169455  0.01671276204836399  0.01712912913550969
  0.01753872878829682  0.01777164014357008  0.01797637948523659  0.01820219550928726
  0.01865983671822901  0.01944810883460501  0.02035141667744251  0.02152831142663071
  0.02359689495114594  0.02583409429225954  0.02721542399394676  0.02836613979262580
  0.02941536768230546  0.03011471140618872  0.03073338691256328  0.03137716047052213
  0.03190909002515624  0.03251153185998246  0.03334306248137596  0.03422812022497866
  0.03479482555369068  0.03525392609690667  0.03574902454250477  0.03654963532268224
  0.03711478077566446  0.03764614081797560  0.03823452384549227  0.03869995251441107
  0.03925911351674397  0.04025036694672756  0.04144633674178209  0.04269166491819664
  0.04425434398983125  0.04596670096102459  0.04773771503411552  0.04966569160656290
  0.05196033944134191  0.05394575499570128  0.05555383280854640  0.05665900399628320
  0.05729191216466602  0.05798957630902282  0.05908008372122701  0.06020929629983769
  0.06191445041608325  0.06422670764985967  0.06690341294117662  0.07013576689677985
  0.07364239653772899  0.07687110801409847  0.07856128549443152  0.08093598343838521
  0.08678671772142074  0.09836155039066968  0.12816420423834574  0.15930052666932926
  0.18481606116736010  0.19011885997025596  0.19202541748803192  0.19342766805945519
  0.19511281036699987  0.19653424131858349  0.19736491098032674  0.19810308995663797
  0.19870619553086116  0.19943491073697642  0.20072011730499853  0.20389701863067425
  0.21523224371883781  0.23086170046760590  0.24120680745604242  0.24449619864111977
  0.24887094430472753  0.26189253632004617  0.98205183815630015  1.00000000000000000
 -0.00300087799878408  0.00376950918250309  0.01064551196243308  0.01792509074285173
  0.02467380361272554  0.02987261721140946  0.03518021978489133  0.04071550809036347
  0.04696101588500723  0.05398943877040801  0.06349537392379956  0.07344586693299433
  0.08467502257325032  0.09413098212709317  0.10270518667699616  0.11119517430548720
  0.12013983783941497  0.13239727913380023  0.14957815982706810  0.16833457434788593
  0.18637572645724615  0.20430853962952061  0.22590416329150831  0.24547741395852965
  0.25968389589937907  0.27729186922627452  0.29319759233788018  0.34778856562843086
  0.52866289127253818  0.62533331042663753  0.68134462116592387  0.74133090377540944
  0.77629515227215806  0.79464771866106110  0.80878774907367534  0.81836600387229741
  0.82910910387988868  0.84329817890332226  0.85297817843992940  0.86180167647127492
  0.86606976052168749  0.86891403945060885  0.87140597385412133  0.87354688261958491
  0.87553443284783761  0.87893865428855944  0.88282500836602673  0.88707116015472254
  0.89199393492227219  0.89464326897170443  0.89677422673479124  0.89888227904623363
  0.90176416468990628  0.90538898665163947  0.90665475811976715  0.90781384508479002
  0.90860355574576812  0.90942606529234105  0.91243113142548238  0.91637045676704221
  0.91980358054480171  0.92225590775170962  0.92420291074097971  0.92580743001939425
  0.92725272084164845  0.92938164278660007  0.93165735101922931  0.93422062041795961
  0.93767742694892497  0.94174807987999432  0.94564360926858337  0.94947164655788552
  0.95291292254613924  0.95578232956684561  0.95776952876080246  0.95948076320051101
  0.96137776175169543  0.96354104064928081  0.96567582151430298  0.96743330598380251
  0.96841351696747202  0.96921774500568614  0.97010630484682625  0.97102680164002242
  0.97175128599498317  0.97238082131660775  0.97334907155360118  0.97452666878073457
  0.97558292029756433  0.97766734342598860  0.98159168921444528  0.98506139729803177
  0.98851707890958773  0.99258854108266492  0.99637496769510270  1.00000000000000000
   4.7124128407301897E-010  -1.0000000000000000     
 T T T F F F T T T F F F T T T F F F F F F F F F T T T F F F T T T F F F T T T F F F T T T F F F T T T F F F F F F F F F F F F F F F F F F F F F F T T F F F T T T F F F T T T F F F T T T F F F T T T F F F T T T F F F T T T F F F T T T F F F T T T F F F T T T F F F T T T F F F T T T F F F
