  0.02584373969832914  0.02597631142347658  0.02612117381993806  0.02626143945281184
  0.02638514284282308  0.02648535131714512  0.02658962388525811  0.02668781507740252
  0.02679021936674101  0.02689751444630877  0.02701438793263183  0.02716071049099761
  0.02739191692695562  0.02768472558498559  0.02804693502938686  0.02857501416984043
  0.02890543828324737  0.02915183476791873  0.02932169756684494  0.02942735864645191
  0.02954021304773636  0.02969545901337561  0.02985473011328860  0.03003831120622465
  0.03022718075391628  0.03043250318649514  0.03064204540035754  0.03088325673831913
  0.03121927691417877  0.03151787244033790  0.03185644000743510  0.03224059112236693
  0.03266067091743403  0.03310643927384770  0.03354110219768522  0.03390974716635361
  0.03425427771970282  0.03459085363149174  0.03494472560301953  0.03534355671184394
  0.03580502761572329  0.03618701541094912  0.03660260889948658  0.03701774575791236
  0.03758996039688860  0.03823114024028673  0.03890189612352229  0.03938956607894532
  0.03972796876571580  0.04003088606861371  0.04038289447449082  0.04068832486221838
  0.04100149776553896  0.04130822722779279  0.04181531120239187  0.04236875157500581
  0.04294064563656658  0.04349651973558491  0.04401658349915280  0.04432978268211653
  0.04477175228704654  0.04524292912547030  0.04580210444264387  0.04640872193319109
  0.04682123802595566  0.04716734048577952  0.04754814474448045  0.04799482564882272
  0.04847559201437091  0.04903206213163538  0.04967536003756277  0.05039353564901211
  0.05105691620343383  0.05182488159883738  0.05287548015062421  0.05407230679064972
  0.05558593537341544  0.05720418142775859  0.05884581853846000  0.06064936619667764
  0.06180732547647447  0.06256906544670719  0.06417362993693906  0.06684036045246705
  0.06990983788509175  0.07276293559099432  0.07630411026092347  0.07800473463645817
  0.07887818936226583  0.08100996403782741  0.08306298602495983  0.08583562659050764
  0.08857712618096086  0.18718794317948928  0.28213433559002082  1.00000000000000000
  0.00494956787146773  0.00496386367338496  0.00497590344677471  0.00498628469434506
  0.00499579351204799  0.00500441761941784  0.00501358128177213  0.00502446688081406
  0.00503742847349146  0.00505426381922232  0.00507538879212410  0.00509790772896925
  0.00512142151136907  0.00514467151388566  0.00516604923480087  0.00518437107381508
  0.00520081801354836  0.00521685561718118  0.00523430592999621  0.00525325220940780
  0.00527216590218268  0.00528564006611140  0.00529829565722188  0.00530981614409046
  0.00532167807873258  0.00533493842507921  0.00534958010407442  0.00536889649227567
  0.00538520480296876  0.00540298795215940  0.00542131793418068  0.00544003230387173
  0.00545701498056418  0.00547302912262541  0.00548668220507222  0.00549898844254370
  0.00551149768628117  0.00552521141696657  0.00554057453835403  0.00556434761406938
  0.00558873997504376  0.00561313761409391  0.00563673769219582  0.00565806876284827
  0.00567923819601063  0.00570207627661675  0.00572390109473455  0.00574580458027616
  0.00576456471214522  0.00578297670031559  0.00579800038073962  0.00581415143925753
  0.00583284991198022  0.00585654040981821  0.00588597724306265  0.00591653994778779
  0.00594286228018348  0.00596887327329718  0.00599997299885022  0.00603409264831918
  0.00606545618333034  0.00609225957833408  0.00611909024756736  0.00614440739297784
  0.00617766024297266  0.00621066510258142  0.00624813573762455  0.00628872505121003
  0.00635168957991813  0.00642656952613015  0.00648708770180422  0.00654693506949734
  0.00661275016349631  0.00669609936921168  0.00677787918324307  0.00684385873187238
  0.00690027572772556  0.00696056821872964  0.00700293820438457  0.00703804789540672
  0.00707413025806095  0.00710494184000635  0.00713434032450508  0.00716375455773778
  0.00719816167161477  0.00722961757437620  0.00730978303802860  0.00740393689757409
  0.00749798099557515  0.00758185745902324  0.00769974646918561  0.00782499143231348
  0.00797339833511667  0.00831279088646497  0.00919281453483375  1.00000000000000000
 -0.04198396033497674  0.04182718609094685  0.12604857357506641  0.21491444355746520
  0.30372743311010297  0.39230845356431582  0.43811744758268434  0.45404784704448770
  0.47104010380136702  0.47665723040927449  0.48037152415710621  0.48415477571334026
  0.49101387928740176  0.49556831141956953  0.49865095398864101  0.50664774626384235
  0.51938406187685915  0.53106079453966903  0.53740327378581798  0.54411517903361384
  0.54826333977596720  0.55176645683569747  0.55433888318527980  0.55641445400992229
  0.55842381856365253  0.56344055704629115  0.57153344457906363  0.57977151637254098
  0.58771082322650270  0.59903033152467644  0.60921870609091844  0.61962276990774001
  0.63094879215612887  0.64180924963373742  0.65193517560371894  0.66128392461865304
  0.66815767214348798  0.67346541456332198  0.67853650626538264  0.68252327578985783
  0.68677154687325381  0.69154331564598792  0.69627354465503755  0.70086065745133996
  0.70554358309484666  0.71048331402143861  0.71517015081242208  0.72110985910933967
  0.72541574199551284  0.72723134347994345  0.72821031631702338  0.72898646641605269
  0.73081641336141312  0.73343968400861370  0.73870991946272668  0.74519591743483915
  0.75062776906244122  0.75566475797669497  0.76013228214856998  0.76439620409550169
  0.76790193899281123  0.77113505167652041  0.77446797460055095  0.77752990713305925
  0.78172241610915183  0.78614880153912547  0.79132292163514595  0.81120708100507244
  0.82937943585584750  0.84382421657746964  0.85466961862152091  0.85672759726395764
  0.85815086954823805  0.86028058087376702  0.86318046606324927  0.86764793855723132
  0.87204559263092518  0.87595136949258579  0.87810851549396485  0.88009017208038531
  0.88298420501777009  0.88602760249825752  0.88815984959485361  0.89033512163581041
  0.89491069809298007  0.90760713533717952  0.92007162782402641  0.93202985841267172
  0.94396619590533926  0.95584077631449571  0.96791431423706642  0.98069416184227809
  0.98972000244267144  0.99417526103032139  0.99822373031509992  1.00000000000000000
 -0.00372965187447773  0.00300109594054615  0.01794815813483586  0.04018585625178188
  0.08157103102205310  0.11074579560614679  0.12506930372688688  0.13108571644690251
  0.13671706051344720  0.14153678781576207  0.14637681402190023  0.14993802476550611
  0.15399944994493309  0.15879574124046228  0.16331317566524309  0.17045010594010290
  0.17844881125927120  0.18653635352456069  0.19566632464063624  0.20458754242013105
  0.21411342781762638  0.22344808595047830  0.22999033690436546  0.23278405216085080
  0.23627156507891811  0.24107503867138594  0.24748797350467960  0.25395591133254081
  0.26021513918550082  0.26476393621471905  0.26900917007738262  0.27338508561639302
  0.27967318246068268  0.28758337783129329  0.29253317737099438  0.29747070608233422
  0.30289331738348918  0.30888279640859911  0.31953720458652241  0.33891564743379732
  0.36739477853993646  0.39739803174103361  0.42519906078718012  0.45410004264551257
  0.48151464310119091  0.50533070461912766  0.52718688963402915  0.54756995395472419
  0.56489777620132464  0.58234093316542657  0.59995327864022552  0.61544073085377893
  0.63004496520981335  0.64625631469819456  0.65825951520328996  0.66591697618113421
  0.67050984444087447  0.67435462214688691  0.67917356455274480  0.68360010440290830
  0.68748064474206627  0.69090362717047560  0.69458747758343886  0.69883186675216957
  0.70207059716255982  0.70670187430340281  0.71252660151299763  0.71679884001008776
  0.72044778339478621  0.72463908928008269  0.72960866100511756  0.73545030762488373
  0.74105726242487124  0.74662765755581784  0.74937231842996910  0.75326298429302263
  0.75677580725408167  0.76069288150891667  0.76431213899603478  0.76828544238715113
  0.77075479401259717  0.77394327818381525  0.77928883579478980  0.78562338971714429
  0.79352235625046408  0.80652723812341454  0.82429290140613853  0.84795896880728916
  0.87496931398162081  0.90327857026622871  0.93048693508127756  0.95540945525663434
  0.97442147474977336  0.98747121588149722  0.99489476201874927  1.00000000000000000
  0.00297135701394335  0.01357442319449333  0.02121975744458701  0.02761497118290107
  0.03272037552882338  0.03748250303748165  0.04244564668707528  0.04656484982209824
  0.04954588359039602  0.05381379433071476  0.05829673394458087  0.06463810059685339
  0.07408733631247039  0.08392920842054018  0.09380774900449661  0.10314264244068096
  0.10911638542361399  0.11395484013453826  0.11880982877735999  0.12267075265981670
  0.12630331383584975  0.13078148687585814  0.13739175145245380  0.14733870668913093
  0.15743395874723715  0.16937637135768960  0.18223314151406653  0.19611234409332634
  0.20768139280061945  0.21648450698437025  0.22519956551757331  0.23398036141039258
  0.24297138082849826  0.25461105304847886  0.26584842783442919  0.27649876222239278
  0.28670107424776464  0.29654202814842306  0.30901213534416316  0.32056560905262921
  0.32581043636612550  0.32756833837008986  0.33300031952961345  0.34059497831448038
  0.34840442845049763  0.35478448105457477  0.36352019492250870  0.37720373093328852
  0.39411190397041751  0.42133340378300910  0.44506619156520327  0.46428383707897525
  0.47153658146557237  0.47775999923658108  0.48275353220428191  0.48719461371797879
  0.49654784036677191  0.50684812108761435  0.51555886865520262  0.52492891444061152
  0.53277235604885786  0.53974977877046748  0.55016479780554595  0.56741535918323072
  0.58964986086975857  0.61244874692546114  0.62808351503453574  0.63305974300399948
  0.63630763061081907  0.64106246771706465  0.64647779687218365  0.65450020193420144
  0.66256450629783326  0.66965937424441291  0.67364837562727209  0.67717724694275094
  0.68145370947132067  0.68611633076339507  0.69430788327722959  0.70467088353567975
  0.71621432958342723  0.72797324808524766  0.73975784230020569  0.74917513364202870
  0.78491863274106599  0.82005194491082389  0.83933171454767730  0.85691231432596238
  0.87451314661891233  0.89439580864767276  0.91839344441827331  0.94085721237589537
  0.96039705760717597  0.97505254051479529  0.98449342831927855  1.00000000000000000
 -0.01418145717856158  0.02420430299675639  0.05710184181713496  0.07284033203668866
  0.08398711998977230  0.08741074447778954  0.09267483781595257  0.10043692368611781
  0.10711629397312949  0.11075893272035860  0.11447161648759500  0.11771476127195393
  0.12472481472078768  0.13299435145576280  0.14234367445486296  0.15158004738674788
  0.16074488398627690  0.17039239995012928  0.18046774256626785  0.19086413776302191
  0.20289636569476469  0.21463273614140174  0.22603916091980875  0.23733675578189950
  0.24807524963951280  0.25193657477093540  0.25755291674545189  0.26510734141245657
  0.27117326886104598  0.27749749641929106  0.28540846593811936  0.29627308164301813
  0.30711572840357948  0.31616989565322090  0.32798771112191849  0.33840901990914413
  0.35056074800396919  0.36082112718829629  0.37400468478934279  0.39042297845637619
  0.40837503697921618  0.42923303511119942  0.45241699265973390  0.47983066730454199
  0.50495123378944573  0.52741522823572262  0.54726266077258834  0.56652569451185231
  0.58432638182707985  0.60087711195404969  0.61732694621986950  0.63249605026559130
  0.64678470599706306  0.65992423338068051  0.66619654284658802  0.67095723503511473
  0.67571903706923531  0.68079530442512692  0.68518373813165612  0.68886963588090189
  0.69426235716312534  0.70190640766338930  0.70885109740615415  0.71556881942526207
  0.72083602253801671  0.72456068031546028  0.72704025972525932  0.73048738057435592
  0.73380244540631123  0.73679602757337692  0.73928232582931419  0.74410394367142640
  0.75395631574223898  0.76145043598564288  0.76867116899016785  0.77608185725756296
  0.78494386929931859  0.79893459420284418  0.81527052204950956  0.83192343239101485
  0.84882729453131112  0.86375030121237406  0.87816311102166966  0.89097313008751777
  0.90414774542994114  0.91767129994601015  0.93066182311493428  0.94440232729065365
  0.95403396121621431  0.96188582882810769  0.96789629680333089  0.97353439470031011
  0.97934279528642143  0.98625234377043502  0.99277367188083454  1.00000000000000000
 -0.00764851835158391  0.02222829868791862  0.05388697963282039  0.07065018426456077
  0.07936642322163559  0.08544549816102640  0.09231406338513831  0.10009177383368326
  0.10881201405680618  0.12146373380211443  0.12862450857623167  0.13635971483548337
  0.14356500304574657  0.14990322945130433  0.15512045608636266  0.16100226663965755
  0.16884904386953806  0.17709314985447819  0.18233180216903835  0.18506570172399031
  0.18773355818310500  0.19102943891229840  0.19529927845704531  0.20374013614892972
  0.21355496288614936  0.22516987668787422  0.23961888027835421  0.25364366762770246
  0.26460761308027825  0.27285789352144879  0.27885383845119138  0.28349328475178448
  0.28928370302447387  0.29682347912225243  0.30148049915629727  0.30576599672876043
  0.31053449079243539  0.31639928563012831  0.32055502653111401  0.32401730235976334
  0.32869113421264728  0.33575744614042319  0.34413448833827620  0.35567793402425080
  0.36989600886328378  0.38666516975565446  0.39581244343935668  0.40638339155071307
  0.41770591519756278  0.42701373384594193  0.43681212718842888  0.44721358981947990
  0.45579502158749308  0.46514661864996310  0.47689845073537673  0.49321408144928858
  0.50994052292786096  0.52459208809946478  0.53828770182889762  0.54275136716125960
  0.54824953009058619  0.55724042832276599  0.56287511327112028  0.56862712860043130
  0.57367479100675667  0.58059651229510412  0.58755181056693651  0.59384030555261524
  0.59961896523040203  0.60355290261267647  0.61089052920821441  0.62073731171737900
  0.63346175622369127  0.64982114337027985  0.66805909455709356  0.68771135056441768
  0.70986999742486145  0.73589190764476142  0.76090734179236852  0.78556532270744484
  0.81038282211836143  0.83616983551064472  0.86220784386493066  0.88723619370100015
  0.90782522268995414  0.92273482379333316  0.93641241704345601  0.94974741129669393
  0.95811667846758730  0.96409473868865148  0.96683064948071862  0.97235544589292222
  0.98127442434288326  0.98868621477261565  0.99450263128291649  1.00000000000000000
 -0.00052747299349374  0.00305499477879394  0.00657251211455166  0.00963686929816973
  0.01288691582843086  0.01690439365818544  0.02134493632672201  0.02490298541262225
  0.04741403433116716  0.06818326675015282  0.07778032292387752  0.08229264823011258
  0.08980226778366419  0.09924180862328166  0.11748021260369849  0.14003990601006880
  0.15512198423150655  0.16361027942668596  0.17049451123910675  0.17698419188330558
  0.18304993546711271  0.18852813223179629  0.19482177238482276  0.20122967028600450
  0.20946331907460550  0.22500247135264087  0.23444216744803797  0.23977688494110364
  0.24611580803659358  0.25083430575486232  0.25438053364773866  0.25777052708479470
  0.26166454973153258  0.26469881784060328  0.26903419887327507  0.27538958614312586
  0.27840292708928882  0.28127376664391629  0.28275471594441082  0.28479828013230990
  0.28718180116666453  0.28947735241308581  0.29188199507706641  0.29801101518973228
  0.30695820766113069  0.31612568231473759  0.32623422830190424  0.33567867734224921
  0.34531637439225227  0.35475715109503897  0.36294526646475533  0.37006912280239901
  0.37596941560355646  0.38195935570773015  0.38997859410512981  0.39894073154339094
  0.40807971833341738  0.41839294466900356  0.42888625366111871  0.43969360584375461
  0.45096627979953496  0.46070183839661827  0.47014706150331920  0.48016535302664859
  0.49124550980519444  0.49675197825001927  0.50670756404517592  0.51955771767364634
  0.53333190392047147  0.55025670390241854  0.56972528756281093  0.58897547294704633
  0.60689850183344130  0.62179648772693874  0.63408974340282986  0.64565318162620933
  0.65877600851667795  0.67349914838131941  0.68831322125497851  0.70112259839462132
  0.71383984253591248  0.72639605908365912  0.73817172044812318  0.75375466584451523
  0.76129991559473909  0.76639085634089910  0.77850197974547686  0.80480203756733981
  0.83235232654757696  0.85999156708615954  0.88615647802838371  0.91226095659440831
  0.93820495795773606  0.96364598000707147  0.98723746521423827  1.00000000000000000
  0.98735923808913217  0.98862070161601101  0.98898334145159728  0.98911286825449463
  0.98919288444160136  0.98926821080937644  0.98934216084307003  0.98941703308682050
  0.98949335572218067  0.98956157745935958  0.98965105027213596  0.98972406266265822
  0.98977728753053729  0.98982289021244285  0.98986222599386431  0.98989597751549807
  0.98992790546630482  0.98995400386473031  0.98997190353275011  0.98998726062867382
  0.99000147631740321  0.99002468392279042  0.99006723856923606  0.99009997750662926
  0.99012631738946655  0.99015224279520353  0.99017462337353068  0.99019653170293520
  0.99021616569799942  0.99023673432307846  0.99026071147155814  0.99028408321154326
  0.99030801061931273  0.99033507102136098  0.99036772436965714  0.99038612395149905
  0.99040184818025301  0.99041494603461611  0.99042923786987980  0.99044753357272564
  0.99046847711039465  0.99048763731314771  0.99050673092062058  0.99052651367317246
  0.99054807078785889  0.99056960052169485  0.99058706268389052  0.99060157366109347
  0.99061431851782955  0.99062654647067472  0.99063880909495883  0.99065057783891797
  0.99066159844516133  0.99067507802141175  0.99069025185578918  0.99070390711311318
  0.99071604369654853  0.99072648103790317  0.99073605773434359  0.99074679198621807
  0.99076041156510852  0.99077651230876340  0.99079322233481393  0.99080935635587619
  0.99082490595709893  0.99084021161098823  0.99085739751248747  0.99087391193526353
  0.99089117174983254  0.99090668341082522  0.99091888967212216  0.99093052182172470
  0.99094237971892030  0.99095411970825420  0.99096443856292793  0.99097335870402226
  0.99098190841161404  0.99099024602519847  0.99099900824189557  0.99100841337204792
  0.99101698972922081  0.99102442976970484  0.99103431041272172  0.99104449449917797
  0.99105428854443423  0.99106215113392027  0.99107085627842451  0.99107852575598199
  0.99108620189556751  0.99109352153468722  0.99110122623669872  0.99110826393298246
  0.99111516451739701  0.99112016071697151  0.99112217902587907  1.00000000000000000
 -0.01206768435191027  0.10576149653511585  0.16553644897192921  0.21337125856525788
  0.26119801597915615  0.29883935794316646  0.32170177572249553  0.33285435992348517
  0.33792370923273796  0.34346300561349152  0.34820584181746411  0.35086853197071699
  0.35439606399618917  0.35785664927253480  0.36181923978983715  0.36639388717607341
  0.37175382741259844  0.38075329379698647  0.39272687954766522  0.40545731002731900
  0.41859341997272687  0.43218026051386488  0.44597661352620749  0.46001736461805470
  0.47262425728393165  0.48479823862630067  0.49654937478939615  0.50633605416827410
  0.51421771698202223  0.52007168735891285  0.52323771530697183  0.52566757155412058
  0.52741170317497477  0.52933829386592701  0.53117803355628213  0.53301898815330773
  0.53522857987167238  0.53657859065599034  0.53861573244343364  0.54093803735544244
  0.54381329092887165  0.54719321862656634  0.55031140480570329  0.55302044871238343
  0.55619416230956342  0.55928098719485941  0.56057355995235192  0.56139157249726146
  0.56228086786530396  0.56349059107591837  0.56651013912187964  0.57064300129943879
  0.57377396908354505  0.57623917431625449  0.57867411897806309  0.58106007669672211
  0.58229709600170243  0.58277901519864095  0.58390693712140795  0.59269281669861795
  0.60133222908804451  0.61004056476994817  0.61877155150563634  0.62720949570092521
  0.63498146545383383  0.64785223877141296  0.65837082165685823  0.66563369388670546
  0.66882120483270235  0.67157131714206231  0.67639716397726257  0.68280616023477214
  0.68961034647520403  0.69519427609748707  0.69879264300514832  0.70243966119062673
  0.70630266959580479  0.71082199126288337  0.71519190381733888  0.71833266771558835
  0.72276031554337905  0.72606184190742551  0.72735870004836056  0.72958338969542780
  0.73489174578678218  0.74226068308890503  0.74888678439300149  0.75810846202397464
  0.76899929009393364  0.77880042483848089  0.78786606759686539  0.79722651522626575
  0.81489154402196939  0.84293152263299753  0.88802814206202818  1.00000000000000000
   5.3453563835280445E-014  -1.0000000000000000     
 T F F F F F F F T F F F F F F F F F F F F F F F F F F F F F F F F F F F F F F F F F F F F F F F T F F F F F F F T F F F F F F F
