  0.02580897642221491  0.02599027819079472  0.02618854582130642  0.02640599620131108
  0.02666698829190910  0.02689488869479293  0.02712873862931381  0.02739129233649890
  0.02766635988119942  0.02798074243614460  0.02835363265071071  0.02873193293605409
  0.02910100390706125  0.02950795950408099  0.02992563124399629  0.03035092268867725
  0.03075118755222365  0.03110245417032461  0.03139692822982729  0.03165777546904883
  0.03192999054059574  0.03213296930076946  0.03241430867008056  0.03251588122742895
  0.03262198133895333  0.03273595101947490  0.03287834880295380  0.03303125269104090
  0.03319981302531351  0.03335835080498246  0.03357365208115584  0.03387625097504281
  0.03411618174762852  0.03441044834375774  0.03474322071885341  0.03518748622334012
  0.03572153457850437  0.03648393891735746  0.03708760731792154  0.03756023715215895
  0.03799996478892235  0.03843583893174400  0.03875192780062526  0.03906505786900522
  0.03932543843812850  0.03949880343047422  0.03976509868787897  0.04008876235066419
  0.04030147477596928  0.04046471218511766  0.04065913171379687  0.04095716937705465
  0.04129054936723481  0.04152363589460990  0.04181489422141250  0.04227506926686296
  0.04296146157397009  0.04385051194408042  0.04474930141812104  0.04549857726999319
  0.04616355895936584  0.04691920139036423  0.04763312481861788  0.04836892419972184
  0.04932865167554578  0.05034780517850649  0.05094068004354405  0.05140340417033659
  0.05183854265694439  0.05228098695856313  0.05269362615288698  0.05304624197966063
  0.05345533630591539  0.05378509032629142  0.05453203681310816  0.05607342921390029
  0.05748418757380410  0.05892534220622213  0.06042894037329658  0.06182760996609508
  0.06297238410530662  0.06457831353737488  0.06729219938009623  0.07036043828175419
  0.07357439918931651  0.07733628570786380  0.08056003806107602  0.08341047105925858
  0.08492333153239698  0.08752455669876660  0.09173791366761755  0.09857080361150548
  0.12128365196630425  0.14788312143489687  0.17323253743131539  1.00000000000000000
  0.00495121719972075  0.00495699038633729  0.00497422773623250  0.00499543951167412
  0.00502026911467940  0.00504513182367626  0.00507056662765840  0.00509756437098408
  0.00511693633866036  0.00513136501599263  0.00514738193975920  0.00515768128406916
  0.00516711436198325  0.00517503678442572  0.00518285444188958  0.00519057107541601
  0.00519865439272428  0.00520617093336265  0.00521481541299974  0.00522610453861724
  0.00523883448429117  0.00525288325755279  0.00526833435422080  0.00528507259028366
  0.00529306960485933  0.00529899064789790  0.00530480691160202  0.00531080071252433
  0.00531697898730413  0.00532299042794806  0.00532856349275688  0.00533206010423942
  0.00533722348492616  0.00534589484779801  0.00536018009583896  0.00537774706386906
  0.00539910524759483  0.00541154688236424  0.00542046915102165  0.00542882355429336
  0.00543695949105939  0.00544695842701828  0.00546135810775454  0.00548021961776134
  0.00550177872409071  0.00552863668184147  0.00555120712639302  0.00557402492777289
  0.00559841116852016  0.00562323269407283  0.00564347898280503  0.00566223866688323
  0.00568506071845786  0.00570907376658478  0.00573172405788913  0.00575437348154616
  0.00577477547294325  0.00578820143066769  0.00580160764663088  0.00581619583406744
  0.00583315894758578  0.00585202537556488  0.00587934328367100  0.00591552195195949
  0.00595680072343473  0.00600314226013722  0.00605369370448857  0.00609869634819541
  0.00614487115869563  0.00619466201923585  0.00625858216088006  0.00631404481360576
  0.00635743869738616  0.00639454118054431  0.00643223758593071  0.00646585488453728
  0.00649680610717737  0.00652909375844106  0.00658427987717390  0.00663541045877182
  0.00668517545151520  0.00673906931802821  0.00679812059087778  0.00686074340295628
  0.00692722568600924  0.00699607593154701  0.00707653996611770  0.00722668234803122
  0.00735035748367906  0.00744956947112777  0.00755907099802797  0.00770374517509303
  0.00786251103912941  0.00812104116660864  0.00907783279900400  1.00000000000000000
 -0.00197345608778356  0.01681072284503480  0.04313251992328043  0.07062199373135275
  0.09681100804353990  0.12013163852130611  0.14462327388853227  0.17011289242550690
  0.19466302857817344  0.21570427226689079  0.21825538343800463  0.22403502779915802
  0.23727415442543170  0.25017765878074327  0.26902403174190004  0.30200496364841256
  0.34059355063135366  0.36925114783625862  0.38210150808158361  0.38631867885640786
  0.39154281688065440  0.39781884741034906  0.40623270415589063  0.41577849858723537
  0.42423236779898421  0.43050783804100368  0.43937278611200781  0.44834975679849459
  0.45714534202739482  0.47121737138101977  0.48422107210011694  0.49620772522442441
  0.50869596020266028  0.52151140295075038  0.53487212927943162  0.54977509424385940
  0.56453132609750978  0.58068477774190408  0.59873433428721889  0.61765022913517120
  0.63920786391050199  0.65466788888720773  0.66407063976618630  0.66893119205004714
  0.67267973213207666  0.67855229615379919  0.68526407469547235  0.69097138166475214
  0.69427412326694837  0.69646711147079821  0.69875071009604661  0.70086251879630757
  0.70306285161293880  0.70502324240478464  0.70704887582572629  0.71075754432169891
  0.71713435144854054  0.72213627558573135  0.72903116621452557  0.74063973697079755
  0.75732305451097692  0.77539509851078048  0.79404636133332362  0.81425493579973141
  0.83442780279480222  0.85456549182723363  0.87305034757846289  0.89002379025850675
  0.90280729864965970  0.91230995392803260  0.91923527843840380  0.92392722490390233
  0.92941417080677835  0.93640645146845336  0.94259499605737840  0.94551742904929836
  0.94777040725356521  0.94916205516489172  0.95046652369836493  0.95243336817975144
  0.95421739692614771  0.95612297596578788  0.95794375193610570  0.95982077424746970
  0.96152855620331235  0.96485991389203851  0.96946612136998800  0.97233379102634898
  0.97387008916024209  0.97534425952124826  0.97886245728393695  0.98309240070408987
  0.98816142625238013  0.99311514006136326  0.99804673721777482  1.00000000000000000
 -0.00106635724196932  0.00599668021189375  0.01434404541217509  0.02223664386877851
  0.03229788230824271  0.04127395178553690  0.04410773888495020  0.04786265700145005
  0.05238596580811692  0.05994781446761175  0.07046567957784405  0.07929408766643874
  0.08895815188297898  0.10576720849651791  0.11723117839229449  0.12384910275705972
  0.12926852381715673  0.13412634603465715  0.13837899931929354  0.14156339281378971
  0.14346261912996428  0.14518037793715960  0.14701900712170282  0.14952412470932011
  0.15302834394853190  0.15831663124680384  0.16236632095421952  0.16554431022331187
  0.18372764608518488  0.19287713707049253  0.20101692973083313  0.21257931948570349
  0.22296384845664524  0.23020651578864224  0.23598907919471393  0.24262873984833741
  0.25212650730251512  0.26209365948160068  0.27011328029081866  0.27732953618409584
  0.28458209736297368  0.29230434367201030  0.30155384599871787  0.31110171119457725
  0.32223615151328239  0.33490409782715524  0.34669432173201709  0.35721864983250501
  0.36721717408281068  0.37730502457688148  0.38850538850732275  0.40251464935241343
  0.41899592521132656  0.43540087826894952  0.44970797075740265  0.46106268238409848
  0.46971531584960369  0.47764864834816867  0.48546022894887259  0.49347634298452625
  0.50189362504199753  0.51021050022168413  0.51894000430038112  0.52762803687925053
  0.53643939141797947  0.54902210710923660  0.56885299368855713  0.59535793951808857
  0.62045704258053647  0.63078728121487992  0.63525883855153442  0.64131477293625261
  0.64971547092262294  0.65942105429491960  0.66798781373139848  0.67629538722811444
  0.68208679790053028  0.68521361371092260  0.69218121303064695  0.70292394793444513
  0.71504231726011847  0.72711953515960048  0.73713323699986288  0.75148869306452826
  0.75999839114205170  0.76210085090116864  0.78515057410500766  0.82033303007375780
  0.85262295236850905  0.87975466573490446  0.90561793176702221  0.92996937962210002
  0.95738504613891418  0.98766246290338089  0.99824466294605785  1.00000000000000000
  0.00134814984441114  0.00859214582664062  0.01517104444311138  0.01637143914613810
  0.01803664472809699  0.02026088590293577  0.02260705240534947  0.02498846010842858
  0.02702716774718538  0.02897837340071621  0.03096253697751513  0.03338194761056482
  0.03588001990963129  0.03669412059150858  0.03714947109061244  0.03757598250191461
  0.03803939445654350  0.03886189212740933  0.04130245595871106  0.04323878580401742
  0.04512483254711406  0.04716121789733734  0.04966045402802045  0.05441785743430715
  0.05959914392564419  0.06654852163188067  0.08126831962819762  0.09702116542725719
  0.11410705969703451  0.13010816685256973  0.14550928131909596  0.16139711785194305
  0.17771951086857393  0.19533012887536674  0.21202109999357246  0.22840255267287207
  0.24469191291730560  0.25941652044303209  0.27132756988397094  0.28198333877678272
  0.29336143068940962  0.30733092645621024  0.32286798103071068  0.33900102136773430
  0.35410991738219300  0.36880481064507736  0.38340082668032049  0.40239579784482959
  0.41874264476113693  0.43135173252008602  0.43891359076403175  0.44464389604169147
  0.45235943105592119  0.45787368477488849  0.46362927758951378  0.46925967694399323
  0.47381363744110322  0.47526878053998445  0.47662158584627345  0.47785052035086090
  0.47901370955663786  0.48070307787875749  0.48222130368296912  0.48488771238478018
  0.49145966568848665  0.49775370394208990  0.50547416993722971  0.51954895782234156
  0.53532123731056613  0.55089385786821676  0.56556720349374967  0.57906632749950404
  0.59292768295323994  0.60974975142306809  0.62427107374062929  0.63044937038346294
  0.63580771096256972  0.64016196560298266  0.64617944947882289  0.65232516385910611
  0.65837989174593159  0.66411353911308280  0.67297089350784656  0.67941260232249079
  0.68462046609196814  0.69125358025149686  0.70631830981035204  0.72806609813906620
  0.75413113604211657  0.78915421915938255  0.82710129538038057  0.87484607577592821
  0.91040954850310740  0.93362641695465554  0.95829617221515950  1.00000000000000000
 -0.00395847825720541  0.01751092708095710  0.02475398121268572  0.02985924674657833
  0.03459898277554659  0.04191365901447811  0.05012531365503862  0.05920679704589980
  0.06795440421918336  0.07635950396001617  0.08574476130574564  0.09549978800796499
  0.10150505582946819  0.10992903077853275  0.11639154456159774  0.12234952455479201
  0.12915903510208035  0.13290983463920708  0.13544784592510631  0.13885328134856123
  0.14267140240221621  0.14628179309711212  0.15045275968958260  0.15420450665731741
  0.15722003203044765  0.15982339813393631  0.16407600916875983  0.17273432154763649
  0.18053461481939681  0.18816005954689302  0.19663165829204865  0.20588259710434406
  0.21403610737525966  0.22347063531125566  0.23724913950210588  0.25558805383419159
  0.27365226719898655  0.29182313586278585  0.30944865579541481  0.32589482424534560
  0.33973974125519024  0.35430601879897150  0.36972003130541614  0.38805208648387313
  0.40881265291399821  0.43570414040507638  0.46173532441531440  0.48701935688707482
  0.51127008498275162  0.53439236841948057  0.55616164058320205  0.57582902582533924
  0.59205753499535907  0.60540886870832900  0.61819977529127845  0.62647427117193211
  0.63022269902533790  0.63646693249206832  0.64310055180351178  0.64728030230684885
  0.65124911527694596  0.65650358539419607  0.66028430322279041  0.66205000962464833
  0.66502311728081864  0.66871284354865990  0.67448022778370320  0.68341493518924346
  0.69935008545995325  0.71463980906398983  0.72948276949027713  0.75091688643301469
  0.76538623912918968  0.77577462225668881  0.78645588382494869  0.79658194204022004
  0.80589746394081074  0.81471785509042827  0.82256217154032385  0.82918473399014148
  0.83559050782057920  0.84265838312000763  0.84910442195481617  0.85670797289042633
  0.86450991576547886  0.87208765409215050  0.88286065584201801  0.89227417692330890
  0.89906514335826659  0.91083528100782685  0.92468107859673343  0.93944929607396477
  0.95596709112846456  0.97310208907715523  0.99064932003486939  1.00000000000000000
 -0.00822239960922434  0.01958294361852006  0.04201254715924162  0.06019104332463008
  0.08028956212977706  0.09222294786542838  0.09851233399785338  0.10565551833211355
  0.11285326822881045  0.11868155625648069  0.12339658309497480  0.12895869518948469
  0.13548968985549600  0.14502780857351494  0.15367206747121390  0.15844557412864982
  0.16162967380233503  0.16307842783161622  0.16448435257145974  0.16690230438547085
  0.17042237543565339  0.17509155103013727  0.17883445887154942  0.18319489937896496
  0.19064672317294273  0.20230587156825613  0.23218881596754323  0.25394583279636546
  0.27104038170653866  0.28700716797522463  0.30369342507373903  0.31930657764352682
  0.33258313667595141  0.34593151987036735  0.35840431132775580  0.36759856215188980
  0.37284611438974014  0.37842498380537387  0.38777240346154618  0.39580876151275446
  0.40194189349383075  0.40827928157887233  0.41569164415458870  0.42314182803045963
  0.43029323266612329  0.43538334852886734  0.44249697824128548  0.45230757960754053
  0.46397958326535643  0.47675161807283195  0.48552269215528426  0.49482411390865194
  0.50496965281361139  0.51447524018818780  0.52296995096694732  0.52970126757657765
  0.53463888089142464  0.54051495871146948  0.56034102178783063  0.58598436174054414
  0.61406301345927550  0.63976983637579343  0.66621620781452973  0.69291081827732093
  0.71634042181930568  0.73813957129654173  0.75681317217272059  0.76887320603439524
  0.77765768134060864  0.78412812096363194  0.78943408543371218  0.79414940114480825
  0.79783793589832386  0.80245326861911703  0.80481126634475497  0.81594696385362553
  0.83260592590969174  0.85110833614232928  0.87145827477936932  0.89000119535430167
  0.90727458767300928  0.92545619787133038  0.93911031658800304  0.94626864458364102
  0.95350477515803089  0.96020871355959025  0.96487564685840321  0.96940267259293411
  0.97354181153350350  0.97761091373421893  0.98195825479916110  0.98617480342212827
  0.99156958853758814  0.99763602467558155  0.99944793997041026  1.00000000000000000
 -0.00604905763171086  0.02091779800130764  0.04053178983551826  0.05497070882642491
  0.06517447276511149  0.07121216557512333  0.07561757516965571  0.08198608089340854
  0.09012262957480234  0.09837173743789701  0.10926586583937166  0.12154987818650638
  0.12913377329286843  0.13551667480405713  0.14199120239118043  0.14679154059618477
  0.15174870848117872  0.15688141253291796  0.16394172969785989  0.17049997847873505
  0.17722472181002119  0.18403812477190407  0.18656896193101710  0.18985259155135223
  0.19449082090898834  0.20551347953414648  0.21640907049911942  0.22799847390172620
  0.23697431728018128  0.24484096050521206  0.25248438678701113  0.25911770225641373
  0.26688810966936122  0.27562741323514711  0.28458041709806814  0.29342848730213072
  0.30111976030844756  0.31893848911954353  0.35034302457083560  0.37751844732214351
  0.39408934442008425  0.40054021333632772  0.40453084685257013  0.40807013435826528
  0.41119380187200683  0.41403601789932792  0.41722063998424158  0.42217359000007215
  0.42912896331401845  0.43446960028004233  0.43842736214084643  0.44053734648663956
  0.44247438202470135  0.44567461984775103  0.45118542552000995  0.45584303542893900
  0.46268334383044174  0.47161478839824178  0.47796293345816138  0.48393085548974801
  0.48836657240065323  0.49346228798151709  0.49777581826704703  0.50180028058207626
  0.50819794471960034  0.51422181221177410  0.52184716463252112  0.53176299944572691
  0.54421624464011320  0.55849122745212443  0.57713797908663966  0.59963439464803137
  0.62057650722586188  0.63753180316951585  0.65338762647709092  0.66163137326328547
  0.66899698550022535  0.67496745243560718  0.67883996042256955  0.68125324984175983
  0.68152318842289661  0.69024934803114846  0.70467383888008317  0.71946059002489815
  0.74017194114937945  0.76872689152915008  0.79202238645444989  0.81211080022476689
  0.83463399063358146  0.85823756542426477  0.88852451521753273  0.92412991619435914
  0.95465029652957134  0.97378053927823038  0.98873838097422839  1.00000000000000000
  0.98779917298403730  0.98883765218280706  0.98911873116445925  0.98926095106273360
  0.98934336186538985  0.98939226035598060  0.98942491157322676  0.98947786752373768
  0.98954675010701965  0.98961197046226224  0.98967964267747965  0.98972788245678123
  0.98977782620629229  0.98982829471081124  0.98987830429822876  0.98991911830727153
  0.98993813870861691  0.98995853722723670  0.98997286795365425  0.98998744888988488
  0.99000536671132777  0.99002918823701669  0.99005237256962808  0.99008158426389847
  0.99010887980138218  0.99013393968360264  0.99015549312255080  0.99017897063426308
  0.99020628065711169  0.99023708426606183  0.99026902732838573  0.99030195621723160
  0.99033746157990876  0.99037432525281510  0.99040677712724490  0.99043559638221879
  0.99046169661545691  0.99048263100395140  0.99050115471753675  0.99051849354134480
  0.99053622713014233  0.99054792422641524  0.99055375328153283  0.99056054010551053
  0.99056714905800325  0.99057426416852545  0.99058133536189286  0.99058848025163837
  0.99059600559034922  0.99060505350497541  0.99062888073131783  0.99064421408021652
  0.99065754549319984  0.99067086604755772  0.99068689343138061  0.99070902964166374
  0.99073268065193021  0.99075436059415878  0.99077382779432566  0.99078742697676547
  0.99080109159864438  0.99081427614805195  0.99082771398451941  0.99084196163570459
  0.99085343638967283  0.99085903752490656  0.99086480528300513  0.99087076920203832
  0.99087755421164403  0.99088382790469265  0.99089023234459261  0.99089749180461217
  0.99090544274076786  0.99091360219713398  0.99092364281855305  0.99093637936067847
  0.99094915459983757  0.99096033174896403  0.99097151733211664  0.99098446349493385
  0.99099662129620214  0.99100982546016769  0.99102535750462228  0.99103965762022772
  0.99105288324002361  0.99106288181979207  0.99107357586695222  0.99108443245926403
  0.99109385457606691  0.99109942975831744  0.99110307616810611  0.99110839481556967
  0.99111481259222922  0.99112027806610747  0.99112183313802371  1.00000000000000000
 -0.00807066270840562  0.05708647268948835  0.08097659562512580  0.09462508017837659
  0.10424658298964355  0.11360773727153035  0.12427394295296076  0.13436226779624197
  0.14274415838333079  0.15638251314645993  0.16788051226589279  0.17619474981132074
  0.18120568346972823  0.18404948993382700  0.18651923805008913  0.18884963742035196
  0.19118502688439615  0.19405752052677316  0.19778307059289291  0.20212150353238217
  0.20636321667534949  0.21052102736692643  0.21464447818942567  0.21880864815766921
  0.22281299048315692  0.22681351447073816  0.23121982842527522  0.23485201552956131
  0.23996132459356562  0.24857967786402041  0.25922621740086271  0.26938707473492485
  0.27830260543070912  0.28694281067955058  0.29530052566183834  0.30353657672430101
  0.31174037744499822  0.31999479407889536  0.33211157776769074  0.34475452204738211
  0.35773964818497178  0.37157965536389609  0.38529843903629557  0.39864906956477048
  0.41026007728404063  0.42229725113808914  0.43508207728874521  0.44815360358875173
  0.45958443521895836  0.46948507531119771  0.47950203756831822  0.49024983767498015
  0.50243955319147438  0.51379895223536687  0.52532413579919401  0.53696572876060300
  0.54827732945780472  0.56146750541689705  0.57372702471891301  0.57971558539859680
  0.58504729279680356  0.58621683422996507  0.58764339977569469  0.58917025126228573
  0.59087165232509686  0.59405287499267823  0.59825542165102341  0.60164941954587781
  0.60488858086211084  0.60799037391486321  0.61032289459515199  0.61325211378596345
  0.61697410500171634  0.62102097016518165  0.62501938199855145  0.63043598424296454
  0.63465476042036029  0.63892552000595781  0.64353116841012981  0.64998796735726816
  0.66210622611727776  0.67988298934622593  0.69907534402438154  0.71640086623235344
  0.72912652378786658  0.73667847523717345  0.74615179313467705  0.75779391608692070
  0.76848094308347947  0.78018536652477322  0.78593087208901324  0.79672856566122419
  0.82346619676901311  0.85147767457784873  0.87196292704827427  1.00000000000000000
   1.6222580671668093E-013  -1.0000000000000000     
 T F F F F F F F T F F F F F F F F F F F F F F F F F F F F F F F F F F F F F F F F F F F F F F F T F F F F F F F T F F F F F F F
