  0.00006713472779639  0.00016892014769216  0.00023725924323826  0.00034543847694119
  0.00048041939692456  0.00062414024915453  0.00077781944590415  0.00097694788618032
  0.00120486268360289  0.00151223688905005  0.00191312332037340  0.00227679436113026
  0.00282701145103068  0.00356079800710030  0.00431841305009076  0.00499297959925496
  0.00549083618988101  0.00607444098077157  0.00677697050370406  0.00777139186668783
  0.00816094120754528  0.00855049054840274  0.00902254909255603  0.00950371422058485
  0.00989955893977712  0.01020573071519278  0.01052184820930067  0.01096807280658713
  0.01156512144420285  0.01214635040782206  0.01282082414657061  0.01360570319518466
  0.01461524794991048  0.01603054633549086  0.01764414348954883  0.01932707317815088
  0.02088861917236019  0.02251615797262390  0.02425265744099821  0.02590139925485048
  0.02730707535742614  0.02869203152689120  0.03026326264197744  0.03192827205865457
  0.03400030630260332  0.03612414378564890  0.03868128864336663  0.04129756982576922
  0.04341649861741240  0.04545756454338649  0.04809484607147643  0.05125340260284576
  0.05428668861109607  0.05723990571057368  0.06014433913783385  0.06297675329038574
  0.06596001257407512  0.06908960319642105  0.07222304503824749  0.07626371757749589
  0.08163435101806743  0.08888407101310555  0.09599084919859668  0.10264084159724278
  0.10982296892040432  0.11766528421082104  0.12528992933495159  0.13170015784282357
  0.13875614742204928  0.14677691109532312  0.15881182241565278  0.17596040327205098
  0.19640000412164180  0.21937264949504640  0.23838734517844329  0.25831268757275228
  0.27857740711658180  0.29951731098070183  0.32571600462582068  0.35041418446637090
  0.37446282027625610  0.39338953036589558  0.41358586816046716  0.43618839824830119
  0.47034079770984172  0.51087431765158009  0.55290226556619693  0.59045327274504245
  0.63207276716422189  0.67628028770720261  0.71689007194054566  0.74922292577672800
  0.78431132531968895  0.81940480201181209  0.87185710487412105  1.00000000000000000
  0.00007284638323806  0.00043181492358717  0.00046950282386844  0.00049375569261804
  0.00055484176737563  0.00064492137820460  0.00070718697743905  0.00076089927427934
  0.00086229972285852  0.00098078078093775  0.00109848210488629  0.00121301941735106
  0.00129074753446148  0.00137892925284172  0.00148538983597480  0.00159457193707480
  0.00181884932167270  0.00212675298492522  0.00261674027381182  0.00296643407741232
  0.00327117301339930  0.00358813207549566  0.00395593668606086  0.00429398983370665
  0.00485760172908656  0.00547130735100650  0.00638450520152731  0.00716180876993865
  0.00805907078215741  0.00926140556617348  0.01026642747795088  0.01088052834590819
  0.01149462921386550  0.01210811244568699  0.01272132527964254  0.01333453811359809
  0.01403397446653958  0.01475047861499462  0.01546698276344966  0.01754833424617610
  0.02001853292895091  0.02283356863193505  0.02628919000482984  0.02931110440537673
  0.03337498054765702  0.03908656934442505  0.04539948849413254  0.05510311668706187
  0.06931119631211836  0.08629537022937134  0.10118325971029374  0.11231959112835418
  0.12073770812120199  0.12844376185810005  0.13646549774906536  0.14448067741553558
  0.15225301342142630  0.15987227094915948  0.16738069833877958  0.17517517383119510
  0.18437460704538208  0.19073645943552045  0.20057945571620719  0.21152266043420170
  0.22282749442019786  0.23800057349179504  0.25422667857903009  0.26954232459031674
  0.28264904079071057  0.29490435779089247  0.30729236945117311  0.31937095626010698
  0.33280365952829188  0.34712748363796231  0.36177324608841066  0.37478955089192317
  0.39245487637992310  0.41183847343714386  0.42942207921566772  0.44439313504259059
  0.46009974327019854  0.48005930572690908  0.51048018511108517  0.54682729989873702
  0.58237594956575267  0.61557395215833588  0.65050172518743055  0.68719176462025211
  0.72648235350560197  0.76463501781474241  0.80491705244247991  0.84783921608621116
  0.88250061691024650  0.91875903538996395  0.95691614513783041  1.00000000000000000
 -0.00819922781391034  0.06542390747259497  0.14843736601615190  0.20036126389398967
  0.23816047696762649  0.26364685631222706  0.30051105529716804  0.34144301473424649
  0.39004972262306919  0.42623095447453385  0.45872796296127444  0.49398937150483813
  0.52328860488249884  0.55263656646154635  0.57720663800873628  0.59992429556698368
  0.62043739984145374  0.64046410108164475  0.65980489233815176  0.67636583866692557
  0.69452439865354165  0.71222305912871375  0.72643390441321343  0.73970286773916094
  0.75030193151177660  0.76008175703343628  0.77007648940966600  0.78139209617616301
  0.79209015536021465  0.80497691038009644  0.81102965500601643  0.81391340361989772
  0.81679715223377891  0.81967352449697184  0.82252047997394295  0.82536743545091407
  0.82821439092788518  0.83051165430787932  0.83258986977412064  0.83466808524036207
  0.83809849314532592  0.84613257452949953  0.85372646375901295  0.85963447678568505
  0.86557484913429905  0.87178276771571450  0.87870538969239464  0.88609710624543314
  0.89188660765626571  0.89703059471052404  0.90213054384018332  0.90763962008508003
  0.91260068037603015  0.91703782296695058  0.92123692700524773  0.92542209708777823
  0.92986470126228837  0.93437436169990085  0.93839869663394992  0.94128731893090423
  0.94375974556217090  0.94627384691649041  0.94886068051032224  0.95122388086009868
  0.95336539422278266  0.95536926993853610  0.95726866239545161  0.95927460155463218
  0.96142074508256603  0.96359329710746844  0.96551285900734840  0.96730876022130996
  0.96908563987435770  0.97095487517160350  0.97278025588411299  0.97459082795000385
  0.97634636918583273  0.97816151934813544  0.97990249662308648  0.98151468991478752
  0.98308518745092666  0.98463605952654043  0.98621396152506957  0.98790183118579111
  0.98956800717443183  0.99115095131889885  0.99255573116819462  0.99390709622074458
  0.99525682284964101  0.99627130756923765  0.99719167123856356  0.99794887797235987
  0.99855075767183676  0.99905363889249754  0.99953462537755122  1.00000000000000000
 -0.00358993016245723  0.01803820645610836  0.03091132817807000  0.03824957620930752
  0.04570120772589175  0.05295610986511178  0.06060435407593243  0.07089633903757452
  0.08041281192207581  0.08962333147787552  0.10032340512820742  0.11158793989813108
  0.12392245789333732  0.12994208043193217  0.13584047204291633  0.14158797909422624
  0.14778826809586551  0.15618793500487874  0.16491006062681826  0.17373279609862816
  0.18259838534817444  0.19327019909419141  0.20766329597228897  0.22566394647839338
  0.24265265247254666  0.25654632030068725  0.26873625479014684  0.28161804607960284
  0.29585179417270002  0.31066886414410344  0.32396402124019702  0.33339372692269831
  0.34212337872297455  0.35138427312850096  0.36029356783365180  0.37139073630507385
  0.38002091289477213  0.38742923234145976  0.39576059327454016  0.40413737205532330
  0.41135222790894171  0.42014986413357364  0.43454988724273824  0.44821237107480760
  0.45957751600170954  0.46735020740274252  0.47429006165180426  0.48150832165818042
  0.48899326316928726  0.49556631240379384  0.50510699343105980  0.51791167064330723
  0.53283245724848416  0.55022043783223362  0.56760249309762034  0.58367109266674555
  0.60014111985547280  0.61607025263970283  0.62811146331551493  0.63793230728415673
  0.64756182030358123  0.65625390468133504  0.66550555187654703  0.67656545953752556
  0.68712349864367739  0.69802766071129085  0.71042086766887369  0.72312336981912528
  0.73377084526520131  0.74202167315003631  0.75089435884846878  0.75958821012633504
  0.76928074122614287  0.77888094173658251  0.78829988140488105  0.79896652643780364
  0.81081775880050189  0.82128360736465833  0.83076846003703675  0.84066833908259964
  0.85033213124900076  0.85949490293305741  0.86875006235814645  0.87748509706961175
  0.88880400995217379  0.90073642757116956  0.91160803208919294  0.92091986152724314
  0.92951318794774251  0.93723141351495531  0.94564805868431689  0.95492981184134562
  0.96528502809527938  0.97728197673537787  0.98932340795886253  1.00000000000000000
 -0.00250856335857307  0.00449495970580496  0.01168746431634544  0.01934635340772302
  0.02808560485741675  0.04003839041851882  0.05460041328203186  0.06692003924156707
  0.07642003083241852  0.08261740305695510  0.08829114458564026  0.09655424543525781
  0.10617284636703850  0.11572735265170092  0.12516226716938833  0.13516183219009503
  0.14795883388670464  0.16128157403745580  0.17520576321296175  0.19047670703607714
  0.20991170551453475  0.22886574541880653  0.24353989109759883  0.25719907755030419
  0.26997150449150176  0.27912812663466186  0.28798064215659069  0.29674851438747019
  0.30826352143090430  0.32251669015982054  0.33936048785720146  0.35599304934921194
  0.37378503004954350  0.39019173074518904  0.40935061366192033  0.42762310656410185
  0.44367420705146776  0.45771758049014116  0.46838911994889093  0.47448610473017333
  0.48213088203253635  0.48835606976548029  0.49428577415594538  0.50063680870059446
  0.50949747427657888  0.52968782178677187  0.54910613317360801  0.56914634547800558
  0.58517409205740201  0.59600588806417831  0.60633405323852030  0.61797323341407673
  0.63046932413594037  0.64149510792606768  0.65171528833592907  0.66397692103086769
  0.67694735850453147  0.69063244785107736  0.70151227668598670  0.71133025503167213
  0.72114623393381416  0.73130067305603841  0.74479250417343523  0.75802596851616788
  0.77131570198393262  0.78481274060405892  0.79718810380735494  0.80643008563815100
  0.81432617656573036  0.82275073225777196  0.83211752284599638  0.84214675000737349
  0.85041283078421259  0.85753659382090341  0.86499525056915094  0.87329949121437722
  0.88059309022087462  0.88756802865532169  0.89392562552059107  0.89929334306869368
  0.90471695933739615  0.91070964921205133  0.91680151317806458  0.92203847119006921
  0.92710287399839220  0.93238891921186684  0.93878392157178236  0.94732691576343186
  0.95565752418928096  0.96352249687995439  0.97046327913732655  0.97646175014979852
  0.98221524464860843  0.98805825782724988  0.99389533418494347  1.00000000000000000
 -0.00337836514387642  0.01262068997141342  0.02308107443562063  0.03247169235247204
  0.04150510188072169  0.05003794729446991  0.05917785649728929  0.06842549061728415
  0.07749892695444101  0.08730423535706532  0.09910393176076907  0.10741042400450812
  0.11727311223517821  0.12829842658997648  0.14065849756773238  0.15623249896973734
  0.16933184970670118  0.17978980335811034  0.19126555646592622  0.20191110706849213
  0.20887210785474208  0.21471269149839783  0.22093489771513519  0.22920913738436685
  0.24033349013657962  0.25133273762789959  0.26283600267604496  0.27590479507264742
  0.29237836009361279  0.30613376859754771  0.31980617583571891  0.33320852474504720
  0.34823711968099053  0.36286077793265337  0.37929699780123155  0.39111415446862491
  0.40164916680923818  0.41242670184363284  0.42281296624932951  0.43497657679177160
  0.44698151368075573  0.45845558172421697  0.46536706460664079  0.47379596635189009
  0.48215230434064316  0.49032656603855818  0.50133208057795575  0.50806068566381868
  0.51651501955890955  0.52504272789075890  0.53393297703123310  0.54206605880002823
  0.54853878148917368  0.55521621108694263  0.56418557608227471  0.57800318962767261
  0.59185677324650243  0.60483295025785189  0.62111457255315194  0.63792193118900709
  0.65351378347295253  0.66650122045212479  0.67586881821228573  0.68535886691983972
  0.69590712473887084  0.70661797271990956  0.71601248561712194  0.72607607733244328
  0.73744399843672126  0.74984461704483241  0.76012265885642061  0.77120018713152971
  0.78160483639266431  0.79104643135488784  0.79790025352554483  0.80468093616527392
  0.81117233291452051  0.81771572058051401  0.82435792930823648  0.83473066755160685
  0.84907843032563579  0.86305117121654062  0.87577428891797682  0.88615380351878381
  0.89321804583359754  0.89876723451764140  0.90454933595778431  0.91082835693611164
  0.91806505560532070  0.92510040532905102  0.93281339890496684  0.94512392757956665
  0.95808587345246310  0.97149012804976598  0.98545080363072901  1.00000000000000000
 -0.00125525072692006  0.00245771394538051  0.00644284653753680  0.01061324962847856
  0.01446707361773025  0.01840521278861517  0.02244496828225878  0.02664524606951838
  0.03114703737190658  0.03531025873649743  0.03917714447609118  0.04291265351278242
  0.04659996606959323  0.05038911678968451  0.05515867113925137  0.06005247671893467
  0.06542585581657748  0.07115656642989643  0.07738685031241374  0.08438967455057192
  0.09227885018893973  0.10030080070044228  0.10746121599055922  0.11442114780044994
  0.12101589493001359  0.12792700845816715  0.13543850300224625  0.14364495422435961
  0.15290839659432995  0.16421805797105316  0.17607064298519465  0.18659959648385843
  0.19543325953467991  0.20395431963488081  0.21209365235820307  0.22031553417967722
  0.22986990063911317  0.24013918298418224  0.25062766082594390  0.26011389743202973
  0.27177178787334838  0.28404518820703767  0.29299647809848983  0.29763575744987930
  0.30227360242332801  0.30696489196445198  0.31251943970986029  0.31808170659156232
  0.32883999872705955  0.34135616819652470  0.35388007122819659  0.36766037641261756
  0.37850331710290958  0.38784028356055034  0.39728479304843811  0.40673692052640137
  0.42268103425462955  0.43823979144837966  0.45152313073657208  0.46595399274782423
  0.48174334472177205  0.49178326611207351  0.49888129109763402  0.50512430699151778
  0.51196598340063126  0.52347964367433319  0.53473401721536051  0.54630897579136695
  0.55860346578830189  0.57239296913842730  0.59328611861580161  0.61793204839924276
  0.64186532343914238  0.66357854314230846  0.67871461771612429  0.69198149703352085
  0.71051496537442915  0.73862149832792068  0.76118723798275956  0.77641795158210414
  0.79094755052886212  0.81029159860495925  0.82864958255874921  0.84897165644259742
  0.86611792189486092  0.88566589860420664  0.90343134043761320  0.91719492531281266
  0.92827057512185152  0.93800046969127404  0.94809527085704937  0.96098163831557748
  0.97313594136036896  0.98247784263966398  0.99138669966990167  1.00000000000000000
 -0.00268613610565909  0.01486073311197587  0.02744188952578789  0.03953827769213560
  0.05125293958493337  0.06447147931406960  0.07760517154083513  0.09059783068936002
  0.10148574798763610  0.11009857605784487  0.11834316567379011  0.12798111692272532
  0.13937768919022833  0.14888495523659792  0.15793194177569617  0.16894040793914950
  0.18670696011841176  0.20142431824289744  0.21314947868832632  0.22522818567662289
  0.23916468477828445  0.25309704685196682  0.26540589362752770  0.27660921274654254
  0.28626064378567528  0.29758580614613772  0.31064679784805765  0.32171084389412719
  0.32862645616073738  0.33575420269350886  0.34277666865690026  0.35394950385487473
  0.37131826144085156  0.38796280818407924  0.40431385655864172  0.41984863450085419
  0.43368134702359384  0.44734662390947877  0.45961994351711277  0.46856735923021992
  0.47687635993238514  0.48566339799343522  0.49474878807022737  0.50597870505422593
  0.51821212461151245  0.52934511140409402  0.54075228180498491  0.54916155282409551
  0.55831977151138479  0.56838533776653266  0.57979369489643717  0.59433439778011699
  0.60897610879464348  0.62338236269619418  0.63769266975833006  0.65099464839732768
  0.66258485916297960  0.67278149048834557  0.68387475717729918  0.69768775827063201
  0.71152314731666610  0.72070628854976637  0.72902441376576543  0.73812476235126401
  0.74731868446316463  0.75549240588716393  0.76317514754525828  0.77094052583451167
  0.78224697910814911  0.79466500727847944  0.80658143458188436  0.81642980283816813
  0.82654566370317917  0.83521782361069108  0.84525903037341155  0.85635937079608082
  0.86561705881055051  0.87496758229782934  0.88493683203287832  0.89280888443457551
  0.90335706085284395  0.90928502304810244  0.91173792563961242  0.91419598676579994
  0.91665880575240966  0.91912500810639541  0.92159389299798111  0.92673620372689003
  0.93464841375538710  0.94300057032703233  0.94870881055220668  0.95432425139109556
  0.96254551624650386  0.97193013785507054  0.98527161660115137  1.00000000000000000
   9.5541706705754269E-012  -1.0000000000000000     
 T T T F F F T T T F F F T T T F F F T T T F F F T T T F F F T T F F F F T T T F F F T T T F F F T T F F F F F T F F F F F T F F F F F F F F F F T T T F F F T T T F F F T T T F F F T T T F F F T T T F F F T T T F F F T T T F F F T T T F F F T T T F F F T T T F F F T T T F F F T T T F F F
