  0.03177903922588894  0.03305651322999642  0.03396733136650876  0.03456763847861092
  0.03514867324516636  0.03580262024474873  0.03634100555191254  0.03643029611855369
  0.03656557846847824  0.03673128131965085  0.03684323515817525  0.03692222681344295
  0.03700674645789089  0.03710637544967626  0.03722363197530572  0.03739529670786255
  0.03759351581494318  0.03778603042438260  0.03794337261091343  0.03810741100173191
  0.03827033761148565  0.03846832007689833  0.03870137723038345  0.03893802072882581
  0.03920015905951164  0.03949006127872199  0.03981226827445489  0.04019825085535789
  0.04049888564001740  0.04070137896404352  0.04085080315120888  0.04102173020314989
  0.04121136673221920  0.04147722553126481  0.04196727096535809  0.04252923876485893
  0.04304280370266606  0.04351329772051631  0.04397128656920037  0.04447456282080970
  0.04490195798675980  0.04518839135030896  0.04545784792935775  0.04568845728686441
  0.04588897155500557  0.04614349281944673  0.04636092510222991  0.04653108181636276
  0.04667669917888918  0.04680833987630223  0.04691858863308533  0.04715402153973083
  0.04748562080901473  0.04794768066444779  0.04837083954909410  0.04883806840463250
  0.04931607747858657  0.04977827787501699  0.05027343135676174  0.05077387998260832
  0.05135607731002737  0.05224319913599314  0.05310933471047165  0.05380486454891128
  0.05425362026240713  0.05465902138279834  0.05517763483257207  0.05575093571365140
  0.05662723864619808  0.05735691605137394  0.05786852008474110  0.05834669531131773
  0.05888482607225225  0.05953636017040399  0.06038020711959813  0.06141995042620036
  0.06232111904758637  0.06316051913380649  0.06388272521707365  0.06470409598384851
  0.06577266583420566  0.06692191690690899  0.06765454105639918  0.06813912131638904
  0.06876064942471599  0.06954727185332005  0.06988881892354937  0.06993874255902705
  0.08144395014098652  0.09532733865529254  0.11102720716207998  0.12683736779808899
  0.15470815984649280  0.18558157778992118  0.22278307985222914  1.00000000000000000
  0.00495077710046735  0.00495740498568291  0.00496291095833681  0.00496804090010059
  0.00497251951736447  0.00497628533443910  0.00497991082848467  0.00498331820712441
  0.00498882633830219  0.00499538315390904  0.00500140752051268  0.00500755129559143
  0.00501401004561828  0.00502141728262912  0.00502912767702307  0.00503717350233662
  0.00504385843284556  0.00504936157382881  0.00505373955027642  0.00505780679106116
  0.00506279608538261  0.00506806963797895  0.00507304812257233  0.00507801332694574
  0.00508362576260073  0.00508938288374263  0.00509548972283856  0.00510047276810332
  0.00510518001692817  0.00511042782484094  0.00511715584178832  0.00512570511038989
  0.00513469149718698  0.00514322352302066  0.00515334682907977  0.00516347831636776
  0.00517187503472659  0.00517962596412500  0.00518773235875011  0.00519570691835178
  0.00520318498720169  0.00521326313956512  0.00522338362183030  0.00523423547045387
  0.00524811127967130  0.00526897244663485  0.00529932976131548  0.00532288307351312
  0.00534470958968837  0.00536652957401146  0.00538925511373846  0.00541427310754827
  0.00544258987683385  0.00547413665204528  0.00550523047755263  0.00553486231113289
  0.00556467453934772  0.00559388142280934  0.00562175339731038  0.00564783468106733
  0.00566893433719961  0.00569177626969368  0.00570955551003525  0.00572875396216683
  0.00575079723075847  0.00577144976693752  0.00579684587147869  0.00582057958865213
  0.00584524563233386  0.00586933933561956  0.00589109735352195  0.00591299426001712
  0.00593510070164521  0.00595920124459616  0.00598393499672131  0.00601001085415890
  0.00603585668274410  0.00607589052359872  0.00611005593642121  0.00614279027231251
  0.00617802590818590  0.00622692960724554  0.00630198786808894  0.00637272316999096
  0.00642552561372706  0.00648476963707971  0.00656735129748831  0.00666087091211551
  0.00674931249712748  0.00685184698458142  0.00695463675698379  0.00702910684899529
  0.00710345005588345  0.00717273392410435  0.00781904065266732  1.00000000000000000
 -0.00471053880217399  0.00757518983826781  0.02924342006831945  0.06276168958440267
  0.11537164838698663  0.13831388474732748  0.14247186805310774  0.15072423161373383
  0.15502685989084095  0.15763437263722910  0.16018201841984817  0.16179831935351741
  0.16766105474562262  0.17871562977435085  0.18435998141743512  0.18866720948406740
  0.19256531493636009  0.19684069433576165  0.20169181218361690  0.20948815423802969
  0.22167599127848958  0.23495888561376185  0.24820644426607727  0.26185910029306469
  0.27525015844666756  0.28918231535750577  0.30340893193909640  0.31817115211627800
  0.33351251099292251  0.34568068733966073  0.35689069194880019  0.36635381766906222
  0.37723908338521600  0.38869100140881657  0.39759857025821421  0.40579008340825484
  0.41308735171364414  0.41816407485765106  0.42189629522939209  0.42486062831517835
  0.42696181495519392  0.42913450505365563  0.43152997960934081  0.43467099744136922
  0.43859996523459166  0.44147303170955859  0.44372597554888338  0.44518726403198211
  0.44770214331394054  0.45179545245279590  0.45728557072931370  0.46195989437697038
  0.46536571778805236  0.46895061500112845  0.47239380780011320  0.47542025365813684
  0.47873910142114612  0.49038235535397912  0.50742785836246118  0.52314014092999261
  0.53867484115563624  0.55441339219580899  0.56963819189569442  0.58352928289340089
  0.58705343072230642  0.59181828965031058  0.59586509291388434  0.59871846380060467
  0.60146714220569342  0.60480770957404828  0.60913492047527784  0.61335302052284901
  0.61822611806244898  0.62475370340832925  0.63145762681436901  0.63746042718337204
  0.64316461086039556  0.64944725830605732  0.66025380660246491  0.67351172164247786
  0.68866158648156384  0.71048837806895748  0.73557098524439735  0.76330668089949349
  0.79520020258489321  0.82509523003956109  0.84909894313258538  0.86369383651491194
  0.87369763006694057  0.88162691399506254  0.88671708466154942  0.89582022808032724
  0.92032376809756744  0.94713140547463825  0.97363361495686540  1.00000000000000000
  0.00383464434768431  0.01264599136503676  0.01743172435994575  0.02129220710686308
  0.02946212911111980  0.03570352248890162  0.04086204522212802  0.04958159354342896
  0.06879230268620014  0.08706821278693833  0.10283914120734521  0.11432562876122636
  0.12229710282436609  0.12749905567042752  0.13281435214297263  0.14143591334990679
  0.15222269506196587  0.15950382997752624  0.16870461096537542  0.17867952355439973
  0.18574099714804779  0.19185672833675516  0.20301113384062527  0.21463188777590275
  0.22400792202972988  0.23222273189091833  0.24015741925586484  0.24820022272110071
  0.25683787335188246  0.27284128939520613  0.28827305892337640  0.30205651158196417
  0.31675358349421123  0.32665659603524838  0.33671860504513068  0.34661437847037835
  0.35644838603335066  0.36563952360817875  0.37517651220417153  0.38720896205077238
  0.39981514270670959  0.41127540022007586  0.42215432824492083  0.43300326649018167
  0.44211893158681681  0.45145147577160810  0.46202343530251866  0.47441764524097951
  0.48917518728017756  0.50654662926672167  0.51758378774292790  0.52515574181722324
  0.53431549830588321  0.55015361421127773  0.57339015614816446  0.59874979835192510
  0.61829654049973826  0.63016489800071107  0.63904915132894136  0.65156556544009125
  0.66445911917739697  0.67631877423070064  0.68432341256829821  0.69750090952444677
  0.70617043486136599  0.71092646767611023  0.71441286547098615  0.71925652040994803
  0.72399682559256406  0.72700940905766309  0.73094717906464157  0.73598536237939671
  0.74366890762631810  0.75103506502104400  0.75897143803336076  0.76209723376387550
  0.76609051274023277  0.77061859827564438  0.77974643596869952  0.78733441440230589
  0.79270397493443667  0.79684352355679777  0.80052078832398177  0.80768578756523490
  0.82194931658825254  0.82966059602850495  0.84436274908860676  0.86632971801353920
  0.89203950771243923  0.91613780799505229  0.93912007043179935  0.96101968121069448
  0.97767264047951408  0.99032563524032446  0.99700498567203566  1.00000000000000000
 -0.00172986344939138  0.00929490247836310  0.02135896104608695  0.03086249299299344
  0.04127272332972994  0.06345373581684144  0.08366299631890227  0.10483466546277725
  0.12323950103613447  0.14553129678214285  0.17039651052485139  0.19370762817362155
  0.22015433506656890  0.24618286994197819  0.26711820581787932  0.28614464508838755
  0.30365672095477064  0.32043984765625777  0.33658840257598704  0.35229775615844278
  0.36589128301970281  0.37583410089128094  0.38214400574967389  0.38819939297897232
  0.39636025200362418  0.40527678651055515  0.41239346593029186  0.41793470494603713
  0.42205291453506655  0.42761864724786997  0.43438742846820749  0.43953674699358414
  0.45057153828204649  0.46792294808443136  0.48604595834031455  0.50327773480071347
  0.51775794481176685  0.53122991968609534  0.54191104251758282  0.55067348534641924
  0.55964950134340474  0.56836166755875517  0.57745490352062456  0.58611220778410822
  0.59584797451294025  0.60667899880635456  0.61562315201366502  0.62355684440823622
  0.62933946512452799  0.63423702333412557  0.63996484267469911  0.64475734979145571
  0.64835533563518399  0.65246927823368861  0.65678310638515425  0.66122063118488028
  0.66689172853534873  0.67388249594968797  0.68053139051923284  0.68652629477297678
  0.69455303469724150  0.70441949434331264  0.71482231156587162  0.72198481102820555
  0.73289566606807144  0.74779735836824379  0.76186789008588596  0.77457786499061843
  0.78622135361746570  0.79652272950914760  0.80706935004904956  0.81623378188200624
  0.82466469578825430  0.83253312874889374  0.83921982527883288  0.84495535360988572
  0.84861249724343391  0.85062348314030123  0.85649694203423909  0.86425671076848032
  0.87199412785991137  0.87904721274078379  0.88569877267086539  0.89318716888001981
  0.90350742448551680  0.91335571989845221  0.92225649057327774  0.93141691396747939
  0.94084427930618242  0.95065823016604190  0.96034938321451857  0.96863652376451070
  0.97691941622429390  0.98573947301032805  0.99622394485880472  1.00000000000000000
 -0.00222319369244967  0.00564684590522551  0.01597454424721814  0.02812513971348617
  0.04026654237541004  0.05282555878326810  0.05911814909914306  0.06815781835774763
  0.07414145861722829  0.08132773454627890  0.09739243393402701  0.11373415597854800
  0.12898102886032536  0.14416158949259877  0.15928274027776287  0.17747019134474668
  0.19560700281175952  0.21048006855087481  0.21856784734987933  0.22586649173685305
  0.23336956717012311  0.24003494232643746  0.24778819175965699  0.25882750695777235
  0.26702988128952349  0.27465785182697894  0.28541098448309754  0.29588478418497532
  0.30748632365996609  0.31998003163276106  0.33350015143331091  0.34489076853241074
  0.35206364546067936  0.35624071446003713  0.36041858579152036  0.36569878938900302
  0.37367905850138111  0.38119933245109500  0.38710483248638028  0.39294406138078081
  0.39926850540211545  0.40644936641241486  0.41551975616613274  0.43141246345762907
  0.44848824664266856  0.46522742086826130  0.47938625462302936  0.48478728022927597
  0.49259966210273409  0.49997862935889026  0.50541990940276482  0.51225346803851501
  0.51791956118428584  0.52361263299138183  0.52896622754927713  0.53241565245577793
  0.53690479911718603  0.54103746451711354  0.54633118350725884  0.55834734596744384
  0.57119239731221016  0.59030557861040556  0.60515065058071271  0.62126058425847641
  0.63708442622004136  0.65318721196177176  0.67002871534734121  0.68610338044000929
  0.70023723614266875  0.71655811509026102  0.73535169485408514  0.75327356587937733
  0.76752259226976849  0.78053830287176418  0.79322794620512205  0.80603682154728751
  0.82191443097455474  0.83801155122477677  0.85401976104817123  0.86829462266428403
  0.88202279541036277  0.89434041921549412  0.90181176730385448  0.90800873066381627
  0.91293525475658244  0.91840282177202093  0.92100951840949208  0.92518982725104915
  0.93061778054979527  0.93441155470648152  0.93824108798338579  0.94107834471693663
  0.95298127601341609  0.97309715199148394  0.99271796765220810  1.00000000000000000
  0.00489834691832044  0.01434123188473601  0.02233686131588317  0.03064298866042383
  0.04270353425148354  0.05825915623190104  0.07268203098754920  0.08550332437711360
  0.09712171634204460  0.10874497268692977  0.12295190838331355  0.13659573961146182
  0.14177080603117884  0.14389810498570216  0.14889085077984823  0.15742876632024899
  0.16731595218656192  0.17493638623426122  0.18034112642426903  0.18593222612856547
  0.19131162279103842  0.19593915111545371  0.19947413719257959  0.20280998691943450
  0.20642910150953064  0.21199922342901609  0.21800943381455679  0.22369522733123776
  0.23006759840376606  0.23591101869914452  0.24001857358599307  0.24708194585853377
  0.25281692878770234  0.25823376508103579  0.26330535015348833  0.26955084570958687
  0.27531299301660306  0.27974030934846644  0.28348598353941151  0.28848234659206740
  0.29608946803348857  0.30918349701185022  0.32605474083604041  0.34107743471181873
  0.35673449366320931  0.37305919193342879  0.39012759160036614  0.40814566182160594
  0.42597917518738737  0.44376363737412783  0.46134666126986446  0.47704957210286064
  0.49506046098931655  0.50654223327553116  0.51538522026743283  0.52171432586194255
  0.52641758499388347  0.53226962010857048  0.53815342298347657  0.54185027573068456
  0.54419597941565923  0.54699652935529974  0.54999669619587810  0.55293795282565938
  0.55788064056650288  0.56699643383233878  0.57565262462595457  0.58217925043468666
  0.58804657572792285  0.59366986692362411  0.59827346562240569  0.61216440281232110
  0.63082316529802795  0.65009346017674507  0.67029405435728850  0.68610316255142290
  0.70158120585546146  0.71696559370031743  0.73065004989948901  0.74416974959927595
  0.76032819135471053  0.77718770876772469  0.79477566597689531  0.81371943521922319
  0.83109808570413080  0.84525868568898654  0.85500995554289205  0.86125205508183167
  0.86679553149271282  0.87418785166002888  0.88400270027692318  0.89278689454292892
  0.90261441665212616  0.92200216790080369  0.95741327707887902  1.00000000000000000
 -0.00620012442366311  0.01807918227637811  0.03969654946575545  0.05956169046707884
  0.06751757886617540  0.07690687669909321  0.08707463067227704  0.09541162298188102
  0.10054337437795718  0.10287971276476193  0.10610616373889732  0.10995576498190385
  0.11514698222752835  0.12179473031393520  0.12831124790522019  0.13431812179110522
  0.14136794145914205  0.14783427579882694  0.15294771600932502  0.15718129868314612
  0.16117212355559624  0.16486968523568893  0.18165289951935593  0.20445391655308584
  0.23451201714866743  0.26755676077154922  0.30024791192439026  0.32521750085120171
  0.34890554444339128  0.37146557436711786  0.38797831761331653  0.40537146867307444
  0.42303701692729712  0.43770321001048457  0.45154754930990715  0.46380325764573760
  0.48008246190439191  0.48825331120725918  0.49418078267610960  0.49921533284613417
  0.50462070906951451  0.51134692881391119  0.52066078581974584  0.53198523702188216
  0.54441364497172096  0.56083424299713780  0.57861160317218019  0.58957756649589832
  0.59575911554702032  0.60227580580898232  0.60737680539743855  0.61346039357602755
  0.61961304294242792  0.62579415243864112  0.63093065140499949  0.63589311373471769
  0.64056059909508123  0.64859809911925659  0.65996836565226036  0.67051395229650346
  0.67639805310881318  0.68245828236844197  0.68757523576808999  0.69302349907336014
  0.69978884885780113  0.70791813193920905  0.71624352452233042  0.72206767660907190
  0.72539959929679820  0.73033588907620617  0.73904380666122749  0.75108283773076789
  0.76436494940155619  0.77616905862626939  0.78125052524803340  0.78743966983464397
  0.79250425400256030  0.79708069672287096  0.80145473677679480  0.80480564214421091
  0.80736364094134705  0.81006764668455178  0.81172592535817834  0.81598327885728161
  0.84165303485656262  0.85977477619484843  0.87512808894017968  0.88986452884627876
  0.90487785913777607  0.92047505272563757  0.93476448963589276  0.94759878353247717
  0.96135597162750364  0.98009320889042262  0.99656186015868464  1.00000000000000000
  0.98885391881724205  0.98936926755189158  0.98955195578205246  0.98971812914401180
  0.98977025390039830  0.98980449253272207  0.98984048256522283  0.98987612037363615
  0.98990739390929394  0.98993981944907272  0.98997321384865522  0.98999964021688225
  0.99002062868488983  0.99004557918780745  0.99007965934771702  0.99011351118173452
  0.99014236856798610  0.99016637222052206  0.99019574201892924  0.99021853265920023
  0.99023403982865665  0.99024664043260802  0.99026286436243327  0.99027997593167461
  0.99029994550734879  0.99032126136029075  0.99034786858515877  0.99037581121438945
  0.99039552308143053  0.99040891294375055  0.99041958959548293  0.99043149241209183
  0.99044490260543250  0.99045792290396273  0.99046998704571632  0.99048179682876192
  0.99049420575740199  0.99050456447319757  0.99051612694967706  0.99052689319135878
  0.99053500893045365  0.99054267354802883  0.99055189535694088  0.99056111379195899
  0.99056957015211344  0.99057823121320876  0.99058750101242887  0.99059552785054894
  0.99060383638918237  0.99061267229470817  0.99062281690857312  0.99063432983599753
  0.99064531606942219  0.99066222895057332  0.99067635943051136  0.99068994141397604
  0.99070492852353209  0.99072013652178492  0.99073590070545459  0.99075161497692599
  0.99076817346581592  0.99078440972166959  0.99079711746395804  0.99080941223441676
  0.99082085625780347  0.99083276612929927  0.99084443090401986  0.99085567351647119
  0.99086900493496111  0.99088226305478955  0.99089646255224550  0.99091019559187743
  0.99092326970598554  0.99093501337599288  0.99094622782716102  0.99095656570897506
  0.99096788698261107  0.99098016735474936  0.99099289259037593  0.99100595196158536
  0.99102011525688460  0.99103309965242792  0.99104371157022242  0.99105216481682368
  0.99106059153867343  0.99106885172354042  0.99107667720567649  0.99108418975069024
  0.99109162532740191  0.99110010547760763  0.99110761649998569  0.99111377181297322
  0.99111845750223515  0.99112020728700512  0.99112190389480637  1.00000000000000000
 -0.02953508283826515  0.06588902091388762  0.16532156883809701  0.25183533640492045
  0.27218866244961815  0.27873084359733880  0.28418076451791491  0.29029858347118481
  0.29790116406511957  0.30187279597453764  0.30549648809294849  0.30841206165001922
  0.31073044558906532  0.32386651812702166  0.34756532866928380  0.36928673458509509
  0.38738428488890692  0.40186156437747450  0.41331043193372868  0.42357158189328609
  0.43348277990192746  0.44358790297502881  0.45371243025779023  0.46584567708182789
  0.47881934290692629  0.49085097146190260  0.50200318310628544  0.50909824230257694
  0.51554985697027866  0.52116666050402316  0.52630947869057043  0.53127730739500212
  0.53627270040026209  0.54150424867978220  0.54792632564760690  0.55552755270770560
  0.56395517536215667  0.57343363192123797  0.58157938107092944  0.58552871346931712
  0.58837555502346905  0.59309206418292892  0.59791738269813377  0.60078568585661485
  0.60509219886163967  0.60952819723860086  0.61269786161461781  0.61651526589896655
  0.61986905173678986  0.62435681657893938  0.62896839739973687  0.63220075137286436
  0.63608872310093556  0.64061589379499151  0.64403678159353361  0.64765775156202421
  0.65013314891316665  0.65218273514800873  0.65422519276100000  0.65693935994710695
  0.66036345281850528  0.66462552475420800  0.66878787072402901  0.67240778664918910
  0.67568029270450369  0.67918038753526910  0.68300302813709479  0.68564569373995954
  0.69014423046322815  0.69868166761272865  0.70817330183657357  0.71767718425832794
  0.72751478767428079  0.73834484757756924  0.75287485000514964  0.76718847050880035
  0.78115457686166134  0.79458401251283595  0.80773845264994937  0.81991308047004607
  0.83188198685343417  0.84343306074304214  0.85354016438862168  0.86336026079397743
  0.87372837719627983  0.88328482266592245  0.89217547383739215  0.89997991840753655
  0.90811191662807755  0.91439544345983204  0.91989363799381174  0.92337121036640502
  0.92774708850391585  0.93579442256495549  0.95640325826920658  1.00000000000000000
   1.5219902292505457E-015  -1.0000000000000000     
 T F F F F F F F T F F F F F F F F F F F F F F F F F F F F F F F F F F F F F F F F F F F F F F F T F F F F F F F T F F F F F F F
