  0.00005248584255583  0.00010655477856516  0.00016227188992021  0.00020272928522055
  0.00022919358277467  0.00024548783979575  0.00025954906710497  0.00027996842113564
  0.00030077849596535  0.00032226619131074  0.00034373541664825  0.00036652597712427
  0.00038958888986879  0.00041156746589040  0.00043314187751401  0.00045411390856497
  0.00047680062259391  0.00049895674692059  0.00052108929390511  0.00054366764408462
  0.00056389978851202  0.00058902868042355  0.00061703946561644  0.00064634482068645
  0.00067206400563584  0.00069510143441926  0.00072998141641664  0.00076546169860445
  0.00079763242441084  0.00082556517786194  0.00085040467249036  0.00087878699950594
  0.00090516307985044  0.00092847301905220  0.00095002165601286  0.00097245927855683
  0.00099798094569123  0.00102075063670425  0.00104272017168093  0.00106990675167368
  0.00111051381325050  0.00114939645904156  0.00118428289819907  0.00121191916893781
  0.00123538271668513  0.00125652161270163  0.00128201175543298  0.00132076864711296
  0.00138910047705248  0.00154796743896017  0.00167475335233389  0.00172040500843575
  0.00174180203550542  0.00176387342663169  0.00178640408707408  0.00181749295499645
  0.00187772538368867  0.00193322723807308  0.00198969787056404  0.00202866434487805
  0.00207302952504218  0.00212764513080391  0.00219862850720111  0.00226466830125705
  0.00234746698095086  0.00250701557373407  0.00272814653066881  0.00298749417005224
  0.00328596817071529  0.00358600562768474  0.00393150137443487  0.00437973124694163
  0.00491385251036788  0.00521952488955338  0.00547280122373527  0.00581117723915764
  0.00622408038118819  0.00665459007558079  0.00700826388225941  0.00740764067840182
  0.00801185961743685  0.00863188979843254  0.00918449000349703  0.00980620134095600
  0.01044753049510039  0.01125326290683444  0.01224972700013293  0.01344465439031724
  0.01529719382793152  0.01802265889336942  0.02166577314650708  0.02633984029200384
  0.03470276870008020  0.07446117777050151  0.19935771866980020  1.00000000000000000
 -0.00000066673002609  0.00000504442306385  0.00001240635493520  0.00001608369015078
  0.00001806287225096  0.00001993208211604  0.00002199070208719  0.00002418522969285
  0.00002634512923366  0.00002829263585540  0.00003021072033931  0.00003161211719740
  0.00003261972608234  0.00003379978819363  0.00003541936696751  0.00003793903617453
  0.00004073045895978  0.00004217409760339  0.00004324351955890  0.00004437231151435
  0.00004516225395773  0.00004667679612789  0.00005145760777397  0.00005732509089672
  0.00006339148052580  0.00006927552004138  0.00007578114693478  0.00008234845834265
  0.00008870375524486  0.00009525383956510  0.00010199709391233  0.00010896621998764
  0.00011427429286814  0.00011814181581392  0.00012156494426629  0.00012558224104042
  0.00012897399746392  0.00013284861925516  0.00013651419657194  0.00014063562541267
  0.00014531189511748  0.00015099764144681  0.00015770001103817  0.00016524758319397
  0.00017264718323091  0.00017889403900105  0.00018516073980004  0.00019209134764151
  0.00020021897037830  0.00021033234151169  0.00022108036034792  0.00023317838859807
  0.00024128771945409  0.00024558353194689  0.00025003123418516  0.00025502957626069
  0.00026368298322344  0.00027508125061683  0.00028774315876903  0.00030002182459201
  0.00031287645895518  0.00032706554058726  0.00034231462747159  0.00035783287677238
  0.00037360376281087  0.00038938030879596  0.00040494203199732  0.00041991276327173
  0.00043564142515914  0.00045246299041016  0.00046995973297404  0.00048624637484741
  0.00050259785273128  0.00051888362740695  0.00054171952036517  0.00056998476357866
  0.00060050937622023  0.00063821057005339  0.00067713903879747  0.00071528077276410
  0.00074946496993236  0.00080411435080365  0.00086155648483674  0.00089577240458486
  0.00092906008026984  0.00097289648633947  0.00106382603957913  0.00119591686817267
  0.00129312808021728  0.00143193582638055  0.00167011079728030  0.00209763632017213
  0.00295934548686210  0.00464202628042420  0.00679156011957065  1.00000000000000000
 -0.00003900777992288  0.00018029638685501  0.00023841102605072  0.00026935704827623
  0.00028855785789860  0.00030397822855086  0.00032085029136774  0.00033897701217190
  0.00035763471417174  0.00037889089558727  0.00039950855007265  0.00043092791019736
  0.00045805140422563  0.00047917481829900  0.00050396824664140  0.00053073743416456
  0.00055795527613177  0.00057798123678379  0.00059516586566462  0.00060624379406862
  0.00067224497950159  0.00075100929634644  0.00081898025888745  0.00088207848112995
  0.00094355868760608  0.00098175571491429  0.00101088999032517  0.00104240891731165
  0.00108308740847942  0.00112544949018988  0.00116995007351706  0.00120992308836380
  0.00124542919736026  0.00127885134095722  0.00131378154809765  0.00135136582312371
  0.00139034096129202  0.00143236647585978  0.00147806870871133  0.00153256414195005
  0.00158823502760085  0.00164037424030929  0.00167563085924372  0.00170692663921131
  0.00174015899560951  0.00178290580918993  0.00184436734097365  0.00189246938530081
  0.00194388987275140  0.00199500558064272  0.00204145483734059  0.00208575218436832
  0.00213038290350700  0.00217844712077519  0.00223062051111263  0.00228060968894236
  0.00239742381023253  0.00260686406865731  0.00280118148329169  0.00298790509228977
  0.00319992319197880  0.00347253866603164  0.00370429294423968  0.00388859784540500
  0.00405059525185532  0.00425313764009878  0.00446532775044100  0.00463933308285143
  0.00482475304024456  0.00502013614797264  0.00528015037183983  0.00562532193501723
  0.00595384710859124  0.00628478860230762  0.00663340502909256  0.00700012309830486
  0.00735628438358023  0.00790728078781525  0.00869973406903304  0.00933960707511258
  0.01011834598416139  0.01135181304997232  0.01341680335686344  0.01490275638610139
  0.01656229452103963  0.01903519328124885  0.02245259383867106  0.02531099587610924
  0.02940119904197038  0.03475189494848938  0.04251889638754956  0.05968272741697273
  0.13285093842533185  0.29168956310571764  0.83032626911364549  1.00000000000000000
 -0.00026674160498918  0.00092993563214743  0.00262902599601326  0.00453469035306228
  0.00652713958901092  0.00868422718243226  0.01102761151776709  0.01362653297491187
  0.01656363889813614  0.01983815752638141  0.02201747744010724  0.02356717626361707
  0.02540373260681515  0.02721321905220135  0.02903658063666900  0.03084950933782538
  0.03286720518135557  0.03528688218513881  0.03781169513929739  0.04018000538579851
  0.04217412325504456  0.04386527930405875  0.04552227200746885  0.04762465750053666
  0.05027118001498362  0.05322253526499278  0.05631023150586953  0.05948928020260427
  0.06261757214727723  0.06645950203659631  0.07139727038693114  0.07761831379143998
  0.08411241121956192  0.09027627730315188  0.09649068669120318  0.10413333809114211
  0.11223771632921554  0.12127908397964848  0.13099236111935977  0.13990481710884345
  0.14940490338466569  0.15890521981293726  0.16874676474866271  0.17977007058459693
  0.18909258907906820  0.19690603891519726  0.20540684831475545  0.21546637094217913
  0.22616033372220595  0.23633924761909506  0.24748155387518639  0.25801705481136733
  0.26908069281633629  0.27999380316503064  0.29223356024410585  0.30743727312105923
  0.32432152449003226  0.34168805835195565  0.35714031530461909  0.36925644787784867
  0.38341981116883261  0.40112424033394661  0.43757596374095936  0.47372986516733484
  0.50302695637155515  0.51713944436503101  0.53082882549849308  0.54330048142992859
  0.55622195939505692  0.58463671525854921  0.62656276609754424  0.66254405455559817
  0.68342926841912988  0.69361039569561200  0.70938039357586247  0.73063232294308023
  0.76060967261667112  0.78807775855609308  0.80590721529231302  0.82297637538592139
  0.83540613207493541  0.84646392826392591  0.85514789540148139  0.85944245203505298
  0.87214543541204892  0.89173765220824497  0.90885089748692505  0.92222884220809742
  0.93630624018060338  0.95535050174532721  0.96733004113349264  0.97653750972935827
  0.98411055876163078  0.99176369624162686  0.99649769384371534  1.00000000000000000
 -0.00390870419143839  0.01271389621137124  0.02897623423409822  0.04441108171709997
  0.05881350897801452  0.07218997284297013  0.08417589702559407  0.09370498549212204
  0.10491718768970734  0.11738528334898835  0.12757410715982873  0.13917775328139703
  0.15187277127450166  0.16422792789538834  0.17621269118951702  0.18822780526462707
  0.20044931581720848  0.20410707213576529  0.21068519711630729  0.21524000653331940
  0.21847929144904352  0.22147318963943391  0.22455858457028210  0.23416461638726713
  0.24120654161378624  0.24824898219215932  0.25882152897779542  0.27093006432729944
  0.27928357721190994  0.28604397379529367  0.29597393358706314  0.31349271858579253
  0.33144156307673711  0.34286103309044125  0.35339043487469618  0.36362252261547523
  0.37289456089158712  0.38060993116122704  0.38843902526114893  0.39786689438820366
  0.41150863256650705  0.42851281834963512  0.44593732158480404  0.46170097801798199
  0.47625085510995463  0.48994012327122533  0.50535568379306695  0.52204236031136964
  0.53768930287835870  0.55021231273721338  0.56191516788982310  0.57239403156077362
  0.58293799694792070  0.59332994948154860  0.60504338446592132  0.61943214364010035
  0.63371680943565711  0.64690591163254330  0.65943140335248251  0.67093539446456829
  0.68197082476837079  0.68934298003200623  0.69783294338515112  0.70661556862589570
  0.71407557052501081  0.72118212203208798  0.72998751941910245  0.73997683894328403
  0.74914457375001031  0.75691246114325805  0.76609192817027627  0.77193685999405259
  0.77505724485379313  0.78091113004279189  0.78765751706824616  0.79582835538400920
  0.80252637532950821  0.80955399250808635  0.81692484591549519  0.82370210439526026
  0.83051792813523284  0.83649152792936698  0.84235480550172837  0.84982327006996106
  0.86204121633254893  0.88211923329356923  0.90557537027328383  0.92361678416346904
  0.93735308354899882  0.94747504604802502  0.95541191182905050  0.96256688677590541
  0.97258195490222310  0.98274136559326786  0.99161605772211403  1.00000000000000000
 -0.00102016462234775  0.00446993803436650  0.00944653475410516  0.01575877416560339
  0.02291047422843001  0.02923474730873889  0.03407706935546005  0.03952410776949930
  0.04678597008916302  0.05302695827889840  0.06509216806281155  0.07890278705745080
  0.09212468884446075  0.10423613115951025  0.11621881141828343  0.12914497026660127
  0.14161097248244947  0.15139546443301374  0.15983969821226460  0.16852750853012624
  0.17857453827122158  0.18916501518636317  0.19684154767568995  0.19995539859292827
  0.20216671317563570  0.20435890669207282  0.20802364777966223  0.21656019421433664
  0.22435497499919058  0.22968270162673909  0.23561131550347206  0.24142126930775359
  0.24790294623899284  0.25683312885190834  0.26912675172674561  0.28529355242592569
  0.30108951939825318  0.31687779069927252  0.33442805934367753  0.35159014107760189
  0.36737793447339201  0.38153443143913146  0.39428325074668269  0.40286958188746785
  0.40862726622075224  0.41528723550287522  0.42230141635954527  0.43068554014666854
  0.43861276545467315  0.44737539127699871  0.45572368980163097  0.46145764806296813
  0.46685990468420391  0.47335554112701628  0.48124941672206617  0.48930628503985840
  0.49750237723894414  0.50652753073908852  0.51482405685686561  0.52125324385775362
  0.52743083931865775  0.53642244187227162  0.54990885484347329  0.56692468471903912
  0.58389973515404647  0.59932787433065504  0.61224529491342639  0.62308051118984220
  0.63586865493380818  0.65290179920724600  0.67369039183236101  0.69636931680756320
  0.71702156528310357  0.72986849536207621  0.74548859526060507  0.76131919947859106
  0.77531445838783375  0.79019922254804242  0.80542963372820930  0.82093668489350435
  0.83637843995629402  0.85050728290341870  0.86552442253924200  0.88337426859643575
  0.90210218536801912  0.91966153989162913  0.93415308705522282  0.94289724518325480
  0.94896944935349947  0.95296350723591083  0.95806376989644959  0.96416757210196347
  0.97125755436879579  0.98067764133962521  0.99008008310288731  1.00000000000000000
  0.00079938472436693  0.00085929233421010  0.00090659487511028  0.00094582593953510
  0.00098122069335290  0.00101756914039748  0.00105772742788012  0.00109796134884769
  0.00114359405573770  0.00118947374383070  0.00123728520352087  0.00126753495759518
  0.00129207530283251  0.00131472071852664  0.00133697474219949  0.00135737395713811
  0.00137581306953823  0.00139616223006965  0.00142393263301651  0.00146411928728801
  0.00150185791487432  0.00153478957208994  0.00156757629858026  0.00159680973038919
  0.00162278009477196  0.00164530223016604  0.00166700045316769  0.00169550188308540
  0.00172886453668245  0.00176553169958342  0.00180362359077624  0.00184884736935669
  0.00189920660230411  0.00195121937956923  0.00200695884183296  0.00206212715252610
  0.00211462494629709  0.00215660254241236  0.00218429946191347  0.00220697030510967
  0.00223159337680269  0.00226382537866087  0.00229101162094655  0.00231379826160908
  0.00233640558728390  0.00235937537634766  0.00238314501652927  0.00240727137813002
  0.00244982993245930  0.00251747186917860  0.00259475653394588  0.00267132873992062
  0.00275418591792090  0.00283994401129848  0.00294200156528866  0.00304910417860739
  0.00315702842085732  0.00327467947477335  0.00341259482549531  0.00356387798632919
  0.00370987520930616  0.00385462264487262  0.00400865154134771  0.00416702037641218
  0.00432871211081919  0.00450360636407640  0.00468654672792319  0.00486492852257077
  0.00502315526170694  0.00517183990023432  0.00533197162800904  0.00550041246396341
  0.00572242565343061  0.00608446164035686  0.00661628208143184  0.00738347188120035
  0.00818929070526302  0.00883107651250426  0.00945768591444890  0.01015694562696929
  0.01090462666767277  0.01170960320850841  0.01262503285875998  0.01348007225660490
  0.01456029914179293  0.01578905592914371  0.01770238260216200  0.02091239285979204
  0.02393722752819232  0.02760669518929882  0.03115948881710695  0.03531900453397687
  0.04625538370962890  0.08871797478727141  0.24291349155989966  1.00000000000000000
 -0.00675792729245210  0.01940608252631626  0.04478566991703740  0.06085901673744439
  0.07400492418838805  0.08770658512874291  0.10034480895761673  0.11110131508417126
  0.12004933522011713  0.12867707378212892  0.13763147985176519  0.15111797936052701
  0.16498597803763249  0.17901306944423470  0.19449329895101994  0.21634219015202541
  0.24235387851796997  0.27125461700347703  0.28863859510066336  0.30148692554551260
  0.30960771840982476  0.31480887059600121  0.31996905590258090  0.32586007343150081
  0.33312171415677266  0.33969306297167440  0.34479351158329336  0.35012314045702297
  0.35757053844715830  0.36682991132523163  0.37456821339671109  0.38049716827293673
  0.38700547713626005  0.39184626854853849  0.39602946796050514  0.39944265319085981
  0.40263916532386329  0.40571066096992359  0.41196981096082919  0.41834546147779722
  0.42430280309016077  0.43026682797562771  0.43766100044162082  0.44576245048767038
  0.45299780577970566  0.45562306071805597  0.45888009022523829  0.46143379946010438
  0.46331574900527600  0.46510855541649165  0.46880297585460395  0.47367133849142673
  0.48220875628446602  0.49857795797220861  0.51437654108253827  0.52725389393570132
  0.53735068708250233  0.54711323566435632  0.55703582097409421  0.56831971504693690
  0.58137377474314089  0.59057436140167752  0.59719297823888495  0.60456197072393258
  0.61178318532477960  0.61823766455812090  0.62408032260135082  0.62839626554787698
  0.63295686364248538  0.63670442112256465  0.63939018217652532  0.64201403005064173
  0.65071960882434621  0.66326184630818041  0.68070467726777573  0.69081311730659944
  0.70018819297101820  0.70813313124456079  0.71490776711212012  0.72016557486521560
  0.72593728199385221  0.73234412405377525  0.74141862800573211  0.75341793959845171
  0.76324447053262690  0.77077616062830445  0.77832019637356886  0.79016699349022457
  0.81682880411412162  0.84378025992889205  0.87236785594053723  0.90194343104358288
  0.93112925507797095  0.95593613051502024  0.98048511771499325  1.00000000000000000
   5.5044042173006104E-018  -1.0000000000000000     
 T T T F F F T T T F F F T T T F F F T T T F F F T T T F F F T T T F F F T T T F F F T T T F F F T T T F F F F F F F F F F T F F F F F F F F F F T T T F F F T T T F F F T T T F F F T T T F F F T T T F F F T T T F F F T T T F F F T T T F F F T T T F F F T T T F F F T T T F F F T T T F F F
