  0.00035323820339915  0.00093416422826564  0.00161635765845023  0.00245685033637468
  0.00346688515162604  0.00462875149296337  0.00591619511977478  0.00731680190972368
  0.00886100782862427  0.01049824660867221  0.01224138372364367  0.01414505756908976
  0.01619747892539999  0.01836914385997723  0.02057364452897920  0.02281712687086292
  0.02516598695563658  0.02764827323555171  0.03024235549710920  0.03287172673431656
  0.03558229770899246  0.03843555088390131  0.04146445743438594  0.04455118171888536
  0.04768899794536734  0.05091834906956690  0.05425473909165553  0.05763592539092782
  0.06107126342543179  0.06462213932943112  0.06827232108271750  0.07194260791922948
  0.07579177380832147  0.07966980388035846  0.08362866390760677  0.08772837460370655
  0.09197880126533431  0.09628505713729617  0.10064737713130990  0.10511585998945493
  0.10966748130530464  0.11424600854004344  0.11886062119171173  0.12352137321999795
  0.12828772740012673  0.13303507747829255  0.13795638990060491  0.14291430356968676
  0.14788083480710015  0.15301536083692924  0.15823999684337439  0.16352959600249556
  0.16924891683793603  0.17496173968783510  0.18076947465884105  0.18690169426066863
  0.19323189670664723  0.19970753128941465  0.20627439573021103  0.21286800740184678
  0.21949518811275467  0.22626298679051021  0.23322148977008614  0.24043802429758984
  0.24790524486561019  0.25561072565163867  0.26352964881987223  0.27161756631192452
  0.27982745610003695  0.28807092890725294  0.29655121944833013  0.30531649369359787
  0.31441428390335119  0.32387089353417448  0.33364508313030000  0.34369863781802290
  0.35418697422258122  0.36507913133482367  0.37656575616177912  0.38871394660246161
  0.40147813133294935  0.41489995001271096  0.42906062543118012  0.44400798021709226
  0.45980455902811113  0.47632427739760019  0.49484713032177530  0.51428861841435247
  0.53597853095796311  0.56045011490824381  0.58798119899977441  0.62000636816454369
  0.65986157555751923  0.71336162347324183  0.80119032923413569  1.00000000000000000
 -0.00189585679331408  0.01034521512766191  0.02129776456701856  0.03215542304757067
  0.04306191931522632  0.05381260138882836  0.06433498673893773  0.07464582849230193
  0.08495907081315088  0.09545419005267256  0.10627312956815130  0.11737736299757447
  0.12871943160142352  0.13990412796308088  0.15084407784958495  0.16169723036329475
  0.17232015017066490  0.18281625479770622  0.19329471782600938  0.20366800223034906
  0.21391615735724095  0.22411521930388503  0.23477787004398856  0.24592198721559952
  0.25699018259178480  0.26817915270160242  0.27898798734488900  0.28949435599418039
  0.29972278060746793  0.30992399063353404  0.32015973242311718  0.33031840451112027
  0.34053448710175194  0.35077051307244184  0.36084875282961570  0.37068837974742808
  0.38045226319011238  0.39005111661688674  0.39986721450172064  0.41004301552986400
  0.42001666337680488  0.42966603305187151  0.43945113567083255  0.44924853790757385
  0.45928198936167725  0.46917435978181737  0.47911118075651127  0.49020578482334543
  0.50123467425298440  0.51254672263232548  0.52397192271207715  0.53527804880724272
  0.54630753954305811  0.55631674803748443  0.56624916764388988  0.57608037058336092
  0.58659755122488400  0.59743850786997821  0.60796211721215332  0.61863178526234885
  0.62930651647249547  0.64011952239827108  0.65103095947311662  0.66172741367434385
  0.67216101140168494  0.68220544101623637  0.69241041098656975  0.70251439155028950
  0.71261648798574195  0.72251430818351103  0.73252667544389849  0.74288605913771377
  0.75360612629560286  0.76443407329064583  0.77513590834509349  0.78562669220006065
  0.79606554843940180  0.80635842933306601  0.81664704418245715  0.82713093300937801
  0.83787107079923429  0.84875208186218121  0.85962817280538317  0.87062379296584025
  0.88225373742787583  0.89422606205839683  0.90571097515278931  0.91653934411543680
  0.92703059445281100  0.93733612600145455  0.94724823588351548  0.95697957755800434
  0.96744418133820875  0.97824782552847267  0.98934367964359504  1.00000000000000000
 -0.00235597010130955  0.00963832623943099  0.02015961735696548  0.03114163990793047
  0.04219564102296681  0.05336645929756827  0.06455367666055617  0.07561462883757467
  0.08614682327127049  0.09647208598538907  0.10676596340954629  0.11727942359722665
  0.12769141907136547  0.13829474764637650  0.14862070619205056  0.15933310139396958
  0.16993129038728277  0.18049386531447967  0.19068597360021952  0.20069699696844873
  0.21081060142451097  0.22141385539605077  0.23192003672488648  0.24284755399445479
  0.25308050037620805  0.26335010909223960  0.27337144017977205  0.28396996316949680
  0.29438464562021610  0.30495423468114224  0.31543914162344039  0.32655360109173309
  0.33794671591386716  0.34895854893799066  0.35948276418789599  0.36982173267636648
  0.38041446832413117  0.39131562177750367  0.40223793425974530  0.41343783025408709
  0.42450998243826504  0.43581012450216683  0.44709984135618286  0.45842666112870867
  0.46935161316023094  0.48029012811743316  0.49149627573484334  0.50274087444194748
  0.51360953732035208  0.52413164051052830  0.53471773227320141  0.54568335067861251
  0.55703657271284635  0.56818920448509247  0.57901317227900284  0.58974523001690282
  0.60036542856580832  0.61083214010731524  0.62109871047852627  0.63139028683541321
  0.64173114231962947  0.65198586150331594  0.66231389204645807  0.67260743130349288
  0.68264764658183652  0.69251015983953002  0.70246119517739314  0.71278639728459359
  0.72315215360805452  0.73339010144912020  0.74339652882678808  0.75318249002479554
  0.76272612790759031  0.77236714888578073  0.78243749231995918  0.79301896630887281
  0.80353114270538539  0.81356762547040373  0.82366429661481100  0.83386780774916913
  0.84464754826198241  0.85541388168931620  0.86610644276883919  0.87679358667463181
  0.88770034385646579  0.89839689279551305  0.90827754383405146  0.91808281410347703
  0.92837949281181742  0.93873424590643517  0.94893510940773984  0.95880878001550063
  0.96920113298951238  0.97958088288371958  0.98976133164080271  1.00000000000000000
 -0.00241673043932403  0.00940867044803166  0.01930865327011898  0.02960895050082375
  0.04004909132489876  0.05048226271762243  0.06073847296742842  0.07090044043605027
  0.08103845485178504  0.09139487884793746  0.10160265279761688  0.11195686827863116
  0.12229197536762307  0.13282974780190634  0.14345011082683556  0.15389154380970457
  0.16443763708960674  0.17473614884826438  0.18484404408131669  0.19507406074306535
  0.20576667550196420  0.21698325864624976  0.22842713134873638  0.23933287361399871
  0.24990504522505005  0.25988224306144114  0.27003116285229478  0.27981671893654325
  0.28980019409983832  0.30015616378077281  0.31061346678414004  0.32168389700548849
  0.33304613762894048  0.34461641432183832  0.35589522923316119  0.36680028490251559
  0.37752030310442880  0.38791305086254857  0.39838025713769742  0.40880367485849284
  0.41913133713789386  0.42922443496368612  0.43923778534702640  0.44926794151432431
  0.45896543866672906  0.46886006565587252  0.47886649662373948  0.48959930565915505
  0.50006506949373175  0.51063024967919413  0.52131062010815032  0.53217725957869078
  0.54314860340785254  0.55367904549011537  0.56453236673969487  0.57566564743007076
  0.58687427054325381  0.59786165046420292  0.60864997306804980  0.61941219093429023
  0.62990780726144646  0.64015966688675663  0.65042131441810647  0.66110174141770350
  0.67205253623558614  0.68297651427790562  0.69375378362305473  0.70451231196165875
  0.71523517536218484  0.72599663028082961  0.73696192501513735  0.74792884892546174
  0.75898215703238436  0.77021350401305033  0.78172021019754334  0.79273600304343073
  0.80308886218658304  0.81312923049856722  0.82297756848733772  0.83287129650565994
  0.84294789198796516  0.85305054329075991  0.86287398006930871  0.87257176235470246
  0.88244916083833513  0.89271256221554451  0.90302002699297601  0.91365522572315649
  0.92445931797963499  0.93506892555097199  0.94572516439874643  0.95638689303487745
  0.96725680567489847  0.97793111723113790  0.98891977129970954  1.00000000000000000
 -0.00195188484960894  0.00993330708032330  0.02003419805118173  0.03077543048480703
  0.04133230311845915  0.05189219192425379  0.06215732030152045  0.07242065483525770
  0.08261109458847568  0.09308416712100781  0.10358400752051726  0.11455460198682929
  0.12542725491004494  0.13668594930787023  0.14804428517898999  0.15912701285391634
  0.16983380412559437  0.18040550967763244  0.19083630849438341  0.20132808893900545
  0.21202952639783548  0.22336878362435175  0.23439311690770398  0.24509564960811372
  0.25564116590722408  0.26600703293646266  0.27622303080218591  0.28596430036861864
  0.29594768673642841  0.30615114063147197  0.31636967462996379  0.32622277883207373
  0.33601258733625228  0.34592355333485819  0.35606934571928101  0.36619096577119753
  0.37632592313979429  0.38661417527927977  0.39728835921044514  0.40832470291122969
  0.41938671321101961  0.43028414215813232  0.44103237232259002  0.45197726259492904
  0.46297264584998732  0.47380017517488043  0.48464763859971555  0.49527983580803958
  0.50560136806709577  0.51561103341060899  0.52564774106060719  0.53589460410423584
  0.54597318851003585  0.55613432436815946  0.56643198907432946  0.57690231988030560
  0.58781211360018848  0.59871848161119479  0.60926008538961163  0.61941172050501192
  0.62968307645986199  0.64049114913439309  0.65142453981589621  0.66229847347159287
  0.67305599358249180  0.68359919831723903  0.69404556820521823  0.70449667640578673
  0.71500609229377310  0.72580236578688606  0.73695588974735815  0.74815236214494318
  0.75876559188253723  0.76905068219861428  0.77943838895218542  0.78992069999014958
  0.80023724773037697  0.81057861904905604  0.82102613159378401  0.83166686244539079
  0.84258778641010224  0.85348833541796554  0.86424869377115954  0.87497790893119776
  0.88571341558746919  0.89683077721796778  0.90756985725218586  0.91811973568845784
  0.92845763628041689  0.93873710067106275  0.94899649282573861  0.95950804963504766
  0.96958440266705936  0.97998162552061363  0.98983895738472638  1.00000000000000000
   9.8557626019466557E-017  -1.0000000000000000     
 T T T T T T T T T T T T T T T T T T T T T T T T
