  0.00509001396090333  0.00510341710657155  0.00513909784982836  0.00518645695388537
  0.00524015737293531  0.00533424255764410  0.00550014983693261  0.00564419514555673
  0.00578641136730354  0.00592643462651492  0.00606182991252774  0.00619693809879369
  0.00633573902569705  0.00651318142053529  0.00672387847250764  0.00702711735886753
  0.00734915981500840  0.00764992979156032  0.00796002709300979  0.00831722916012757
  0.00868024074745987  0.00905472886818936  0.00942829185502079  0.00980124258491175
  0.01019435969073807  0.01058744683730686  0.01097594104481288  0.01142028010115215
  0.01189241988179133  0.01236727149989503  0.01284868756089311  0.01351285722387721
  0.01420314226016042  0.01491445548475085  0.01569698753290778  0.01663578849731618
  0.01765243061061714  0.01873759746142183  0.01986608501261014  0.02115603044805644
  0.02267091146973161  0.02426856205776535  0.02578721692536020  0.02724299823862110
  0.02871396705319660  0.03031051901824086  0.03208495051245285  0.03403387315299403
  0.03622529577561696  0.03855268755106601  0.04099713664782006  0.04568980524005216
  0.05200550530524140  0.05825689718962149  0.06586732691314703  0.07515796733810337
  0.08560425024857631  0.09742803035197996  0.10995480946949049  0.12319872327720742
  0.13823854928532761  0.15485435680123005  0.16993139594585149  0.18299439274623358
  0.19638656282412373  0.21240277565103038  0.22983770214317295  0.24753215554605554
  0.26512313867702014  0.28364014302805995  0.30205332794921164  0.31897454346160975
  0.33789706412731108  0.35760998858737203  0.37811476318454718  0.40158400693957269
  0.42534747795708244  0.44868475342053110  0.47123898582241447  0.49496167910883748
  0.51857932838112408  0.53992216079784150  0.55938675772723212  0.58104577064030583
  0.60599050645854258  0.63161301006338644  0.65843144587112579  0.68414419385406833
  0.71055967327085512  0.74052047623851092  0.77364411273279565  0.80806779169489273
  0.84278525193360132  0.87915589336868538  0.92275078059333904  1.00000000000000000
  0.37774618895911688  0.38919598464248778  0.40064578032585862  0.41209557600922953
  0.41980132485292820  0.42749837642378324  0.43690193948367928  0.44823318211251428
  0.45800254618566832  0.46107758065243581  0.46205220151399529  0.46353611264337702
  0.46488662559395549  0.46635117358685013  0.46859627350550448  0.47109368455236661
  0.47235863960885371  0.47380242043171439  0.47607964536007064  0.47860770817349702
  0.48155113961859664  0.48449958355387163  0.48716074417929789  0.49076613930529200
  0.49572640755046921  0.50190663169892502  0.50844678733419979  0.51529837483182606
  0.52289572906702853  0.53104616665586135  0.53817923171722792  0.54526063029630212
  0.55231218694099360  0.55927625236115974  0.56625140505240135  0.57331629784504945
  0.58038407567651251  0.58745571791691098  0.59515906856647849  0.60231862912630585
  0.60495119744143344  0.60787718746642749  0.61101145465294215  0.61351561570970470
  0.61548760094387622  0.61717392292592566  0.61911490476757514  0.62106497172900699
  0.62274530971845476  0.62400669806106301  0.62526211651879593  0.62681562680875669
  0.62888009518060362  0.63057537663963270  0.63204674912234549  0.63379610156548138
  0.63567664697697013  0.63760178176584426  0.63967279031068613  0.64366186870744679
  0.64851757478470962  0.65361290485492574  0.65978023142360220  0.66444324215086892
  0.66835077032884938  0.67214961364391423  0.67621220976348539  0.68051039831459914
  0.68420433348882903  0.69117359888714391  0.70255293849687461  0.71602842493323138
  0.72557687022900352  0.73513526134198137  0.74533299269106978  0.75651290707390539
  0.76792798396486994  0.77551727498210343  0.78149329083361740  0.78844399665194875
  0.79555978436653041  0.80309626339491114  0.81321822078564243  0.82541822661352382
  0.83741616459229340  0.85051697995251574  0.86313422097644876  0.87548377605335270
  0.88731281758258429  0.89834401810535891  0.90887021108028809  0.91925939608700313
  0.93025267942897749  0.94321316020635637  0.96370516093716863  1.00000000000000000
 -0.00469744548390870  0.01479972706919946  0.02922604711744943  0.04158948833253515
  0.05357284348105446  0.06612114265916740  0.07975657461662540  0.09360352125921349
  0.10802780460243869  0.12401621199424097  0.14052741066952087  0.15564099181911267
  0.16859065842690768  0.17948939488570428  0.18916145098779497  0.19756992639122159
  0.20669866748429644  0.21701119185107912  0.22767621534958929  0.23603019034716621
  0.24351306387759306  0.25106889112655573  0.25836420107754732  0.26626001149906398
  0.27529389642557273  0.28390937026238300  0.29208419978176109  0.30682426342351515
  0.32064422652413138  0.33418484265143150  0.34748612631369463  0.36077417952858948
  0.37580065450491401  0.39192420141885709  0.40140201300608536  0.40853861846335954
  0.41478726028091317  0.42048581644963950  0.42564508548552465  0.43043438063400546
  0.43514470513437697  0.44069072186951380  0.44742083598961546  0.45428851856519981
  0.46093350154811047  0.46807434048940894  0.47627214743465685  0.48877299609596186
  0.50504094464071070  0.52043676322884780  0.53352331505786899  0.54604295242368184
  0.55908322490290474  0.57183723568260525  0.58429698126495999  0.59714005962360162
  0.60907682601328117  0.62090402401051537  0.63453513184767540  0.64737380644129927
  0.65897443436664183  0.67036633308011584  0.68270083311093077  0.69656962276171019
  0.70780891195956930  0.71490105125795611  0.72216422548621462  0.72919791680301371
  0.73580371751171703  0.74155083320425841  0.74798096367535483  0.75962043209412067
  0.77356403835381726  0.78354473895520382  0.79177826831871012  0.79920105960729049
  0.80670327317313484  0.81606779067007795  0.82683219661695861  0.83668413136598274
  0.84544788809172511  0.85356479874254498  0.86074259002930964  0.86722262585507293
  0.87388887062851583  0.88203578435196295  0.89450413186009747  0.90657159399767129
  0.91838045015416769  0.93213485263753315  0.94517754279710886  0.95670553058547125
  0.96689176022926226  0.97835883363154019  0.98977409049727749  1.00000000000000000
 -0.00416806817820063  0.01495258870429202  0.02527300833084103  0.03363784074648127
  0.04180188241854602  0.04814341941974599  0.05450072847624133  0.06052161816648916
  0.06665520741043882  0.07237004879838128  0.07729118259399051  0.08196400243305996
  0.08679554907316603  0.09237648729945623  0.09880380182026569  0.10873193720457067
  0.12615597455224592  0.14211606040172800  0.15466204648925441  0.16564035917046410
  0.17800093047107152  0.19011929796368185  0.20382485400687067  0.21698623595454639
  0.23172435604344563  0.24473582084221610  0.25665701564462345  0.26838119012366479
  0.28244887470297564  0.29341793612878447  0.29764780035407790  0.30106507295359669
  0.30431012406758806  0.30852647009545664  0.31541359998167523  0.32317144670570408
  0.32971771350473172  0.33570847145810978  0.34182878910691944  0.34812187654357452
  0.35727364372141612  0.37028059222848814  0.38603668726254553  0.40230048208404373
  0.41764197949778581  0.43269746200490428  0.44647845796894203  0.45895468253661326
  0.46930497258198506  0.47671049931967718  0.48554968669280774  0.49364888997394130
  0.50125951388847223  0.51131034309681578  0.52460924306431533  0.53563085062144622
  0.54586532109804264  0.55642272990304120  0.56727509334067683  0.57973936695840833
  0.59404605727158244  0.60745638787065481  0.61729284620005742  0.62562424485932977
  0.63441261169436480  0.64355185531600989  0.65240855518237517  0.66124115103103154
  0.66989304646388481  0.67751466732955112  0.68553182230612209  0.69392510871488366
  0.70526499193136583  0.71591149261003761  0.72660877098590493  0.73886091407553167
  0.75172700585333119  0.76441792670572706  0.77824859579318140  0.79174306826419449
  0.80637638333165262  0.82164135926104109  0.83626005256824154  0.84967719110741002
  0.86191691431080375  0.87288706547575290  0.88329264895351811  0.89519249707356874
  0.90782652632517813  0.92089348176780661  0.93398859286252478  0.94730504552869599
  0.96116221463840157  0.97423128960079519  0.98724288234321755  1.00000000000000000
 -0.00153472905113764  0.00716852288081337  0.01418622302903982  0.02136867583702433
  0.02902302035122292  0.03658484964490768  0.04498225260181664  0.05259001879205395
  0.06066491430333597  0.07288626391470540  0.08614631753315419  0.09271702854986331
  0.10048178486341099  0.10838923411037306  0.11635131756629004  0.12410280052407199
  0.13104916135432895  0.13852466716914691  0.14692648657093846  0.15949843678015430
  0.17557882774605021  0.19455189180004293  0.21075561947544169  0.22560139574029886
  0.23903100806242480  0.25150162338819315  0.26508408615121204  0.27773133026914321
  0.28871096309156941  0.29625170210141816  0.30315438510947745  0.31111803658796383
  0.31827746700672244  0.32553966347136831  0.33354094469284529  0.34231715440706312
  0.34918916777747405  0.35805639425888675  0.37014649692847118  0.38447815795367724
  0.39903460825352882  0.41253664389548239  0.42636579246797773  0.44049944209848169
  0.45615551088663414  0.46942149742762196  0.47910291602281468  0.48781244196829238
  0.49693093985893672  0.50667727805476581  0.51655489122687470  0.52781043317101606
  0.54136009601491819  0.55616493929149047  0.57111461587287016  0.58561235680494472
  0.60010858401442091  0.61298177145122124  0.62492223558706461  0.63767034628550012
  0.65040464881482563  0.66276371383821531  0.67477025850904293  0.68506380023677460
  0.69356449847386237  0.70200298148897045  0.71062925167669577  0.71681582245457542
  0.72233697022395904  0.72786747935995977  0.73365354029435503  0.74041770288675157
  0.75152094162831751  0.76317750356698766  0.77487870345426624  0.78717780295144124
  0.79728802820380229  0.80621071601748096  0.81494983073989247  0.82321203247415531
  0.83104861924657469  0.83859843322190097  0.84651125153027640  0.85361430026611862
  0.86324296511322629  0.87290844492845154  0.88404087501452100  0.89424696888229072
  0.90492853146870789  0.91754112525769327  0.93156151402439091  0.94377858435916318
  0.95636628988763051  0.96899970447108463  0.98409685749737219  1.00000000000000000
 -0.00249424617933701  0.01062244221163569  0.02313627585901169  0.03179887928361923
  0.03942467253034461  0.04730756464876867  0.05565817181140597  0.06255755700834610
  0.07403852753604265  0.08737654736514550  0.09965106537566037  0.11106678886413036
  0.12192701887087337  0.13300261846001479  0.14550516657433810  0.15872928337802675
  0.16886145223482049  0.17464633136526989  0.18115105650843391  0.18848093834939722
  0.19594070112659109  0.20312633265410682  0.20925684699500804  0.21415954647122246
  0.21893926536672012  0.22417671748204518  0.23282068355438901  0.24495523020868645
  0.25768799674610254  0.27130446034818778  0.28584174874128093  0.29926500307727305
  0.31156781932304667  0.32391209046378566  0.33560109922283177  0.34523523511582171
  0.35504447177601284  0.36688404181361611  0.38047167994647457  0.39420511553768445
  0.40695484774215696  0.41823198623355035  0.42795710924511216  0.43782640625370456
  0.44954831780924609  0.46198973173497743  0.47363365150995113  0.48610375455880817
  0.50133373386224622  0.51567016501447327  0.52678081429095835  0.53525462372392418
  0.54297462640381244  0.55116649733192036  0.56011493466697004  0.57024340154265352
  0.58228511524187576  0.59764293688706782  0.61378672739912132  0.62897205469936057
  0.64207590124415159  0.65322558250652552  0.66308342038616919  0.67235329695304646
  0.68221756077927664  0.69307745506478546  0.70410912154671457  0.71253905919196980
  0.72048428813117982  0.72889906537606952  0.73779250380224093  0.74724211353302561
  0.75802997927915305  0.77312579664963466  0.79027294742850485  0.80144801259170340
  0.81059490402953915  0.81838055966858336  0.82527145037975858  0.83280855002597143
  0.84110456084555385  0.84699497034629556  0.85221361290504394  0.85851025628052280
  0.86525820989936997  0.87125915589809033  0.88007039782226459  0.89271430416959408
  0.90694460117432196  0.91964185548813249  0.93163114804070735  0.94437696906041224
  0.95769521909558064  0.97149516503235356  0.98511832517300213  1.00000000000000000
 -0.00193304799586933  0.00697222559206107  0.01597911109900082  0.02446583391220592
  0.03147950850592850  0.03829574777758998  0.04480220499762627  0.05315260070666661
  0.06245029234849944  0.07204518487606788  0.08251494946603376  0.09512774912600938
  0.11004919641530664  0.12503750465996080  0.13922274553117006  0.15387676731402902
  0.16684674590435869  0.17761897480223526  0.18781526757340239  0.19795176044761306
  0.20824295833000098  0.21870665349071378  0.23038272931599205  0.24448737879203905
  0.26022095335362988  0.27530373361271088  0.28803920293412039  0.29523267729785097
  0.30093289138301615  0.30741392522684602  0.31335326327547092  0.32018979353964749
  0.32679634795307849  0.33160892585221396  0.33680171435612599  0.34334576106521458
  0.34794184752703583  0.35187801163710769  0.35811915593007648  0.36998370370676015
  0.38371702609466407  0.39460140658054610  0.40537350523453686  0.41582054217089731
  0.43135500840387625  0.44636776374473308  0.46115182107737684  0.47659012602023720
  0.49288662251735604  0.50765591096016882  0.52139571238725368  0.53458606815774734
  0.54793301923565818  0.56283115719271049  0.57942542380912920  0.59488650157541634
  0.60828839467745566  0.62246160756769908  0.63658996581932648  0.64879819548193995
  0.65975076446425185  0.67059034420035712  0.68261264385372189  0.69433892269359043
  0.70609165656718453  0.71723762148562897  0.73151487870473031  0.74371865218766964
  0.75399333366725929  0.76265536824338531  0.76878031240004219  0.77360920284172341
  0.77812799923198450  0.78284709263953922  0.78789022065795800  0.79594853009186295
  0.80714523005848404  0.81900208483576487  0.82960530942929078  0.83884101614411599
  0.84770119139076172  0.85666481654656279  0.86418295471517614  0.87243390446479163
  0.88084910346161505  0.88947719348365883  0.89828338820769504  0.90599164421366618
  0.91185419918540744  0.92345510145732757  0.93760773863540015  0.94873917344784942
  0.95951112447287479  0.97070982857964483  0.98434554128979057  1.00000000000000000
 -0.00493318784982116  0.02106719217350046  0.02691532733433656  0.03417781073385854
  0.04141580297211211  0.04856015186545978  0.05489227354229139  0.06032931373096317
  0.06548470946066176  0.07081414255020621  0.07718881715419564  0.08589778612711037
  0.10081081340953979  0.11573059552804865  0.12965773301507549  0.14133512782657301
  0.15014032791319948  0.15710624546531507  0.16369211701920200  0.16950088898506480
  0.17384823318858725  0.17879108014394421  0.18897285735585409  0.19658298570754404
  0.20365531477002727  0.21159164147164730  0.22130815841524332  0.23141023821483017
  0.24341987692949538  0.25644033179101755  0.27190821237711965  0.28732339638458243
  0.30195658213205034  0.31521856151259114  0.32633218288399551  0.33536418554040659
  0.34386155577589794  0.35227623745336362  0.36045522058904861  0.36924923129093834
  0.37850166928014906  0.38874531387689526  0.40058461999084644  0.41482396956345219
  0.42535938018775904  0.43483448102849592  0.44476458097137028  0.45414370309904778
  0.46376004307625068  0.47337424967968073  0.48676548606282571  0.50275624034738298
  0.51970975332741309  0.53593171364501380  0.55207288282770917  0.56905840710078270
  0.58257969343191351  0.59165226571430829  0.59946126578023229  0.60741927405674900
  0.61552372859973037  0.62444022348426820  0.63330128283849729  0.64162571747294950
  0.64923243795615104  0.66146613588997882  0.67206611829767915  0.68175075477930924
  0.69175094139440729  0.70118011653696177  0.71100449695596590  0.72116896459004354
  0.73281134139131010  0.74386443560368587  0.75213250202636373  0.75891319541850444
  0.76542831139749890  0.77216263385203232  0.77994591494932364  0.78980785491120842
  0.80195077411814941  0.81533231459107558  0.82773903650514113  0.83946972062223613
  0.85233261522477510  0.86695324365372539  0.88305331022951128  0.89878801622084870
  0.91177455729958667  0.92398657392529615  0.93703934801837929  0.94868827728792338
  0.96034003167960524  0.97263191509091251  0.98542920747819562  1.00000000000000000
   5.4095576706578215E-031  -1.0000000000000000     
  <DiscreteSampler_grid>
  Helicity
  1 # 1 for a reference and 2 for a running grid.
  20 # Attribute 'min_bin_probing_points' of the grid.
  1 # Attribute 'grid_mode' of the grid. 1=='default',2=='initialization'
  0.0000000000000000 # Attribute 'small_contrib_threshold' of the grid.
  0.5000000000000000 # Attribute 'damping_power' of the grid.
 # binID   n_entries weight   weight_sqr   abs_weight
    2   4796   5.977871159642226E-031   6.289637088387470E-059   5.977871159642226E-031
    9   20   1.554532050363344E-042   1.646750243784072E-082   1.554532050363344E-042
    10   20   1.048174459438505E-045   7.659318722604532E-089   1.048174459438505E-045
    18   4144   4.692924172103275E-031   1.742778833295814E-059   4.692924172103275E-031
    25   20   1.527610058503920E-042   1.311729309910779E-082   1.527610058503920E-042
    26   20   2.074503969156212E-045   3.863757158741355E-088   2.074503969156212E-045
    34   3441   5.034617719281749E-031   2.330589448899561E-059   5.034617719281749E-031
    41   20   1.558634036948558E-042   1.646507806506203E-082   1.558634036948558E-042
    42   20   1.110804769976134E-045   8.477023422896398E-089   1.110804769976134E-045
  </DiscreteSampler_grid>
