 -0.00000000132289126  0.00000000845682968  0.00000002404592694  0.00000003739891882
  0.00000005031453004  0.00000006291992696  0.00000007772036877  0.00000009411044279
  0.00000011093785194  0.00000012754371556  0.00000014741085582  0.00000016678787279
  0.00000018432394772  0.00000020225120275  0.00000022197645714  0.00000024471818743
  0.00000026821155959  0.00000029368083149  0.00000032231600681  0.00000035358281607
  0.00000038658494277  0.00000042424984712  0.00000046174655476  0.00000049749844811
  0.00000053319050557  0.00000057204934081  0.00000061694451287  0.00000066483047058
  0.00000071492990382  0.00000077056381952  0.00000083042518744  0.00000088790316992
  0.00000094849392627  0.00000101437050447  0.00000108396695241  0.00000117032445084
  0.00000125673464502  0.00000133334905438  0.00000139498016084  0.00000146098970177
  0.00000152734358177  0.00000158746260352  0.00000165834390325  0.00000173661586219
  0.00000181133380358  0.00000188897704420  0.00000197563917781  0.00000206023786216
  0.00000213795991832  0.00000221897819284  0.00000229819349919  0.00000240694189657
  0.00000252464540637  0.00000264587998345  0.00000278453064596  0.00000293263784782
  0.00000307857635940  0.00000324477653679  0.00000341751203987  0.00000359759597694
  0.00000379168966485  0.00000403118632512  0.00000430059613639  0.00000454621403341
  0.00000477713287505  0.00000496593750732  0.00000514267410753  0.00000536387700355
  0.00000563182050641  0.00000589690994781  0.00000614318453237  0.00000638510491389
  0.00000665754724861  0.00000697122290157  0.00000724661126089  0.00000761327745895
  0.00000813268912517  0.00000858930164947  0.00000897627943094  0.00000941001347536
  0.00000986737915110  0.00001033469721385  0.00001090294524789  0.00001142775220100
  0.00001187546172863  0.00001231296788824  0.00001277152549986  0.00001334162559002
  0.00001394197335394  0.00001452880765261  0.00001511384430975  0.00001573825015244
  0.00001654314673417  0.00001739723352603  0.00001798538486918  1.00000000000000000
  0.00342453550288085  0.01254130836028735  0.02452547737594832  0.03797133279903110
  0.05225381589161454  0.06686330566119358  0.07833166242344729  0.08920963699263494
  0.10015862225004850  0.11031435364852847  0.12186166884827551  0.13339387768036670
  0.14336650490636710  0.15294118631931572  0.16206705696044185  0.17091440841844224
  0.17972688410132240  0.18920541897867402  0.19894209898986409  0.20824651415072740
  0.21679169765435152  0.22515809121085648  0.23081699495665431  0.23653857097452866
  0.24322271020577310  0.25005084830348767  0.25705794155454309  0.26392151665097136
  0.27086107705637086  0.27825990026139219  0.28502107347218253  0.29121439995142223
  0.29900696097676860  0.30741035344969037  0.31501645216566054  0.32207712864626892
  0.32974536453283665  0.33862536814511718  0.34752146897752362  0.35931678749482110
  0.37341069362839652  0.39200425936958494  0.40878809002543376  0.42233640727405602
  0.43387383819941439  0.44499181440733843  0.45549995242149499  0.46357795565553217
  0.47002381371174162  0.47740142904687244  0.48491604651507608  0.49276193420878717
  0.50194020026864861  0.51169261663179433  0.51943337774484877  0.52931599781931160
  0.53863495539025907  0.54741246617863604  0.55659935206119471  0.56722325024043829
  0.58313670463984246  0.59724097054945957  0.60998378948291154  0.62302557800738634
  0.63690501628568019  0.64798905366242643  0.65733594524416461  0.66671690894426960
  0.67760853861456427  0.68876059670938106  0.70168465661254487  0.71734958702949980
  0.73323849581758771  0.74399928060712062  0.75276988922713561  0.76147361019966564
  0.77019581361837641  0.78140631457906362  0.79144296410425019  0.80249298375387801
  0.81441145638238921  0.82693640942381852  0.84102584688240078  0.85144608014992584
  0.85981260540726934  0.86774868473498434  0.87571105216423384  0.88425456102576150
  0.89284067375730869  0.90318059214889901  0.91461237622797842  0.92925712078935674
  0.94359042361763623  0.95809544631512156  0.98875182122953420  1.00000000000000000
 -0.00337076092497993  0.01133696423719567  0.02352683965250705  0.03608478130033816
  0.04965357494214195  0.06322728282747357  0.07718764361240163  0.09331360508416110
  0.10899242307785603  0.12366237667694477  0.13516532517916127  0.14649302672734621
  0.15822497722901555  0.16922540841064626  0.18436475521854928  0.20004442956117074
  0.21489123915931502  0.22966294013679614  0.24426549302417402  0.25528636255256432
  0.26662836606577628  0.27784312426207336  0.29160992278024767  0.30717660868443419
  0.32223970208525393  0.33592440517444905  0.34632837099190555  0.35627949807336484
  0.36517006892617992  0.37404533974790533  0.38525186234243858  0.39951640180467457
  0.41223562369066846  0.42267209721452637  0.43214792505557686  0.44175079658281485
  0.45182425187886405  0.46199721584892267  0.47297437561682304  0.48430548763927850
  0.49568511056590603  0.50829448668342903  0.52208821193166532  0.53461818088048929
  0.54577713286911700  0.55595446632776202  0.56505788081879382  0.57516917732918071
  0.58787367652184663  0.60043276337558982  0.61185466899220009  0.62243547008616973
  0.63321114578182824  0.64238552006167315  0.65139192088948594  0.66052567167268361
  0.66913092996384493  0.67984141565731415  0.69181449711457976  0.70312134215378352
  0.70982129252458459  0.71734170525752672  0.72411982137306652  0.73037311299495322
  0.73675227780792385  0.74561843627668156  0.75765639980515853  0.76975068594660456
  0.77976877811281475  0.79276640872361526  0.80351948486411973  0.81345198107954708
  0.82074060388913228  0.82852176435732861  0.83597908165398960  0.84278614700244148
  0.84979697391181119  0.85688538042594875  0.86450209595794358  0.87327139502535800
  0.87991837492651448  0.88504575852182255  0.88989678277367834  0.89525172339105541
  0.90341552194081676  0.91184898506083678  0.92023272017604008  0.92710107526368313
  0.93328740442716429  0.94066658344559217  0.95114705198336280  0.96185423164487638
  0.97302473048515570  0.98184789790385130  0.99085110095840312  1.00000000000000000
 -0.00341616566069026  0.00846772968116058  0.01911276830818333  0.02810975024968703
  0.03725254344215143  0.04671209545795396  0.05737850200792646  0.06923522919232006
  0.08080376336618803  0.09121496560199925  0.09999960538515223  0.11014079859876465
  0.12216400229977564  0.13371910952587202  0.14469661768130701  0.15542441118254058
  0.16603238748851989  0.17618342224247058  0.18707495277434669  0.20011490727866585
  0.21222528594188006  0.22350449093168975  0.23273767902705025  0.24168645114781367
  0.25120421509433727  0.25851841154547223  0.26512064726514389  0.27102865318040742
  0.27656394306252913  0.28267121011412710  0.28830056962172823  0.29419052707341004
  0.30145359419719248  0.31032539107681362  0.32326688694309541  0.33864928029707236
  0.35435591964670837  0.37000092660378092  0.38513803067431196  0.39875658507405376
  0.40901859391017154  0.41951697588893400  0.43060327060693881  0.44230460533394267
  0.45426836646690366  0.46621348379397881  0.47607496391926934  0.48569211275982715
  0.49648867271503916  0.50835293477385446  0.52098960100889813  0.53184873867969373
  0.54270703510098983  0.55363811523280748  0.56446953797264510  0.57545049849669039
  0.58769680153004733  0.60065891599195886  0.61225302129256198  0.62283132381515915
  0.63420491850616090  0.64654314031119620  0.66012860004688356  0.67261109891293736
  0.68255730559245298  0.69218099662282051  0.70160397585771939  0.71204634009398982
  0.72164570730127620  0.73007990148887136  0.73864933198577509  0.74871491149488989
  0.75904140568090606  0.76934413380332922  0.77961274053779195  0.78971820973349627
  0.80000055910753753  0.81037339205089609  0.82211439261122832  0.83352436389165263
  0.84511504621928013  0.85898908815098507  0.87415069721789940  0.88758872990111748
  0.90066019644043493  0.91385207543306290  0.92710556845175796  0.94025362833932757
  0.95210349810290174  0.95868302956321250  0.96477631152335608  0.97068771241908081
  0.97698217889002903  0.98412581966053425  0.99217599272978863  1.00000000000000000
 -0.00076790788820759  0.00261785618729744  0.00570128773874763  0.00908557699949620
  0.01241868281493853  0.01557344913604002  0.01872535863765913  0.02215003451448062
  0.02683536367116190  0.03206030605973414  0.03657722694834951  0.04040432378985645
  0.04429075237171567  0.04835573302295597  0.05301109438714586  0.05760703261026669
  0.06173506342824386  0.06603215998864036  0.07074672310937540  0.07664382832319121
  0.08311504993109542  0.09000039213584760  0.09639755840265625  0.10267156559070040
  0.10865273409744949  0.11589301757491960  0.12365205430457674  0.13016411250267351
  0.13557237884995002  0.14061535648386481  0.14554391540593381  0.15093059085570829
  0.15765302303924483  0.16447267070404659  0.17034925241812615  0.17571255428526536
  0.18136944777805145  0.18630823789341416  0.19095174223063816  0.19556407442145041
  0.20060395746754198  0.20644061607028871  0.21254004504217316  0.21752091228737580
  0.22223736462690963  0.22720353458556972  0.23384131188476506  0.24164065149680425
  0.25003329181488970  0.25904814997647507  0.26872952085797297  0.27818851488352708
  0.28989562554159426  0.30084392574148316  0.31143804191295221  0.32198428401442342
  0.33255911300290431  0.34284771472860959  0.35355777140969102  0.36317237211671732
  0.37258145357899725  0.38331309051517837  0.39427628157882560  0.40345775123852778
  0.41237060924305213  0.42112017006882851  0.43036497985307448  0.44209533646806409
  0.45591161776663147  0.46981235558336704  0.48351363726772528  0.49603956354176598
  0.50796806315211784  0.51921108994173049  0.53012027141597451  0.54093474867672042
  0.55346923757453603  0.56928910499563123  0.58703627240032652  0.60603844003647900
  0.62837985869584767  0.64800126127834468  0.65979121638247729  0.67040236837507561
  0.68099008903895675  0.69267345009846382  0.70678299581684967  0.72713112454766438
  0.75208891903812314  0.78129634651539515  0.80482121575488685  0.83043819365502758
  0.86609998563381119  0.90725051161602821  0.95044674122745088  1.00000000000000000
 -0.00402513406774846  0.01333110986297823  0.02762728564004562  0.04155530870805572
  0.05587232864245027  0.06916672736277221  0.08096002492952445  0.09215263179571713
  0.10337046252730596  0.11592495745235640  0.12874118795176970  0.13995906799420799
  0.14999811405565855  0.16049477844953636  0.17203933369924571  0.18477949946685290
  0.19780802822696156  0.20960340100980798  0.22170655531244035  0.23442040402209030
  0.24871091579474811  0.26240787132214999  0.27368741763292259  0.28452655840311347
  0.29470248678595695  0.30514135330458469  0.31594420095941195  0.32643581723034226
  0.33593806997168546  0.34448011338242457  0.35376668682526891  0.36190524045218353
  0.37026717869925219  0.37874887906348076  0.38713039912473768  0.39517538703634730
  0.40478127231069727  0.41544298105001037  0.42767026772640571  0.43949635052544539
  0.45161666795964522  0.46399840927980107  0.47703922545787131  0.49008088815840406
  0.50294618248774303  0.51597463987986669  0.52789702719615716  0.53924770302780722
  0.55011910445209988  0.56029412277802104  0.57023415869802196  0.58035176720323811
  0.58974243082008759  0.59754421812911740  0.60535348150727530  0.61246901666943399
  0.61940514154176074  0.62609336340496591  0.63745866141115071  0.64945220508539014
  0.66018335159432728  0.67106973182709750  0.68254422945438320  0.69464323992695243
  0.70891397481804774  0.72379542939639652  0.73779854906146625  0.74879137050576094
  0.75961525256904772  0.76863739887241811  0.77821870389183967  0.78896201365450003
  0.80049704915428121  0.81195919740035305  0.82373694754685101  0.83822456136285783
  0.85302669397510578  0.86175704562817879  0.86815881536840800  0.87356279115708324
  0.87881264271873061  0.88450090888168609  0.89168086022023407  0.89971742987560643
  0.90640773548577658  0.91215941240901777  0.91914273047142769  0.92935110321393422
  0.94036135076517380  0.95016148222296093  0.95809133020481974  0.96547574991545959
  0.97347873492166215  0.98229446674522669  0.99129551311019626  1.00000000000000000
 -0.00136427300017222  0.00844573030251638  0.01715865701116077  0.02772828405016125
  0.03758720118016217  0.04509752902066298  0.05265117489344595  0.06304765407595134
  0.07460120685503875  0.08453892526313901  0.09204821296291912  0.09981593101816705
  0.10896258204963349  0.12044234280049039  0.13063858304005210  0.14257727459440511
  0.15412092800431526  0.16564298138964373  0.17524765898795350  0.18530371453726277
  0.19662930068897885  0.20843394767597570  0.21948930956949397  0.23048379268862548
  0.24102767050110158  0.25125197358282286  0.26134902776948099  0.27352589622994594
  0.28876135383790413  0.30432433693065231  0.31700066188290782  0.32807778711538743
  0.33930344321307193  0.35074829705782634  0.36165847331680395  0.37131160035225130
  0.38123672054449115  0.39250516736460411  0.40643351259198790  0.42071205262834593
  0.43372631094741532  0.44464604999901031  0.45521593443411840  0.46622483553344801
  0.47738712162416214  0.49058469191346521  0.50242986392446976  0.51343149703544599
  0.52347309187854307  0.53375550884471046  0.54438364346779489  0.55385800924353157
  0.56355845299444995  0.57318869084406099  0.58347285115577896  0.59065776540314674
  0.59654454638532917  0.60253913925874103  0.60867995559640553  0.61447679910511288
  0.62424409798410585  0.63820242057638077  0.64895606841799514  0.65837394551216155
  0.66740946424979952  0.67725571149319375  0.68721466028484579  0.69574416054481114
  0.70240251260947573  0.71099644821888941  0.72156913640096632  0.73483265164898859
  0.74771861207998969  0.75996247624086211  0.77192588458988776  0.78445554872458301
  0.79584045309789730  0.80507197859225776  0.81335210875872177  0.82146381555600356
  0.82945438861136189  0.83837657649479680  0.84758202874547495  0.85892686438639410
  0.87145333139489589  0.88470782530485881  0.89910807858157282  0.91423468534799035
  0.92741201587872313  0.93846107253250344  0.95004542708066808  0.96272149142062546
  0.97380253758377500  0.98223614149189931  0.99060995154643983  1.00000000000000000
 -0.00320920765150825  0.01343438489041677  0.02617547623504721  0.03868376254750481
  0.05072389991354476  0.06233421920103305  0.07427507568762351  0.08647595214100796
  0.09821720703432568  0.10999615498294088  0.12113054856793259  0.13148746129078737
  0.14180727564831777  0.15190900897863302  0.16229547751702633  0.17357180963227034
  0.18603795186999689  0.19969195178227303  0.21460052045711234  0.22624070331857554
  0.23386293107761830  0.24038444291348551  0.24678193400102222  0.25539134941190922
  0.26275864062047233  0.26990798920292003  0.27761752634330344  0.28549809855014857
  0.29525058631179463  0.30413823720496025  0.31042968468444565  0.31671355484924663
  0.32343126689506946  0.33016853011584640  0.33589635085937097  0.34136192664149634
  0.34786482496162485  0.35335033969646523  0.35955460071918527  0.36571171779039197
  0.37510413984210278  0.38729633546536857  0.39775733167325195  0.40692593858943038
  0.41588728873321767  0.42476109257757111  0.43351737875485163  0.44226099099660227
  0.45106262878904990  0.46012443587389518  0.46989345918689568  0.48042565180354946
  0.49200382784066143  0.50608081850463715  0.52116865297336556  0.53540635194902320
  0.54871979116478153  0.56130214043571602  0.57388848377433532  0.58719707998192539
  0.60041193702214524  0.61206923584454986  0.62341411799095714  0.63515639368434096
  0.64681546591114958  0.65832439833126188  0.66968872361574605  0.68137308281380071
  0.69339906231101356  0.70500956351169752  0.71793565166396844  0.73022316164632606
  0.73965445770617366  0.74655859910394085  0.75352687738536306  0.76035124736237802
  0.76671907405428918  0.77399784625088097  0.78574990838060543  0.79811814558317595
  0.81097912182668819  0.82484723793394732  0.83849512519623681  0.85094779126030318
  0.86271255977730843  0.87462269570500184  0.88568036146177365  0.89708719179191299
  0.90947510397439668  0.92286490561598000  0.93821709268423381  0.95307598548407779
  0.96652362056874053  0.97878984471711772  0.98964603577966459  1.00000000000000000
 -0.00042565237899023  0.06590696798267684  0.10240350350434131  0.13201619310735516
  0.16331723802500275  0.18930831486264960  0.21021387297454683  0.23118271881284663
  0.24998480385741209  0.26753191921614355  0.28494770029329741  0.30344461304273879
  0.32308987328195082  0.34293063079957953  0.36284686863031568  0.38197174112322574
  0.40000007150803091  0.41848561563069880  0.43728013819901129  0.45529188336509707
  0.47499840300765173  0.49532221431293993  0.51341603272634329  0.53115510699514068
  0.55026862697101164  0.56917002721291543  0.58650817068080319  0.60328630065991462
  0.61972591449222414  0.63622642056086764  0.65202903043009797  0.66677036404259082
  0.68337175219963819  0.70235845924671969  0.72225005171699808  0.73834880463001196
  0.75283026278889653  0.76442315942207562  0.77601950525970209  0.78867809375726938
  0.80294164896181730  0.81494182068938303  0.82566197478559755  0.83623410804070386
  0.84719513366142296  0.85707149494308854  0.86619830213730298  0.87588248996794227
  0.88606370108733323  0.89665780857135047  0.90700687933853807  0.91677481856840015
  0.92584908222062290  0.93414867454575790  0.94083342686833171  0.94580273440324714
  0.95060615622632461  0.95559895700154984  0.95936103752080770  0.96201583838969518
  0.96424686828196260  0.96650423710873989  0.96874549033720059  0.97097974375576124
  0.97302420500312781  0.97487661719472196  0.97659418744694992  0.97808112392386648
  0.97936233256371674  0.98047408178476003  0.98146153248600332  0.98236412253328964
  0.98317398803697942  0.98389500241993799  0.98449194849130539  0.98501628166921429
  0.98547626913101694  0.98584531513937002  0.98620542922910504  0.98661103994153976
  0.98701915668014462  0.98742042031005539  0.98779091477067393  0.98815692294030333
  0.98852428713676943  0.98889564187202483  0.98925462112572937  0.98955844480423527
  0.98981360813137964  0.99005812420460060  0.99029986395051350  0.99051997666709568
  0.99073955357855836  0.99096659978966806  0.99116767857850241  1.00000000000000000
 -0.01018534207894628  0.05971609403990105  0.08260649037637356  0.09646199311134465
  0.10827009702510869  0.11924199436113180  0.13044914124687329  0.13832997867341304
  0.14572960953950184  0.15259301063736352  0.15848604369849859  0.16283024802594015
  0.16720579860097082  0.17119511080463251  0.17504671118511780  0.17896707673266646
  0.18294907328201027  0.18939418678235406  0.19800970274411855  0.20596906708465298
  0.21461658943686848  0.22281610623588502  0.23145179133356356  0.23925018825376601
  0.24701021413073129  0.25462205388747511  0.26126700256791119  0.26891377626606672
  0.27559867445998498  0.28181700470919402  0.28801652537252181  0.29387887341741137
  0.30028496022427015  0.30716802884360922  0.31421053832772700  0.32126211266922605
  0.32828610657813651  0.33548378990901512  0.34481760627920804  0.35393100448589460
  0.36163759958117730  0.36847927521554619  0.37473384563132189  0.38102624621163694
  0.38814264972034929  0.39584040378510110  0.40402197613271179  0.41194174013233442
  0.41888302119567650  0.42389121568478305  0.42996659017283018  0.43681001686930609
  0.44320617923204469  0.44872002530625704  0.45433568278346681  0.46017099744040652
  0.46621527800530155  0.47169100394949365  0.47612913045115929  0.48118035947038956
  0.48675882140616206  0.49318806337675986  0.50049113834219916  0.50826842115232385
  0.51696805291770098  0.52483397107382190  0.53266087623439062  0.54029175069090862
  0.54798417500606844  0.55522271568413040  0.56530374045308496  0.57645063851316236
  0.58939354127926114  0.60140075320727571  0.61222068722064482  0.62244140970047446
  0.63309629448808291  0.64500552965443858  0.65742110311569435  0.67213491139000836
  0.68546573759305718  0.69538954911394835  0.70414040246650955  0.71250559980322969
  0.72022458526640121  0.72746899773869789  0.73445811754353729  0.74261295084183976
  0.75219024998560369  0.76583550148384127  0.78133711447454512  0.79547702786764363
  0.81171098627770699  0.83592949560860941  0.87925573691743197  1.00000000000000000
   1.5737651918192069E-009  -1.0000000000000000     
 T F F F F F F F T F F F F F F F F F F F F F F F F F F F F F F F F F F F F F F F F F F F F F F F T F F F F F F F T F F F F F F F
