  0.00005862218999739  0.00011017581101699  0.00013645511422962  0.00016185103979322
  0.00018326419286761  0.00020877278801832  0.00024429089033915  0.00028564703648137
  0.00032577332775264  0.00036928007052436  0.00042107151673421  0.00048431981447988
  0.00055279595568076  0.00061617904216717  0.00067602670410847  0.00073225036535531
  0.00078450351988586  0.00084108147134895  0.00089864657159902  0.00095234841722305
  0.00101230730365121  0.00108487010085895  0.00117180935652929  0.00124689925651516
  0.00131508786375241  0.00137813004601534  0.00143735673079326  0.00148975478643059
  0.00153139515327420  0.00157683077802292  0.00162729859597970  0.00168177839085994
  0.00173450990415151  0.00178539864594755  0.00184318160336267  0.00191182919214736
  0.00198720631088415  0.00207058729103685  0.00220943195049018  0.00237087371792068
  0.00251110526993873  0.00264168559614183  0.00278204135682745  0.00292904337967552
  0.00304931659628644  0.00316412382603968  0.00327447261798679  0.00338157039427085
  0.00348523822427813  0.00359461250110589  0.00370489747840729  0.00380781639206350
  0.00390933949329272  0.00404844205144336  0.00423491284208180  0.00449066400809255
  0.00479343753760845  0.00513533481163467  0.00537969975375488  0.00561627249224307
  0.00587284947901338  0.00612872374306172  0.00632486960008211  0.00652360496668091
  0.00677051282115943  0.00699447627219991  0.00711389619618112  0.00762442162563352
  0.00815889402356127  0.00872914016148549  0.00947522193969753  0.01036062905368950
  0.01131170225142914  0.01213003291843947  0.01297806505717953  0.01396063757581970
  0.01534036253745294  0.01721924805745550  0.02045564922480620  0.02534244644325048
  0.03180752965642736  0.03413368961568303  0.03600508041823780  0.03826035297474811
  0.03994069354070887  0.04209561024390869  0.04471245242413825  0.05002436029409406
  0.06301720657126908  0.07640095078209930  0.09015391856321965  0.11163741742072300
  0.13856606519408585  0.18640171529340099  0.25568873804336811  1.00000000000000000
  0.00028545112430121  0.00070481642550062  0.00097262327326918  0.00117636925679400
  0.00129096083513073  0.00142971460155227  0.00160329566614725  0.00175410576276937
  0.00189008619435400  0.00204946401097426  0.00225245975494571  0.00260570005610790
  0.00306315836565974  0.00339132389307685  0.00372321952645753  0.00401355642932745
  0.00427522960646773  0.00454368302329793  0.00485855945758020  0.00518723436824433
  0.00552096286113779  0.00594165086343816  0.00640756077994411  0.00686660786066181
  0.00734568472521838  0.00788802301596194  0.00848793533989966  0.00914955870490750
  0.00987106096976131  0.01057653148616895  0.01131426996855051  0.01202667713366922
  0.01284214535516964  0.01381471110440733  0.01486135416910116  0.01599578145490156
  0.01726854259912536  0.01882712950939676  0.02083104773523846  0.02176722419458629
  0.02290960123535365  0.02380890252416756  0.02467423624320296  0.02550276465279586
  0.02625999712462738  0.02696944527078343  0.02774320532943839  0.02874883186544943
  0.02972104687618926  0.03098460590897976  0.03253594760042746  0.03399549748168519
  0.03497524453417887  0.03661833747174724  0.03826470718250428  0.03989042913359287
  0.04163352553416413  0.04317652559127889  0.04589595795123166  0.05029068685440993
  0.05586987896450567  0.06051552411991561  0.06679300994864075  0.07083033127567517
  0.07369531779424862  0.07525580927178030  0.07692452863700194  0.07939345001858146
  0.08246985263010814  0.08524504714572442  0.08762642440651562  0.08982511025640565
  0.09250963053055480  0.09559418094359710  0.09904293672932529  0.10370895358767289
  0.10894113139718509  0.11600833904341130  0.12403570616954063  0.13248169882833966
  0.14167326762661664  0.15052695796774929  0.16002145889237510  0.17356135234528985
  0.19443962485331842  0.21939803971198113  0.24598338118396826  0.28131187577380762
  0.31533779874066437  0.34854049688413591  0.38131746883349810  0.41278963551928066
  0.45246055040960370  0.51741093984067144  0.68542260962958934  1.00000000000000000
 -0.00697642351899764  0.04105041290258335  0.05803614971181026  0.07997721279131441
  0.12677560715814173  0.17438713264255482  0.21838196500262708  0.25750699289615658
  0.29586185034812312  0.33940424595164248  0.38905629803602598  0.42449884803798710
  0.45370048016980824  0.46960673081951509  0.48686914078457932  0.50558678677849167
  0.53596540117711422  0.56335451006652204  0.58169669845289707  0.59809318606186668
  0.61532880893063668  0.63333836181853731  0.65355639219793238  0.67139720688910121
  0.68861200478418216  0.70454119619172439  0.72047725969547249  0.73449700071496715
  0.74656429666847401  0.75820523800493367  0.77231063888397566  0.78761801854631919
  0.80157532652913488  0.81236168458561486  0.82318581259437151  0.83149705291837206
  0.83699102214446008  0.84153054033190255  0.84618182444086476  0.84988047623432672
  0.85355776073736411  0.85807974537316511  0.86262143366091604  0.86666258175162658
  0.87092049996932597  0.87516080344481251  0.87897168555130678  0.88264625681482600
  0.88627160341151401  0.88980153805597306  0.89351351588345218  0.89995362364493969
  0.90696028623165503  0.91290508035263129  0.91820124508526058  0.92330312270338821
  0.92839520501195838  0.93341722665114035  0.93819613120902745  0.94277515075200435
  0.94616850922136553  0.94830492304393266  0.95027029238095928  0.95232516621283692
  0.95426409843308535  0.95603172500479450  0.95785000648225571  0.95978045761909625
  0.96134245910353033  0.96266210303744459  0.96390126920126329  0.96513478663841223
  0.96688427570744317  0.96908446555768013  0.97110632549832521  0.97317591683869886
  0.97533646961265008  0.97762137734783938  0.97987300177057302  0.98200905327541532
  0.98371862019291001  0.98537107857336503  0.98704521265342715  0.98860656289021853
  0.98988437567288323  0.99127835836739020  0.99269471014498278  0.99385166959361149
  0.99482163051407879  0.99573853400124979  0.99649710636658295  0.99724560771680193
  0.99791813799523510  0.99859066827366827  0.99929521134224575  1.00000000000000000
 -0.00513381109254252  0.01478022088804849  0.02876131149544532  0.03887416249637558
  0.04275719814597532  0.04791321729105724  0.05397018412308523  0.05904145258882508
  0.06243824161021799  0.06584911009878898  0.06838825092448259  0.07193030966548755
  0.07634651417696794  0.08324931788943729  0.09152879195817853  0.09943088039241045
  0.10832430658771318  0.11789813784681218  0.12838495899975708  0.13845151891769822
  0.14697134441560564  0.15686474953434645  0.16627747581518626  0.17292125048583454
  0.17867272056034503  0.18527740279503455  0.19230117242324074  0.19983498145689726
  0.20750348505417288  0.21477361974565415  0.22167748586597899  0.22753238528535771
  0.23645096337834495  0.24926106075355331  0.26157965951033169  0.27305127312120259
  0.28427557521794034  0.29474012300659114  0.30672688670232862  0.32141484368854556
  0.33765452584597411  0.35420005155425538  0.37054140416039721  0.38831143359685899
  0.40768346409084372  0.42625136439055489  0.44212488283762308  0.45549669483655963
  0.46904608723858143  0.48377954823593872  0.49883047206539122  0.51669954786780514
  0.53344252716158125  0.54988973633542604  0.56432536745457729  0.57698989085829044
  0.58955035543399836  0.60079449753919723  0.60888722532668194  0.61578198228095715
  0.61933862974413267  0.62306208594130030  0.62672104365309378  0.63311469369399587
  0.64199939519803484  0.65090316394337966  0.65908657415508243  0.66520926581111428
  0.67277905760000289  0.68258302806346249  0.69171391778964164  0.69930284672832232
  0.70672190520469247  0.71446052416140660  0.72327194785007420  0.73855364389741696
  0.75474026692213259  0.77081251230338432  0.78798416248294922  0.80587170994786161
  0.82295485335796892  0.83871397942685944  0.85491563946454341  0.87182529037627565
  0.88602062239910939  0.89964034062204612  0.90977229180910435  0.91560364994869969
  0.92198804377609567  0.92909556455900555  0.93684600242057592  0.95012581663262907
  0.96404690042700736  0.97650087389541551  0.98820438848383929  1.00000000000000000
 -0.00183815398302029  0.00764300175916439  0.01324842285813191  0.02078187057808974
  0.02872940954294967  0.04848483714394565  0.10784057960340604  0.19886323538059480
  0.29569839337803011  0.40582737198655838  0.47167554658968575  0.53032610701655802
  0.57726827242512890  0.62110764888548486  0.65955705331249992  0.69386448867957473
  0.72482082924106872  0.75070418769593572  0.77161156475926207  0.79064445803412253
  0.80753539274437347  0.82001655798262818  0.83199411032602066  0.84505098204886142
  0.85559128384375027  0.86441285830187398  0.87154306405433768  0.87808430665166759
  0.88480870121123634  0.89187102604098545  0.89849166568817029  0.90440954432516030
  0.90978026960770220  0.91414115052097100  0.91762987630882775  0.92017258286163994
  0.92346786065570163  0.92676662363484175  0.92963499031914409  0.93245445311822173
  0.93564578014518240  0.93896436526112359  0.94181212465670205  0.94434448021227890
  0.94687492837988485  0.94927504093439463  0.95139073686422448  0.95341687927509788
  0.95551080155937496  0.95763136318389419  0.95968921625208381  0.96168136936366033
  0.96359519376710090  0.96539311829490304  0.96704998178575097  0.96862205365827547
  0.97020990211173264  0.97188492264962723  0.97337512267033011  0.97475436247992442
  0.97612371955451183  0.97744002778441141  0.97859612034299481  0.97974278765112555
  0.98097095857021244  0.98211806182890604  0.98304882091995693  0.98374194060553988
  0.98444119408677411  0.98511080202084023  0.98575587531632314  0.98659044147883712
  0.98743087242479566  0.98827254682469545  0.98895134610059421  0.98959352002607759
  0.99017096283399542  0.99070790260485242  0.99123174361305266  0.99181315496537370
  0.99236470878268956  0.99283666925506886  0.99329941325054605  0.99375545968887546
  0.99420579581951740  0.99465400571737639  0.99521330484517390  0.99572392057406367
  0.99616290307149769  0.99658462538630499  0.99699555787122918  0.99751778877232589
  0.99811990345242618  0.99872961999528231  0.99936480999764110  1.00000000000000000
 -0.00311629669330297  0.01094401772463810  0.02234471165213513  0.03341772604639508
  0.04480078054721748  0.05847211142344345  0.06983687753679534  0.07696075684119516
  0.08440552116745560  0.09199323592524875  0.09867127988473841  0.10508919923812547
  0.11176091847589029  0.11871133267673926  0.12517069790963842  0.13014638042233395
  0.13466668477718463  0.13950581200291093  0.14387730682127206  0.14814208821667546
  0.15353894484282207  0.15999466602263085  0.16569649619328064  0.17021342100819647
  0.17524691690742794  0.18158696445219749  0.18933986721612872  0.20037888288205258
  0.21298963023645087  0.22662036305236910  0.24517877310067754  0.26872992461938350
  0.28858647480442479  0.29665952091022174  0.30653876077266140  0.31620460814819007
  0.32505380859997113  0.34924348430781188  0.37447269588882559  0.39744195370900570
  0.41535303205899587  0.42820369311802486  0.43977783468956139  0.45057364757905943
  0.46134503292241102  0.47474361060390052  0.48882136318783947  0.50104267011737114
  0.51231259195166956  0.52424236461131413  0.53745765452071115  0.55587597119262910
  0.57331797771444604  0.58447876720062775  0.59280802355132822  0.60077334968410223
  0.60913028086537613  0.61946195654278946  0.63679600596832109  0.66095975290850828
  0.68119578298291672  0.69799122223426779  0.71331045777265101  0.72564180907390741
  0.73702668315291664  0.74801243574353704  0.75963395625714425  0.77064311259001106
  0.78095461612429107  0.78999738190177871  0.79867263346607520  0.80880026329533450
  0.81663703625076811  0.82585658603075074  0.83435241829451434  0.84253107998435639
  0.85077670948173256  0.85768008886154523  0.86233042997945752  0.86561821575461873
  0.86860816389972650  0.87130475553952480  0.87394424005588645  0.87753732561516962
  0.88223517106931593  0.88787407022661380  0.89603462419200841  0.90925036555574346
  0.92443368099974987  0.93669760053320450  0.94668261577517976  0.95559164556898413
  0.96609111968887795  0.97730388102184740  0.98764036145285306  1.00000000000000000
 -0.00054211293039812  0.00094349921361104  0.00394527239174980  0.00654532483686259
  0.00909661957567456  0.01282159247039743  0.02343781650401938  0.03934010373220351
  0.06511471550032534  0.11020819107645470  0.16637027605570451  0.25169123874051008
  0.35681567880935339  0.49040299065554699  0.54991678836455238  0.59361237684826473
  0.63743948033028042  0.67425956807890364  0.73112351318104796  0.77055213464166183
  0.81476104759941892  0.85818259240515415  0.88882563463568398  0.90397980927399124
  0.91590542747934123  0.92969641782662615  0.93978726031411774  0.94489635716396403
  0.94988512878378206  0.95589803168610255  0.95954072693105674  0.96151647798786066
  0.96374884702077157  0.96600703177126090  0.96827730959113190  0.97017594208501157
  0.97174788549067870  0.97319457825808864  0.97464427037386114  0.97635156083195040
  0.97790461397976058  0.97912383475545872  0.98018815287202843  0.98122949779175583
  0.98253464496093001  0.98379942631017825  0.98484015064130437  0.98577081361070185
  0.98665296570143413  0.98752558646808331  0.98817437489260329  0.98863114169044286
  0.98900699617841736  0.98934501185262969  0.98967311436345662  0.98999866790242486
  0.99039335723208299  0.99075719649104621  0.99111500352733295  0.99147316281439157
  0.99191960776749311  0.99239076368553492  0.99282640781226816  0.99323074925529242
  0.99361808586766798  0.99398654757484506  0.99432837909496186  0.99462868558626594
  0.99490545172542955  0.99515993180535278  0.99539209392478767  0.99559563469723433
  0.99580928399589663  0.99603712534373046  0.99628366491874942  0.99654094806682647
  0.99677494699452196  0.99701079227243739  0.99724920479233625  0.99747991855174145
  0.99769397090332457  0.99785807157621920  0.99801799463589014  0.99817517502422182
  0.99830102210863436  0.99842360388447737  0.99854788071056877  0.99867278990743491
  0.99879753491304502  0.99892216654310451  0.99906703275822406  0.99923066040833841
  0.99940241781969041  0.99958780160292393  0.99978961354995344  1.00000000000000000
 -0.00057081036164185  0.00521979747694492  0.01018170184518434  0.01517069789813362
  0.02057716655615057  0.02767732422464531  0.03493719830684332  0.04156298611369443
  0.05204788912766053  0.06000365561982374  0.06781827932518379  0.07717921720923542
  0.08675467214448414  0.09551716107488391  0.10715631361808989  0.12552988764228046
  0.13987875336993411  0.15111865717362685  0.15976111091067347  0.16678051079639358
  0.17343949908185818  0.17983831961618088  0.18944075214942807  0.19952123708790279
  0.21249794476507336  0.22456855122346830  0.23407519150854797  0.24515426076742799
  0.25653001757257143  0.26678043584115052  0.28128696659450952  0.29421770129049823
  0.30860410782914405  0.32553175685923597  0.34344178209066784  0.36049163506261495
  0.37708171989406725  0.39441168597441695  0.41146974792084540  0.42629715144922065
  0.43967461556470094  0.45197946815783907  0.46444605562875074  0.47710089389403493
  0.48952647660727228  0.50067923662647429  0.51190298046063143  0.52513248631506648
  0.53731880370402330  0.55117759335810201  0.56751834387146305  0.58590637742864515
  0.59996145015845537  0.61135034691761014  0.62099903516011468  0.62955518253330844
  0.63852840606838679  0.64913621922837761  0.66220345200015296  0.67566872045465221
  0.69049675509261288  0.70713413840258188  0.72618082897830238  0.74699830175128112
  0.76616479268262272  0.77599672953308074  0.78068363644571570  0.78500836780047489
  0.78921337952277648  0.79355663300560175  0.79920058041288133  0.80459691861511295
  0.80966061245843979  0.81528686232655756  0.82161857604178357  0.82962454367388871
  0.84140951300926514  0.85432039186339492  0.86441998722319024  0.86947291301166141
  0.87275938521785268  0.87733411177935683  0.88266020818654733  0.88904460790779705
  0.89585893571840969  0.90099970977977495  0.90615695212457437  0.91055530760686554
  0.91692723171005175  0.92248776658632314  0.93195876133259969  0.94504472501424042
  0.95749250358099902  0.97018266546077081  0.98417524455738503  1.00000000000000000
   6.3743206550879790E-015  -1.0000000000000000     
 T T T F F F T T T F F F T T T F F F T T T F F F T T T F F F T T F F F F T T T F F F T T T F F F T T F F F F F F F F F F F F F F F F F F F F F F F T T F F F T T T F F F T T T F F F T T T F F F T T T F F F T T T F F F T T T F F F T T T F F F T T T F F F T T T F F F T T T F F F T T T F F F
