  0.00188662934342787  0.02801911731627524  0.05104983957440246  0.06741808276481140
  0.08178025938743616  0.09398590018434858  0.10586761821184308  0.11861157149085809
  0.13162245499450931  0.14452012388212351  0.15729901447701808  0.17057289663633143
  0.18322049594186457  0.19569248076823315  0.20788221619560471  0.21967100575208062
  0.23133369033671763  0.24261356498904485  0.25288107394250692  0.26241895420042399
  0.27175217182071959  0.28117367246655456  0.29046919246738612  0.29947505406675490
  0.30838716823866269  0.31783007302273014  0.32808015616403047  0.33733027248074660
  0.34586028106235983  0.35441235839461027  0.36294746046675314  0.37145293530626916
  0.37999034807702786  0.38828259933365766  0.39692013328098147  0.40611916320256708
  0.41539348525988667  0.42458557899962079  0.43374213213344848  0.44285929139525826
  0.45191455655295681  0.46104002196076899  0.47056380080539700  0.47992433493726222
  0.48924831486878106  0.49860028240491638  0.50797944036789766  0.51737786134811792
  0.52676635157744867  0.53616083584799068  0.54561418949052165  0.55486121414034562
  0.56395716264917628  0.57316870726312330  0.58214689410194154  0.59054241786620354
  0.59883484232321949  0.60729983791244302  0.61581367683919319  0.62433886963019902
  0.63276177871936312  0.64107880971528397  0.64938725987698831  0.65781448288638011
  0.66639193726821944  0.67513445439094766  0.68396613703144549  0.69276869268830998
  0.70155539725641258  0.71055301173216878  0.71991855317789322  0.72941140669570914
  0.73874564172705415  0.74820525027526907  0.75899376680379504  0.77010042332402517
  0.78007648152148945  0.78997716420329345  0.80009813118096851  0.81035384798968979
  0.82072274818138902  0.83121944728115305  0.84190776391098365  0.85296243778444991
  0.86417497939067944  0.87608982836275151  0.88389300883973509  0.89214245690986993
  0.90135130234312011  0.91324166858203359  0.92778035535005166  0.94066872723665274
  0.95161390584873906  0.96481367883262559  0.98032072349348276  1.00000000000000000
 -0.00309545770272291  0.01112624224423706  0.02257052113381470  0.03330918749979490
  0.04417818989089576  0.05506286169135623  0.06588883325351190  0.07656733071944730
  0.08703320405551369  0.09750964710546652  0.10808924939735430  0.11842571287458552
  0.12866754959336074  0.13876979627994862  0.14951791262434633  0.16181423887380725
  0.17273408726518433  0.18330639650660996  0.19406700703556209  0.20464029820117674
  0.21451498569392471  0.22430138435305325  0.23446773932401971  0.24495466937382596
  0.25531229979721881  0.26433697445630783  0.27147746145557339  0.27830565971562843
  0.28569913459295360  0.29475706024216908  0.30472293606620332  0.31465580226343626
  0.32482187788815065  0.33533554794374321  0.34603139451986697  0.35665684974111972
  0.36700742869961694  0.37752507026736598  0.38864610782605546  0.40008349607410598
  0.41177222354940429  0.42363976819072435  0.43550667778083274  0.44753982672217935
  0.45963693044484577  0.47183846592632395  0.48331159957515829  0.49452117576864374
  0.50573639926023717  0.51708213733599384  0.52820122135466541  0.53968171959557565
  0.55146853499903137  0.56353233022543769  0.57519573969174809  0.58676217491505900
  0.59845452053514059  0.61090236144648691  0.62328261405257201  0.63239043402360018
  0.64056996959896251  0.64906235906579612  0.65764396536403447  0.66632832482348003
  0.67489700765611360  0.68334139360283974  0.69299709284424615  0.70431155998709405
  0.71508290279869946  0.72485419568968179  0.73480073806181045  0.74495178968500586
  0.75452319023316883  0.76329919279444391  0.77222908783070299  0.78152925996418687
  0.79086056906440505  0.80011763209311082  0.80936154579437669  0.81942745734611677
  0.82987253227733948  0.84055758005784953  0.85139018042710402  0.86317347580800430
  0.87569457989334643  0.88766624496708535  0.89909911514722252  0.90996266775285428
  0.92089497434360401  0.93186154323818071  0.94286708169299638  0.95393187647517019
  0.96518833283652317  0.97684822211003575  0.98835996046694619  1.00000000000000000
   3.9350647051737145E-010  -1.0000000000000000     
  <DiscreteSampler_grid>
  Helicity
  1 # 1 for a reference and 2 for a running grid.
  20 # Attribute 'min_bin_probing_points' of the grid.
  1 # Attribute 'grid_mode' of the grid. 1=='default',2=='initialization'
  0.0000000000000000 # Attribute 'small_contrib_threshold' of the grid.
  0.5000000000000000 # Attribute 'damping_power' of the grid.
 # binID   n_entries weight   weight_sqr   abs_weight
    2   20   3.965272300827794E-014   1.357380951522066E-027   3.965272300827794E-014
    3   14410   7.541949309013740E-010   1.247941948853487E-018   7.541949309013740E-010
    6   993   6.923861778855503E-011   1.511024171722482E-020   6.923861778855503E-011
    7   332   5.431853321532501E-011   8.024642984388950E-021   5.431853321532501E-011
    10   14285   7.349440499890437E-010   1.194384383856668E-018   7.349440499890437E-010
    11   20   3.965272300827794E-014   1.357380951522066E-027   3.965272300827794E-014
  </DiscreteSampler_grid>
