  0.00503134859346928  0.00509919063796909  0.00525773741673676  0.00551247412730665
  0.00575037770046772  0.00598951571585457  0.00623225364819442  0.00649132504945193
  0.00675678555528319  0.00703514321143937  0.00731564887498149  0.00759978713162061
  0.00789412101203361  0.00819989333312171  0.00854633742117371  0.00888744015699639
  0.00922548438790063  0.00956086029443553  0.00992519789834861  0.01031467911882483
  0.01079407929809171  0.01129091975182318  0.01180136924862294  0.01229875148852152
  0.01280124857759883  0.01331156514636704  0.01383781365951218  0.01445526355057160
  0.01511526528920667  0.01583826861662108  0.01658006708241200  0.01743373599453486
  0.01848671337412912  0.01964709660703302  0.02083655212905161  0.02226512892841136
  0.02380573175344920  0.02546100108910053  0.02722875635137906  0.02910798022145381
  0.03118193414458417  0.03334662249594825  0.03581105950357611  0.03832374358718895
  0.04096111682371543  0.04414767942566910  0.04814460652012705  0.05273808530725675
  0.05802148864253811  0.06397702185590452  0.07207421792412300  0.08064195383929672
  0.09021507275172717  0.10012636989580050  0.10957155707131695  0.11952137079822371
  0.12996416859793827  0.14104709987052261  0.15276147297148751  0.16664523686849658
  0.18246941797383481  0.19848141612145132  0.21373506148892213  0.22858869951156746
  0.24353792941178706  0.25820876163156109  0.27410271016400484  0.29132603712786015
  0.30939441049589073  0.32688521244958640  0.34482844620977815  0.36362177671158730
  0.38288641832965609  0.40222853382013196  0.42234894743381735  0.44454654088625195
  0.46667137712135315  0.48785954435386814  0.51022029929390544  0.53270701760076422
  0.55533439250299688  0.57633350268190786  0.59554640442718410  0.61479797842069117
  0.63780287853592199  0.66118946866367168  0.68607939431467180  0.71182298943831701
  0.73560276737606389  0.75827942225714839  0.78407655066910975  0.81388298324458908
  0.84821068338581851  0.88476119713020884  0.92675061342449572  1.00000000000000000
  0.41295004656198608  0.41989595392075979  0.42579642536102458  0.43154432167467349
  0.43742829445169490  0.44343918889399775  0.45111764547733096  0.45829810735308424
  0.46047660695472969  0.46072863914425838  0.46130030332955535  0.46220165096844362
  0.46311888089022502  0.46399214414024459  0.46484245996350365  0.46576817564608924
  0.46695656617906872  0.46859488036168678  0.47032060697346317  0.47134110420294012
  0.47211433306090128  0.47268630604222378  0.47294297403807495  0.47583953308788990
  0.48180695627327425  0.49033665715184088  0.49884727294738407  0.50732135660312383
  0.51567911188357540  0.52367890208632673  0.53138394431601299  0.53859274019648729
  0.54607208025137322  0.55438013569086486  0.56392403011294012  0.56992299706495431
  0.57180504131400012  0.57267448394715870  0.57466056756317707  0.57696456243155947
  0.57917795801440675  0.58132582245269038  0.58340969637806561  0.58573760091473182
  0.58840877345713638  0.59098738905523507  0.59324124164763337  0.59466520128278311
  0.60147116826380231  0.62093146503043339  0.63237716062552818  0.64019403157729626
  0.64276634174315872  0.64577623512866389  0.64885671010682455  0.65185765420109509
  0.65484330000747526  0.65778390952053578  0.66081708416723572  0.66365953606800432
  0.66600182651808526  0.67015494569008605  0.67719071626831229  0.68154762326511698
  0.68469409037706908  0.68829042561539677  0.69197588099302787  0.69556872501584022
  0.69937400722776222  0.70324125294812601  0.70784158337346437  0.71381807062778024
  0.71956567055696685  0.72475099741370896  0.73056177784359133  0.73682266467885138
  0.74262113869740620  0.74786593936242118  0.75351106767918841  0.75981735474577905
  0.76756103193228198  0.77687160897188912  0.78687162027100466  0.79753748372836464
  0.80854339232379924  0.81976107320311875  0.83080452667150184  0.84217837044219823
  0.85432251682571647  0.86691791715710753  0.87983471264435842  0.89364126236084507
  0.90892992204521084  0.92768655411148737  0.95456461202964638  1.00000000000000000
 -0.00283077062240814  0.00827817382768603  0.01933462923727600  0.02968250075511646
  0.03798785041567215  0.04576146262803464  0.05347120781119604  0.06104265028588619
  0.06979513412450805  0.08067850768739857  0.09133989229388453  0.10104835371186918
  0.11211788677514407  0.12303293880582004  0.13173450961755126  0.13983277682091508
  0.14936017419445427  0.16000593669106383  0.17228518282375685  0.18639997163865923
  0.19872193188895296  0.21106828786991624  0.22372494448962715  0.23634672792410669
  0.24983328030130814  0.26361911723840203  0.27855146666724745  0.29021255428956455
  0.29738550625328913  0.30414768409141862  0.31159370316529450  0.31649502926322465
  0.32012245100272202  0.32396709741216562  0.32819732364698112  0.33387073321761951
  0.34056012453274831  0.34774172959812788  0.35382083070986559  0.36188645497654520
  0.37139093475039087  0.38115155696820596  0.39048445582104796  0.40090296267116493
  0.41338932390304500  0.42393729686589549  0.43422111580924366  0.44432447698719002
  0.45436888688452015  0.46548781449925714  0.47692894530188717  0.48915815609399443
  0.50283824517490583  0.51647843844415953  0.52924294701119357  0.54190720664678427
  0.55445925254562722  0.56641553668793831  0.57719704241797842  0.58717641387726549
  0.59588334318872505  0.60321746863642900  0.61104053778270540  0.61916842764332169
  0.63005194333210668  0.64386011408442190  0.65819752451638114  0.67294954026131526
  0.68760997602571161  0.69902122474506301  0.70924150374709183  0.71934378289204115
  0.73130321021843980  0.74414057800428002  0.75403934856489352  0.76147502316372151
  0.76926367268639628  0.77736589668627798  0.78552030152267616  0.79454564966160701
  0.80369888918717824  0.81128447399415859  0.82526983326172354  0.83729846516268625
  0.84923760865684583  0.86090826349814464  0.87316122426976117  0.88691444477825265
  0.90134107593362056  0.91520399067956326  0.92903456799148265  0.94276865805761767
  0.95608322640535659  0.96990045643082612  0.98365518719633205  1.00000000000000000
 -0.00312092495342055  0.00915314318619409  0.02108910327883215  0.03368017410266971
  0.04746866871461132  0.06278747353241904  0.07965524030864132  0.09601429869620000
  0.10780657893130666  0.11672543940812907  0.12418106976751116  0.12946260839909041
  0.13371104799773900  0.14136693727708785  0.14924392177071946  0.15730536389476951
  0.16483414518452319  0.17279490082980456  0.18064304433666226  0.18845009885415243
  0.19772351742229927  0.20741420495138610  0.21628056379350818  0.22674216651045934
  0.23841289067962038  0.25017852848720856  0.26046937582524704  0.27018297921953988
  0.28050432775882989  0.29076666164456139  0.30661604563440342  0.32312023649540622
  0.33708767306385501  0.35023764429200860  0.36417298497991824  0.37793455883333010
  0.39028494408714398  0.40266163053677778  0.41609225983702397  0.43030091510445845
  0.44516080937064223  0.45886359587352271  0.47045801410270649  0.48110577018805351
  0.49199396546546503  0.50419949963104793  0.51853202230152373  0.53184907097041645
  0.54428174763019799  0.55613945673898613  0.56822309663114012  0.58179869404270979
  0.59294586224402468  0.60115752533432787  0.60919648453491926  0.61757570048947930
  0.62585256885451501  0.63476139548015575  0.64411137278418085  0.65369543053962920
  0.66333598803825966  0.67344508699499606  0.68485756575989343  0.69741293864984133
  0.70998784231188328  0.72199207931620013  0.73411252915111369  0.74712114649684580
  0.76131899328598529  0.77441374153519871  0.78485227029367177  0.79450818389750066
  0.80378367454154576  0.81239484090467573  0.82002929528750468  0.82756309540990003
  0.83443289191888304  0.84083890711719744  0.84725278387907543  0.85442682160626804
  0.86218297558903345  0.86911409975445386  0.87612979092985022  0.88510404544984400
  0.89486556340522427  0.90464362335440829  0.91210378593769315  0.91957226890119270
  0.92892691336493716  0.93883458916905005  0.95187694452213922  0.96287007755957832
  0.97207941455708968  0.98131321027931273  0.99045809948707153  1.00000000000000000
 -0.00114385311076167  0.00568071471307511  0.01205443392397969  0.01907732660499499
  0.02488809139199181  0.03025874425217218  0.03662021529657811  0.04550649768705899
  0.05623120872848988  0.06745482687113458  0.07817458122817003  0.08774683011993133
  0.09630696142154399  0.10531623252730633  0.11614495840790644  0.12596158272640756
  0.13293971636777888  0.13974446301110721  0.14670845944236155  0.15346748178369019
  0.16021654071455085  0.17193278658474342  0.18302328533142329  0.19391381894628784
  0.20457812576889223  0.21541621670200509  0.22700832379074787  0.23924120748382771
  0.25317464395703876  0.26837668151261662  0.28492048884175730  0.30185527866588818
  0.31702559061673496  0.33094723716856456  0.34385599497858838  0.35711316265961746
  0.37125296214339476  0.38344195019900784  0.39482848005965354  0.40559585888595501
  0.41660061660634712  0.42780669045989689  0.43879885784335770  0.44967851869514014
  0.46172625297008246  0.47284722516508304  0.48508489370509872  0.49811159931052396
  0.51097897128766867  0.52369735357428460  0.53621991679737391  0.55034082657227179
  0.56662614208970019  0.58171504040338606  0.59192446165251689  0.60060054305264510
  0.60949287513184636  0.61790995518439518  0.62408698554066355  0.62917534175979406
  0.63446502923300352  0.63958806868760709  0.64697955475296931  0.65970840525507701
  0.67141401929666600  0.67995290680337317  0.68877075114557906  0.69727609621957809
  0.70539078529841426  0.71270705791608624  0.71848086334725869  0.72451336908657205
  0.73149026726777056  0.73926884208210775  0.74855643866687605  0.75759005344078389
  0.76762303683225552  0.78077293083630916  0.79585021393215805  0.81054943966781623
  0.82404396376779820  0.83757708469819914  0.85140630005551232  0.86296740363858804
  0.87371532102685190  0.88423062643667927  0.89541193577035361  0.90793945759591943
  0.91744456823528886  0.92707649472139131  0.93638538820678108  0.94733536157052578
  0.96128823815329056  0.97488522132837607  0.98787176810311317  1.00000000000000000
 -0.00374297526543530  0.01479355006773012  0.02785111936748606  0.04021345678216045
  0.05243721986340189  0.06471041808086250  0.07750720109219761  0.09026698076097450
  0.10284116009423665  0.11369646120295239  0.12208132778042406  0.12879546597499186
  0.13550592811338660  0.14279760526170021  0.15127732399680216  0.16203843085259456
  0.17621007951565990  0.19199374102596586  0.20514617153320683  0.21557009950997075
  0.22621543529568369  0.23738820983940701  0.24729399305058952  0.25609243029698864
  0.26449937958204217  0.27322746554533600  0.28184206105060156  0.29439601304655444
  0.30887410966215995  0.32023152724178483  0.33128898013138780  0.34172385300077146
  0.35017792574716000  0.35979435760321443  0.36889837265572606  0.38131982621280858
  0.39598259107237771  0.41015468380667580  0.42421526396087644  0.43737747793390641
  0.44549690265886466  0.45397384178191141  0.46229829283001522  0.47045897807097720
  0.47769464464065237  0.48461529063330844  0.49245261823096981  0.49974702075029115
  0.50943522542101671  0.51968126947164861  0.53051055451598572  0.54134808315372562
  0.54950698135830989  0.55721762856601331  0.56517711678360838  0.57450683461790542
  0.58279888673255731  0.59032878669533295  0.59728597521931981  0.60581050746616760
  0.61805803411566806  0.63277249344264619  0.64561866669574020  0.65303995997453523
  0.65972845587720363  0.66746184013542598  0.67609913946982925  0.68361995337479897
  0.69037221673149018  0.69611439326471947  0.70214229555859053  0.70750497794194611
  0.71584893919826020  0.72396741545092191  0.73250801605985671  0.74207323836248151
  0.75363477926336619  0.76756208880526333  0.78114824543732797  0.79492879580757581
  0.80759778433308882  0.81912247993912446  0.83044972849755694  0.84274335491447405
  0.85698571681631286  0.86855984574074629  0.87967489645952091  0.89085632120323011
  0.90327090908131635  0.91631299590890924  0.92929432782041677  0.94280531336650308
  0.95706861326900461  0.97109906922832778  0.98510194896482217  1.00000000000000000
 -0.00130834214379993  0.00664060579982054  0.01301269968059975  0.02020132145775948
  0.02900520474509731  0.03858206785659243  0.04740858196355394  0.05544915684574496
  0.06081841640326782  0.07012842880396888  0.08142024966345016  0.09604600665674133
  0.11182223150930985  0.12776877622000701  0.13997721460358967  0.15217365925998586
  0.16363709579535810  0.17580655294950029  0.18677497047130759  0.19573024451841697
  0.20398166970571741  0.21242586480230105  0.22049814684647592  0.22805896088803609
  0.23490694359081860  0.24126727428424125  0.24784957154742124  0.25586400966575762
  0.26441214872616625  0.27227743166041896  0.28000877896635501  0.28766930290577564
  0.29535833155593733  0.30259551088381470  0.30906982274838624  0.31701277110052845
  0.32713273469091259  0.34009677045866515  0.35572110909237326  0.36742675137590708
  0.37656364513114216  0.38573560476845720  0.39446144986972670  0.40388464711385447
  0.41507465359700152  0.42716055583130819  0.43832904551067553  0.44818376186722353
  0.45697198951495754  0.46633105632103328  0.47642314400634622  0.48704187342593852
  0.49947070756607420  0.51043288718286817  0.52185780825144068  0.53278648219247216
  0.54420400315121586  0.55661793728975628  0.56834063003264135  0.57889144311657426
  0.58630698742316856  0.59374109342657233  0.60072611750395444  0.60778806669653651
  0.61591419950187098  0.62638604597158820  0.63881004671208685  0.65113579826946044
  0.66424399306308279  0.67769685834288729  0.69135176381876828  0.70447576724616345
  0.71659670232733608  0.72858760337572070  0.74116788226394903  0.75594152442315321
  0.77118073356015515  0.78607240847718174  0.80005128846893803  0.81249054446018265
  0.82288628458406099  0.83186714733922817  0.84067867011726050  0.84975581331373273
  0.86002488511436193  0.87458612296259408  0.88691271810910410  0.89696908561894784
  0.90803816717509622  0.91850652529388532  0.93117236099460632  0.94587507297806495
  0.96023614003069424  0.97340700668159341  0.98623035588556374  1.00000000000000000
 -0.00341268241248435  0.01367614544805425  0.02828406150057366  0.04160372719720164
  0.05266004975275879  0.06312459086975661  0.07423045377022203  0.08588115747709771
  0.10041120136639071  0.11492612001990053  0.12852561687802530  0.14209032796804194
  0.15547792545200953  0.16858310858808156  0.18037166113549319  0.19202039811190103
  0.20360367327907464  0.21382416582228728  0.22317264005020956  0.23272191500990225
  0.24260182698382590  0.25235329286238328  0.26156733316522424  0.27057678148064673
  0.28024835395414960  0.29161838523238598  0.30364860611153849  0.31571598491396585
  0.32723319971111076  0.33872008089379096  0.35169471017063275  0.35884542147982634
  0.36498060589752762  0.37130196441892283  0.37740192283120172  0.38341213358191911
  0.38865569366140984  0.39325199397736915  0.39676920147012540  0.40066725175520507
  0.40467532722447669  0.41136021782825571  0.41971271829443718  0.43275225228329384
  0.44788674315652993  0.46256473192871039  0.47444545986754555  0.48503684688449067
  0.49560216589764211  0.50740111043843306  0.51836493280534335  0.52749177485563226
  0.53585165145499847  0.54416125909566382  0.55284276821676748  0.56086522096199409
  0.56825338601987285  0.57367100570933527  0.57871565154968063  0.58485400057970449
  0.59323511584245348  0.60560914655675757  0.61980877680489843  0.63284220362470323
  0.64477807582162161  0.65658334209113656  0.66637915530342184  0.67476790362450656
  0.68308242371065364  0.69188332460827429  0.70119858140079028  0.71605462834379763
  0.72843490322994098  0.73638208860792853  0.74487045986588529  0.75353800540295224
  0.76233343719185975  0.77152100155834735  0.78423678008397724  0.79792717751547260
  0.81255261851232718  0.82726201391593535  0.84092739340473399  0.85514980178836020
  0.86765909303137312  0.87997325861022513  0.89211994175015052  0.90528743177937909
  0.91764392519335491  0.92839310056751823  0.93882197364884790  0.94965770272207450
  0.96058575548563063  0.97367623916091639  0.98666084050520320  1.00000000000000000
   2.9507457488360021E-031  -1.0000000000000000     
  <DiscreteSampler_grid>
  Helicity
  1 # 1 for a reference and 2 for a running grid.
  20 # Attribute 'min_bin_probing_points' of the grid.
  1 # Attribute 'grid_mode' of the grid. 1=='default',2=='initialization'
  0.0000000000000000 # Attribute 'small_contrib_threshold' of the grid.
  0.5000000000000000 # Attribute 'damping_power' of the grid.
 # binID   n_entries weight   weight_sqr   abs_weight
    2   4137   3.117879866254678E-031   6.272006348789129E-060   3.117879866254678E-031
    9   20   3.608624766086006E-043   9.201238218959996E-084   3.608624766086006E-043
    10   20   2.409784917475275E-046   1.917156855809635E-090   2.409784917475275E-046
    18   4247   3.168946488540804E-031   1.385503606961635E-059   3.168946488540804E-031
    25   20   1.421258897683747E-043   5.005788600388672E-085   1.421258897683747E-043
    26   20   3.012771031744251E-046   7.427858293614311E-090   3.012771031744251E-046
    34   4052   2.702765510763866E-031   5.922669732519890E-060   2.702765510763866E-031
    41   20   2.382944194155486E-043   2.595616720213801E-084   2.382944194155486E-043
    42   20   1.956982033954914E-046   1.345397908533725E-090   1.956982033954914E-046
  </DiscreteSampler_grid>
