 -0.00014104159536515  0.00147265034562069  0.00283882951564033  0.00444713065445571
  0.00597213445713244  0.00728042957590560  0.00819352440056128  0.00910298797112439
  0.01005514426666052  0.01071913147280744  0.01124761403458238  0.01196889504072382
  0.01269677293457942  0.01375788446295743  0.01506378880814134  0.01659025649910721
  0.01770425513244913  0.01896654143309552  0.02040977508713495  0.02193327683574249
  0.02366234994054575  0.02606748541914470  0.02849974592637070  0.03095081240694997
  0.03350906501394293  0.03627777722987527  0.03941572681900473  0.04304306668054633
  0.04660483281273797  0.05001858432391490  0.05333502165360843  0.05779156291024851
  0.06195988871663349  0.06609297440762382  0.07062017353408385  0.07445466602940198
  0.07723493359864519  0.07983149246932005  0.08234830277708151  0.08465635578096455
  0.08749852855881220  0.09041231502663202  0.09272335428191601  0.09490671372783810
  0.09794689062545044  0.10183801590341927  0.10510430511568480  0.10790971273540839
  0.11154358943970780  0.11619630506970843  0.12162792795911118  0.12709085691506269
  0.13250358369508164  0.13893120196769240  0.14701424076109018  0.15646907244704120
  0.16555915353489997  0.17378058723614645  0.17921605636151777  0.18377028089876640
  0.18887758746956029  0.19533221847611823  0.20413381643898726  0.21270666989307527
  0.21762417088832339  0.22124016903857491  0.22452568194033426  0.22812915758330579
  0.23496231535333423  0.24324879540145591  0.25208007529885768  0.25953903294791747
  0.26560721209028043  0.27272907743051844  0.28091147239097469  0.28976453175353117
  0.29698946391886166  0.30407675911502302  0.31344034624252171  0.32198347937288058
  0.33345426058408933  0.35853888081539764  0.38230388890788425  0.39961918937063295
  0.41639756166367931  0.43757436816384027  0.46164124251022581  0.47698555916456575
  0.49509612867831143  0.52292651836086701  0.55643779711103147  0.59529283123116583
  0.65146911427031373  0.72102951353147304  0.81080528582137212  1.00000000000000000
 -0.00012630796205871  0.00101349517579784  0.00192903516520914  0.00328427990591932
  0.00488944066590576  0.00602656029031980  0.00731005589724146  0.00927471536764992
  0.01129170329712210  0.01379124877480112  0.01709105399524648  0.02058428109200475
  0.02413606692405258  0.02786116024585183  0.03190542641170759  0.03596118669372174
  0.03984868273354747  0.04388387495123016  0.04785807731821928  0.05128707605306037
  0.05469039124904514  0.05823283440130899  0.06121944503941330  0.06382613207505276
  0.06668373191565805  0.07194780321658527  0.07957751257545179  0.08718724716198449
  0.09329075994194180  0.09904925813929838  0.10429708278668981  0.10818214603105536
  0.11297284463755637  0.11881236341577046  0.12507490022207271  0.13203530506639660
  0.14066053293926883  0.14817776782069608  0.15669958099231082  0.16671649167498320
  0.17446141954412195  0.18162975931207384  0.18864974221429490  0.19565912879938985
  0.20265452685582902  0.21359961497681526  0.22016955495453516  0.22569652138467941
  0.23129892714407815  0.23724335773984309  0.24420561162891619  0.25053774457678962
  0.25651767545978882  0.26166970272365880  0.26678102831858064  0.27010638205661736
  0.27287810582235728  0.27633082682013504  0.28030983928349135  0.28919172762960260
  0.29590150275261135  0.30171476625909055  0.30436373397094435  0.30765613287488214
  0.31469685456542662  0.32976159084508738  0.34831386364103650  0.36084830078415958
  0.36687042011389354  0.37289253944362744  0.37772639832045629  0.38014877208171627
  0.38257114584297630  0.38491226296463776  0.38682128263955778  0.38873030231447775
  0.39122955717007801  0.39800220224712535  0.40284761167977018  0.40626532874529492
  0.40845901506599558  0.41024111769209443  0.41158023711790415  0.41293834968710302
  0.41444225347936264  0.41596928516551762  0.41831045490396301  0.42264864217770670
  0.42725414349311563  0.43112493799748730  0.43416259470510943  0.43686835879763092
  0.43943020244102354  0.44177059236152089  0.44366011343859102  1.00000000000000000
 -0.00003145580011398  0.00020027227805223  0.00031864141558544  0.00041997880514314
  0.00055617731641144  0.00068022241118613  0.00078486360413968  0.00087830183438010
  0.00095925455352258  0.00102164418375937  0.00108641935955133  0.00115949629268075
  0.00123232249727967  0.00131642421901908  0.00139887444103162  0.00149110259836282
  0.00158164026310726  0.00174000266582097  0.00193441940148088  0.00210370566748980
  0.00217848027957368  0.00226588247488878  0.00235923302995009  0.00243733189347810
  0.00250656365278625  0.00258057030649972  0.00266223839410152  0.00275722041168083
  0.00286676925951568  0.00299688691642739  0.00313869883466930  0.00324615823488967
  0.00335304580134125  0.00345933273147539  0.00356836057099037  0.00368625909648229
  0.00384941035196670  0.00404479078145007  0.00424017944584864  0.00444502117603910
  0.00465528518575443  0.00487629038058159  0.00510588083779900  0.00534247612862660
  0.00559921577645069  0.00592500101933350  0.00634514145681748  0.00679107573781960
  0.00720306316657608  0.00729808466830160  0.00744504701213839  0.00758685236699853
  0.00770346719311430  0.00781065092597252  0.00802036738643994  0.00831088595829357
  0.00858795865808271  0.00881646469618794  0.00906058111506398  0.00928674523714315
  0.00952426536056878  0.00976907567524975  0.01016774195434701  0.01053521447091398
  0.01084686129603192  0.01134510433798476  0.01190019860146040  0.01242914175548165
  0.01287711533445674  0.01327131083492609  0.01369463896517490  0.01455510592673551
  0.01542395960589740  0.01609831016705948  0.01658034593871712  0.01699332762679010
  0.01747132455444909  0.01826155094108936  0.01973941334102734  0.02223269962264111
  0.02461670744639752  0.02615624831227212  0.02735409121166889  0.02835090292819561
  0.02916356097698199  0.03015300685247514  0.03122519246219014  0.03265417618479103
  0.03424784225037864  0.03877417259428056  0.04586894671412283  0.05393075325505566
  0.06826035706403419  0.09428156934753382  0.15400400986294097  1.00000000000000000
 -0.08763874684182085  0.54919494278137071  0.65840417772218451  0.76363769247512414
  0.83304649227204075  0.85873410032741593  0.86875823079301973  0.87677342552753912
  0.88202940533864360  0.88513353608857193  0.88848964096549776  0.89618663848518787
  0.90447476612603717  0.90941717438695124  0.91213811702838210  0.91387417534578896
  0.91565693680159577  0.91939033319821672  0.92591696633332821  0.93245110209792825
  0.93838085425239193  0.94305472495679710  0.94632094883822937  0.94989265647799936
  0.95261155126323671  0.95538926789338463  0.95772179044669348  0.95939721764101848
  0.96070494790390670  0.96170692780818612  0.96237050600567120  0.96285303395470034
  0.96361962884369523  0.96609050802443408  0.96916167317390578  0.97182838936212079
  0.97437329626393077  0.97661975319758310  0.97834682934144723  0.97944100185230776
  0.98030078828899614  0.98102381781739756  0.98162243694144580  0.98197949836615095
  0.98235113522274820  0.98279844577876974  0.98338499261080370  0.98404576992449044
  0.98479622002348977  0.98585869548923877  0.98701581021867013  0.98817173203028952
  0.98928018636667914  0.98995149084174883  0.99052248926523190  0.99104264890695326
  0.99155080169532339  0.99207284956109310  0.99253764806344291  0.99295538455249088
  0.99331144473381516  0.99362798890334858  0.99393322902751868  0.99426474886069505
  0.99464637790059041  0.99503289028531217  0.99537988787728426  0.99568271896619831
  0.99595475067091954  0.99620116371106204  0.99643175423712060  0.99665764448226990
  0.99687444226980959  0.99706335432482873  0.99723483361611476  0.99741070061943971
  0.99757381014201663  0.99771293691593643  0.99788587129238815  0.99801484832886034
  0.99812939688487756  0.99824157985085449  0.99835203478522683  0.99846034723883037
  0.99860124822712470  0.99874897471669322  0.99887573993531542  0.99898089845210580
  0.99908601338802228  0.99919109249486737  0.99929416419599804  0.99940486700266173
  0.99954662891370027  0.99969414942178780  0.99984541979770414  1.00000000000000000
 -0.00187964980622671  0.00822395489774927  0.02014272114094395  0.02795932855573650
  0.03541395492726995  0.04637529161035999  0.05828557449113855  0.07033578867695378
  0.08235034948757344  0.09166676463769999  0.10118318467608380  0.11582572722044232
  0.13377510872192525  0.14689714866003017  0.16140178180984377  0.17197939730574197
  0.17975451102285328  0.19050862127656812  0.20276786286328441  0.20838911636744181
  0.21253210938449218  0.21645766962676621  0.22077176181422589  0.22848960104709398
  0.23646123819741485  0.24802451270048209  0.26339695080199460  0.27962360954232612
  0.29426263514911893  0.30858620733524500  0.32304204087133948  0.33637333450637880
  0.34651744446249139  0.35377938790788038  0.36220383827615726  0.37061471478004560
  0.37847066555556375  0.38565592668418802  0.39250401612943780  0.40181783526370435
  0.41244810042790364  0.42483776069572710  0.43883149857766690  0.45416697151552549
  0.46939624201625924  0.48393430255199876  0.49858888077001184  0.51270139080560995
  0.52839134198132964  0.54756757089354247  0.56716674677079026  0.57955864883432717
  0.59378287487776171  0.60715295785930956  0.61791510032147090  0.62889768603872109
  0.64023028718319663  0.65136316166669050  0.66223262921246695  0.67632371374747546
  0.69383030402452850  0.71191602709703461  0.73002594369757112  0.74124267727717330
  0.75240322260048420  0.76467579927697471  0.77630191285405004  0.78570297773791520
  0.79226312452263681  0.79948086415161379  0.80803187362858186  0.81701163794553300
  0.82747286673862908  0.83838668076150058  0.84861761443984352  0.85912239446691896
  0.86717875177962744  0.87520527501890921  0.88444794528153159  0.89748473806332640
  0.90551138672878961  0.91348761393408662  0.91881919720345018  0.92298279879096212
  0.92793910401890234  0.93033521021889676  0.93558408190248588  0.94297906602706794
  0.94958722803500661  0.95708991656908748  0.96099917027815884  0.96352536688834944
  0.96644815503546788  0.97170817922271036  0.98276266721730543  1.00000000000000000
 -0.00389954934653813  0.01475468947503416  0.02384399082754784  0.03259260160876506
  0.04224939786127806  0.05181352407401920  0.06153582262225905  0.07557029955697017
  0.09125704714179088  0.10737510758669817  0.11961846468976309  0.13076284158532281
  0.14420179925685767  0.15430574806913422  0.16734756408242299  0.18473748284363758
  0.19978031463277190  0.20886265826049524  0.21738561738000406  0.22625327682498445
  0.23469955247835234  0.24858997907971181  0.27066485116266625  0.29238699742928792
  0.30091429349204851  0.30917443549132456  0.31897498509335298  0.32792943710123201
  0.33523222855590235  0.34219744508655875  0.35095293959192253  0.36012348548267276
  0.36906075061638893  0.37742890875700197  0.38519831910652275  0.39301067822958280
  0.40077069481285854  0.40792208075226105  0.41498874718272927  0.42300726014261786
  0.43339817766806266  0.44401310185977411  0.45501558714930579  0.46897464131232369
  0.48476289753061835  0.49912565418375987  0.50947805472140850  0.51909821204667950
  0.53009431548180763  0.54159116504205163  0.55387378156305844  0.56758235997262729
  0.58238128353719087  0.59915764361169244  0.61626465999497193  0.63434842636733602
  0.65149182728533828  0.66762490097115057  0.68370612892542215  0.69274968824028049
  0.70060221031487457  0.70718614694620863  0.71226270170249839  0.71877129510656479
  0.72647873432917531  0.73411845092402728  0.74416036364128801  0.75705763219265332
  0.76479303267015519  0.77159227841333455  0.77811111131572097  0.78557904653020405
  0.79498163250123433  0.80403346834520151  0.81255647308553702  0.81939302278849524
  0.82573261576157220  0.83361536795977587  0.84479804397937941  0.85721863872928439
  0.86927853573935410  0.88123202721800165  0.89089476259865552  0.89774057421665010
  0.90567926235559304  0.91217930926438562  0.92067499120440777  0.92950406887499826
  0.93752826868892369  0.94684694590261831  0.95746215352077280  0.96692971442296149
  0.97449041045381979  0.98167024468558051  0.98982003427576537  1.00000000000000000
 -0.03588810519280194  0.26892787901347198  0.42067380085589334  0.52380505580006353
  0.55942263932201586  0.56787486509433305  0.57574290438088671  0.58298586067374991
  0.58888875749413205  0.59639396200056938  0.60600225775704619  0.61939334922762568
  0.63490728017648601  0.65199952962420316  0.67364148248489386  0.69150769626704611
  0.70066385414376930  0.71265767995858254  0.72137952249754145  0.72694977617099654
  0.73190948213975293  0.73875986600394750  0.74471016838301030  0.75389154462397912
  0.76412252643348932  0.77472093801380881  0.78665974940561867  0.79525167108282657
  0.80290580796091926  0.80999808497874348  0.81714707407970655  0.82600977474103221
  0.83884269861947758  0.85150653029760881  0.86138601301106288  0.86791277075679751
  0.87307744688501887  0.87747271961877582  0.88106786081970490  0.88445036383718767
  0.88770283640658965  0.89026153879159864  0.89281214941635634  0.89549875478328034
  0.89778475420628068  0.89947925127032624  0.90136197997968526  0.90328069851040971
  0.90501335297371044  0.90752540365526158  0.91151113411741458  0.91595242085512973
  0.91946532125748648  0.92207047758547556  0.92462976321023693  0.92704157125770048
  0.92934744478240605  0.93151330639035057  0.93330942407104256  0.93493241276921535
  0.93656615954596634  0.93768081798532166  0.93899563854867640  0.94034417608760990
  0.94174854608049718  0.94314902258587552  0.94454444335788346  0.94607893391374753
  0.94754066352858024  0.94875380263422571  0.94988995209356653  0.95091533344333024
  0.95191146325524967  0.95315379267867728  0.95456148773134541  0.95591576429627134
  0.95720542396835173  0.95854253728464534  0.95999608333023001  0.96128340746160601
  0.96231859850264301  0.96345707235783318  0.96464564115796037  0.96583330579779214
  0.96725016790521978  0.96942070783163115  0.97133800009495896  0.97321517605613195
  0.97488469896905527  0.97652200709142767  0.97817644361871314  0.97988047700847758
  0.98149831054777004  0.98301501096040211  0.98417121879828062  1.00000000000000000
 -0.00229432661114505  0.01017358235244716  0.02139462605668490  0.03280279606644441
  0.04653353378552461  0.05965717824492719  0.06931456408946184  0.07784143092502994
  0.08523118903210086  0.09369700029098760  0.10326178084194888  0.11367007937593926
  0.12386725087839100  0.13305034224204368  0.14173896087292093  0.15188454741066651
  0.15902505149417825  0.16556065645731832  0.17629579321770400  0.18792496375694670
  0.19733998120461047  0.20564160468924775  0.21492316943402745  0.22637765998743459
  0.24088543580425037  0.25469751896607162  0.26393132644978873  0.27186338081846262
  0.27881150918241943  0.28525444068762557  0.29236938152170250  0.29988373506204191
  0.30785751907919223  0.31758234765990234  0.33156179551857140  0.34737303245263301
  0.36250797982352279  0.37719044824984993  0.39260693256696250  0.41087360254833166
  0.42956262198285372  0.44711788954542325  0.46539893836780760  0.48364432362208282
  0.50153945766444274  0.51945973404518042  0.53650763378246358  0.55815508824819815
  0.58255967788396779  0.60216197159420792  0.61858271702091794  0.62881979996460902
  0.63667700439302433  0.64341800122767467  0.65329938557240808  0.66554730985574406
  0.67853636248309379  0.69072236175659951  0.70398274006459527  0.71728211448967794
  0.73105105977511964  0.74174674398003526  0.75226310530057672  0.76135204346555108
  0.76945937128288799  0.77932101086567174  0.78688547881552851  0.79321471178070424
  0.80063010228196463  0.80588776726716982  0.80918390684127728  0.81165066335377967
  0.81552527865304825  0.81988381295549673  0.82520152329159158  0.83222523055037190
  0.84324380484822781  0.85436806845918811  0.86270218801642962  0.87113852914744727
  0.87830977917665898  0.88577545877472663  0.89674318259316610  0.90602642225997609
  0.91279479744306447  0.91867247901092453  0.92471195950813723  0.93184297256755788
  0.94005385419301457  0.94711665621608876  0.95412704920478564  0.96133924835590434
  0.96824522120392276  0.97561598145926187  0.98495483804879158  1.00000000000000000
   1.0598218453727078E-008  -1.0000000000000000     
 T T T F F F T T T F F F T T T F F F T T T F F F T T T F F F T T F F F F T T T F F F T T T F F F T T F F F F F F F F F F F F F F F F F F F F F F T T T F F F T T T F F F T T T F F F T T T F F F T T T F F F T T T F F F T T T F F F T T T F F F T T T F F F T T T F F F T T T F F F T T T F F F
