  0.00005053458612461  0.00013512896756784  0.00021428427895909  0.00027750054358174
  0.00034977414322694  0.00041147639504973  0.00046379360827237  0.00051473148171097
  0.00057177523336772  0.00063316929042477  0.00070900729144367  0.00081218860589229
  0.00092009115830032  0.00104775730614532  0.00116102922835129  0.00127923021805438
  0.00141452961583950  0.00153535025655249  0.00162268527127404  0.00170133488180876
  0.00177692021462936  0.00186999622914854  0.00198143723670686  0.00208804247257435
  0.00218994120243237  0.00228716642187710  0.00240565825039747  0.00254379718086401
  0.00268655711160007  0.00280840394773406  0.00291670078372075  0.00305175834867921
  0.00318438841870951  0.00332746374750186  0.00350169354218059  0.00375176773969033
  0.00410679197914304  0.00443363906243080  0.00486541630997402  0.00528035599824167
  0.00554534578351926  0.00578594542451190  0.00608917321187397  0.00641980508139610
  0.00669987021439862  0.00684787485727892  0.00710823760263416  0.00745930228854645
  0.00784920244627155  0.00810277213678587  0.00834620462278797  0.00860379381330271
  0.00894759474433284  0.00973722576365082  0.01081817571391331  0.01216881993102185
  0.01362155836569991  0.01518579977983328  0.01657270988676458  0.01781530705169547
  0.01900801534818303  0.02029086830776440  0.02201568371454259  0.02455781696131885
  0.02735642158360296  0.03003946634607298  0.03291953404669321  0.03600197910425278
  0.03941006417680504  0.04374219298745784  0.04865036984894917  0.05365470831497295
  0.05821689907647366  0.06283467154788311  0.06781540656357500  0.07369122855279737
  0.08178770322747382  0.09083101470901934  0.09978704990191332  0.10808341071124525
  0.11745918428804317  0.13027516916992812  0.14476833507372980  0.16481250295692243
  0.19361630378723291  0.22068382018408023  0.24623622868611184  0.27539220371599393
  0.30664039025688428  0.34300179884754628  0.38768986499160835  0.45900201700480936
  0.53017783509643379  0.60709424990931182  0.76209946180319144  1.00000000000000000
  0.00017609417394894  0.00158310036647997  0.00254296598820029  0.00336411064774907
  0.00442584814129546  0.00596423227739971  0.00739793610589246  0.00905675067091159
  0.01087744119256062  0.01226259499161401  0.01336814645415359  0.01442192682099190
  0.01552911056632193  0.01702998260707886  0.01902940291981829  0.02138235674953266
  0.02372545476639989  0.02602610673947712  0.02878299712013059  0.03072137385789303
  0.03239588457813865  0.03460939867231264  0.03698784698447682  0.03978934947562755
  0.04447042890489371  0.05016537488529442  0.05472467794005676  0.05817623138108598
  0.06117032770782520  0.06384332407147249  0.06686566892073702  0.07090399846764797
  0.07515607164460246  0.08056127789922492  0.08714928894824131  0.09410742726902392
  0.10179740843541787  0.10982532547162605  0.11741500587891279  0.12436226520737326
  0.13178547457697182  0.13764484737485483  0.14289213470445541  0.15005200453197115
  0.15855876111498679  0.16974124731430842  0.18407418344310475  0.19950029895553842
  0.21299614310218865  0.22492326128885820  0.23628986717436204  0.24715054219988483
  0.25991590449307389  0.27197625876642678  0.28477018680122634  0.29718477815320243
  0.30788700931438678  0.31791659623544383  0.32918035275585067  0.34248108617195505
  0.35530173586806174  0.36440910271143123  0.37456668483530131  0.38496921240539467
  0.39705403818531643  0.41033449696433233  0.42535465305986747  0.44337555148702529
  0.46218713338494410  0.47886132294415390  0.49168718624389490  0.50436490281595625
  0.51873255984229227  0.53610462039400408  0.55338280325543199  0.56985434520076717
  0.58626129575632546  0.60236570958979507  0.61328413841466056  0.62586769862073366
  0.63854271573027777  0.65152491024870063  0.66879470700289090  0.68650825052126341
  0.70386517076908495  0.72015150587597787  0.73754751978937128  0.75731534577037751
  0.78101857633408833  0.80859785653714744  0.83243720413157529  0.85840815530541148
  0.88774743545409640  0.92146697332306871  0.96000690402943312  1.00000000000000000
 -0.00000668145644214  0.00003636728743752  0.00005600501424247  0.00007427611981729
  0.00009240128937722  0.00011020181051863  0.00012584489152723  0.00014115145169609
  0.00015777501368887  0.00017231605559531  0.00018107782751693  0.00019080651589584
  0.00020162139863328  0.00021492841734867  0.00023523782765141  0.00025924713229610
  0.00027486879601741  0.00028614589597633  0.00029600995861951  0.00030567407145975
  0.00031483311861722  0.00032732821750369  0.00034543923888933  0.00036710011931994
  0.00039307514953757  0.00041853289719875  0.00044375640411226  0.00047441994465508
  0.00050628771466300  0.00053931417642736  0.00057429674330456  0.00060057134194950
  0.00062302352382076  0.00064382532284301  0.00066363173938980  0.00068768026889803
  0.00070933433950582  0.00073622024744236  0.00076489636142563  0.00079986988348642
  0.00083338370353379  0.00086623663117148  0.00090023550383605  0.00093324010751725
  0.00096975588393216  0.00101386882582411  0.00106350550057803  0.00111895414324074
  0.00116597352700362  0.00121109955692441  0.00124140672780787  0.00127415078584132
  0.00131536921534412  0.00134890519849938  0.00138372986927808  0.00141516551845200
  0.00143887819521574  0.00146770834623120  0.00150464516561472  0.00153643178189878
  0.00156856363895986  0.00160957763591844  0.00163002862701416  0.00164551979449454
  0.00166190614020815  0.00169761616495496  0.00175523815667190  0.00181359391276245
  0.00185831687440534  0.00193364033351309  0.00201192006553826  0.00209422174109724
  0.00221540694060354  0.00233381428415179  0.00244761645944987  0.00257496150548040
  0.00273845491933349  0.00293236519042381  0.00311172368260057  0.00319907209044944
  0.00327532925532997  0.00336684078942669  0.00353494095903674  0.00371336138907518
  0.00387971277562868  0.00405081467587494  0.00422919379450264  0.00445451054107405
  0.00473307183746340  0.00495550111264466  0.00517210957292996  0.00545144909774542
  0.00579191877299260  0.00613627910672715  0.33345729699888915  1.00000000000000000
 -0.00049049357258528  0.00240963906646909  0.00408886377322056  0.00544704206469833
  0.00691405374573181  0.00893694261579827  0.01130132471958629  0.01401419369456682
  0.01664977841020221  0.01944007175258845  0.02169900774524111  0.02379254617967609
  0.02675535404716480  0.03015237965237260  0.03327748283713305  0.03600449798786734
  0.03935698097053222  0.04314742111445034  0.04824399414245260  0.05366021396184874
  0.05823748359509030  0.06255734362434549  0.06797785373275669  0.07509023805067500
  0.08434217128840837  0.09563401803750224  0.10580431294338982  0.11534271210806882
  0.12595286688736429  0.13559928384036402  0.14311374871930796  0.14990784574967003
  0.15858002299055138  0.17063465527868157  0.18455635938520437  0.19586956097115615
  0.20360508210477829  0.21211585447979431  0.22150835448414585  0.23292757670313916
  0.24302607902256065  0.25189022509263714  0.25823634413535645  0.26497770128364978
  0.27803625007542565  0.29591062161180504  0.31211860971303845  0.32930251308554620
  0.34955074672250575  0.36994492546789121  0.38771416011644261  0.39803583646928764
  0.40600464907808281  0.41338721162694947  0.41862456581164187  0.42461181305524576
  0.43360257172879302  0.44763145480011779  0.46286407507607796  0.47783051183065439
  0.49171819138816714  0.50308313731564647  0.52625912677788955  0.56114817950066065
  0.59076522689195421  0.61418319090821361  0.63401362137173345  0.65874337850163323
  0.68543312591135619  0.70941035294498822  0.72407837950302423  0.73767747257579031
  0.74956543838209699  0.76388922670980175  0.78141228795136564  0.79863362327114362
  0.81391220805967412  0.82846587759392643  0.84268965649910277  0.85652965546247972
  0.87767871877089576  0.89934458191799349  0.91469112785604068  0.92633169509556845
  0.94059178804097332  0.95290604771528842  0.96361619862012848  0.97082953231790503
  0.97625181310938325  0.98073492508581961  0.98476048823363083  0.98844006007924257
  0.99131875053645568  0.99420045044725636  0.99710022522362818  1.00000000000000000
 -0.00510821613757027  0.01088973136768260  0.02582933779600573  0.03918863509372055
  0.05149879251115485  0.06352104651700177  0.07547042003517071  0.08772997636118637
  0.09996888599402937  0.11233780731172337  0.12767286426451743  0.13980439167998041
  0.14850175284899531  0.16010113938837661  0.16987995342168646  0.17573134731621501
  0.18041616101350486  0.18470747860417783  0.18830717173339243  0.19200143596873631
  0.19618880339259842  0.20035477241443964  0.20574665746989454  0.21281258085642243
  0.22168833563017976  0.23973932206017803  0.25051168220796161  0.26269797695119013
  0.27580173607882263  0.29010975951954482  0.30010933525413958  0.30615160846895018
  0.31098054170254424  0.31649794501671397  0.32409713162079468  0.33236527897460433
  0.34274375273287305  0.35241198107833388  0.36172502858778932  0.37142071391801507
  0.38084235118474324  0.39051792817080855  0.40028769734992770  0.41111587729970256
  0.42474851462812829  0.44042723907660697  0.45503142830621157  0.46713384106497130
  0.47906857054155028  0.48755109966474008  0.49400090455489698  0.50078348670977757
  0.50744296098021702  0.51388292516167855  0.52277258936723459  0.52875321406155307
  0.53316387941541932  0.53768012144375343  0.54619653781967126  0.55778447503101591
  0.56852721333837264  0.57777478116550551  0.58690136367421331  0.59775133133122993
  0.60870931063799494  0.62056304816877761  0.63439378359951248  0.64926037955462612
  0.66471093897477318  0.67871566148505036  0.69008005397306915  0.69978494162190108
  0.70770560317593068  0.71815772027296898  0.73077914920533438  0.74045319064260839
  0.74915525617698242  0.75624225467316908  0.76550874676025549  0.77346932376917876
  0.78465408396596004  0.79362654121830267  0.80363362966529994  0.81275491119490728
  0.82060375305561539  0.82869744221052610  0.83968844503620965  0.85378091138224854
  0.87006288669558896  0.88738569210410911  0.90543758449816580  0.92379249557110366
  0.94505895971890375  0.96568972146426646  0.98401199546106521  1.00000000000000000
 -0.00001365616568327  0.00001539831352869  0.00004854241977663  0.00009104010521151
  0.00013192419582245  0.00017180190585106  0.00021343980052969  0.00025611949183016
  0.00030057783077603  0.00034561332372623  0.00043585052998792  0.00053477676976573
  0.00064107607845502  0.00075251946886632  0.00085627675846996  0.00095558414017120
  0.00107152413113483  0.00118146348775854  0.00128663897872868  0.00139161412451082
  0.00149639622067697  0.00161369842932100  0.00174924287066282  0.00195525618944302
  0.00212389983001867  0.00230872000679456  0.00248416280583004  0.00267388249202801
  0.00287574041360238  0.00309650615683683  0.00335137793773222  0.00362418122502548
  0.00390011219261797  0.00418486361005454  0.00455818764580184  0.00516024402233058
  0.00584558731534428  0.00663240457877457  0.00756953747281860  0.00845837876051099
  0.00933537302983342  0.01029388640799288  0.01119306603284995  0.01204069272305793
  0.01295549058117990  0.01401504386350132  0.01525499288128665  0.01668964534941750
  0.01879043384109511  0.02202579569369597  0.02558820249013443  0.02928663241594402
  0.03387504438011544  0.03892751056645005  0.04518633539043667  0.05286261045656363
  0.06261687814927715  0.07421742229953100  0.08373317020444920  0.09283213732845351
  0.10317308170769129  0.11861789510796772  0.13493242800803573  0.15293971355142127
  0.17511731918537637  0.19648570628194717  0.21598842534655555  0.23999016430839767
  0.26509601342785299  0.28539954870042322  0.30465209792360115  0.32526440046508748
  0.35581444132892498  0.39776046335169385  0.42866384648898204  0.45301409275867738
  0.47873530632052197  0.50141225700639058  0.52721802264714512  0.54953140766112207
  0.57058684706402685  0.59961732666193945  0.63750099631922774  0.67622324481753271
  0.71317670416041501  0.74662829053969826  0.78829591162052703  0.82289203752322204
  0.84698061681030601  0.86702281982312990  0.88558814341667214  0.90757425553667437
  0.92701703053234197  0.94894453116943744  0.96889163646082166  1.00000000000000000
 -0.00340886713870707  0.01235299855469760  0.02783005528458161  0.04122968063022979
  0.05594493472934386  0.06937036594340767  0.08113255012057498  0.09224901684547780
  0.10354180217643164  0.11718844389700654  0.13189639575965975  0.14690340691897102
  0.16190574407318398  0.17629722390561944  0.18480784006214471  0.19263066076917348
  0.19907888875096813  0.20572397016043836  0.21258595000315630  0.22407212092634676
  0.23668047285736332  0.25025596189949123  0.26345566091921668  0.27785513598521194
  0.29086714673894187  0.29958116686990743  0.30735535270042086  0.31646640678708127
  0.32883393512202280  0.34579580321099002  0.36705215923713536  0.38248309952528964
  0.39016864662198592  0.39513858203400692  0.40095265290245269  0.40834053635612066
  0.41786037728114767  0.42568346940622814  0.43203731795234590  0.43954428388651623
  0.44897332770515808  0.46118663217420863  0.47582073709803202  0.49168873413512021
  0.51045374250115461  0.52723730397248270  0.53889688362908716  0.54986143031837020
  0.56316705047462501  0.57473482474241711  0.58690564430424674  0.60095243442239354
  0.61430770610032193  0.62179116556739078  0.62895673038065192  0.63591608192986682
  0.64265412211879758  0.65180659798124108  0.66385392219864825  0.67708015948040157
  0.69015828667666923  0.70023279103789382  0.71129346120090242  0.72103081181607231
  0.72759586581088831  0.73395296713283820  0.73829089757566957  0.74248087862709122
  0.74767024071398336  0.75447148274475184  0.76361241572837779  0.77900788693824319
  0.78990099641993161  0.79895471132697049  0.80783192491569789  0.81523589525073192
  0.82154725841729492  0.82987993891803935  0.83915976630823752  0.84804959696137772
  0.85601922762195559  0.86500256269549980  0.87604400650068071  0.88601441039356044
  0.89675733377916755  0.90868318990979347  0.92224164276353837  0.93436016172175473
  0.94333802256445942  0.95071327675958428  0.95855478893780699  0.96815041940012070
  0.97861850589479404  0.98725863930834823  0.99288612692941425  1.00000000000000000
 -0.00260990901174311  0.01273864619529540  0.02191670811708863  0.03190750630217064
  0.04295328221484331  0.05381525438818681  0.06388240892720991  0.07350881454173329
  0.08290673147192751  0.09007689667464178  0.09760402282477712  0.10481792826003054
  0.11124392826796982  0.11711903127849728  0.12373602099823106  0.13345308810600404
  0.14503114753170335  0.16079389845234343  0.17582882664833530  0.19350233724921811
  0.20901029628280288  0.22313176526787729  0.23626164830968774  0.24988182886377425
  0.26291055648546841  0.27670224533687582  0.29173418818824481  0.30409124665115644
  0.31300949010371082  0.32123833765993071  0.33271436913503355  0.34663476664379955
  0.35826687060420753  0.36915355849775999  0.38048991002058985  0.39253261366555248
  0.40510620555181664  0.41771490933494260  0.42973648184671626  0.44352520785611538
  0.45728857844504162  0.47017812547174037  0.48427572210808034  0.49932883170717934
  0.51385118793923668  0.52550978191568731  0.53744718203233210  0.54838265369591022
  0.55836552697028463  0.56823711275891464  0.57914401045339226  0.58989288316440058
  0.60256959711265967  0.61083118891464550  0.61800512020657017  0.62423433124980754
  0.63083103466757040  0.63766119826154466  0.64715578609770641  0.65805068420768964
  0.67421726255484782  0.68859725700901775  0.70062009296581196  0.70954448952209526
  0.71443738345245134  0.71864117772284020  0.72241371722702152  0.72623950979474994
  0.72990234751274563  0.74032691502926817  0.74948294276045613  0.75542677968957472
  0.75987369573820962  0.76417550051978922  0.77157145259101867  0.78256131601013690
  0.78987291315164854  0.79714752030112845  0.80467439407449826  0.81268236439331099
  0.82364467823779441  0.83542071151140240  0.84818840830935305  0.86188213826705595
  0.87336649084704554  0.88502275872663083  0.89594010116179712  0.90465522972138290
  0.91762318127032738  0.93259222620689941  0.94538569033204678  0.95664406684468439
  0.96775877518429421  0.98093171772340104  0.99121371443757145  1.00000000000000000
   1.1982566088355098E-026  -1.0000000000000000     
 T T T F F F T T T F F F T T T F F F T T T F F F T T T F F F T T T F F F T T T F F F T T T F F F T T T F F F F T F F F F T T F F F F F F F F F F T T T F F F T T T F F F T T T F F F T T T F F F T T T F F F T T T F F F T T T F F F T T T F F F T T T F F F T T T F F F T T T F F F T T T F F F
