 -0.00247328091006121  0.01056637045209796  0.02133612867483266  0.03248319488013629
  0.04316282246926757  0.05348739661423982  0.06351450509341694  0.07364964634550471
  0.08395822962537858  0.09446516086271196  0.10505114285121259  0.11584067629442731
  0.12651918706065926  0.13725850157324637  0.14794486497636436  0.15865128843766491
  0.16919101520732857  0.17967717726197407  0.19018525309060388  0.20073794364231415
  0.21128439300085977  0.22181904993315096  0.23232425477440910  0.24284443825047491
  0.25335067340382994  0.26388099355903621  0.27444610405818654  0.28499003421974151
  0.29543568415067867  0.30590394375739954  0.31645294714218131  0.32720797807439983
  0.33777755461758824  0.34825963360284234  0.35859093934802755  0.36900322499123295
  0.37957714633268874  0.39018112076839068  0.40081680491376759  0.41145796855080669
  0.42214686268970442  0.43280570116449718  0.44337649226915909  0.45394637916654834
  0.46447628686590436  0.47498720663982574  0.48550031326916565  0.49603782255690548
  0.50632808770363336  0.51653643174278008  0.52686826645311990  0.53717253518501673
  0.54752027828496019  0.55781843305254308  0.56831722215001423  0.57887752441508167
  0.58912905507845348  0.59954215926641685  0.60998094715241991  0.62058644505428284
  0.63098025494355259  0.64128427895061846  0.65163624995351499  0.66201574954399767
  0.67241651825900106  0.68277672639255527  0.69320600352828199  0.70376972691839346
  0.71441299693264604  0.72500336591019188  0.73555397683899226  0.74606254444333087
  0.75658588911960512  0.76709912635874844  0.77763740178677787  0.78817484414504024
  0.79871292111915060  0.80924319508162101  0.81974044213740194  0.83024114619452694
  0.84070020701592107  0.85117665782928054  0.86161298294077171  0.87213469754684447
  0.88259325692080004  0.89309677281701916  0.90357500662062296  0.91417957313423448
  0.92506731688233168  0.93628425070825283  0.94774401226184246  0.95888965514770286
  0.96924336573430936  0.97932622935275415  0.98939354706032134  1.00000000000000000
 -0.00272966391339744  0.01047162519178985  0.02140474576868984  0.03253827813177805
  0.04346356369053868  0.05392283511551886  0.06415383607500545  0.07426024351679081
  0.08455779083130330  0.09490894864100489  0.10530376545342475  0.11572886610097935
  0.12628732560690545  0.13687247227078217  0.14745117331915411  0.15797415519242630
  0.16845495701451954  0.17896904857244991  0.18936561196030285  0.19999315235030685
  0.21062752399148676  0.22160916718123791  0.23254147274692688  0.24344051069379111
  0.25414432778727880  0.26488539522668364  0.27563763924902129  0.28640607101409354
  0.29695679218291943  0.30753911317942739  0.31827536880462520  0.32909235855296060
  0.33966336231537136  0.35004958027477345  0.36039149866854941  0.37085941406762757
  0.38134748404581609  0.39196992082674770  0.40239489037363552  0.41283681126126381
  0.42317340205651421  0.43374585003245703  0.44426006644114263  0.45472372492196178
  0.46510521826607498  0.47561117924752511  0.48623071776282228  0.49699597000838291
  0.50782311964711646  0.51828931780570719  0.52881555967222671  0.53923717234870949
  0.54975599616757720  0.56000877172106300  0.57042538450172853  0.58094746100775607
  0.59170127407941875  0.60218367747963286  0.61271929864113961  0.62315356056435378
  0.63364848201859592  0.64421375223811606  0.65476588729551854  0.66526155692844546
  0.67546435519681469  0.68560943963357912  0.69582306645859027  0.70621982452697274
  0.71650809700010443  0.72663822616817508  0.73701692248024187  0.74743095562011019
  0.75813773375944349  0.76881663944714662  0.77961435619098152  0.79034567256458665
  0.80090731683492589  0.81147518346712399  0.82175920347502807  0.83206697708266797
  0.84262351088808496  0.85329152492691618  0.86380378505680133  0.87420108012849351
  0.88457611194727392  0.89519678456389984  0.90568336010476991  0.91635275002991312
  0.92683756114670945  0.93721120125849711  0.94761101501098810  0.95795516831325511
  0.96831864882467844  0.97875438978569262  0.98926673855442948  1.00000000000000000
   1.1861599869380249E-012  -1.0000000000000000     
  <DiscreteSampler_grid>
  Helicity
  1 # 1 for a reference and 2 for a running grid.
  20 # Attribute 'min_bin_probing_points' of the grid.
  1 # Attribute 'grid_mode' of the grid. 1=='default',2=='initialization'
  0.0000000000000000 # Attribute 'small_contrib_threshold' of the grid.
  0.5000000000000000 # Attribute 'damping_power' of the grid.
 # binID   n_entries weight   weight_sqr   abs_weight
    2   2333   6.693124074412772E-013   7.365318937942165E-025   6.693124074412772E-013
    3   2326   6.872722657762483E-013   7.677119100090708E-025   6.872722657762483E-013
    6   2252   6.582671372752445E-013   1.076447320621610E-024   6.582671372752445E-013
    7   2275   6.646003293059441E-013   1.066741446146020E-024   6.646003293059441E-013
    10   2385   6.970559821653095E-013   7.892123195700247E-025   6.970559821653095E-013
    11   2409   6.944228671321315E-013   7.851410866359303E-025   6.944228671321315E-013
  </DiscreteSampler_grid>
