  0.00005187913992459  0.00025371641177867  0.00039776458578925  0.00056078718294599
  0.00074506243690475  0.00087928766956997  0.00103049279589074  0.00120590118643686
  0.00140186223541134  0.00159791684305686  0.00183304269345022  0.00210817489875572
  0.00241257310963082  0.00278145531374418  0.00321550018723429  0.00367955453094780
  0.00424266649573381  0.00486171112869206  0.00550748419455877  0.00626741244778967
  0.00705248813257435  0.00783862989018278  0.00864417752193328  0.00944273521756008
  0.01030548578090294  0.01124115808637034  0.01221957562092028  0.01323354934576681
  0.01428558164405510  0.01535754265598547  0.01657983305720872  0.01796951456109233
  0.01949274626247970  0.02104004906110631  0.02244053802758278  0.02368221130719752
  0.02501245028981917  0.02642960232543898  0.02792406965798636  0.02934288753344415
  0.03102353948080188  0.03289237861061723  0.03438765454776672  0.03564474779799039
  0.03685073441630022  0.03813020180310437  0.03970753461979488  0.04162311845128000
  0.04251458574325671  0.04337329294235569  0.04430735775902964  0.04526331488405831
  0.04638802512527106  0.04771043779301875  0.05001283934661079  0.05248754692432671
  0.05462328411701670  0.05693716565901435  0.05943212893869700  0.06203979220254950
  0.06475540694294298  0.06766595757997690  0.07080488723636587  0.07402400829352652
  0.07734658235876429  0.08103064593204350  0.08539867150817512  0.09007766929413515
  0.09408430884711889  0.09768240570174892  0.10115815446490453  0.10480969488863590
  0.10838629868480348  0.11187205178597748  0.11604940687354928  0.12113833356292890
  0.12670129839371791  0.13231847867397586  0.13791170780254158  0.14331373753318349
  0.14727450585288548  0.15095485773686271  0.15516962783276328  0.15943781681942260
  0.16458444102113870  0.17329674874232434  0.18408293960081928  0.19581055526990881
  0.21225000118293380  0.23488977910477676  0.26445993884003322  0.29399858099767961
  0.32766290598942782  0.37419834437110810  0.47762493066698442  1.00000000000000000
  0.00006986932883049  0.00047535474823746  0.00053612016770321  0.00059403022572673
  0.00066202436567259  0.00075165595832505  0.00090507343216158  0.00099536561320179
  0.00110560055212478  0.00120183708933359  0.00128204894540832  0.00136564121848804
  0.00144260643518581  0.00149633541164756  0.00156711040379454  0.00166327673868170
  0.00177581502453310  0.00192471805291023  0.00213996710140079  0.00243763926110155
  0.00271992918260072  0.00293090068901758  0.00315680969885276  0.00344260374966467
  0.00382937703898021  0.00424711697464882  0.00465799164073174  0.00508118452455665
  0.00551671642611085  0.00623907940769264  0.00708812749075298  0.00771402781961091
  0.00817948415880746  0.00864722894488508  0.00914257945887278  0.00981611727798724
  0.01085460920692820  0.01207437037380904  0.01356080471503814  0.01554819718590956
  0.01841136537336557  0.02251176815900636  0.02559436470297341  0.02824808615871504
  0.03109845322432155  0.03470920794952741  0.03943372146952830  0.04484065023069654
  0.05094773653468822  0.05941221563266191  0.06577817040384903  0.07134756557409089
  0.07725736148592173  0.08400254668549730  0.09074773188507286  0.09793211095299084
  0.10515179655216478  0.11610748921227894  0.12875522650920965  0.14041392750406187
  0.15244548651107351  0.16548151713073053  0.17871904215771520  0.19278650997866453
  0.20828646491998096  0.22326986146733591  0.23615477289546491  0.24892578405809790
  0.26121464947572942  0.27239413961755482  0.28575224521195031  0.30286139444957705
  0.32186724493447505  0.34426153220141376  0.35876594603647871  0.37669496252085372
  0.39733542237096875  0.41904869320292998  0.44177012502496354  0.46526180703563769
  0.48998901606697876  0.51658394580076372  0.54412728923554932  0.57044267444770269
  0.59727304405599513  0.62877900413033350  0.66388501587100912  0.70042586640335791
  0.73887383804626450  0.77812562962733112  0.81697157003633558  0.85411652698390161
  0.88731547002707889  0.92065069399716903  0.95914992933556709  1.00000000000000000
 -0.00023798447188499  0.00066578516122022  0.00140912524349346  0.00210924466689972
  0.00284690811382008  0.00359206115136831  0.00415044057523326  0.00471514800231585
  0.00565954622641241  0.00658472503225139  0.00767326128469929  0.00887711544174399
  0.01050837537621522  0.01251518808262097  0.01520131568025828  0.01893183573504014
  0.02271380023316559  0.02677697279833968  0.03101614103465292  0.03542610846609249
  0.04033982797046205  0.04563536572174353  0.05084086213483736  0.05591496363990552
  0.06142423933473558  0.06803177677881955  0.07396106498909857  0.07927050468222274
  0.08571014295621143  0.09411208631132856  0.10139409422958409  0.10746192902111480
  0.11496697281224744  0.12282725528998562  0.13034967423170946  0.14118748377217685
  0.15599338171431001  0.17158346207101866  0.18626719731625363  0.19905067949421931
  0.21227424899310657  0.22617317657947913  0.24249476282063925  0.26124525272313559
  0.28154984634231822  0.30244484456199316  0.32257967194211346  0.34141941254912334
  0.36126557313041413  0.38123125622554804  0.39938379040967903  0.41572389395622800
  0.43190353583978680  0.44985921599904904  0.46531325777923099  0.47635006980506645
  0.48807128061656696  0.50352990084178628  0.52141098601480618  0.53839694459215215
  0.55292692910767116  0.56680349761839799  0.58135538420092692  0.59776271413934778
  0.61714127119928586  0.63765586503851768  0.65652594992484947  0.67268749754605128
  0.68860602130539583  0.70457457842784421  0.72036564480938514  0.73705898611885323
  0.75303762942146801  0.76542594727104762  0.77604705508965088  0.78639145270770638
  0.79825654143912750  0.81063132208686939  0.82411934164818090  0.83791210325964682
  0.85166958566852491  0.86589234825934902  0.87822174707212430  0.89004540314506841
  0.90153431720440536  0.91293444169861804  0.92397269300690665  0.93498648290606701
  0.94449634620481682  0.95280926439189295  0.96115950999668032  0.96891655917053876
  0.97628169857199421  0.98363557249785660  0.99246832054454659  1.00000000000000000
 -0.00117512800430269  0.00564427653425132  0.01399685839456642  0.02358606684837254
  0.03566491943116917  0.04907568100369165  0.06419622483298049  0.07914774670792064
  0.09260935309818585  0.10524344141987196  0.11877471101760372  0.13334337127352225
  0.14713803818073015  0.15923623769009043  0.17086084931856971  0.18211889964226471
  0.19253877530675734  0.20188954052814498  0.21208357096957453  0.22308002702445950
  0.23461666758906127  0.24578081212391037  0.25491668165179704  0.26035673302606782
  0.26570164472782287  0.27085580513134111  0.27601655802252095  0.28118693630606373
  0.28933268590752581  0.30030746252806922  0.30965079211262253  0.31777302563142584
  0.32718602295435228  0.33784274633455563  0.34860094853835222  0.35841596622723110
  0.36780032697393761  0.37699140891884431  0.38692467884116677  0.39677867773262998
  0.40716361684921709  0.41839981058352432  0.43121055361087596  0.44540752546135898
  0.45904248253303886  0.47200843511294249  0.48492937167855038  0.49603143145762169
  0.50540778646879692  0.51630489311002392  0.52868967584506921  0.54087238813101146
  0.55038137880933846  0.55811775031613331  0.56707163712089426  0.57556371220309577
  0.58460671236900086  0.59336115802424816  0.60137994572044184  0.61023963129868186
  0.62035271257375790  0.63104181092974576  0.64141295808343957  0.64950700496460745
  0.65701786934027118  0.66499700694855224  0.67560750693287996  0.68559370534624042
  0.69503087872951319  0.70318194377870491  0.70961285186136636  0.71748860753103960
  0.72597401409224227  0.73501254841702235  0.74723362711234820  0.76343899881015431
  0.77484678849859812  0.78757664027676033  0.80008770911239258  0.81313846400321332
  0.82777476094804137  0.84433973720463040  0.86022737089511958  0.87327649506642846
  0.88590112966147194  0.89813994264019426  0.90809702618862398  0.91626960266772672
  0.92433424449253465  0.93213631871364233  0.94055461706213195  0.95048414406915116
  0.96319327641677832  0.97576946076858051  0.98832678083618342  1.00000000000000000
 -0.03968585552679615  0.19454843872736446  0.27949179442920880  0.32918568114024388
  0.36892378352176619  0.39623510146472601  0.42606889774733581  0.46239466112967481
  0.48996753576902430  0.51586107357712785  0.53547588945405933  0.55607543140800364
  0.57176549975520996  0.58073693350885114  0.58801092072858641  0.59762044283074167
  0.60749762792137896  0.61669025220644613  0.62543046176772288  0.63593184135175818
  0.64420485508116088  0.65386056617175714  0.66560883888369238  0.67657063369459525
  0.68511821334623879  0.69253965634026782  0.69982685157736246  0.70581239196778289
  0.71264977867590296  0.71963443815571893  0.72717238435701148  0.73532211580387230
  0.74091895064414126  0.74680451308311124  0.75274544391739495  0.75875353025525960
  0.76632378854747873  0.77806842688186806  0.78771651810259691  0.79493817438030390
  0.80071815313667416  0.80538247380146888  0.80877777459590716  0.81210174656656464
  0.81539313170601346  0.81862487728718358  0.82273372073277806  0.82907320744910562
  0.83722657583145099  0.84455050255721809  0.85102143596939328  0.85704525282063826
  0.86338199090495327  0.86902229355172189  0.87473168714010741  0.88073297391233363
  0.88526929793559472  0.88868550088406095  0.89225254699644241  0.89602048539075962
  0.90125225623787208  0.90658640180779915  0.91166861416611344  0.91688167241159391
  0.92164142794364223  0.92589294974658365  0.93025973227244629  0.93472090864110269
  0.93918222082508107  0.94304330422081850  0.94659489826275667  0.94997971154574223
  0.95375576434848774  0.95745762508026067  0.96133162633294922  0.96435217757492264
  0.96687063499094261  0.96937533363307737  0.97165643456008732  0.97433349770598654
  0.97688680683065321  0.97936702663367048  0.98128229842241355  0.98290170267663668
  0.98440990955724073  0.98578508865445602  0.98718117853488008  0.98885130543888522
  0.99047054839914639  0.99193068345581847  0.99322554336180091  0.99455260059187378
  0.99596993879197693  0.99731165794564780  0.99866050148933627  1.00000000000000000
 -0.00256279772716662  0.01052544725859331  0.02222111465642776  0.03704058636564523
  0.04952616799389128  0.05897718819835400  0.06760580273492879  0.07470649544066427
  0.08243490255080092  0.09029484169714971  0.09714224953028333  0.10539370396150262
  0.11423955438419481  0.12320971748570014  0.13262978774404452  0.14647054045181523
  0.15981267441157498  0.17338665112994348  0.18667663806378998  0.19986022187196065
  0.21178133934143123  0.22300530478921010  0.23448688678363072  0.24724883775596887
  0.26037513659909095  0.27288724082201443  0.28452542123902819  0.29657152913139184
  0.30776436069894730  0.31880194706652454  0.32825430769139607  0.33664083073602669
  0.34535087184942809  0.35533526760773532  0.36602655474828777  0.37680500914984000
  0.38871364820481202  0.40148848714558494  0.41323056096671429  0.42425408061029279
  0.43457794067719707  0.44417025365633189  0.45548116654504595  0.46702475837080909
  0.47885356901641835  0.49200129334679776  0.50537686716154018  0.51979272695160650
  0.53285060693239683  0.54537565099623397  0.55737016808687334  0.56957342656596177
  0.58168716673307996  0.59076812911151411  0.59783786356579172  0.60421679404515349
  0.61092483204650616  0.61950298222626732  0.62975449519499216  0.63904262097932107
  0.64960649756802102  0.66390443694050505  0.67572295544386218  0.68418701132743598
  0.69221668675778603  0.69933716177743999  0.70666186686015775  0.71526894634684091
  0.72390040659757859  0.73229491058957441  0.74141637135922922  0.74995971301953468
  0.75910835195900239  0.76930525762803337  0.77978311021983149  0.78866049198975241
  0.79738510587074329  0.80608002959724512  0.81215189285169476  0.82108612673777193
  0.82991480011379259  0.84183279555257051  0.85665997690400397  0.87091639441447155
  0.88361636563362267  0.89446046768817167  0.90382719677135415  0.91266533312079223
  0.92243262631361922  0.93254630207546307  0.94200792742211026  0.95165355018281594
  0.96198023181759518  0.97421939811989733  0.98669170462866695  1.00000000000000000
 -0.00057484449731393  0.00130515004564591  0.00403160735792479  0.00721136194735031
  0.01054895972003540  0.01379435979570652  0.01722046378154152  0.02074813916667228
  0.02444320554656974  0.02839707515473922  0.03211259687469049  0.03479892009223837
  0.03826979202461895  0.04186881540440029  0.04564387573025130  0.04904105615999130
  0.05228395285506278  0.05564996462882787  0.05920398841798750  0.06321392490448056
  0.06843905209814356  0.07539800534985938  0.08238533843179818  0.08864837360829986
  0.09485042234952612  0.10035705717728693  0.10573766470960749  0.11211667427532020
  0.11886658603233088  0.12530447147208257  0.13255388228842169  0.14063475955689750
  0.14931932086339153  0.15813059189479889  0.16651721589567858  0.17418621234536263
  0.17909874659019256  0.18496146236184638  0.19076575620454378  0.19780760401466696
  0.20560507471798789  0.21401763980517899  0.22293637532461569  0.23202227381540072
  0.24278518083309572  0.25465289981293454  0.26610687004341366  0.27591861492376940
  0.28499538488163556  0.29577447818260355  0.30728548301791003  0.31753739217382254
  0.32731543952386799  0.33747449017741454  0.34713138054620613  0.35700867285848370
  0.36750989397670419  0.37842113808652728  0.39088068046230184  0.40611326377919432
  0.42209720965419223  0.43917047973817636  0.45706989355703798  0.47590929957886974
  0.49483474236469199  0.51233497965232999  0.52721984803890753  0.53989442048144132
  0.55529102452143519  0.57142773162203964  0.58520540127171794  0.59902530168861412
  0.61467945359016607  0.63081546753995021  0.64419697722699687  0.65962121651890471
  0.68220834609189429  0.70744150944187689  0.72806802306097551  0.74477010452853454
  0.75835046945837947  0.77248898220469830  0.78802472779085331  0.80780804135500883
  0.83140661058669896  0.85553410943582253  0.87906423223990049  0.90022853442581241
  0.91634670777343141  0.93298653143726895  0.95080759307485663  0.96741634781432329
  0.98014746562407573  0.98821456986343381  0.99448045039412025  1.00000000000000000
 -0.00261396007544093  0.01108096720958382  0.02273557557555008  0.03489457992809097
  0.04689478142439928  0.05987560702788675  0.07262231893298210  0.08476865358301543
  0.09511611740895513  0.10554789482800575  0.11716294624697612  0.12987441855241263
  0.14154074515345136  0.15318454348187280  0.16718173468548003  0.18172499886738597
  0.19569032056551294  0.20830061222083227  0.21956904958154866  0.23160916368166501
  0.24671347116739684  0.26292203775633860  0.27812202514612816  0.29150032709288254
  0.30325996293984658  0.31409130138567848  0.32334773170851183  0.33109882432769311
  0.33954586830889649  0.34754782742486806  0.35693939472640862  0.37136141920613530
  0.38689553533109783  0.39687863541828294  0.40543745162550626  0.41270357173759825
  0.41986664971239052  0.42658162095716778  0.43385963029707764  0.44235418024271644
  0.44922045628684987  0.45575951439958229  0.46182115441608823  0.46862919382577406
  0.47615402843581256  0.48484842434958936  0.49399310347903347  0.50363943014959001
  0.51372532922296676  0.52433061431386940  0.53384204972834315  0.54361125963861867
  0.55250822356268259  0.56248009451676551  0.57167658004250654  0.58199447903757195
  0.59441430626145220  0.60873712533767022  0.62336857916516142  0.63564279790194333
  0.64640377995019704  0.65235012426670047  0.65813363357336807  0.66348552109605541
  0.66861684589247061  0.67476593448139766  0.68584860065587983  0.69978036666938026
  0.71226287171140346  0.72308876141937195  0.73098173217096707  0.73768628909722733
  0.74488332801905865  0.75282093729465283  0.76320002370911288  0.77421096287453572
  0.78395359582509894  0.79437042539973657  0.80517375531279001  0.81286647508071219
  0.82045847502533531  0.82904640029435617  0.84024226912774302  0.85226800885095988
  0.86638179674266003  0.88023908296468045  0.89204283766921633  0.90280046300679107
  0.91308174881619308  0.92377279052897121  0.93573847313236691  0.94765508040621149
  0.96145839139129130  0.97437879055390264  0.98726289487574814  1.00000000000000000
   5.5699406484472919E-012  -1.0000000000000000     
 T T T F F F T T T F F F T T T F F F T T T F F F T T T F F F T T T F F F T T T F F F T T T F F F T T F F F F F T F F F F F T F F F F F F F F F F F T T F F F T T T F F F T T T F F F T T T F F F T T T F F F T T T F F F T T T F F F T T T F F F T T T F F F T T T F F F T T T F F F T T T F F F
