  0.00191206266454912  0.03525998460883197  0.06047117091074624  0.08013923548590413
  0.09714878648462555  0.11253259090085443  0.12668422306464555  0.13998839799844950
  0.15254718215057528  0.16460254516650974  0.17612172469751641  0.18732471122297156
  0.19810099661861802  0.20864565058283147  0.21885527612712968  0.22890524666067635
  0.23871812135400544  0.24837954501223602  0.25783520740472460  0.26715691751061232
  0.27631740796675652  0.28537023672822781  0.29429842624239638  0.30310367125114118
  0.31181124554778628  0.32039804428877788  0.32890293528187386  0.33733773360904606
  0.34570707811062457  0.35402135356311748  0.36225887587661237  0.37044874220632984
  0.37857626933173566  0.38664351199705188  0.39467451429958456  0.40266184999223370
  0.41062419593021232  0.41855476050329798  0.42644306285167105  0.43430096457204248
  0.44213472963012573  0.44994982386079707  0.45775068845748512  0.46552437479261677
  0.47327267710730647  0.48101722815702819  0.48877107355710858  0.49650774173614043
  0.50425376378936615  0.51201088259217420  0.51978816789032123  0.52757120122439904
  0.53534423732270353  0.54311503431447050  0.55089285934886023  0.55867734289869420
  0.56646698286465524  0.57426329769423357  0.58208417186922157  0.58997688798688952
  0.59793401121976941  0.60591800052694855  0.61393634992702451  0.62198356651786557
  0.63010123531635287  0.63828569369196586  0.64652116696364204  0.65482219255603491
  0.66317966982440524  0.67163955795732122  0.68018996649051289  0.68880388626360567
  0.69752256888389985  0.70632349493735525  0.71523522817142970  0.72425098041250602
  0.73339215462057850  0.74269431694319421  0.75212360619567298  0.76174486161580668
  0.77149740003011691  0.78155894619874577  0.79179252201867800  0.80238292210315632
  0.81320296036052730  0.82446390016084414  0.83603700668475667  0.84809436770923619
  0.86066057902867643  0.87395893910148859  0.88814699532544938  0.90351567802848198
  0.92048384228562008  0.94016744015997400  0.96547466215361677  1.00000000000000000
 -0.00251338106648856  0.00947216979180223  0.01964396181701068  0.03017994082089800
  0.04071160329324604  0.05118052077431188  0.06157479739334405  0.07208650664884043
  0.08267506372700104  0.09338127972972005  0.10406916247978630  0.11461700896692603
  0.12515188162443222  0.13565584472642342  0.14621969933379533  0.15681667142298486
  0.16740914519097602  0.17789603043492663  0.18840206155340897  0.19882765169520120
  0.20930910339696415  0.21981364500249592  0.23022533313454913  0.24070084925569554
  0.25107714756059957  0.26163055246458916  0.27204276689236928  0.28255770485863418
  0.29298927300417421  0.30356313640618976  0.31404632633172935  0.32463055454637596
  0.33518319188395540  0.34589635810432851  0.35660085425486665  0.36731818654474946
  0.37787184235232074  0.38834273262702035  0.39891114496634622  0.40941008866041362
  0.41988116714503776  0.43013439405773335  0.44045395841711127  0.45081281437935888
  0.46124328830116756  0.47174574313150425  0.48228486541490068  0.49285484648718819
  0.50341601518392176  0.51393117896494733  0.52442448545282361  0.53487533412482891
  0.54531147814753878  0.55584289942933307  0.56635620832145772  0.57693355726026818
  0.58750685470093944  0.59809470200523329  0.60867010326123105  0.61920980298592898
  0.62981420407399547  0.64040024538521634  0.65098819597970425  0.66154558888252368
  0.67208280754744332  0.68256008006541125  0.69298751907058076  0.70348553134992331
  0.71399106743103269  0.72453666409034578  0.73509874335264880  0.74568354055273178
  0.75639843541053309  0.76704449660495422  0.77772084546767795  0.78832080280802708
  0.79898980317012214  0.80966483683967250  0.82034167746296860  0.83100695173635875
  0.84173786453979071  0.85243162263257388  0.86295944267271252  0.87347744310664832
  0.88413720176737487  0.89486755439740251  0.90555849148027812  0.91620219064965946
  0.92679010383293414  0.93743318202554260  0.94795685651184747  0.95854681941951858
  0.96896720528243241  0.97937434589919348  0.98971059974985898  1.00000000000000000
   1.8499084272220494E-007  -1.0000000000000000     
  <DiscreteSampler_grid>
  Helicity
  1 # 1 for a reference and 2 for a running grid.
  20 # Attribute 'min_bin_probing_points' of the grid.
  1 # Attribute 'grid_mode' of the grid. 1=='default',2=='initialization'
  0.0000000000000000 # Attribute 'small_contrib_threshold' of the grid.
  0.5000000000000000 # Attribute 'damping_power' of the grid.
 # binID   n_entries weight   weight_sqr   abs_weight
    1   20   3.885496976540194E-016   4.302590947330493E-031   3.885496976540194E-016
    3   25   2.416255647071019E-010   1.545748334623408E-019   2.416255647071019E-010
    5   20   4.975469933270300E-012   6.630947769707631E-023   4.975469933270300E-012
    7   6560   3.056861693546629E-007   1.430111200772048E-013   3.056861693546629E-007
    11   22   1.290559570618023E-010   4.124420086550033E-020   1.290559570618023E-010
    13   20   9.527621022833657E-012   2.037592458822813E-022   9.527621022833657E-012
    15   7415   3.320444707843590E-007   1.715488145722639E-013   3.320444707843590E-007
    17   82   2.102516750275048E-009   2.485817495428152E-017   2.102516750275048E-009
    19   20   4.756618109221708E-011   4.689171815918363E-021   4.756618109221708E-011
    21   20   5.014388544979689E-012   6.138497551619913E-023   5.014388544979689E-012
    23   20   3.796067849843830E-014   8.766448475072734E-027   3.796067849843830E-014
    27   25   3.370587023382099E-010   1.904906275948008E-019   3.370587023382099E-010
    29   20   9.557310460479917E-012   2.036744005686121E-022   9.557310460479917E-012
    31   20   4.583330914054010E-014   6.087881188481277E-027   4.583330914054010E-014
    33   20   4.568573866511003E-016   8.895646544039025E-031   4.568573866511003E-016
    35   20   3.474961788735979E-018   2.430062520679732E-035   3.474961788735979E-018
  </DiscreteSampler_grid>
