 -0.00000000105592570  0.00000003460164943  0.00000012964555285  0.00000024438665505
  0.00000040573078578  0.00000058461729648  0.00000078511070115  0.00000099213736537
  0.00000119753199875  0.00000141300200104  0.00000164746547466  0.00000184799616701
  0.00000200534535702  0.00000216221279209  0.00000236210945322  0.00000260504375813
  0.00000284947989694  0.00000309397806340  0.00000332782170798  0.00000357307836467
  0.00000384534449970  0.00000413507422016  0.00000442620039648  0.00000471898210244
  0.00000498674807209  0.00000522628050070  0.00000545208233797  0.00000566845188704
  0.00000588115015893  0.00000609477989409  0.00000632007436430  0.00000656117129285
  0.00000680116051284  0.00000705775448425  0.00000732418149364  0.00000753836849153
  0.00000769108902368  0.00000785019541515  0.00000800588387503  0.00000818643861933
  0.00000838278878451  0.00000859492069103  0.00000880979423942  0.00000901599039093
  0.00000920346773090  0.00000941181302371  0.00000961842327814  0.00000984345881688
  0.00001004781028603  0.00001022876491292  0.00001040601380584  0.00001058379569767
  0.00001074748252333  0.00001091812254691  0.00001108900762655  0.00001126979069201
  0.00001147878211099  0.00001170714319703  0.00001193953254326  0.00001217924941099
  0.00001242219946401  0.00001265548340493  0.00001287032601132  0.00001307547874164
  0.00001328016073986  0.00001348571248866  0.00001372328873452  0.00001398359288087
  0.00001422727591584  0.00001441301849404  0.00001456066708584  0.00001472066564138
  0.00001487129755972  0.00001500619855074  0.00001513675787544  0.00001527525900330
  0.00001541993852591  0.00001557151540174  0.00001570445118215  0.00001584451103510
  0.00001603912102839  0.00001625506329462  0.00001648083452897  0.00001670698292150
  0.00001693197087204  0.00001715815550297  0.00001737820543371  0.00001762314303612
  0.00001788408501310  0.00001816056051418  0.00001846089998019  0.00001883423036075
  0.00001927233320690  0.00001965882839970  0.00001985249943101  1.00000000000000000
  0.02605576951864868  0.05898116522142820  0.08570521097748728  0.10481068523035644
  0.11910512233765155  0.13112750523874048  0.14214244375509277  0.15494733722065018
  0.16787557274780318  0.17954843398587336  0.18917559016725405  0.19859252864982868
  0.20874283270690816  0.21890423604299430  0.22926857321197525  0.23894841090834520
  0.24842711983886590  0.25776014120686652  0.26726381507079006  0.27707824466252867
  0.28724121939099179  0.29870868769060749  0.31024303476476955  0.32030307774007227
  0.32918398339422500  0.33755043083941683  0.34573610250164877  0.35399385841017594
  0.36255914899641550  0.37165890012910069  0.38124214671099216  0.39071651421967629
  0.40007794969280064  0.40940659598901796  0.41786167438548288  0.42553355568797874
  0.43346327680394975  0.44179993301933829  0.45047355770129116  0.45834544108185254
  0.46598603279030204  0.47317445885784432  0.48118324116810690  0.48791555866282393
  0.49531784981560806  0.50322352876271048  0.51147387236696407  0.52008438506720689
  0.52862918383817759  0.53750670213466778  0.54658916939087954  0.55578288278262133
  0.56527625015851424  0.57527328921150478  0.58538362957138534  0.59636079766366767
  0.60621715830791967  0.61541937464846397  0.62407091025692030  0.63324775949057277
  0.64257100544921109  0.65115948960774850  0.65935550740150095  0.66832561102899624
  0.67669327210297703  0.68426939028332912  0.69158714776248675  0.69794976403503961
  0.70288868018587836  0.70787227363691796  0.71323496333724534  0.71992671782763795
  0.72480881031548861  0.72852566612031033  0.73249761060339935  0.73696384286796524
  0.74120895351657323  0.74692589340023730  0.75511092245060729  0.76371980268432482
  0.77215125628902337  0.78166572609343110  0.79316737156246464  0.80650153917467271
  0.82001095304113147  0.83357188032299456  0.84689641458603127  0.85891854697905223
  0.87186918833241245  0.88717479314324110  0.90150917649182105  0.91369940594725296
  0.92853233190286599  0.94672386729884372  0.97255953689412900  1.00000000000000000
 -0.00000000451266996  0.00000002597009681  0.00000005875079223  0.00000011070403953
  0.00000016651028972  0.00000022877919046  0.00000030980652585  0.00000039643315280
  0.00000049766952157  0.00000061465018043  0.00000075957879280  0.00000107104222838
  0.00000139396024531  0.00000175577569573  0.00000217196179839  0.00000268396529345
  0.00000333649436397  0.00000420995514685  0.00000549585600432  0.00000728100637518
  0.00000958414392572  0.00001262712582771  0.00001648608000502  0.00002112762700566
  0.00002759164523742  0.00003617078376491  0.00004740772461426  0.00006330206348824
  0.00008360579440810  0.00010915023965684  0.00014155115972838  0.00018570897376627
  0.00025030413307785  0.00033696319628274  0.00045968042421185  0.00061343127769692
  0.00080241714687190  0.00101913009100930  0.00126406682207070  0.00152838041283116
  0.00183148848625209  0.00213020180118178  0.00241702440293622  0.00269855658456841
  0.00297364467309774  0.00328149776233968  0.00359988758450997  0.00391625636438996
  0.00424148315533334  0.00455367632941727  0.00485849003285692  0.00515883174014762
  0.00544547172572598  0.00573612835905663  0.00602496357987047  0.00631364867972306
  0.00660301833475431  0.00691268928497730  0.00722182460228073  0.00756044791188403
  0.00793654660484382  0.00830889115934051  0.00865468814147040  0.00895237434744742
  0.00925207220190960  0.00956680488690363  0.00993635141594267  0.01033356399081039
  0.01065024349027649  0.01095956304878073  0.01114033757146626  0.01135539263680732
  0.01160569754262243  0.01191336449502934  0.01223039322679514  0.01255334513548811
  0.01329507758889952  0.01380754543239031  0.01437245368375465  0.01499692760782415
  0.01574036034401156  0.01671089412005760  0.13701343795615195  0.64437340087722461
  0.98226526673638503  0.98474753385426383  0.98667586083625058  0.98839275441526775
  0.98980437147583589  0.99130304828563587  0.99287683597498999  0.99431625524580836
  0.99573826807224064  0.99717816286049932  0.99859569606667786  1.00000000000000000
 -0.00223610350092474  0.00839432225518485  0.01674043386026563  0.02527393809159102
  0.03394764090079315  0.04272813895264953  0.05168502272209951  0.06168834051659310
  0.07255623596382556  0.08440560945730266  0.09684193878971616  0.10824454857363422
  0.11837678289325902  0.12792932133989005  0.13789566583444640  0.14802246568288466
  0.15751580165440823  0.16637840696175241  0.17596025439581447  0.18570849306756648
  0.19487125325748528  0.20316709496758717  0.21091478036064895  0.21942840825271723
  0.22818081096496859  0.23512833218077048  0.24012643617816759  0.24504850074422349
  0.25049765243453648  0.25638435691074446  0.26196159575354666  0.26959966630319471
  0.27969532314736290  0.28948327625794762  0.29948038463717180  0.31013909428348502
  0.32140618622166750  0.33325134554615543  0.34520531654025011  0.35683200203165977
  0.36905984139301184  0.38197978088522894  0.39294426158494949  0.40709345096933980
  0.42013211697965064  0.43215207949124179  0.44272291799292945  0.45059596423964765
  0.45879085728615371  0.46692016565949368  0.47499498244800148  0.48387448756024465
  0.49391562392424826  0.50543437174642447  0.51888943560851764  0.53192649211956433
  0.54415239638202784  0.55488290963349518  0.56580487311972172  0.57566943757666489
  0.58683641901225048  0.59765621072885855  0.60901656405143545  0.62196710140945322
  0.63499747812205931  0.64757760930814490  0.66087610824436493  0.67352125448028244
  0.68615159306760376  0.69834260558652606  0.71002179386144704  0.72089934728676341
  0.73158749833703351  0.74376866729590241  0.75636592223103549  0.76881795856882562
  0.78011969570213835  0.79184104583105452  0.80380954357839507  0.81705027605356106
  0.82966060821499699  0.83868742792410966  0.84712798733445827  0.85553261892697696
  0.86754243222995775  0.87998849949616487  0.89118689369982529  0.90147568868704830
  0.91167661150639900  0.92229905670450318  0.93408943352964224  0.94693960326358118
  0.96075307154984568  0.97389962264141439  0.98467703784711613  1.00000000000000000
 -0.00262085727044048  0.01042253631253999  0.02113147923283019  0.03079830756700826
  0.04018402779159346  0.04824831103453502  0.05671004266774226  0.06472361222984739
  0.07329216537213934  0.08273729752357938  0.09244700280980764  0.10376037692942022
  0.11649816869376609  0.12964357631168635  0.14314239474742060  0.15704804472697792
  0.17077166037560915  0.18323117657914667  0.19474747321467026  0.20638628539785578
  0.21844862753454874  0.22952298575672164  0.24025950169360391  0.25122740297881968
  0.26364287875122222  0.27625092980520494  0.28637201984525473  0.29530928649589877
  0.30400517854824755  0.31523837475732935  0.32752216330735157  0.33967382677336883
  0.35145185701481785  0.36155204301630889  0.37066411261226284  0.37958683412777933
  0.38885763361057674  0.39851743570137732  0.40761920115852851  0.41768134787458600
  0.42838505490854695  0.43871637201349023  0.44866229441903466  0.45914320821450000
  0.46867735424229245  0.47815232450056222  0.48780739733593326  0.49787549962112509
  0.50696980451757623  0.51554475728535409  0.52425318220167016  0.53334031894054601
  0.54300640139932210  0.55372153898578247  0.56477298610698690  0.57570775530497609
  0.58735315351311523  0.60137545540064830  0.61444156574105813  0.62818291715616004
  0.64257935068526639  0.65588610177470086  0.66694625138970876  0.67643887654574819
  0.68595512390033131  0.69616852372617366  0.70812302504770575  0.72110604329541106
  0.73348276649562283  0.74503549066556352  0.75581159124820407  0.76640107455797191
  0.77707453377705937  0.78792211778050714  0.79944894905283137  0.81093888604894926
  0.82248410894804491  0.83373593825811232  0.84391086278199323  0.85381155721290181
  0.86438069347106206  0.87690047216003031  0.88970748470803929  0.89536197812354379
  0.90026290912762996  0.90568627170633187  0.91090787601172829  0.91612165680008006
  0.92303061328921043  0.93345858320795194  0.94366351017846195  0.95312807468481908
  0.96247986161840038  0.97436728809993045  0.98739593746366250  1.00000000000000000
 -0.00192430118332365  0.00818469282921407  0.01617541865503872  0.02550239835112577
  0.03538842762636174  0.04680874775798907  0.05789346553505096  0.06861873064188552
  0.07904044702486160  0.09049004878711128  0.10109252577715112  0.10961078429578967
  0.11860375408102780  0.12926057428700166  0.14054487350606659  0.15418170591704014
  0.16715338448243922  0.17830625232119471  0.19001941223511767  0.20175206002733798
  0.21261574615998372  0.22501030281037129  0.23553199336470046  0.24347599476602563
  0.24965671212614868  0.25553022790836583  0.26133403467528565  0.26818240536362298
  0.27476176093453819  0.28162410556837092  0.29328261431937225  0.30653365177222658
  0.31778620115091788  0.32824570365804501  0.33859852429689535  0.34949357423475369
  0.36021820310878661  0.37089265401575022  0.38154827322157758  0.39200449245669594
  0.40412875464416209  0.41799926664486714  0.43243589966464741  0.44703366818540591
  0.46094001414996960  0.47258696872456379  0.48304137464993041  0.49078378562739722
  0.49878800543565965  0.50747123983743248  0.51639799808983022  0.52571961671167966
  0.53505594357101771  0.54483482223628099  0.55581330724439126  0.56713471354830181
  0.57889707605019058  0.59040918106024465  0.60124864137851597  0.61161399040136444
  0.62166980556151785  0.63125990377817565  0.64075440112510396  0.65042857844813451
  0.66022969302220869  0.67009211047844708  0.68019689049494714  0.69027590575793762
  0.70007744736420918  0.71050591043885103  0.72238749218038689  0.73495884097019448
  0.74974355142390470  0.76331183081173815  0.77664308038496133  0.78923431815092326
  0.80137526073347287  0.81326639354978170  0.82504021467613764  0.83610479386152481
  0.84541152586973778  0.85585284984903709  0.86712967402366004  0.88119756357200640
  0.89502543683789659  0.90970892569330719  0.92262549433738761  0.93063923927450409
  0.93852610094701916  0.94505121178157248  0.95302962162961602  0.96261410515300405
  0.97157558645150055  0.98016916090118422  0.99014167017443544  1.00000000000000000
 -0.00470224731152861  0.01516419188537749  0.03248213858241521  0.04822079461352530
  0.06294456137943108  0.07696180897137266  0.08970576339359371  0.09896646023913168
  0.10545263579391369  0.11160991811205637  0.11756509939981027  0.12729163492197823
  0.13837382850582161  0.14982858802799073  0.16301415308197922  0.17615970319615196
  0.18972861954903314  0.20377584730610712  0.21704017739537082  0.22820086788308711
  0.23728165596551570  0.24563836073318848  0.25537230078068412  0.26557785663845351
  0.27456649007162454  0.28364125065261908  0.29491205758260985  0.30825361094775516
  0.32033771480039552  0.33010031965182046  0.33917452747085813  0.34804243732477014
  0.35507196482494852  0.36170761969772608  0.36881834698411764  0.37615715771493596
  0.38491196021326485  0.39546074207097986  0.40724955453297107  0.41803741505645664
  0.42387229849851460  0.42920104694915523  0.43484785101338141  0.44124910595784750
  0.44755406410548942  0.45419735802414130  0.46175517708470248  0.47333826748662550
  0.48496041678211577  0.49640249124921110  0.50666847079043564  0.51642896886772138
  0.52693958035635313  0.53831068951422778  0.55049342256012945  0.56357767276615545
  0.57649914841645677  0.58937673574973704  0.60229688406660786  0.61628967720610395
  0.63068561115609578  0.64383295714162203  0.65452651713038501  0.66309204982729653
  0.67233058808677648  0.68131719612048869  0.69045798209135634  0.70024028037499053
  0.71074262337490612  0.72290963846726020  0.73562715075255580  0.74610641867806526
  0.75551049069334986  0.76471646168820062  0.77431431238702708  0.78567744965750963
  0.79750554973804544  0.80877756171225035  0.82137591199684912  0.83428933601218680
  0.84567827478299040  0.85630156006736469  0.86635697486260088  0.87604554904696852
  0.88685820456497721  0.89868339700870870  0.91059300791491715  0.92133754684852476
  0.93109072556575512  0.94164503935975974  0.95265628641638733  0.96340593822155618
  0.97211539726738250  0.98023875855013687  0.98814952370831377  1.00000000000000000
 -0.00239802842219062  0.00931674720789694  0.01941553260987965  0.02905739896066887
  0.03897319316647607  0.04950745315228899  0.06072278223786907  0.07281556011612961
  0.08274114617450376  0.08910400492312547  0.09467034162606947  0.10123931215967005
  0.10834500409404253  0.11487597422878697  0.12132543023266582  0.13146840849022740
  0.14212006163859997  0.15238529996708067  0.16339266058704488  0.17489503968515030
  0.18615515318965764  0.19622110526651496  0.20548115963559219  0.21471318606946888
  0.22288122011538333  0.23088627749550894  0.23927104744075151  0.24933376204031407
  0.26014933647875138  0.27092722419066601  0.28303954086801869  0.29573230452010940
  0.30726048157731684  0.31840239906136103  0.32964696926665843  0.34189117548409831
  0.35540500122640667  0.37146733407117372  0.38391181856204037  0.39624116651024449
  0.40826563362730450  0.42031388676338671  0.43291854608996477  0.44412980158578869
  0.45485624284468862  0.46798334767831845  0.48098257993751065  0.49207928345127772
  0.50340778402362407  0.51682262620676167  0.53059141225826489  0.54401580273654837
  0.55694186194859008  0.56845025035350405  0.57910307644773806  0.59024718067050741
  0.60021938396331975  0.60958422769918841  0.61821526697247331  0.62712348465845091
  0.63664971100362955  0.64533599673903574  0.65357936150574902  0.66237962143890827
  0.67248168815149112  0.68364465745432845  0.69401907369750049  0.70442548468101696
  0.71500460990020354  0.72433357151056388  0.73213595072726134  0.74068574350156791
  0.74915487179315965  0.75860703520451123  0.77011965704936192  0.78258426329103914
  0.79509965148288364  0.80720935369225510  0.81742512021200386  0.82722817604508392
  0.83730698237632950  0.84742985947149052  0.85678458583349160  0.86656541090726458
  0.87663336726930441  0.88658311756776165  0.89740429925867349  0.90936162825754208
  0.92099069141489898  0.93205710209176773  0.94315454793245934  0.95864240218190677
  0.96961997656738963  0.98025831398518060  0.99051214874367000  1.00000000000000000
   2.7203040571051068E-016  -1.0000000000000000     
 T T T F F F T T T F F F T T T F F F F T F F F F T T T F F F T T T F F F T T T F F F T T T F F F T T T F F F T T T F F F F F F F F F F F F F F F T T T F F F T T T F F F T T T F F F F F T F F F T T T F F F T T T F F F T T T F F F T T T F F F T T T F F F T T T F F F T T T F F F F T F F F F
