 -0.00000437634132034  0.00003077622187988  0.00004962756905266  0.00006558273105715
  0.00007674853721246  0.00008566094111983  0.00009344366203635  0.00010083116300336
  0.00010559029721037  0.00011225149505605  0.00012358609427982  0.00012968164395632
  0.00013838426071330  0.00015761729648285  0.00019852632474386  0.00023798357567231
  0.00026835764337513  0.00028954161132269  0.00030909465685619  0.00032806846721081
  0.00034692022346512  0.00036629071895448  0.00038665863002296  0.00040793463837134
  0.00042953133858298  0.00047898283115997  0.00053721808054844  0.00060627833891334
  0.00069460049488130  0.00081537724407549  0.00093878019954902  0.00102651445055341
  0.00107645383471508  0.00110650378929074  0.00113649260295993  0.00116530726800182
  0.00119681452962903  0.00121767712644635  0.00123573646438660  0.00125645293083406
  0.00128941092919662  0.00132800755198347  0.00137406019790242  0.00141144841226780
  0.00143920994194442  0.00145596900092560  0.00149566290422229  0.00155529246337079
  0.00162100417091824  0.00169281251999474  0.00180006696770774  0.00193240607850031
  0.00220672055825652  0.00256965585309713  0.00288936851098146  0.00318102692020731
  0.00343888929125727  0.00368903348831500  0.00397927054136440  0.00431355260196417
  0.00470533708151649  0.00512709609430074  0.00553748560968249  0.00590449449446322
  0.00625943308045553  0.00660420698110212  0.00729167056186136  0.00798818821813952
  0.00868275804236612  0.00941565764454471  0.01018163578782428  0.01093140332826712
  0.01165350244213860  0.01234524053705953  0.01311054469048803  0.01406085396970842
  0.01485408268959396  0.01727307550323414  0.02078705815780530  0.02493050803569292
  0.02995099951573209  0.03505440474829788  0.03990938688870459  0.04594328493760900
  0.05372441771197441  0.06270621537825449  0.07750717580510838  0.09235025192521600
  0.10569288936106395  0.12579914151932389  0.16180971761957011  0.21573921379381639
  0.29930391307640342  0.45335435169651200  0.62352620436743000  1.00000000000000000
 -0.00000016596488951  0.00000707413811412  0.00001666400842857  0.00002469370282890
  0.00002895723147726  0.00003317164085969  0.00003705362823658  0.00004166908965998
  0.00004686656763277  0.00005224423259981  0.00005848151110063  0.00006548478507505
  0.00007290111886296  0.00008137699209326  0.00009123769424964  0.00010225339857804
  0.00011121986482236  0.00011904769199687  0.00012618136676172  0.00013303555521957
  0.00013970703497054  0.00014671341604223  0.00015500951276869  0.00016407346692735
  0.00017309250590516  0.00018122133994474  0.00018761792388456  0.00019429257562730
  0.00019968594793652  0.00020503127897339  0.00021049153241302  0.00021609389429162
  0.00022263515789817  0.00023061156199249  0.00023913713176630  0.00024733540025556
  0.00025553114290140  0.00026429891521782  0.00027471899167978  0.00028642779541162
  0.00029691713027215  0.00030736038554157  0.00032198830748634  0.00033970112293209
  0.00035902360884319  0.00038815603527131  0.00041846229566967  0.00044834073283035
  0.00047821916999104  0.00050936990861403  0.00054057380488361  0.00057776757211400
  0.00061648399190327  0.00067007781347276  0.00071488269674669  0.00075558183189870
  0.00079455149520027  0.00082960376651245  0.00086178300744810  0.00089218488882275
  0.00092030022364728  0.00095573011415481  0.00100414582845496  0.00105892515773256
  0.00111198037894818  0.00116815623125995  0.00122591844704746  0.00127942736067031
  0.00132684948829441  0.00137098419042171  0.00141357704410842  0.00146357625449032
  0.00152843994903639  0.00157360468699068  0.00161301011354228  0.00164440592150921
  0.00167572323577952  0.00170755440111199  0.00174580856102026  0.00178933453583880
  0.00184839667843668  0.00190889648008880  0.00196821300802549  0.00203899086267913
  0.00212062982882621  0.00219174471116582  0.00226785218392055  0.00234675633229366
  0.00243329525817000  0.00253248210517101  0.00264381671331824  0.00274745065131512
  0.00305952676185971  0.00434662459445764  0.00622806855131356  1.00000000000000000
 -0.00000217959143297  0.00002513049887394  0.00004494145406057  0.00005835524160651
  0.00006878308499977  0.00007993602961099  0.00009339862216559  0.00010547969429795
  0.00011733014891430  0.00013146046733391  0.00014865256203840  0.00017140523532672
  0.00020561637244497  0.00025561992889441  0.00030608916603343  0.00034726916944097
  0.00038691180605269  0.00042349185603126  0.00045425574522246  0.00048382992931592
  0.00051672654030375  0.00055129615330569  0.00058592388349055  0.00061826456895321
  0.00064974453552220  0.00068273489555572  0.00070241686047668  0.00073029170864575
  0.00076821794764298  0.00079771252662051  0.00082771157039054  0.00085225559163391
  0.00087564756858900  0.00090512365926149  0.00093119463596452  0.00095993810238374
  0.00099274342370216  0.00103369849316504  0.00108364508211451  0.00113697121014372
  0.00119805352444216  0.00125794805837280  0.00131779255032712  0.00138618979179776
  0.00146268688962598  0.00156303907458036  0.00168745799576637  0.00180953090998478
  0.00193302331166875  0.00205791530681364  0.00223096676390061  0.00241276726726497
  0.00261940635859976  0.00282064614505244  0.00299816332796582  0.00319073787170097
  0.00340801242534497  0.00364717467578355  0.00392935360561834  0.00421917150910972
  0.00441630734633191  0.00455821443588316  0.00466712941463861  0.00475082352836259
  0.00486229331360184  0.00499999969874734  0.00512915389161370  0.00526781658628665
  0.00541445203609128  0.00555362800845014  0.00564197542873957  0.00572518903132375
  0.00585270864875811  0.00607252164386734  0.00622176415604990  0.00633738331037067
  0.00665051767366575  0.00718836586865000  0.00789393971848949  0.00870685515712394
  0.00965621320833639  0.01107702196109011  0.01249289712366006  0.01403418350660805
  0.01609890255784666  0.01995843443037202  0.02648559653585431  0.03346963294469809
  0.03954185687797305  0.04782976609097090  0.06352694778012556  0.08292584004681433
  0.11381827748598908  0.16242641022519211  0.31329383636643215  1.00000000000000000
 -0.00386437181672958  0.01247595229899292  0.02921285272680560  0.04594179434490742
  0.06100667053182802  0.07605411250120975  0.09002428052115585  0.10443712209448477
  0.11919076771199334  0.13189441211187014  0.14280800835649310  0.15484260618394846
  0.16675329293587099  0.18236400438136924  0.19907230793421216  0.21425895365911982
  0.22856266676020681  0.24446998982057494  0.26362220310589191  0.28438164650041359
  0.30291688155872576  0.31796298609124951  0.33028498337795420  0.34033436460652050
  0.35009669344640354  0.36022207276561530  0.37091454477165153  0.38645009979873712
  0.40112543418216989  0.41151178675795336  0.42181097347637503  0.43139576892516557
  0.44116900364937278  0.44680005298765835  0.45117819882632060  0.45560757053263690
  0.46448871752394849  0.47398625847665377  0.48633854285948025  0.50067047759048178
  0.51373661641950574  0.52507010180245473  0.53574783880777699  0.54487408243253499
  0.55468282421258908  0.56569467871560686  0.57767547155771415  0.58587040411430402
  0.59126752124728943  0.59637999548789278  0.60096094039453818  0.60598223106563764
  0.61019752443869901  0.61427080763047315  0.61847507978917460  0.62303711979982346
  0.62618050213413634  0.62873057107200880  0.63092215921626993  0.63328766555905269
  0.63549900939470738  0.63966939809794310  0.64387299343555515  0.64634537446565066
  0.65305231825000154  0.66098895045426442  0.66917139009128657  0.68251585755958166
  0.70093731352321376  0.71492192884305172  0.72788964403162926  0.74131373909983311
  0.75665286080022620  0.77577624962623370  0.79140859956154996  0.80564086966112192
  0.81743567581177390  0.82796932766122278  0.83880514454109589  0.84893166935968201
  0.86390370577096087  0.87512982093207614  0.88518169492051835  0.89457887767733590
  0.90347028961832998  0.91178478277381325  0.92029367928678374  0.92677861670423867
  0.93325613330176438  0.93937615012067410  0.94550821642769001  0.95654806282717963
  0.96670106933958033  0.97747549289054325  0.98889175983055921  1.00000000000000000
  0.00023394592853076  0.00041483024565617  0.00059700795470826  0.00078651205552169
  0.00096351459898139  0.00110252563812536  0.00124130628582414  0.00137833989933457
  0.00151386343815303  0.00163753575777859  0.00176120807740416  0.00189230432948977
  0.00202428944037650  0.00214304602890173  0.00225896839840835  0.00240205310822107
  0.00255422844601311  0.00271573406887588  0.00287932049138291  0.00306760189895144
  0.00328912661453108  0.00352960692923245  0.00378982573350641  0.00404843058055997
  0.00429662579853136  0.00454984449476452  0.00478183312679276  0.00500499735953757
  0.00529111658735923  0.00559472071544983  0.00591235248630642  0.00621025960730589
  0.00651666735271610  0.00683413085382024  0.00715235270234295  0.00747555456609937
  0.00782348467054246  0.00823395899716073  0.00867998566795519  0.00912954755049789
  0.00954650446342607  0.00994336401838927  0.01033500970534503  0.01073742513202913
  0.01117173678225978  0.01160338946899235  0.01206265693843230  0.01266357524839152
  0.01331352749402429  0.01388771812871961  0.01446308395574979  0.01511239063705338
  0.01581278709342995  0.01669591827704010  0.01771760149257024  0.01876279837393136
  0.01990843642835133  0.02100082931914049  0.02205289279043209  0.02303696727725716
  0.02402133521399428  0.02513491996884577  0.02639011468294514  0.02768893769762034
  0.02930854674843092  0.03092047082910517  0.03167262656328085  0.03251434043679009
  0.03342066368945992  0.03439685064308993  0.03583639465129660  0.03773006144204778
  0.03947643343859622  0.04115169425109486  0.04432199431163851  0.04883401898812038
  0.05437913735142620  0.06234116377172286  0.07188254962750856  0.08279307008859384
  0.09645415787547380  0.11404584207943151  0.13255580978260428  0.15236079782103623
  0.17594547252039866  0.19980782952792650  0.23043607758005680  0.27234500861298433
  0.32316173780901991  0.37530563305367182  0.43782813225076034  0.50886359794786062
  0.59971569942047176  0.72097885875395051  0.84349717674203251  1.00000000000000000
 -0.00130015915493874  0.00682063163153858  0.01383092081807206  0.01802798905402707
  0.02256328409600225  0.02745594106138048  0.03197314775549288  0.03706690573400417
  0.04410871036082568  0.05001319610836186  0.05583175331959018  0.06370794260657467
  0.07888366771827400  0.09646859109089598  0.10777290082480596  0.11709568580071715
  0.12680042802261535  0.13772416127649600  0.14669749530595472  0.15120511289771765
  0.15428795348866164  0.15573605973949209  0.15730132972299918  0.15875342352905294
  0.16060150742100390  0.16522922837361853  0.17032955942815448  0.17471966352655355
  0.17863028103517098  0.18365376939255293  0.18882811130718519  0.19361097381159109
  0.19799833382665058  0.20154214152336508  0.20639783464113462  0.22080060852686373
  0.23916632645256206  0.25362734064879189  0.26489190297453891  0.27669969794381166
  0.29017058719217331  0.30748969602331611  0.32142959772462909  0.33306759455877383
  0.34402030431587410  0.35546469803593572  0.37049416126422302  0.38752626475880464
  0.40467899308420641  0.42171688057909978  0.43322018982621679  0.44456093931981006
  0.45532682057964036  0.47138376903318152  0.49680078819635731  0.52662829154542667
  0.54844044599046760  0.56773024383539628  0.58608674306821051  0.60363069807727288
  0.61696570372236970  0.62973619355606547  0.64139658784264453  0.65337075711979686
  0.66540821057095512  0.67731482129848752  0.69120258833940851  0.70297330711926154
  0.71312093071050775  0.72593506238159478  0.73991461285702365  0.75443919151136818
  0.76796606635258702  0.78208677045575570  0.79436325848750489  0.80716878413356774
  0.82081805806549890  0.83505340798549832  0.84511337161495659  0.85445576066824203
  0.86475027470299703  0.87261542865729580  0.87838889607741799  0.88353292418345208
  0.88842471510686083  0.89336655809901611  0.89881038389397838  0.90448357935239998
  0.90936805011589850  0.91482896464552221  0.92311511671365742  0.93431485354010624
  0.94931361625505184  0.96482021085517544  0.98024391914931552  1.00000000000000000
  0.00025673121552965  0.00037627846190132  0.00047248528610058  0.00056960085763767
  0.00066712346860988  0.00076984729042197  0.00087186236786424  0.00097143685815431
  0.00106654298753232  0.00115692906073684  0.00124897574323595  0.00134286292607187
  0.00143917404803471  0.00151647036164828  0.00159296507346612  0.00166919625454273
  0.00174487861303013  0.00181923748403282  0.00191822218955425  0.00205278570522986
  0.00224656932064423  0.00245322149022006  0.00265880729405969  0.00287746760851211
  0.00310772373237576  0.00338178727561396  0.00367089234751483  0.00395908789423256
  0.00418984278421269  0.00441402024288481  0.00462211086055088  0.00483949388911473
  0.00509561095748471  0.00536524545547731  0.00573213333022549  0.00616762765856290
  0.00662424391023970  0.00704725875648353  0.00740887565918033  0.00776378987381063
  0.00810270445653881  0.00844754631159285  0.00880659792926031  0.00918796652038168
  0.00959525251755219  0.01019277096095801  0.01077554616107500  0.01140660035139216
  0.01213072785739619  0.01290400893282009  0.01369583771000634  0.01450518122845753
  0.01537425961545427  0.01644941027195768  0.01767824458341746  0.01863530900888406
  0.01922328262599835  0.01983428325051923  0.02053046216540194  0.02121532516341461
  0.02199704014726775  0.02311306600779498  0.02433598142860767  0.02568492341726472
  0.02712603215574530  0.02867985447248403  0.03021518238199663  0.03178849237017443
  0.03328794307386208  0.03481168667753779  0.03620801722111244  0.03759837111069883
  0.03911053167182947  0.04134590043242958  0.04725553578368329  0.05557984768450527
  0.06469489277394123  0.07448610011434999  0.08370879308447220  0.09439325116911305
  0.10601283841696292  0.11983628363451057  0.13473283597786306  0.15508818897692553
  0.17829433337595263  0.20506821071127285  0.24079399188798031  0.26628515762198424
  0.29162992963102419  0.33459445914403430  0.37623420356922405  0.41615335902864170
  0.48190647819507038  0.54770328044139382  0.63151722793749443  1.00000000000000000
 -0.00446301714240668  0.01076067426834786  0.02600875849479446  0.04167605718515323
  0.06106745270092585  0.08043102079099827  0.10074585794870450  0.12184653887693464
  0.13629609013861896  0.14680575095530574  0.15828587102626090  0.16899524605384736
  0.18391900175001100  0.20088012224479518  0.21464687884537775  0.22696671850506775
  0.23899863473460511  0.25068807333634402  0.26156542078963263  0.27281392368258200
  0.28417176250390697  0.29784713118061401  0.30971953299190602  0.31833228067308550
  0.32513861612392481  0.33008566394797267  0.33431952960766298  0.33580084938151816
  0.33826504066132762  0.34334871457749094  0.34796304311282394  0.35292719635265229
  0.35719669986641767  0.36134746696088899  0.36565793799739948  0.37111781918946873
  0.37718542215121681  0.38225366622139229  0.38603947795860633  0.38940976738861882
  0.39356813079024217  0.39967927711296802  0.41155633110354711  0.42460264804151199
  0.43397307564469390  0.44353269725150257  0.45173561190979533  0.46007985785005912
  0.46837980220149006  0.47843537178364948  0.49137150595538842  0.50326916542956035
  0.51686851695297387  0.53210800262876479  0.54702579252012640  0.56062857900400653
  0.57227838016780386  0.58548471133101954  0.60037366559339755  0.61193328727706253
  0.62221521358229026  0.63345388363749655  0.64475527089087326  0.65702770277282030
  0.66490661385741578  0.67269807484489241  0.68036009497822336  0.68740988978345841
  0.69549984463256687  0.70747990765255198  0.71853029650808098  0.72805878841575167
  0.73742657254752786  0.74723676636049585  0.76123461099551126  0.77659994580865499
  0.78773667673761416  0.79900890323651097  0.80888469800690588  0.81625123582388426
  0.82387866835612400  0.83291073525717518  0.84476488838534858  0.85887609075199378
  0.87557270990011848  0.89009965199043217  0.90408664081616275  0.91627987430233804
  0.93187162067918039  0.94768838801284094  0.96009431293933301  0.97149459363754154
  0.98162377546224566  0.98801534204164343  0.99409105938332387  1.00000000000000000
   1.4262897992236508E-015  -1.0000000000000000     
 T T T F F F T T T F F F T T F F F F T T T F F F T T T F F F T T T F F F T T T F F F T T T F F F T T T F F F T T F F F F F F F F F F F F F F F F T T T F F F T T T F F F T T T F F F T T T F F F T T T F F F T T T F F F T T T F F F T T T F F F T T T F F F T T T F F F T T T F F F T T T F F F
