  0.00000062596808133  0.00023790039222157  0.00061820159833292  0.00107746051003176
  0.00150633097820374  0.00190137669937485  0.00268533734672189  0.00349195118834627
  0.00440277590340089  0.00545576292393367  0.00638828643183159  0.00715708880579278
  0.00808567119049935  0.00954370766990717  0.01181449800497139  0.01324420471976842
  0.01406025346437510  0.01462483502734970  0.01542978546162294  0.01658621744707266
  0.01780647785875702  0.01946306284171006  0.02139088171590865  0.02370133346351849
  0.02624898656090963  0.02941907677457799  0.03187272059709411  0.03417130516107861
  0.03681296083882586  0.03976224111124854  0.04281594080902726  0.04578273318424672
  0.04976217540091772  0.05400060930032162  0.05798696346631393  0.06200241643956144
  0.06598118028110787  0.06918618519806979  0.07334524828192666  0.07692838882007763
  0.08059852639860540  0.08517047818483067  0.08978446384469184  0.09323815562014078
  0.09809246295134239  0.10280281811679680  0.10753296884912915  0.11320961170276218
  0.11937562702246690  0.12538726399808386  0.13031428595490446  0.13549730116730033
  0.14062857080491753  0.14748386904797139  0.15392531060204578  0.16074999945997304
  0.16803020980561501  0.17522254494142822  0.18306452713869331  0.19180836709255586
  0.19872023703577352  0.20616649582912686  0.21555267391622984  0.22353388568144900
  0.23118475379403533  0.23807006036357020  0.24535590700521881  0.25486221695902600
  0.26513734425352214  0.27689109412758878  0.28681467306894087  0.29583763867435092
  0.30506559955277296  0.31590954922712589  0.32674471377102332  0.34134422956630112
  0.35909490412336553  0.37987171218430998  0.40961423058604718  0.43795089424260203
  0.46536927175627868  0.49179522697576183  0.51829595481756330  0.54200211538062515
  0.56660898777721758  0.59050227393578181  0.61535438860072800  0.63735662534852278
  0.66025294714422600  0.69189264796882888  0.72714738723726990  0.76232947463325551
  0.80068498550481171  0.84366800581045398  0.88367706042304850  1.00000000000000000
  0.00005907864570072  0.00018722205186290  0.00022058404489697  0.00027089595666285
  0.00033226392267262  0.00040149255977018  0.00047757237220396  0.00055759804941399
  0.00064065312050872  0.00071876935618315  0.00080367505675373  0.00093159856359474
  0.00103579869989743  0.00113214820658766  0.00124899533940791  0.00138781587203514
  0.00155051729291668  0.00172401936946202  0.00187771908399301  0.00205873790291223
  0.00224134669803961  0.00234402342135142  0.00243058048104945  0.00256693675080720
  0.00271273494224538  0.00293036549226240  0.00313578316598754  0.00340962672585952
  0.00375337490599221  0.00415391748548933  0.00463358847046547  0.00524702979785924
  0.00588352220046347  0.00638678504037644  0.00684171441952254  0.00735041177741746
  0.00777958589883206  0.00830376561235832  0.00904379883616225  0.00995050677630642
  0.01090341129014825  0.01195927064157461  0.01324833561415829  0.01470688640226295
  0.01622063534379020  0.01780250036896099  0.02013761242222632  0.02229022811532243
  0.02421823596560575  0.02613681590537982  0.02803314020225485  0.02996032855786279
  0.03242748279096840  0.03494702609661416  0.03731672692884688  0.03955844857277386
  0.04180707605678870  0.04412814357898538  0.04685385326365664  0.05120336741989147
  0.05664477976157667  0.06255713921048361  0.07002984850584516  0.07703406230840040
  0.08475090177576725  0.09248618438614621  0.10086730318176176  0.10954294833197277
  0.11825150309122123  0.12777309162964720  0.14041779563339699  0.15494118920704536
  0.16811349534430370  0.18106991062858704  0.21194551707149403  0.23503420127484045
  0.24405861417884062  0.25368267912468595  0.27376995092602074  0.30088720532395885
  0.32735533334344052  0.34864867288261131  0.36359951105436034  0.38009105461136877
  0.38641696762290506  0.39274288063444140  0.39951101620496449  0.40671759610437208
  0.41392417600377968  0.42217385447278483  0.43046744418536259  0.45890007309656300
  0.53398470088171657  0.64496363110826982  0.86687427177853382  1.00000000000000000
 -0.00002147054475803  0.00004890152400203  0.00010905637282476  0.00014631971114034
  0.00018758338481003  0.00023520571229752  0.00026453930113219  0.00028528168232467
  0.00030533433229137  0.00032529989815323  0.00034547864172677  0.00036652269192841
  0.00038745128411916  0.00041646233215660  0.00046276680995307  0.00051262733353642
  0.00055441810111978  0.00059912626293929  0.00063625788345751  0.00067610830393896
  0.00072567052606826  0.00077599009338228  0.00082965728424555  0.00086864885455212
  0.00090497908835830  0.00093868643924872  0.00097004049935039  0.00100849956339505
  0.00104498327574080  0.00108831444944925  0.00113024263940567  0.00117109754989505
  0.00120844941559823  0.00124243957667501  0.00127677059793807  0.00131353021729911
  0.00135148305432499  0.00139501124830264  0.00145325860220097  0.00152947613492248
  0.00160268513065351  0.00168009588927287  0.00175641846200388  0.00182363690343546
  0.00186959949320781  0.00189729780588612  0.00192512228830079  0.00195328651230693
  0.00198493024278672  0.00203229179648461  0.00209300448969402  0.00214925375870504
  0.00220417682048623  0.00226676416293636  0.00233372767217636  0.00239872746150391
  0.00250397685165574  0.00260577308061653  0.00272771940890542  0.00284347312819502
  0.00295352629534085  0.00306465932933953  0.00318440971577571  0.00331550047210884
  0.00344110961934310  0.00357614952195303  0.00373281722440617  0.00390366534283684
  0.00408090017004245  0.00429181480405234  0.00452076133373750  0.00477927278330991
  0.00504509966477383  0.00520146592577055  0.00529796145644876  0.00538664797582209
  0.00550629115976096  0.00566555684922770  0.00585403530957709  0.00609448040140252
  0.00635148935844087  0.00657073813303044  0.00679305890279406  0.00699643785575238
  0.00710179346529490  0.00722985518842333  0.00750771133183301  0.00782455358796659
  0.00808280033049487  0.00848961211755168  0.00912156739530048  0.01009003572395852
  0.01150697493485254  0.01364911372476217  0.02396128910250679  1.00000000000000000
 -0.00007476102547659  0.00026788072745433  0.00075626608319508  0.00128944797497586
  0.00182804517663826  0.00236268663049872  0.00280164785446382  0.00309018366590259
  0.00339085861242398  0.00379621897771712  0.00417569793687284  0.00458433610081683
  0.00507259519766919  0.00567550746791752  0.00630922913072104  0.00684616130205948
  0.00726699771480389  0.00765012993449120  0.00804839047585531  0.00846678543969404
  0.00890282711001402  0.00950220993216447  0.01029928586884698  0.01114554319367370
  0.01198533063552683  0.01284198174215494  0.01382044002682752  0.01519638810830994
  0.01649654174307183  0.01779781929549601  0.01935979860080883  0.02176487974366643
  0.02432449838144915  0.02713070312353770  0.03068715118804524  0.03493568603367774
  0.03849978050218711  0.04122378031807740  0.04610929618872351  0.05138552371058820
  0.05843484040421051  0.07135328877943624  0.08716999239237684  0.10689704768652922
  0.12407829128843943  0.14606134180331667  0.17942650943985058  0.21443457738936569
  0.27032293710712191  0.35876549538606223  0.44714177580183556  0.58780429096822095
  0.70647346567090308  0.80504232454534530  0.90217386247161990  0.94102709244558957
  0.95766109115058629  0.97011034217128123  0.97896892491234910  0.98503795820628415
  0.98796921339038779  0.98958184004318028  0.99066326615087785  0.99165929251862273
  0.99285118074590828  0.99391976673044369  0.99476298523750739  0.99524889069048783
  0.99565429183067378  0.99611625203262244  0.99663149335420409  0.99708797591360754
  0.99739546778294386  0.99765829922471916  0.99792332275834450  0.99819725443231799
  0.99843996475082797  0.99862841079370768  0.99875883235168039  0.99884143728720653
  0.99893250709534254  0.99903563471767332  0.99911849961307375  0.99920237601016770
  0.99928544185536716  0.99936732267507122  0.99946282295954103  0.99955300178751549
  0.99964051398282472  0.99970944751740587  0.99976835453232860  0.99982097409852844
  0.99986947817598848  0.99991370425182069  0.99995712812723170  1.00000000000000000
 -0.00798160965265945  0.01644884352366545  0.03647180549412092  0.04831975688904065
  0.05942354858897820  0.06680853840364225  0.07279983025129362  0.07880302997813922
  0.08632702421919095  0.09535089386840609  0.10513725406053002  0.11322053542296090
  0.12005663263879267  0.12826064848157248  0.13679146358877931  0.14436927886734433
  0.15179480596236739  0.15931204160454382  0.16624719630202703  0.17460252726315351
  0.18577936978648463  0.20053867819064136  0.21851387485009652  0.23557185866482364
  0.24765550486115551  0.25771455208599015  0.26610848980609997  0.27474326604758259
  0.28142775971109457  0.28923542463449248  0.29493343582989645  0.30103413339619500
  0.30744812489861600  0.31299627281318571  0.31962416384645942  0.32899254780038134
  0.34224895460967508  0.35670999348950017  0.37227174922685452  0.38814957195748495
  0.40344073012905529  0.41715224054038846  0.43377950030837870  0.44875882710023640
  0.46360767072396164  0.48037600245612899  0.49282180443538243  0.50385214652179922
  0.51465039680354308  0.52614538980336467  0.53778818229889269  0.54689722547270303
  0.55432478660086060  0.56229651822220383  0.57337192207580090  0.58546307126623920
  0.59528457346198760  0.60203035992330245  0.60845565329304419  0.61706598897263787
  0.62860737878254724  0.64446144829603880  0.65544712508752123  0.66516465131854741
  0.67574361275506079  0.69402322163044539  0.71245261731434995  0.72755142308320897
  0.73746409840353278  0.74713368832762406  0.75744652181830030  0.76790664786612994
  0.77899345208971704  0.78882886202349067  0.79785300395015990  0.80771968538354344
  0.81876702222684494  0.82808617797539763  0.83723455180223894  0.84577063755199178
  0.85469991173882964  0.86188818766681563  0.86954127320111452  0.87910157298928815
  0.89046246323421241  0.90581446255280218  0.92073862282159713  0.93610879353127163
  0.94722031160049802  0.95499979699757309  0.96190509024165449  0.97085031069764649
  0.98210131477617491  0.99055668684345610  0.99603942778920995  1.00000000000000000
 -0.00319076712565413 -0.00009076389531113  0.00300923933503185  0.00610924256537484
  0.00920924579571783  0.01230924902606082  0.01540925225640381  0.02021069902512234
  0.02518767425830417  0.03016464949148600  0.03514162472466783  0.04518912897269077
  0.09221053662306292  0.13557494784665264  0.17055336060767629  0.19453430133413474
  0.22426906638989724  0.25010049232815579  0.25866634790328108  0.27132935778421163
  0.28869349126936616  0.31324795812245532  0.34377104997231295  0.41105103432311291
  0.46384519660438678  0.50853122124534744  0.53839106635266487  0.56489234147147094
  0.58019348270561155  0.59656422734667358  0.61268427113808666  0.63118170251346695
  0.65661099457834637  0.68475501750054057  0.70136385577513738  0.71013906743747979
  0.71823326492147510  0.72246153064558727  0.73607288682142336  0.75480865724637281
  0.77119415153643933  0.78360103080318355  0.79526994721578059  0.80896755332414372
  0.82361503052383966  0.84269124145721874  0.85973722455424706  0.87462659635754714
  0.88778217602383658  0.90043319629167973  0.91222164873299760  0.92114165848597240
  0.92892689321228017  0.93437050184555914  0.93827020239081105  0.94201942315189846
  0.94627987575743089  0.95049050915491096  0.95410546295320742  0.95719596426185816
  0.95994878232802805  0.96240842281548078  0.96492461475089852  0.96731794277368055
  0.96926204490545720  0.97121510821800860  0.97288186737955917  0.97455573663250605
  0.97624214219721406  0.97787337884692827  0.97972345919147030  0.98157164745461123
  0.98291659211376714  0.98400594241161232  0.98506776148213682  0.98615555331822213
  0.98721257659891071  0.98824497959281798  0.98938536403561583  0.99054302172198838
  0.99156955971530636  0.99242040737461712  0.99313311419264827  0.99392950000729452
  0.99471283241156472  0.99549159724454805  0.99609428889273022  0.99656830837625654
  0.99700139001487487  0.99737658681060570  0.99771439910974768  0.99803792142484060
  0.99840928804343088  0.99896696930698936  0.99949967138711038  1.00000000000000000
 -0.00323222842005593  0.01373862046433596  0.02892840160452637  0.04778540291101033
  0.06667567475025619  0.07805719524799322  0.08855313827968300  0.09994974686501765
  0.11145050055005201  0.12185467175664853  0.13101084415233763  0.14292340228821190
  0.15633825360641546  0.16831592095965933  0.18469896889067672  0.20286022572101117
  0.22113421450237022  0.23683660143564308  0.24908797244442615  0.25810162999824138
  0.26641048208904949  0.27535297785878382  0.28341862694677844  0.29025173150317063
  0.29694463996835774  0.30501551236946700  0.31267330368539170  0.32441424376104200
  0.33908120814903031  0.35596616412044102  0.36977872058826561  0.37799951922051345
  0.38433325723293471  0.39030578456670678  0.39577973849923065  0.40067838656327215
  0.40525541645430818  0.41275846444272507  0.42145395036744798  0.43217699370210322
  0.44314312044226412  0.45499270338658837  0.46490378159861073  0.47418742601675218
  0.48242088089510338  0.48959511402364136  0.49760306174171476  0.50484017048819674
  0.51211425564147695  0.51859706532325112  0.52395998437819113  0.52960360754171698
  0.53860107476480967  0.54827085420238286  0.55734205790190217  0.56611146239609422
  0.57332035901714995  0.57933673443991329  0.58575039338872792  0.59855879872982398
  0.61188288030782667  0.62589439738696040  0.63790370168821087  0.64684196132337124
  0.65809551554146473  0.66556733779373511  0.67263790115416588  0.68190654034587683
  0.69216433752532724  0.70164366438766579  0.71046009879941818  0.71953013638262331
  0.72885681744274078  0.73839244709225382  0.74840944457502900  0.76286408990935128
  0.78254207360178396  0.80306120219790034  0.81933220869858170  0.82991310162139798
  0.83800358379892737  0.84584797572983095  0.85206441708175806  0.85805305617171046
  0.86403493667132614  0.87232940834833528  0.87838097433897433  0.88369745773600816
  0.88928708885843455  0.89513718674915166  0.91063293873369233  0.92808338609975138
  0.94368535215502447  0.96204860883693799  0.97868134051455835  1.00000000000000000
 -0.00510290795509559  0.00622887861901140  0.01756066519311840  0.02878318701242189
  0.03996553150927941  0.05291328098904616  0.06619823860256079  0.08182064952639230
  0.09951272621932562  0.11541459952849031  0.12659545635208408  0.14012043525991358
  0.15608859165509414  0.17117329021196803  0.18393940452131782  0.19842334941693138
  0.21512422389281219  0.22721052933817279  0.23377986687659555  0.23967769646424500
  0.24512873369679911  0.25136345129875370  0.26021543053519008  0.26912068465054151
  0.28247749616396223  0.30130669989101400  0.31645171640913877  0.33324006493570213
  0.34466025332192007  0.35455389758254807  0.36462056616283145  0.37410088281020731
  0.38166211299922248  0.39047231217159467  0.39905035763652363  0.40733597242266789
  0.41520198383986728  0.42238314992974441  0.43077620275604506  0.43934449010416154
  0.44815281768172421  0.45655781861547262  0.46460249078883203  0.47239045872502938
  0.48186648751049704  0.49201984005269500  0.50187922398049201  0.51722131534701521
  0.53005297280197616  0.54069772069533673  0.55090686539980238  0.56082265536976172
  0.57198940021280553  0.58575607360909532  0.59875565350475313  0.60914330680715834
  0.61571431359252760  0.62102584989773513  0.62566070344667646  0.63169401204393882
  0.63666257178390417  0.64331090557327897  0.65259315910838012  0.66533381285919579
  0.67882140532740920  0.69036811342923399  0.69759877336117870  0.70440681685541295
  0.70991814718646140  0.71338286335755630  0.71704403528818084  0.72321023920584349
  0.73145654725953568  0.74064503751339039  0.74873123795821073  0.75723206292508405
  0.76469687317943558  0.77123442890266969  0.78082698192140088  0.79181689853334047
  0.80434674170234921  0.82017417262588288  0.83383164052658076  0.85038507197408941
  0.86735127506423826  0.87937812688936168  0.88918555280288081  0.89732464401807288
  0.90463979774092029  0.91192841369137556  0.92371675158084265  0.94168834262241807
  0.96300927012334969  0.97695657451552620  0.99028416083984694  1.00000000000000000
   2.3016672699020767E-027  -1.0000000000000000     
 T T T F F F T T T F F F T T T F F F T T F F F F T T T F F F T T F F F F T T F F F F T T F F F F T T F F F F F F F F F F F F F F F F F F F F F F F T T F F F T T T F F F T T T F F F T T T F F F T T T F F F T T T F F F T T T F F F T T T F F F T T T F F F T T T F F F T T T F F F T T T F F F
