 -0.00000036743516856  0.00007072753362002  0.00032453366438588  0.00080357322324885
  0.00148003177218289  0.00235089047906122  0.00347628526905445  0.00472435534965220
  0.00613563539035828  0.00768032491601674  0.00933755817776863  0.01115232124259857
  0.01308003367130989  0.01510924030906978  0.01727181889061816  0.01960224016788413
  0.02202884873061713  0.02453920103968145  0.02709741459482022  0.02973951725453144
  0.03247448307602939  0.03529271834767780  0.03820915935120658  0.04122192987498660
  0.04435358841057770  0.04761081685893762  0.05097194545982125  0.05437891222450953
  0.05782998959036881  0.06134855237674880  0.06494816177884713  0.06870200754966474
  0.07259685294775092  0.07646595293354048  0.08044571640351877  0.08441871027007869
  0.08830572363514239  0.09245349996071242  0.09675555843793719  0.10115570367602074
  0.10569596696883063  0.11042935867830113  0.11520576041215840  0.11992104869000270
  0.12473728393466357  0.12970400534757084  0.13484763413503720  0.13997056464472493
  0.14526457150162353  0.15075102590326381  0.15640339647386520  0.16215520240876574
  0.16786386837330416  0.17382699024860529  0.17996149395616218  0.18607102022706182
  0.19215438864136078  0.19828372587219245  0.20461976700309281  0.21133781526194895
  0.21808704951967348  0.22489035266283205  0.23165625815433571  0.23890234843390554
  0.24657660780716772  0.25424914656065550  0.26199420534857526  0.26983304576044004
  0.27794874162083821  0.28637872329710012  0.29507359551084505  0.30393912991010857
  0.31287156857963877  0.32178285109669980  0.33191629658512090  0.34243722874039112
  0.35320381327281830  0.36412736182337679  0.37527157481236761  0.38757258753633367
  0.40057545879089107  0.41424497291569562  0.42788614832182242  0.44207870382921816
  0.45757023668296148  0.47452817527282309  0.49239707724969362  0.51159528300994461
  0.53300738076407039  0.55838522128332524  0.58612420552208999  0.61920294679158316
  0.66057158486295531  0.71576871262487984  0.80901866157552471  1.00000000000000000
 -0.00233244447286323  0.00922869992992864  0.01903868347226846  0.02888478562353014
  0.03929115289613465  0.04954756433153189  0.06023572841096828  0.07018016531287481
  0.08022297803751571  0.09004750831104798  0.10006302018713978  0.11030903607609187
  0.12075360226178564  0.13118038729544818  0.14178453271980032  0.15257947095496480
  0.16297308952560538  0.17323902687349735  0.18369233577398525  0.19425071196544569
  0.20474288991640505  0.21461876822459564  0.22433146938103243  0.23429868588683186
  0.24442240397684112  0.25459905785946524  0.26501988513842223  0.27571754954523497
  0.28619493994321982  0.29640774066645836  0.30624599167363109  0.31676693984064619
  0.32708160423616389  0.33739556932450576  0.34736532330885672  0.35761364959447633
  0.36872833122949639  0.38058210061639075  0.39263739584828850  0.40386520345912308
  0.41455648822614233  0.42513774373139573  0.43573174233224998  0.44642005934640661
  0.45729158815862847  0.46804838402854693  0.47833117691677757  0.48873069328804153
  0.49903290870775091  0.50962276109676230  0.51999317714026283  0.53056964691748221
  0.54096694275344581  0.55124447597787740  0.56148063481342525  0.57211759360310988
  0.58284307870282070  0.59418241418200790  0.60563904772759058  0.61705441272749439
  0.62845392986205717  0.63962364603963850  0.65032558645156247  0.66064771498414532
  0.67126846678193453  0.68230285227448428  0.69340496157661768  0.70477887575197407
  0.71587568980370653  0.72630362212881860  0.73625823316071792  0.74642293772197010
  0.75694662051941330  0.76779510520438909  0.77905159220432307  0.79035905077646440
  0.80120744951258793  0.81186780204111164  0.82230491425225638  0.83280150888221760
  0.84290672144947820  0.85314240217603476  0.86341435030299407  0.87407997994899433
  0.88521820904815018  0.89635742774458815  0.90735506195014703  0.91810177634621415
  0.92851088177371865  0.93881358164182716  0.94883916507340993  0.95890812889937971
  0.96909972941311073  0.97968358577943526  0.99010815705123933  1.00000000000000000
 -0.00247951461731593  0.00961022459047804  0.02020868589290217  0.03101652659104174
  0.04190987585913350  0.05248064725218400  0.06273675560075145  0.07311853738384838
  0.08366437194227820  0.09423723909956340  0.10482542059729107  0.11539004119400845
  0.12590344580485577  0.13626623943491953  0.14642614621643013  0.15627696855184622
  0.16623346201445935  0.17673356934656029  0.18760613133076137  0.19886020365613227
  0.21001584314150454  0.22057658699664190  0.23101176660970404  0.24117926042490362
  0.25127734944212332  0.26057663275867726  0.27008591789979602  0.27982514985398110
  0.28975881422506361  0.29955142690556613  0.30898310255478301  0.31889640863997415
  0.32899826741518251  0.33953122318601281  0.35002099081314131  0.36047396394699871
  0.37094848370691325  0.38139731742457350  0.39206163877996281  0.40289604976103877
  0.41375432852998784  0.42453013189644939  0.43534354605767023  0.44627545573935995
  0.45734866971457266  0.46846363299257693  0.47963448851888701  0.49100804554080074
  0.50238318186116593  0.51346398543800298  0.52400309712299187  0.53453239038882594
  0.54535563465009729  0.55630058218364775  0.56661662649201938  0.57657046034730930
  0.58663262723585619  0.59729833361773332  0.60845141696967253  0.61996825263390842
  0.63159836359967825  0.64289001974138071  0.65383059218917516  0.66456571702745892
  0.67484487403701965  0.68482922233810506  0.69508887662583663  0.70551097372488636
  0.71567897282768322  0.72584965115038802  0.73668970730715744  0.74776745685682777
  0.75809010176247360  0.76796823829311966  0.77809635004647193  0.78870572550803353
  0.79926892320570497  0.80982001747385857  0.82054658428628291  0.83117057536590444
  0.84209332562824957  0.85301549237540553  0.86432377999960186  0.87549659971390192
  0.88665093169194675  0.89732594856288439  0.90758714164331844  0.91764497844153337
  0.92810336076267486  0.93864171819728481  0.94881899314637630  0.95838143995035663
  0.96817604233059584  0.97821727448107065  0.98898026285257112  1.00000000000000000
 -0.00264737361085358  0.01039060862904755  0.02126024709064165  0.03238049250135736
  0.04303233048645649  0.05370898347551693  0.06436003086691353  0.07544521092294248
  0.08642342192831420  0.09702267476550584  0.10739384542628039  0.11788859139656727
  0.12843820322300975  0.13902510337318164  0.14970958940753867  0.16054654888611314
  0.17122124487624066  0.18123127767287223  0.19135856535660123  0.20169595357588260
  0.21211987861418138  0.22285378992020186  0.23317728558633721  0.24359522538185194
  0.25317814210315098  0.26279436570739939  0.27182972688691975  0.28145198622910428
  0.29115373854588283  0.30176794393746292  0.31234255924706356  0.32245208428821370
  0.33228649952303729  0.34314451318500400  0.35378210851461400  0.36384497603481175
  0.37372173768970079  0.38402945253163506  0.39500955719498898  0.40544942014362567
  0.41554965933211629  0.42527715880517875  0.43502303878389931  0.44488400167746989
  0.45477563720212855  0.46483638139470096  0.47551440149593671  0.48677697593600872
  0.49792808180043308  0.50848248564598664  0.51865741472724392  0.52874831415057311
  0.53903202713283116  0.54957064923544097  0.56018935949840110  0.57101379487911030
  0.58199281952762161  0.59298236678447980  0.60398933098474983  0.61482611543122501
  0.62545694060462997  0.63590753753541684  0.64618216519860072  0.65609710444099156
  0.66536236344098043  0.67496232496886022  0.68437220981405500  0.69440182902023484
  0.70440852596312942  0.71523223745886322  0.72586572312582864  0.73654053758861027
  0.74724218784572083  0.75822201339551709  0.76947063852870146  0.78098973300077745
  0.79221753666630312  0.80320838800428884  0.81386167949848287  0.82434882028906276
  0.83489835224668341  0.84557896408788591  0.85630734004804165  0.86663717156978848
  0.87714734195714938  0.88786144242781440  0.89884842814129928  0.90981985973858148
  0.92094735735533828  0.93249524036723175  0.94410748416404966  0.95551955983376846
  0.96718671112998389  0.97870936003912090  0.98939795418492560  1.00000000000000000
 -0.00267850653093915  0.01004803928123239  0.02102069263769567  0.03139787761900668
  0.04201404852994862  0.05335306247391786  0.06468577685434002  0.07529762750623051
  0.08614096303521811  0.09668468757513177  0.10712473315651035  0.11722287328635000
  0.12713120044554355  0.13678872662319380  0.14647676228223999  0.15672553766850164
  0.16723279004466510  0.17806403192166673  0.18940151239203667  0.20115128650009675
  0.21235197516968182  0.22279821855199577  0.23293383770576809  0.24309776810526468
  0.25366380822696355  0.26453285690350159  0.27563952094656441  0.28665176779458817
  0.29759777835276113  0.30863705058160440  0.31932925098699583  0.32999264614260393
  0.34067702577864306  0.35094818670728201  0.36094899154532889  0.37088367783067300
  0.38131143280074858  0.39210936031733046  0.40297828354749338  0.41371813576006161
  0.42421864484332394  0.43473431815084529  0.44505263576011034  0.45555167491077486
  0.46642287868293231  0.47699001508352262  0.48730937238657335  0.49727637147530873
  0.50730943596812850  0.51724557513793967  0.52728842439462731  0.53740243549822830
  0.54718353792924768  0.55710955357319125  0.56713555171649332  0.57752917882468635
  0.58788379848902639  0.59818632080216105  0.60875797775790452  0.61925577294873746
  0.62974331149887641  0.63989069990827774  0.64981725570910420  0.65982554838620811
  0.66980307182720433  0.67974447859853415  0.68949690553233778  0.69915579859238752
  0.70935669619624131  0.71971289722613851  0.73010406092661873  0.74075881180491343
  0.75177112188571149  0.76334785294381213  0.77586224382029745  0.78907520961792832
  0.80058863064197572  0.81194014741581921  0.82208184104013915  0.83261275487725284
  0.84301150439825412  0.85327315087297495  0.86398249536879623  0.87418783665348632
  0.88464812441663765  0.89530658934690921  0.90602144620570113  0.91688336513112334
  0.92785704345930697  0.93852411089832166  0.94890491781340458  0.95908122502939486
  0.96958909055275000  0.97986848965678341  0.98970698561716430  1.00000000000000000
   9.9763442956120400E-017  -1.0000000000000000     
 T T T T T T T T T T T T T T T T T T T T T T T T
