  0.00502275486955558  0.00530379260030063  0.00551726208709632  0.00573117794897648
  0.00597004760576988  0.00628296715771709  0.00664732443952970  0.00708487365816160
  0.00754079102281153  0.00800627233365572  0.00849000324529674  0.00898927775536982
  0.00950494095431985  0.00999487253797258  0.01048693919733485  0.01105342764494454
  0.01166121871429215  0.01232592591214331  0.01306597775864056  0.01385043385676320
  0.01467620243715910  0.01551828499531819  0.01643535621230123  0.01741039351763694
  0.01842409781240487  0.01953104188811406  0.02085698317795456  0.02239548636662378
  0.02415061855732287  0.02612395522182550  0.02812631808457771  0.03026862633174048
  0.03246418964239431  0.03473350533465305  0.03721755108602406  0.03976656530890209
  0.04284758047033054  0.04671127154911590  0.05099365580459688  0.05560616544632898
  0.06062695167511607  0.06610930825286464  0.07207806871621796  0.07823877701208981
  0.08489747705106133  0.09227380264621089  0.10021496268291197  0.10873441735019167
  0.11782078602156600  0.12738478429577554  0.13746241245037188  0.14814815086916994
  0.15946985860630242  0.17107093759078801  0.18288137237416935  0.19532447662196969
  0.20834100740681125  0.22204902504298013  0.23560483238302643  0.24925339068970481
  0.26288403919364239  0.27692575996215429  0.29134556895003555  0.30615279943576706
  0.32146241998692382  0.33671597774926287  0.35157185913770639  0.36671620059700510
  0.38181897134886233  0.39704318658394749  0.41312622950857353  0.43005773395153335
  0.44689862258186741  0.46387167168988996  0.48183020001620902  0.49997155156340051
  0.51777396041233992  0.53557189369480518  0.55319388800770786  0.57144545656331835
  0.59004402044642545  0.60872468271313651  0.62783036207655407  0.64776953694973416
  0.66836135330868829  0.68798279280842423  0.70817212113752803  0.73035362714571128
  0.75468149638414450  0.77953961776160596  0.80464591577818434  0.83038846921902565
  0.85842305435007615  0.88966599133548874  0.92938181340681481  1.00000000000000000
  0.36606761193375487  0.37628615971421009  0.37897757880335797  0.38361786937029607
  0.38974149672753738  0.39481478725715069  0.39968217151070701  0.40867196043553111
  0.42052777760531979  0.43266611192606319  0.44515391585083031  0.45722523388779790
  0.46858953996853203  0.47760571028599264  0.48490932097807582  0.49239247101517114
  0.49978033652767373  0.50429122957830763  0.50715632753011974  0.50913556943136484
  0.51135613188612850  0.51371224283761863  0.51609731725321406  0.51795195446600695
  0.51955597991919500  0.52142828591000556  0.52370460006435959  0.52560833025403042
  0.52732327341637819  0.52921026150627171  0.53115684761335646  0.53355393137826679
  0.53579192471226245  0.53843064140021279  0.54166605216625929  0.54521018882923244
  0.54837672331515097  0.55079465501107239  0.55279440270544589  0.55619168345519887
  0.56086760014680015  0.56930786687390289  0.57783460462251679  0.58659497009796502
  0.59351719903368172  0.59847783038861180  0.60016704955181099  0.60291493679459640
  0.60683706109426749  0.61011083064294092  0.61298922782622645  0.61590535430894566
  0.61880907862273504  0.62230871649538644  0.62628190793333127  0.62988566714220151
  0.63617323502825107  0.64178799551201871  0.64538057778155300  0.64966680530151266
  0.65340823814204130  0.65709561350069456  0.66083754055166710  0.66434151670406960
  0.66767982962245065  0.67127974185261718  0.67524977128535202  0.67972765034201288
  0.68525988654692738  0.69034611707919424  0.69506786018631206  0.70029848362796976
  0.70593115848699939  0.71156542827503610  0.71675784064928538  0.72304420338908759
  0.72944432158941119  0.73636134767712369  0.74395113180825390  0.75178266953030559
  0.75935265132121343  0.76819384807794400  0.77837446057358728  0.78974439460551049
  0.80329816588412783  0.81695503719318863  0.83036458892090048  0.84356572549224895
  0.85599489757806613  0.86821456983803313  0.88094040685966524  0.89540347108652363
  0.91159192801270106  0.93030315498999561  0.95584673199102155  1.00000000000000000
 -0.00280919002162586  0.00932008164070261  0.01885330699053489  0.02782786549314024
  0.03622555578916470  0.04465511174788375  0.05353858446102686  0.06298613038885334
  0.07243259933069804  0.08156214449541983  0.08994850811098233  0.09753925440968809
  0.10482711211976638  0.11209651699440504  0.12025864095549116  0.12961988341369882
  0.13912051026827563  0.14941934228172232  0.16140063149853090  0.17291291985802978
  0.18379299765159077  0.19464807429367834  0.20624661050419990  0.21938877692100767
  0.23222089992675435  0.24378246237542989  0.25448771026064831  0.26532219028781551
  0.27678754194031618  0.28884798317293814  0.30107571656475524  0.31394929823040485
  0.32692701940300423  0.33899234722506238  0.35019928079770696  0.35981498670837664
  0.36880362107653214  0.37835316125326490  0.38820152888009624  0.39820844750588391
  0.40730017288761711  0.41645149486690958  0.42601969441435339  0.43589639048474443
  0.44541051338357074  0.45472016055089348  0.46494838380348091  0.47593225523978167
  0.48716966906432019  0.49885637323417881  0.51179312490276008  0.52489573135001366
  0.53701751748818438  0.54866022121754976  0.56012379477212715  0.57209389674438482
  0.58402869897922016  0.59581690883290384  0.60727421464935105  0.61718769695442588
  0.62739944595043262  0.63808865505016799  0.64942916395918604  0.66108553575903239
  0.67270329530439021  0.68427936221805996  0.69545981766724763  0.70567898814125940
  0.71573621426079204  0.72451408961364705  0.73349997461850769  0.74229562565432261
  0.75217354417399973  0.76255268509475915  0.77264260254650508  0.78261746073567140
  0.79284825845854778  0.80393129672841612  0.81551350031932679  0.82760888877279681
  0.83866332612813477  0.84931190793879607  0.86037298786443939  0.86961611303912023
  0.87880512005422584  0.88742680369218985  0.89840214563064591  0.91054202065118717
  0.92130396797927683  0.93138608022044134  0.94176840821506802  0.95392957675995027
  0.96682457434287161  0.97873737166310937  0.98980107838612719  1.00000000000000000
 -0.00250921230104087  0.00973521814653178  0.02000928764673253  0.03006779094714597
  0.04010156504800651  0.05070731793443829  0.06159478744845267  0.07271470859036656
  0.08274070115738315  0.09111635230818306  0.09909692013177859  0.10679064486905074
  0.11409115415477125  0.12121428927801822  0.12853686199552819  0.13628033956547458
  0.14332625157898582  0.15165885611119012  0.16158612829493638  0.17159227689008555
  0.18294457977363188  0.19584442432889609  0.20938613835993661  0.22209026506561236
  0.23348527508493533  0.24516510923664031  0.25701034586522020  0.26855423198836559
  0.28061747522704755  0.29302223212826456  0.30533406683301295  0.31636865706676170
  0.32778366384768759  0.33858177537401690  0.34975613934932698  0.36222118249418395
  0.37256302874036018  0.38164135699927815  0.39073052420607030  0.39957892007658830
  0.40994897188773993  0.42132157808691184  0.43325995681045076  0.44506431269616925
  0.45583299683716233  0.46646465388050629  0.47748025837570690  0.48936617925275766
  0.50165052908107133  0.51363856774896133  0.52494016997983106  0.53559048104912932
  0.54612416430671162  0.55675861392385884  0.56768725128837128  0.57826148587448334
  0.58827655565791648  0.59799022290410941  0.60740946091203107  0.61728204203026915
  0.62778471455274787  0.63875274789924141  0.65001503003645267  0.66124607353308262
  0.67218944659891866  0.68314923252192628  0.69454815220097366  0.70713087837014832
  0.71907171863404296  0.73058034847841113  0.74168148568287928  0.75314095328115283
  0.76467703129575204  0.77591099918656647  0.78770788674316616  0.79932694425415540
  0.81075319553125214  0.82137452102785979  0.83167698769222054  0.84147353177059014
  0.85062556057000716  0.85927560824703086  0.86788786144906482  0.87744192575316704
  0.88834876297374710  0.89934045418584396  0.90931389667596396  0.91878808202660300
  0.92842561989711114  0.93790801323623874  0.94743588817410662  0.95722645040623588
  0.96746553373341992  0.97779845326957027  0.98865803030114630  1.00000000000000000
 -0.00294294385571613  0.01214375405958430  0.02400437091767350  0.03571242696382040
  0.04704438550416699  0.05773885625639047  0.06911740482568200  0.08000407865703492
  0.09094532953876058  0.10083217928690814  0.11146649659606654  0.12139520847452569
  0.13237394103973091  0.14268073177573293  0.15301849103543927  0.16317152698462847
  0.17367563678985468  0.18474200823224426  0.19582771940804489  0.20654848116712596
  0.21750161581520130  0.22871851039529797  0.23942723707562702  0.25023847201392230
  0.26122786063696318  0.27067490549494455  0.27922531624392627  0.28806924253981159
  0.29746711451684249  0.30687871704860897  0.31651669403465749  0.32618205294747510
  0.33628666881464769  0.34731829153611832  0.35824001530790883  0.36929530916993591
  0.38066195338157682  0.39055014309506647  0.40041674173859937  0.40974514030088599
  0.42083359431519346  0.43313938284860143  0.44446353681744505  0.45487457467956993
  0.46539473878855009  0.47645250944373374  0.48855005390431372  0.50025216573508602
  0.51189882805936826  0.52329284882525073  0.53485223292788997  0.54622105334648796
  0.55735877548899404  0.56871909663218989  0.58059371032585849  0.59277049236918145
  0.60521645260337487  0.61575410901994421  0.62456630017999071  0.63347568778775198
  0.64281541093549943  0.65467191119281676  0.66635684359013481  0.67739004341206521
  0.68803746839030078  0.69866636237785273  0.70901631931464926  0.71927824048261746
  0.72972392709422118  0.73874442752488967  0.74937498570228545  0.75991817955914642
  0.77016665453747701  0.77986113751972286  0.78921563952763785  0.79945297657692205
  0.81058382524264705  0.82127401686723467  0.83260911939506788  0.84472945529576660
  0.85674381237752661  0.86769261137703335  0.87858256536862878  0.89050992347692093
  0.90271763156278750  0.91459232068270513  0.92143520966544756  0.92798288235821880
  0.93470642541947357  0.94312894943756276  0.95246994815825492  0.96099479211068040
  0.96988464636847316  0.97795852528520999  0.98911976268710855  1.00000000000000000
 -0.00284857352959418  0.00975568491451089  0.02019954528790897  0.03124594988569602
  0.04343154202866142  0.05569663848836764  0.06836539697628395  0.08008060372542797
  0.08962977431205976  0.09802708977924530  0.10587150424242101  0.11405124314247742
  0.12320529273432335  0.13305264373303360  0.14272154815502433  0.15388259107882812
  0.16606761325817854  0.17774598837220718  0.18862029849042683  0.19823791774054819
  0.20832750726504534  0.21890106156444694  0.22945342013296888  0.23746306669552189
  0.24581188789613309  0.25582467957048433  0.26577162213775574  0.27496848002065633
  0.28382787038719304  0.29399280505795128  0.30673458232211775  0.31980364707756087
  0.33162182669046891  0.34281540098782598  0.35344019971004936  0.36409417362884960
  0.37469923287327167  0.38436174295723574  0.39336045725185409  0.40233335199688741
  0.41178896367039153  0.42382387734646138  0.43482471310842030  0.44366168195040828
  0.45262730401498530  0.46143490534009157  0.47116549239381611  0.48316658146637337
  0.49480861116229030  0.50585343614042733  0.51633365508230933  0.52729568395237980
  0.53852385246869228  0.55004612252481155  0.56092548913765283  0.57213353214954066
  0.58311345227443934  0.59503212857446741  0.60724957146630631  0.61926429702919628
  0.62800037726182467  0.63619565756438223  0.64466677374826864  0.65362672909995079
  0.66453182572697078  0.67474473733224261  0.68438478406081626  0.69415397258477696
  0.70453073845810787  0.71507088876208780  0.72524035294744693  0.73612740554404710
  0.74842115741878523  0.76121766939597790  0.77437571430617291  0.78550018732067539
  0.79682688941802582  0.80798978637824448  0.81896129283592467  0.82994656929432686
  0.84101593705504984  0.85191037570504713  0.86335992298106556  0.87485468363993368
  0.88610852265879292  0.89540281316895798  0.90393326142424868  0.91276064446412808
  0.92230325646255906  0.93308488410913482  0.94478746340276010  0.95655619417516224
  0.96774126831202090  0.97901597769748072  0.98944934680356122  1.00000000000000000
 -0.00235012708983525  0.00809156501535297  0.01825075317219921  0.02843483279166372
  0.04034259859363325  0.04999055238494405  0.05846232762002594  0.06696823657895432
  0.07554015999117621  0.08550709716032674  0.09669774474009067  0.10874419280272425
  0.12242856830125996  0.13505534311482825  0.14638324044011905  0.15715595691823928
  0.16685476807833519  0.17738400791812356  0.18907049919810537  0.20296403930293960
  0.21610350398338221  0.22700581885757848  0.23677077819328404  0.24574769204718921
  0.25598424638659045  0.26514665698221512  0.27571684364202614  0.28668063164708218
  0.29730607577515838  0.30816380597780119  0.31858208069457483  0.32833432848857835
  0.33844166933731290  0.34913649059938051  0.35890837010619475  0.36973381110646664
  0.37970090129421696  0.38938582420534568  0.39840401108468038  0.40717053976949796
  0.41604619211790372  0.42622416546174779  0.43641508583978311  0.44731897332124609
  0.45847075475153926  0.46986810072222163  0.48040822804111416  0.49034520942191984
  0.49986890980931836  0.50920892168870069  0.51854719294353968  0.52813913443064631
  0.53829805804542563  0.54911467980462370  0.56049242648546782  0.57192866337482573
  0.58287303743450414  0.59356968761962781  0.60461434903188838  0.61634373629475192
  0.62837926319056614  0.63949129806326177  0.64965985407593907  0.65886705860843631
  0.66748503431449868  0.67591642043308608  0.68456897440842035  0.69487802951462863
  0.70614026787713502  0.71710110484042933  0.72853278184753556  0.74056653699997721
  0.75282711439091599  0.76402512346611939  0.77414967112511246  0.78426305557342191
  0.79435165452201695  0.80393489595456924  0.81340734062457942  0.82302252149806798
  0.83246918839683837  0.84239783999010343  0.85345795595299445  0.86576107627629584
  0.87783861761979898  0.88919446013708447  0.89926503388496715  0.90859706725305467
  0.91800152785871336  0.92785459352437671  0.93844108452845210  0.94898465524368480
  0.95985934093385783  0.97283909115853062  0.98643543912223797  1.00000000000000000
 -0.00201118855375559  0.00761110581206853  0.01762219335662186  0.02704815430093654
  0.03841019005347985  0.04955952633444233  0.06207838940549846  0.07432815994531201
  0.08635765125761995  0.09802541086386860  0.10939984516568933  0.12061256352930841
  0.13130489628279407  0.14153256920383128  0.15116510570337924  0.16007015196591926
  0.16901508665224990  0.17766664520701780  0.18650790221252758  0.19467472914428166
  0.20320348981147676  0.21225976145125602  0.22295141090131390  0.23366151374683017
  0.24486466971711607  0.25603039136097516  0.26577141830082796  0.27542422715416043
  0.28532752127955879  0.29582201135082825  0.30755521236897870  0.31935071786667607
  0.33076625742333687  0.34287857257517723  0.35524316825888258  0.36812926896983578
  0.38076986624582110  0.39282499876132687  0.40394085406004404  0.41453633260006512
  0.42579590242064547  0.43754900288317250  0.45020653061810201  0.46327452558244953
  0.47595961450248808  0.48771600155867723  0.49909206604391976  0.51117850393101960
  0.52305236614443396  0.53332409686042570  0.54174869040043139  0.54953564565686475
  0.55740234262001864  0.56618780082274989  0.57582220204792023  0.58517165105805946
  0.59567532471544649  0.60572437251552158  0.61443431079085353  0.62326914542871925
  0.63093558513101033  0.63902941349778075  0.64838845144156865  0.65744390925589924
  0.66671725718217179  0.67640892324828861  0.68572035377295704  0.69634939188410905
  0.70464598630450448  0.71316700549556888  0.72202572540222809  0.73138664484782656
  0.74159982232307731  0.75309291578404713  0.76580052835653656  0.77841345747098667
  0.79070115101264093  0.80365445575160255  0.81695824146227392  0.82827284989133731
  0.83907679550763925  0.84988895356298255  0.86130136234667409  0.87213447604231664
  0.88257750400307045  0.89355407681716337  0.90455477418355390  0.91572343162363268
  0.92601060961113180  0.93549295669162280  0.94506814978847176  0.95487656976859614
  0.96487936681005559  0.97541835877059702  0.98679180970407743  1.00000000000000000
   1.1337719143147061E-014  -1.0000000000000000     
  <DiscreteSampler_grid>
  Helicity
  1 # 1 for a reference and 2 for a running grid.
  20 # Attribute 'min_bin_probing_points' of the grid.
  1 # Attribute 'grid_mode' of the grid. 1=='default',2=='initialization'
  0.0000000000000000 # Attribute 'small_contrib_threshold' of the grid.
  0.5000000000000000 # Attribute 'damping_power' of the grid.
 # binID   n_entries weight   weight_sqr   abs_weight
    1   4107   1.086684093882201E-014   1.735308137740216E-027   1.086684093882201E-014
    2   24   1.054646325695572E-017   4.088719089952958E-033   1.054646325695572E-017
    9   20   9.523805476175486E-027   3.159658850370175E-051   9.523805476175486E-027
    10   20   7.840238010814279E-030   2.175667350349129E-057   7.840238010814279E-030
    17   5046   1.226975420459087E-014   4.992442703252267E-027   1.226975420459087E-014
    18   21   1.407409078877920E-017   5.886920915802451E-033   1.407409078877920E-017
    25   20   8.002206850630449E-027   1.476058793461277E-051   8.002206850630449E-027
    26   20   5.074646860956748E-030   8.148517272254343E-058   5.074646860956748E-030
    33   4827   1.193588122269482E-014   5.632958429426714E-027   1.193588122269482E-014
    34   23   9.216696381617088E-018   2.487074157254744E-033   9.216696381617088E-018
    41   20   7.918406090876488E-027   1.642927409411911E-051   7.918406090876488E-027
    42   20   5.412341070851381E-030   9.192054594625859E-058   5.412341070851381E-030
  </DiscreteSampler_grid>
