  0.00002812081811031  0.00023238299103804  0.00037282929268533  0.00053745361312946
  0.00073220672328254  0.00094287582069410  0.00115067939617353  0.00141684039273463
  0.00175570837995290  0.00217335250488205  0.00270848363150993  0.00336043547310329
  0.00409378506852093  0.00490450445926050  0.00596849196143644  0.00745753948855990
  0.00888983374868201  0.00992986537625843  0.01090122297760497  0.01196423400103495
  0.01308464539739978  0.01492948604149398  0.01687540559499603  0.01883672258744432
  0.02096546023425654  0.02337156680432877  0.02655663759550822  0.02991825403127521
  0.03293223449791388  0.03595571560001307  0.03925707520101028  0.04283411162089307
  0.04649561117662137  0.05005202773404736  0.05451786301568632  0.06027152270317337
  0.06554946823824302  0.07086522687833210  0.07630244466405353  0.08132554089551411
  0.08687738617901679  0.09239823469778013  0.09809211809367015  0.10397111873883391
  0.11135295970706424  0.12030904109670998  0.12927687978168784  0.13767280867223966
  0.14801294124036013  0.16100256386876416  0.17270558109168105  0.18210760864484621
  0.19058337164558761  0.19990277226646144  0.21050010862306415  0.22286711228251066
  0.24148709179804692  0.25394705143590857  0.27672406216175827  0.29822826953714610
  0.31518620297928379  0.33192556006332541  0.33826977142132969  0.34535095992741210
  0.35146383048822200  0.35701861362040238  0.36207291073064307  0.36548995995866729
  0.36885204976022140  0.37239402559494883  0.38059455413766352  0.39798589447498639
  0.41514445786419440  0.43357993023643959  0.44935795437644549  0.47042005832780798
  0.49592337683166376  0.52187662070972718  0.54800392532617603  0.57547268512116323
  0.60458254980638060  0.62956863453009704  0.64825746036179632  0.65654847408676964
  0.66614604663724064  0.67647711116028952  0.68679349264333200  0.69717849436530865
  0.70565244484914169  0.71400794871248696  0.72234805510248468  0.73170419843469392
  0.74579123171007700  0.78847970388731103  0.87497816337075252  1.00000000000000000
 -0.06736304042234871  0.94777016292809568  0.98515043180082329  0.99034995290701922
  0.99254578838579921  0.99392840241046698  0.99502610385872281  0.99599131746625424
  0.99678276565671386  0.99721716803698379  0.99752581656057393  0.99776671808360395
  0.99802280051435455  0.99820839344997792  0.99834545464549551  0.99845791161887931
  0.99854597448108029  0.99859474798467462  0.99864285650173679  0.99868944772559964
  0.99872886266066918  0.99878057094906925  0.99883232947860390  0.99887751148827508
  0.99892326319049474  0.99896657880558182  0.99901026679391214  0.99905016483701214
  0.99908599329684666  0.99911291982466988  0.99913749233675853  0.99916351966279926
  0.99918859726854703  0.99921834988725622  0.99924784904392761  0.99927244041470242
  0.99929663594876061  0.99932021839525409  0.99934710846988606  0.99937545420790286
  0.99940386678715087  0.99943217185385003  0.99945880301085577  0.99948457123969503
  0.99950638064540254  0.99952762788106242  0.99954703002235357  0.99956753927413844
  0.99958800142232507  0.99960720259066016  0.99962524951593468  0.99964217223266927
  0.99965778079977863  0.99967212009160522  0.99968578620062698  0.99969956485562073
  0.99971322496718373  0.99972681961714516  0.99974015247276193  0.99975334664533477
  0.99976645600874059  0.99977937982984244  0.99979190447265565  0.99980481822355627
  0.99981668113038658  0.99982893120438410  0.99984078834543855  0.99985126646806388
  0.99985904822880822  0.99986625379645522  0.99987312071084378  0.99987952399770419
  0.99988568139121714  0.99989181360692569  0.99989795704907547  0.99990412644238214
  0.99991034403857726  0.99991636758790303  0.99992223390635149  0.99992810354250672
  0.99993356327157512  0.99993868509986261  0.99994373068507747  0.99994874360824615
  0.99995386611000447  0.99995928910688714  0.99996500855557902  0.99997071431720641
  0.99997629228782225  0.99998193498037258  0.99998575084110353  0.99998917151137101
  0.99999225649196211  0.99999494377933507  0.99999746549473589  1.00000000000000000
 -0.00000318597485294  0.00001804646026717  0.00007136884690887  0.00019966697242040
  0.00043468751210280  0.00076050637578321  0.00113447091910207  0.00157997325975799
  0.00210380095742892  0.00263932322412134  0.00327413206160053  0.00398902389985752
  0.00466921528109325  0.00544354627626260  0.00627475843215626  0.00721369777031460
  0.00819931021328645  0.00925930092836017  0.01009942907462014  0.01106893746444295
  0.01245812470711302  0.01369450441372165  0.01481335900907704  0.01619127352856167
  0.01731554141024442  0.01841622355809186  0.01970389775424290  0.02161757214143726
  0.02366180126929820  0.02597421289242463  0.02858232017918754  0.03143567812201749
  0.03404861201641497  0.03630579924062214  0.03727928996735666  0.03823967405007277
  0.03928615053124766  0.04034594490768700  0.04145291207776611  0.04266268288110298
  0.04374273768983684  0.04470764559923707  0.04618848012412435  0.04918335886576881
  0.05228244308532703  0.05547922493419429  0.05889451971716141  0.06223386535994598
  0.06460679654040881  0.06660777296341035  0.06834025678991335  0.06965862429405835
  0.07092319522019304  0.07248852282035088  0.07440723447987145  0.07682073377535234
  0.08117258962793940  0.08646046943033107  0.09216213360674075  0.09778159126621373
  0.10379355241811147  0.11135340163579051  0.12035681440170105  0.13001375868462978
  0.13986184960560449  0.15097156247359725  0.16498645161552117  0.17903227635175650
  0.18909195882647620  0.19620779839772728  0.20257295110857532  0.21096767943749251
  0.22035667602483919  0.23311092344067552  0.24629812322289588  0.25594503215287867
  0.26493047456019014  0.27277483948852921  0.28150560253147378  0.30057396478772663
  0.31964232704397949  0.37282958232115893  0.42627940762297722  0.47972923292479558
  0.53134247422952641  0.57752066799802737  0.62369886176652822  0.66987705553502919
  0.71657862521018656  0.76380247324583606  0.81102632128148566  0.86572412167546586
  0.92637697487953152  0.95787627691972832  0.98080482649391820  1.00000000000000000
 -0.01004511481860816  0.06311416855701235  0.11847073784895093  0.16048326579343347
  0.19816075781800158  0.23885861227379096  0.27696811641205754  0.30558724472226945
  0.33053687334853254  0.35628511234771126  0.38510963488989247  0.41943718470367286
  0.43766733717694078  0.45452152901183190  0.46970171914562792  0.48031749856617822
  0.49259671790840964  0.51005171535805127  0.53011900208376939  0.55293590106875179
  0.57535214878553465  0.59083996945381001  0.60224955349868925  0.61421537505170831
  0.62658102038926333  0.63589391460611333  0.64392636999622832  0.65337533865116471
  0.66476283934892488  0.67672532356547321  0.68799252471636441  0.69845735372157647
  0.70894588792746049  0.71938395625933804  0.72995171145200988  0.74174218164566430
  0.75338422232532154  0.76386568963803436  0.77224830936748801  0.77997697562279411
  0.78737525390127427  0.79421821850392693  0.80091868815969036  0.80789250850232319
  0.81516521143536103  0.82315961352757305  0.83009453982185244  0.83720330828961387
  0.84385089191816676  0.85048483315136802  0.85752991790691768  0.86381643271550856
  0.86987085512464901  0.87564485618869925  0.88104621059214783  0.88487376146744090
  0.88760757012760227  0.88987520518397500  0.89230672372645936  0.89500786114013675
  0.89874673790208648  0.90280653109884867  0.90836968179135125  0.91454232583368855
  0.92020020932779667  0.92520749177647010  0.93013934346326010  0.93478391203709799
  0.93933765818473280  0.94320145709436010  0.94669678765783971  0.94998701848060307
  0.95356767983646940  0.95715979700997822  0.96077887736722345  0.96480244903616896
  0.96871025028145830  0.97245728450995916  0.97553870587786706  0.97817246374984423
  0.98029518666465254  0.98165806859329519  0.98291632675610907  0.98422179982576952
  0.98547502421276012  0.98683568987924275  0.98951037805834385  0.99205840282172297
  0.99447837930304994  0.99662049815421738  0.99752439315275143  0.99821980887449802
  0.99874631303324080  0.99917433945363532  0.99958032854158052  1.00000000000000000
 -0.00214692383760750  0.00786255984147690  0.01701445099600047  0.02658040044844106
  0.03360891556000827  0.04037384129232910  0.04962350365745763  0.06188477715330837
  0.07289502936044467  0.08178795883116717  0.09057823191551828  0.10041093831043670
  0.11166702240258157  0.12471181261336278  0.13800825494335725  0.15236166818073393
  0.16661870564687797  0.17821093183833284  0.19205688993723816  0.20472504169441108
  0.21763035379579246  0.23048434952030933  0.24240832999944509  0.25463197870223719
  0.26719163520627076  0.27976643734297219  0.29381815586621884  0.30648188671718279
  0.31870484833944274  0.33117220774774958  0.34283175214159017  0.35408680413440086
  0.36543663599110138  0.37714540328287682  0.39051782655147743  0.40515669915579638
  0.41873903425190590  0.43081034630006459  0.43955077844437590  0.44540055524384148
  0.45047124899575719  0.45456912241102798  0.45863160832792471  0.46281241861203209
  0.46786715118519384  0.47648743046299524  0.49171253275313520  0.49759291095136293
  0.50344410501121051  0.50936573756578662  0.51546542934990069  0.52127938558064457
  0.52611623204844249  0.53041276198940535  0.53937097849406679  0.54990685725563027
  0.56148021867323195  0.57158038060886862  0.58194253640889626  0.59305127726383189
  0.60534645692131739  0.61786469483192585  0.63057277529740996  0.64425993152212757
  0.65875122853338375  0.66962057228831029  0.68038617638814469  0.69288345835036669
  0.70697330895547550  0.71907047430880411  0.72949353766233327  0.73807632716851235
  0.74772338415788753  0.75937209302461728  0.76815214736983717  0.77416986716479408
  0.78120178894090109  0.79176580142251407  0.80843511265498580  0.82102080302755376
  0.83257337990397939  0.84344887080805353  0.85455943241307619  0.86760546401917937
  0.87919449360332380  0.89159749437474700  0.90625207504991534  0.91730012853639253
  0.92497667336238454  0.93291716828817939  0.94165141560476695  0.94949606492975203
  0.96213392005864129  0.97395300179533117  0.98576862923998509  1.00000000000000000
 -0.00002402994185156  0.00016043537556634  0.00059712940152964  0.00104305212758799
  0.00149079243943365  0.00193420633072376  0.00255912245069483  0.00324630136709339
  0.00397761756980220  0.00470142550642114  0.00552916634906979  0.00707225273486345
  0.00917369830455719  0.01164946970201087  0.01455742181316143  0.01769241764331795
  0.02085435516698920  0.02441622776156843  0.02814980273524887  0.03681531053238753
  0.04845823542683989  0.06097699340202426  0.07317443243029829  0.08718746556162497
  0.10191673435894176  0.11727062944831652  0.13433635731261109  0.15056802827759347
  0.16512768962151383  0.18006107086507758  0.19561458050513844  0.21622805206211732
  0.24235238702759554  0.26715778201286516  0.28676220127351915  0.30466508458767605
  0.32189452175242766  0.34633679210630741  0.37175958012292137  0.39328283120474899
  0.41530815744954030  0.44152044062054668  0.46322908540220437  0.48491511069625676
  0.51871665874072792  0.55326035130468487  0.58023007027636364  0.60654550221859338
  0.63283744136702813  0.65491886716509662  0.67410433243000756  0.69231235752992037
  0.70858203938941011  0.72310943048499310  0.73997126385588563  0.75220055181422529
  0.76303481623102098  0.77632618657642039  0.79291146739200558  0.81148982799575253
  0.82922337122160417  0.84386848629037814  0.85626994852477711  0.86734873942608137
  0.87548148300958872  0.88235933548384293  0.88892979022014784  0.89584729821916098
  0.90380583126202074  0.91222812906091755  0.91962672549442293  0.92665202003647518
  0.93387055652982121  0.94046485256246937  0.94659204375265416  0.95169431429444440
  0.95586994871641695  0.95988401451725347  0.96392586587206364  0.96808903518474310
  0.97225459761523714  0.97608622975041603  0.97935619423285003  0.98220323007637578
  0.98470678965298386  0.98704693841002955  0.98926883892749884  0.99111756258999539
  0.99268226023819295  0.99381302019020434  0.99495175317113116  0.99600904831204684
  0.99700476597439014  0.99803298962975073  0.99899762188699259  1.00000000000000000
 -0.00280571306231502  0.01249707601021000  0.02451581951594183  0.03417316235325622
  0.04545080975773045  0.05502596547142200  0.06406457185067976  0.07390017193885669
  0.08751154685256082  0.10035854065097335  0.11130104233214723  0.12174395933280209
  0.13012265934855349  0.13895412523005879  0.14915862998339230  0.15921737894163265
  0.17152683885982414  0.18507956600184053  0.19804630043259683  0.21197763881664275
  0.22485076778007568  0.23478255563505163  0.24412941943337080  0.25484679353961148
  0.26670888572680823  0.27944379259134194  0.29178479595896673  0.30384210206249057
  0.31777023621599315  0.33036257533326985  0.34487142247535102  0.35925377217424942
  0.37165249139177187  0.38484254584633498  0.39910627237625707  0.41373088817979953
  0.42708643421692721  0.43772430923100974  0.44640919238387744  0.45553278676486575
  0.46587095082800828  0.47473314360128177  0.48336239618426063  0.49540402275339435
  0.50989161251226278  0.52328684341041087  0.53536986973644762  0.54712575928431606
  0.55808378992511276  0.56830341832417486  0.57565500383323098  0.58225854812499589
  0.58880719297434836  0.59660447197073652  0.61036477974358261  0.62626803742364678
  0.63785882579422581  0.64700428972551793  0.65593412508106463  0.66672867199762875
  0.68030450786736196  0.69478499056922949  0.70832742046693875  0.71975325583208394
  0.73111982090144145  0.74348974310956795  0.75601383405361389  0.76846789360986067
  0.78198607929215647  0.79876598842886992  0.81064039490190343  0.82016866258727317
  0.82885017422479212  0.83756866362337434  0.84784975606393609  0.85904691446823112
  0.86729068859686675  0.87392571056427848  0.87947532586687049  0.88492029159255436
  0.89068800862234176  0.89685860629752701  0.90270769102625048  0.90832385340404898
  0.91337348495450399  0.92192433799429030  0.93294849083202225  0.94071464984035436
  0.94662045582805687  0.95314969614454303  0.95942178491254093  0.96488690675107769
  0.96854741983690673  0.97240451053294952  0.97987981842478566  1.00000000000000000
 -0.00291677915264460  0.01147004746390225  0.02461946063593097  0.03618481475180430
  0.04652016537963326  0.05342599768181070  0.05743194314088982  0.06164400788302568
  0.06485473898964238  0.06777263616573734  0.07074667974425791  0.07395693688868173
  0.07873887289815523  0.08369123232047186  0.09025424373307922  0.10265453227309480
  0.11562740216508079  0.12269039938418347  0.12933865028402669  0.13707140607106100
  0.14562067966412551  0.15598538431206602  0.16809174818510392  0.18235528981168522
  0.19850855074807461  0.21150716585791407  0.22092007556952520  0.22880830786133893
  0.23633587876308360  0.24468731617805811  0.25351152221802253  0.26207969420042682
  0.27124200713927682  0.28158237792164142  0.29411477427958810  0.30782597120438143
  0.32174817825366725  0.33606811567497752  0.35176413757808228  0.36805692170430820
  0.38344790887092550  0.39779585975922227  0.41214602376930631  0.42703569195752067
  0.44363695644173906  0.46062253012639492  0.47562142411351604  0.49044352854368350
  0.50593252206813444  0.52230756391052358  0.53636052589799388  0.54857582277368189
  0.55956274953580232  0.56933173958643235  0.58054637425252087  0.59125697971872804
  0.60115451165110079  0.61127001629095612  0.62176233941830183  0.63333264374502907
  0.64525134466508904  0.65701871857977268  0.66775472083898335  0.67623783723552167
  0.68476806852101479  0.69275435704105126  0.70083007497419525  0.70934636116387872
  0.71692715053704215  0.72457606009792241  0.73514953776466951  0.74833748446170167
  0.76385541034393944  0.78153988488860726  0.80044839238253584  0.81962340490519803
  0.83660733900603423  0.84883221912194173  0.86035144410815201  0.87174996182379683
  0.88453355803446365  0.89888859579266334  0.91211025880278873  0.92139347642338454
  0.92669794486726531  0.93234398739147273  0.93766507736142268  0.94219018611428029
  0.94660055917708830  0.95142017204248086  0.95705196820489891  0.96362845345762971
  0.96986728147861423  0.97637887983308280  0.98681572744862656  1.00000000000000000
   3.1674088401746620E-013  -1.0000000000000000     
 T T T F F F T T T F F F T T T F F F T T T F F F T T T F F F T T F F F F T T T F F F T T T F F F F T F F F F T F F F F F T F F F F F F F F F F F F F T F F F T T T F F F T T T F F F T T T F F F T T T F F F T T T F F F T T T F F F T T T F F F T T T F F F T T T F F F T T T F F F T T T F F F
