  0.00006445144285027  0.00006544161286590  0.00006607865944215  0.00006653519780251
  0.00006692151192322  0.00006726314401852  0.00006748836901152  0.00006765811698332
  0.00006783461152081  0.00006800189659969  0.00006815425669842  0.00006832015398531
  0.00006857653513186  0.00006889378913965  0.00006915822331846  0.00006939494989392
  0.00006962177553710  0.00006984068162228  0.00007005032259446  0.00007024319524977
  0.00007043537216655  0.00007065319791467  0.00007087357278092  0.00007107738207043
  0.00007126793736134  0.00007145612769256  0.00007165035378523  0.00007184758200114
  0.00007205375096599  0.00007219606971427  0.00007234683799669  0.00007251923688187
  0.00007269776731723  0.00007286841215135  0.00007301956009099  0.00007317777649087
  0.00007333843333270  0.00007349973123977  0.00007367304456874  0.00007384209415643
  0.00007401915146198  0.00007419830087785  0.00007437065437428  0.00007453859298960
  0.00007471898711186  0.00007492356257692  0.00007513430123014  0.00007533859256723
  0.00007554171310929  0.00007574898491065  0.00007597172808610  0.00007620534880237
  0.00007645792501532  0.00007671158085866  0.00007696815264666  0.00007723298453461
  0.00007750820382209  0.00007778715018361  0.00007807915543924  0.00007833794389029
  0.00007861156830509  0.00007889366407656  0.00007916227388459  0.00007948281378803
  0.00007978045704763  0.00008006569525029  0.00008036584677959  0.00008066806845962
  0.00008100222763876  0.00008135615873439  0.00008170357470674  0.00008210384428666
  0.00008260309026270  0.00008325405734973  0.00008362998209638  0.00008400190177834
  0.00008437496277648  0.00008482616525271  0.00008538767974921  0.00008602300191346
  0.00008649588267263  0.00008688510467305  0.00008729003963484  0.00008775458556316
  0.00008853963221719  0.00008940224051577  0.00009016464425998  0.00009116084826361
  0.00009240204672254  0.00009369256994916  0.00009516226594906  0.00009729405688125
  0.00010014164052409  0.00010384950968244  0.00010581982190673  1.00000000000000000
  0.05867944641884453  0.11400901436176468  0.13932135944343668  0.15696501570456103
  0.17184601782781461  0.18730898712406058  0.20573659689225587  0.22875507159418218
  0.24995902396885988  0.26481843628892204  0.27712594554368525  0.28797963345657063
  0.29978618178946614  0.31143942337532549  0.32339764952707617  0.33452736858075244
  0.34357544622192959  0.35253954210969279  0.36112815090041134  0.36959881955021157
  0.37842163220829861  0.38943474140459605  0.40570515839576499  0.43081031404940201
  0.44243601472874278  0.45138594613789662  0.45802918890797101  0.46315901863989473
  0.46813512931452561  0.47364720736101584  0.48115735854129915  0.48839507084116240
  0.49491854899741800  0.50183485925510252  0.50897566406878647  0.51584606616485040
  0.52315685651918686  0.53176646733431443  0.54041536944805169  0.54885171980496594
  0.55779086686665325  0.56569337368550743  0.57198582848057511  0.57773897135472652
  0.58582423042511955  0.59653962298155205  0.60676801996659036  0.61394106765890077
  0.62127993513472402  0.62880639746665035  0.63897831353552415  0.64893627876107429
  0.65758656166504004  0.66601639875928786  0.67552751745558159  0.68625527536589792
  0.69734287319831612  0.70702087451779894  0.71323418833573060  0.71867352247286787
  0.72448092726611579  0.73088591866668073  0.73671954836576647  0.74236175167892249
  0.74682056213036041  0.75153671467728811  0.75640315086797894  0.76148683137518391
  0.76647133764782760  0.77336798306068055  0.78222860450946208  0.79037918739128543
  0.79720957041422935  0.80417713129997082  0.81170783408768821  0.82006906750216924
  0.82922022029050635  0.83854483533405999  0.84774841102241449  0.85468645123311393
  0.86424791912437182  0.87281109615505015  0.88077848659280256  0.88765694924906102
  0.89420806493696459  0.90137246575010421  0.90893412856939648  0.91807872685403979
  0.93077522644833011  0.94176898661270736  0.95052543276786006  0.95772693569360068
  0.96355451611820997  0.96820286444565151  0.97063160919593150  1.00000000000000000
 -0.00141064886192725  0.00745080550557803  0.01402311081034358  0.02188283710129718
  0.03248846503059790  0.04627810413752109  0.06205092446404924  0.07836689633280759
  0.09400695292142483  0.10815144846008855  0.11938133219718064  0.13038144481378600
  0.14046347244647914  0.15168935699990838  0.16328527733661408  0.17699289594825143
  0.18973423625083485  0.19707822725380927  0.20449764656812655  0.21213359398962475
  0.21891615198012762  0.22602809486052636  0.23241727318925690  0.23859192203240162
  0.24459321064690384  0.25011136504672821  0.26000113519323287  0.27166841356791283
  0.28549536373332279  0.29822710564765365  0.30882396343901330  0.31954365284023534
  0.32991435913390582  0.33936340005562171  0.34800674023913836  0.35785566539690666
  0.36759156586051006  0.37827883161618969  0.39009160397254755  0.40041379842128638
  0.41045979141468608  0.42042248166845098  0.43146741498371971  0.44641984247763999
  0.45603574564084648  0.46659930471831079  0.47822779765538587  0.49169596843930963
  0.50601062085968396  0.51867638593500554  0.52934863872588467  0.53884845536069059
  0.54786032868960532  0.55848375084789570  0.57334182692760582  0.59216873902440392
  0.61185021329377276  0.62703272665437459  0.64133573459333149  0.65329760970714257
  0.66657754081309906  0.67559306734313773  0.68400387073642044  0.69315225152223103
  0.70153367473572703  0.70823178648560015  0.71444873094887484  0.72051947862004551
  0.73085355465421198  0.74730190875162372  0.76412525428331446  0.77748609791889689
  0.78842223849427406  0.79773579704317976  0.80631141479141866  0.81421795457472201
  0.82435247483851748  0.83478094355859156  0.84438056365106762  0.85404980853183032
  0.86463227218035243  0.87634401424318253  0.88734192831181047  0.89779059609337464
  0.90871338111632871  0.91749893239069591  0.92567835866194470  0.93437474227598249
  0.94406001963265029  0.95464269957731784  0.96520816656537423  0.97249933250875731
  0.97858327451026417  0.98414612474519347  0.99009423897768734  1.00000000000000000
  0.00452212505615774  0.01841604771823148  0.02493398850006787  0.03080568462271414
  0.03708146284688140  0.04447494186947702  0.05284370643257932  0.06159103614344907
  0.07028755043464988  0.07806855669742872  0.09066590695030796  0.10614285541657265
  0.12417013868444829  0.14073735547881641  0.15154105868776352  0.15783219573771251
  0.16555446430554843  0.17277679299239665  0.17949194146758643  0.18689407441598177
  0.19457195442904654  0.20229947644321761  0.21081510425656658  0.22049283604592779
  0.22924392634411186  0.23768705039092389  0.24742862324271742  0.26068047748351880
  0.27435231660402637  0.28769566085834225  0.30242379656561447  0.31642330425900844
  0.33253576669835011  0.34662801692214446  0.35944306913541191  0.37267324598956936
  0.38656387822275551  0.39944132237397451  0.41017399256827525  0.41929417893323828
  0.42761810526013333  0.43693360479009574  0.44742399805577354  0.45581041854704168
  0.46110153288497235  0.46602354344803715  0.47212243640668483  0.48161374098195542
  0.49180925250257407  0.49826761382385487  0.50378707197034056  0.50929670821127404
  0.51433089750237537  0.52255425181399418  0.53007341923078810  0.53713562884654942
  0.54467828035943988  0.55284454045507647  0.56103853728971531  0.57124071487501904
  0.58442131722385082  0.59716417014662981  0.61031396371832858  0.62343822323284614
  0.63605105298541242  0.64832902612140864  0.66013995679687132  0.67301605632912609
  0.68584209481852343  0.69950378776895050  0.71545334948581274  0.73308304639840860
  0.74856090302473832  0.75955257581461244  0.76750035089540924  0.77657419650769965
  0.78362501340832758  0.79281369067269092  0.80190468456131270  0.81205091572564470
  0.82483535389790941  0.83676104228227077  0.84589439240504660  0.85463394220993127
  0.86381997801754806  0.87435891856370895  0.88666546359252063  0.90141664013090117
  0.91868117465445198  0.93307312689300725  0.94436448311034138  0.95515283129849948
  0.96521209763186844  0.97583456989160144  0.98776248274311318  1.00000000000000000
 -0.00249536079837128  0.01316204599648481  0.02430566262766815  0.03250084790512556
  0.04079910062941550  0.04954656896164505  0.05883249281959627  0.06852539989439428
  0.07610505818224340  0.08381973222389640  0.09174818307770533  0.10062075612371875
  0.10776934722071801  0.11318009896198970  0.11854024683274821  0.12454344163466009
  0.13066053704949529  0.13723276171787896  0.14480015016116099  0.15279566501858866
  0.15891173828551830  0.16432015964784946  0.17220305043207951  0.18171071098859107
  0.19409972518424065  0.20338077932103202  0.21148764590467153  0.21899879675554765
  0.22609798494562572  0.23300410478957012  0.24017025995493935  0.24790914895196819
  0.25518506620891673  0.26533521451247805  0.27697210718481469  0.28860028647142022
  0.30214411229216198  0.31743377354840241  0.33291460186755883  0.35097636222031847
  0.36745624819883926  0.38267828059625109  0.39708852956153862  0.41108916680106361
  0.42658470294285272  0.44111999189261292  0.45326076480989597  0.46476623015481128
  0.47695856564684114  0.48917689551072707  0.50121076050578994  0.51468082549614436
  0.53312918146037402  0.55381650532441551  0.57333037406173759  0.59096541213187259
  0.60660968447047769  0.61958880406878647  0.63019462342723209  0.64099810707222737
  0.65050575673248745  0.65793140410191331  0.66793597043980557  0.67916865729966336
  0.69071990380487036  0.70215391446060538  0.71396120010114306  0.72753844376276999
  0.74285480415288252  0.75456634650913101  0.76275016881912694  0.77341267669780500
  0.78122259760900048  0.78791858707022944  0.79439276099572864  0.80167756373564125
  0.81032209891238238  0.81993466328669207  0.82970457523961871  0.83991787272874752
  0.85094207469292549  0.86377496624821981  0.87929049262488335  0.89249935474308228
  0.90601156619429413  0.91850006031869824  0.93195045232856111  0.94267224746327072
  0.95058331900796200  0.95873337818749560  0.96747393929006453  0.97641750643441949
  0.98388669373334747  0.99016192419603477  0.99524826860758053  1.00000000000000000
 -0.00041175225835110  0.00262386295862313  0.01098704381113587  0.02085393047678242
  0.03053522117977889  0.04023286289079100  0.05112084020232594  0.06349316396954441
  0.07691966622433190  0.09063891391340666  0.10350308736966420  0.11567353522148047
  0.12901274577058544  0.14580523348679145  0.16133663249386740  0.17430454390988531
  0.18364096128774715  0.19135418261548184  0.19876462648062992  0.20563135248510320
  0.21346971976439302  0.22293781110832553  0.23352755987064619  0.24945611564760611
  0.25739664284226071  0.26564116479064298  0.27448902281792170  0.28521206831637019
  0.29510322522764409  0.30373520217026928  0.31420609850939996  0.32799245709541419
  0.34114524058162243  0.35352689183556363  0.36459989690679234  0.37464929275220260
  0.38518256116688682  0.39785644941997783  0.40671637336461108  0.41711205221990216
  0.43002480430636791  0.44278904509912514  0.45342269665885132  0.46247947228801911
  0.47024048474859942  0.47771133368469082  0.48570440704345169  0.49556920017125050
  0.50812176141917631  0.52177031693182674  0.53925382971753721  0.55651440533126162
  0.56700641864822388  0.57335957008562954  0.58056582736279472  0.58797419852733435
  0.59545785632387316  0.60329970991635207  0.61084173154889776  0.61821247559323378
  0.62519219428127848  0.63425047691490255  0.64427026949108768  0.65424442836744068
  0.66559754691410433  0.67929989146746983  0.69357076093989567  0.70586085418423550
  0.71801968759599011  0.72945341999854263  0.73996991520355582  0.74927541764815297
  0.75868697470806257  0.76860677274367473  0.78006941799405560  0.79101539541423904
  0.80091631455311307  0.80782691603893153  0.81338538766045065  0.82095746560242144
  0.82901610484640276  0.83631302990573109  0.84375318600090998  0.85386303166699473
  0.86502543661745768  0.87735009357818083  0.88946210840709983  0.90459973817575612
  0.92177266350624110  0.93916820168591353  0.94871090947937120  0.95872253072461799
  0.96888938465848717  0.98010635767378207  0.99034392834136864  1.00000000000000000
 -0.00003827328521386 -0.00000138768971540  0.00003549790578307  0.00007238350128153
  0.00010985702865975  0.00017500342629898  0.00024014982393821  0.00030529622157744
  0.00038853074912699  0.00048656830743590  0.00058929049099024  0.00070656409788675
  0.00083112334267552  0.00097149359960976  0.00109934615832932  0.00122313186416176
  0.00135118325943255  0.00148735234860795  0.00162169211254608  0.00175795525853557
  0.00189926015320866  0.00204094363972845  0.00227578077002863  0.00263324416340132
  0.00300929531574150  0.00343597779495948  0.00395617222806537  0.00450886352555795
  0.00519555284846152  0.00594319364951852  0.00677020369243736  0.00763278124167420
  0.00852480345390150  0.00947037496052422  0.01049892433603520  0.01111872625608809
  0.01174302107591600  0.01237846202289974  0.01312414426737269  0.01466848350314553
  0.01686143276055386  0.02113859784216034  0.96989434388635309  0.97769202758037577
  0.98219186720391494  0.98357342275576620  0.98468069477423592  0.98571876710614559
  0.98662453495274527  0.98790499529291420  0.98896377541029179  0.98991186154766841
  0.99068203936226906  0.99135044137009243  0.99197522482451261  0.99256761127952153
  0.99316931119984597  0.99377921564481897  0.99435676941062889  0.99488521867602875
  0.99536210047129892  0.99580812966622334  0.99622490594819979  0.99657782624080182
  0.99689114757908359  0.99715457068007840  0.99741065838130261  0.99765190471675413
  0.99785593883129875  0.99804577267568850  0.99823033291738184  0.99841040513307100
  0.99852628966433787  0.99863099091124075  0.99873858650729086  0.99883938745363687
  0.99893392635140532  0.99902500720223342  0.99911244558869283  0.99919507040504718
  0.99927231023501795  0.99934078296125872  0.99940712495566797  0.99947058797589095
  0.99953308406919616  0.99958996628080277  0.99964633719631535  0.99969441624874023
  0.99974249530116510  0.99978470905905203  0.99982279216232917  0.99986087526560630
  0.99989718000685868  0.99993145333790578  0.99996572666895289  1.00000000000000000
 -0.00229109265659255  0.01319640342615075  0.02377488575659850  0.03288577155742933
  0.04247683129703089  0.05454922727705883  0.06708926927776476  0.07797184038553689
  0.08974870898158414  0.10087147129845510  0.11215441681669173  0.12528959042718393
  0.13914152048506012  0.15308233185075082  0.16466280550560852  0.17205692799437583
  0.17830820322990920  0.18426385055090355  0.18984986945160628  0.19582776667347720
  0.19986120617898678  0.20343432358278365  0.20710961955397231  0.21170076609169991
  0.21673625019460535  0.22175800187704536  0.22679499089840260  0.23584600302641473
  0.24967581123470053  0.26439480924521030  0.27834064500279604  0.29328668855372181
  0.30773092431828003  0.32230026832403663  0.33621987030827316  0.34910404059241462
  0.36228390524637583  0.37440366636779077  0.38615609590216060  0.39685151989521911
  0.40574823087910333  0.41244142192924049  0.42106765171868854  0.42968982791012966
  0.43881361869615076  0.44824071307769980  0.46149976749426141  0.47887822128404584
  0.48993004520268879  0.49978354821856602  0.50937039712153021  0.51831989634172870
  0.52673131511150295  0.53510368665649344  0.54627601014141114  0.55588798455128963
  0.56623875243126809  0.57765750961318363  0.58918102021675978  0.60159091336112880
  0.61343703930806248  0.62442188978245072  0.63626665770070245  0.64966484861251339
  0.66194921568174137  0.67273923568643712  0.68422737108197362  0.69442152694567350
  0.70156252535304231  0.71080229685636398  0.72256739967448491  0.73557811214567115
  0.74606925881149211  0.75686823096813205  0.76705254757639296  0.77795568455796571
  0.78971724724022674  0.80118394718041253  0.81146112896229150  0.82132819834059978
  0.83165131179612373  0.84413061952224366  0.85748544825744388  0.87084534868064956
  0.88513336565192335  0.90061456091998671  0.91533038775149778  0.92564357891201177
  0.93283933438430389  0.94012023592613847  0.94850377367671690  0.95857110858112538
  0.96742517242852533  0.97637475453958122  0.98792028786150854  1.00000000000000000
   6.3418714056007377E-024  -1.0000000000000000     
 T T T F F F T T T F F F T T T F F F T T T F F F T T T F F F T T T F F F T T T F F F T T T F F F F F F F F F T T F F F F T F F F F F F F F F F F F F F F F F T T T F F F T T T F F F F F T F F F T T T F F F T T T F F F T T T F F F T T T F F F T T T F F F T T T F F F T T T F F F T T T F F F
