  0.00499574905735342  0.00513524314264294  0.00538625366156723  0.00573332225943654
  0.00624197254466085  0.00678044710287212  0.00737213461431529  0.00799500723592768
  0.00864204553061042  0.00935572118877421  0.01007971629875151  0.01081376893286599
  0.01163676842432675  0.01246467333446437  0.01329755723541316  0.01436149911616273
  0.01546771477067962  0.01662022925148965  0.01794762804827460  0.01939597005817116
  0.02103990746876709  0.02275948106558218  0.02446642700735761  0.02620763045470573
  0.02803104498451675  0.02999448302033110  0.03214733280501115  0.03444200209738413
  0.03688355199799144  0.03953790917641621  0.04244846739373925  0.04712859018436522
  0.05231690832867208  0.05755348930381660  0.06290877997957225  0.06881427380212402
  0.07468528018529141  0.08067585458422608  0.08712936128117159  0.09454505975064709
  0.10264453123894766  0.11113912232174750  0.11958599139096969  0.12766600583824481
  0.13556392764088460  0.14348372615610716  0.15175865844513381  0.16044320836048953
  0.16993431444350737  0.18094726797585825  0.19260324059797257  0.20436234591521718
  0.21570110476487775  0.22825499432797647  0.24224887778198551  0.25562485370301269
  0.26742876243327363  0.27880489087468091  0.28996058089139065  0.30105455101044259
  0.31313613655444922  0.32696073874770143  0.34044361629330039  0.35376474754799098
  0.36710365622533847  0.38122444939928851  0.39606359718315015  0.41080588375531335
  0.42521387549844114  0.44000745811449848  0.45463435997489043  0.46929975057906126
  0.48521646671703522  0.50197329255722800  0.51744209825128351  0.53176839923319719
  0.54603936088326877  0.56104083724189391  0.57713029285155082  0.59519254333019112
  0.61432353234192927  0.63325314107005848  0.65123479672081297  0.66820391932918777
  0.68561278641084045  0.70635320363363441  0.72828087288950238  0.75026404663411084
  0.77243356339352465  0.79702077670964833  0.82270454545951877  0.84810898789519606
  0.87272627726615792  0.89841045407285058  0.93312241040047628  1.00000000000000000
  0.34458225067345233  0.38981384171778688  0.40508010276851847  0.41150218706714609
  0.42938171528249647  0.44112047416789962  0.44519592060904317  0.44945999333805914
  0.45496999353132789  0.45893265555906304  0.46446126272538107  0.48499783604963181
  0.49725090856735726  0.50398128922534557  0.51120159458783931  0.51898266636158308
  0.52656399421219469  0.53248227275726534  0.53649417749730677  0.54060603311376554
  0.54534197702278298  0.55104714591056714  0.55509427450377602  0.56137706785846841
  0.56738051703618908  0.57193962308607804  0.57519312859477212  0.57854260597726714
  0.58190215539780354  0.58549903979829665  0.58928658622467300  0.59293635089426100
  0.59815389308574962  0.60409767831537042  0.60773120198148411  0.61065441644839413
  0.61343429456207421  0.61622659363907106  0.61957991724371253  0.62308005190378646
  0.62656284221405756  0.62958947561792511  0.63369933434521897  0.63832905205571344
  0.64287246768968231  0.64718665956358912  0.65157291005182671  0.65619033950773409
  0.66014759019205260  0.66318131489657628  0.66614365239042916  0.66920855451723749
  0.67265942488006270  0.67646995233076912  0.68001321382823710  0.68316517264862220
  0.68593143111927157  0.68922695037128701  0.69371371486433675  0.69879116585306866
  0.70382418237682043  0.70856536613248400  0.71324650994770133  0.71774191577555846
  0.72173165248231597  0.72536227222626104  0.72912192055969083  0.73305459286011965
  0.73750544402470553  0.74233589024181101  0.74651636628223994  0.75167892938075731
  0.75794019316826333  0.76452159181345192  0.77106616011674678  0.77841593669566356
  0.78631120048853831  0.79543856429984205  0.80655144764605757  0.81729223761734437
  0.82662954833210600  0.83523180104998351  0.84390671626556668  0.85266398070232441
  0.86117709524685060  0.86947123115520575  0.87756123955347420  0.88590855678828662
  0.89440990185172164  0.90338818887062800  0.91327059924801102  0.92392746750569588
  0.93551809557499288  0.94879261380558844  0.96742637993141767  1.00000000000000000
 -0.00235229235949138  0.01026602288971141  0.02058644513760367  0.03023213874339202
  0.04030323957397872  0.05181062130379044  0.06433107285419853  0.07688286256262809
  0.08868326588186422  0.10052718922172041  0.11124924325351992  0.12104376775537593
  0.13077612219692974  0.14136616962480594  0.15277019885053400  0.16523524463148176
  0.17798330706677976  0.19088969202766740  0.20202778608541336  0.21338115425829329
  0.22445330663210183  0.23528582154846239  0.24567302530605575  0.25565635940845827
  0.26602514289807272  0.27651921019428111  0.28766899668442636  0.29925245123828698
  0.31047451404398346  0.32176908568548584  0.33306451907449286  0.34543230114083445
  0.35736070655582930  0.36730255505463466  0.37610469606956670  0.38412764716891717
  0.39265530383426483  0.40186454486088891  0.41156868733003482  0.42136376332510045
  0.43150006969229421  0.44173311577124119  0.45219033132664915  0.46272699727850175
  0.47285093755411611  0.48284018129281497  0.49278477375714774  0.50376859192104007
  0.51585845616310666  0.52809813722004184  0.53992236304662244  0.55123038337050267
  0.56214442892189032  0.57197366850990017  0.58093546947683705  0.59014377199953383
  0.59989383026221144  0.60903409475842363  0.61766283917265574  0.62716232204929312
  0.63811895570998822  0.64947826628615468  0.66000416683531815  0.67072591911489443
  0.68204226318911143  0.69431775438996379  0.70593686816831169  0.71614861360511695
  0.72548730132040562  0.73474062810893781  0.74481006243059666  0.75592897502391865
  0.76769561503560690  0.77957543557593079  0.79156066878499021  0.80338805641672451
  0.81358267258166728  0.82180953197990259  0.82937983261805026  0.83742308990644720
  0.84647419538178481  0.85656544642116128  0.86618914292865989  0.87453237998831057
  0.88286096934382785  0.89217533088553680  0.90316143246438363  0.91440292302235271
  0.92390596625845722  0.93237402327435670  0.94170839585276633  0.95202468578010913
  0.96287190577682047  0.97485966628962262  0.98721454827948707  1.00000000000000000
 -0.00232510843458964  0.00787283913370039  0.01755311187739527  0.02814654204577718
  0.03957688540220883  0.05111497403396799  0.06202403446165244  0.07227501814550281
  0.08208259231187358  0.09125930011795093  0.10019393945479409  0.10932046373458321
  0.11869697102284513  0.12857788920355612  0.13876499993584568  0.14913892223440151
  0.16003051994525522  0.17099943540043394  0.18183124040357634  0.19190668134252895
  0.19952424080442790  0.20700910715877299  0.21488443418150016  0.22305768450609326
  0.23110350843707178  0.23965218162634569  0.24939179420128010  0.26058143403603995
  0.27211206791436399  0.28303387611993425  0.29374084608706913  0.30505234166019901
  0.31699439070393903  0.33032541724579706  0.34338724233582818  0.35612862610006707
  0.36804487881991599  0.37873234863193195  0.38857703709873614  0.39860599212386011
  0.40907369959481404  0.42062594442193246  0.43212860213559795  0.44301189981843725
  0.45326957685402752  0.46374870239352894  0.47396097073856330  0.48498767037795953
  0.49503774680204332  0.50566268450072815  0.51592383296138344  0.52623612656398233
  0.53633279122377808  0.54706694099960074  0.56021508324569291  0.57190752705606784
  0.58441252114102915  0.59661989513968872  0.60794078904703064  0.61836153678350558
  0.62883288036936946  0.63916499253200609  0.64959633961115537  0.66001166260994371
  0.67079418497663534  0.68134396047151191  0.69209235920698287  0.70249916200040474
  0.71288197607533399  0.72296038737195301  0.73210511389262822  0.74097856940503870
  0.75011361445031544  0.76064157438533819  0.77263498333319591  0.78471703444309993
  0.79639108821552274  0.80750356816067625  0.81844409708899113  0.82881624457229008
  0.83826488644545283  0.84736613697073648  0.85749226053466787  0.86775161116959965
  0.87814210207070509  0.88806200858206863  0.89945713158352059  0.91133434746239694
  0.92253235490046070  0.93299473562824831  0.94329583852876886  0.95405638992361230
  0.96443658094532592  0.97535275430614454  0.98700623453281178  1.00000000000000000
 -0.00225813655573064  0.00948247071474633  0.01946827905089611  0.03048413190069533
  0.04080986159906104  0.05142503788216716  0.06243512630212525  0.07426102913506301
  0.08585784194699951  0.09656472445541187  0.10734658863841436  0.11824264552206867
  0.12965900457138468  0.14162109096266839  0.15380629291777692  0.16610551465363466
  0.17826647266426271  0.19048072778719025  0.20281682850142410  0.21494300856043158
  0.22696934348426984  0.23916360351204413  0.25165263658246556  0.26362840563563084
  0.27509876298045782  0.28606625104366445  0.29660450645823611  0.30717265601249000
  0.31794586340557923  0.32852867049117257  0.33859715828736625  0.34883112258315951
  0.35971561327291346  0.37052074057716428  0.38070224764462540  0.39075323857515593
  0.40121121247346281  0.41172678323887130  0.42244787050006305  0.43295224227774898
  0.44400361365719071  0.45600524865758657  0.46619993339243998  0.47626629672523296
  0.48604383160561432  0.49573787083866294  0.50464172514861128  0.51265609277487589
  0.52118586607462192  0.53117783361003668  0.54165715992169938  0.55193105885834881
  0.56243893327370675  0.57361509255631593  0.58504819202404446  0.59665525550611487
  0.60746525490244607  0.61724411133024193  0.62701386347359256  0.63669187220872714
  0.64761803867598511  0.65895899535185121  0.67049793906234989  0.68275339094209031
  0.69512950965890374  0.70660086598596972  0.71745561395318092  0.72763218173006405
  0.73646824850725168  0.74409790995799674  0.75168988382566737  0.75961969621545289
  0.76881728714180497  0.77901732704240234  0.79015956848462310  0.80282293215821077
  0.81596494050670698  0.82831756596729889  0.84026730092051172  0.85153750394174210
  0.86134750750163824  0.87037107189865326  0.88008615529496170  0.89112407099935043
  0.90156637586442190  0.91069963226785156  0.91975074772812115  0.92937952216246966
  0.93923865575876186  0.94900164358034034  0.95838644582374988  0.96732447725357384
  0.97652048716538276  0.98577843013496047  0.99333456885309257  1.00000000000000000
 -0.00207595220974131  0.00831442651298389  0.01878001148498606  0.02853078734507031
  0.03853261699000742  0.04970331078662285  0.06144313984059627  0.07267577544406671
  0.08468077355896791  0.09704510751317787  0.10984155592350447  0.12264708341913351
  0.13497989623761594  0.14593265857480131  0.15540507881832594  0.16456873954959145
  0.17373623038253599  0.18269642594618080  0.19099711811022219  0.19904507206349945
  0.20770272519193383  0.21955425056000091  0.23189279068139837  0.24331132401558403
  0.25453705851210062  0.26538437635527029  0.27568163747650365  0.28576195948597222
  0.29580534507398698  0.30636041574479284  0.31743774426373933  0.32975220235716657
  0.34273801006480481  0.35474589780367238  0.36544101828583803  0.37601052878734892
  0.38686627190376993  0.39703014068891107  0.40571291071608384  0.41475774064411419
  0.42479548932295969  0.43529236153103545  0.44536503570644981  0.45543782752717116
  0.46661138724616930  0.47840667144695331  0.48991329127753291  0.50159114956331130
  0.51346078826025376  0.52540067767644860  0.53719554429473371  0.54806021473479971
  0.55831868238630999  0.56891801635805239  0.58024551225295651  0.59108706679843692
  0.60037002706989095  0.60871063372170930  0.61694658556856152  0.62565794338346858
  0.63492716148899553  0.64457040444969282  0.65501436135718272  0.66609865408483593
  0.67727832068550664  0.68825124829347117  0.69851416102098762  0.70880393379951667
  0.71955748653130380  0.73033783417076348  0.74046969170650778  0.75027368893133550
  0.76036524896220259  0.77001128659696738  0.77974724805549545  0.78931938120236889
  0.79881040954478966  0.80828068389188479  0.81796827753555168  0.82884471403286286
  0.84028886525423729  0.85148308792255201  0.86230816443239133  0.87336452793173647
  0.88430505716323493  0.89494608835204892  0.90517681246755799  0.91550735840534825
  0.92564945665999510  0.93566944406957553  0.94559308950012133  0.95590271136798233
  0.96770074813455376  0.97946703745689956  0.99033874864333893  1.00000000000000000
 -0.00384403853143129  0.01314193274796256  0.02515500372669882  0.03511272966746004
  0.04463392799393482  0.05465275557264381  0.06431866082393350  0.07331475263919562
  0.08201216847131075  0.09156861810717511  0.10179499063217112  0.11198086459753009
  0.12230709524878804  0.13332827085605753  0.14400693750547455  0.15419319352317046
  0.16395811736675758  0.17379853580961774  0.18366640185846791  0.19242149580358375
  0.20045627746107306  0.20872787474164242  0.21732019594681201  0.22532075148399286
  0.23337844708949010  0.24128969462828626  0.24999545361564662  0.26212704129853065
  0.27459269225054556  0.28472168606647968  0.29457811586814731  0.30375121023899920
  0.31314018565083113  0.32275934630545278  0.33354979850645372  0.34460930513074017
  0.35524411684568763  0.36580043347801378  0.37728090810965270  0.39109451768999298
  0.40388919268397511  0.41563983455078624  0.42712165900309085  0.43855821845375531
  0.44996836125155742  0.46120175720881385  0.47235778756510882  0.48328362315436529
  0.49451469992734998  0.50669640999608134  0.51934717816690135  0.53136922126442565
  0.54281984957627261  0.55457456814199235  0.56648149014674520  0.57797310837342242
  0.58955474511636741  0.60064398587347945  0.61219101554506639  0.62321949638894825
  0.63512756607325693  0.64744567718629709  0.66013684906949321  0.67191733577653923
  0.68307665401426310  0.69344532232327671  0.70388325679743424  0.71438250233827627
  0.72461535721231762  0.73389544931105244  0.74261293701678976  0.75171466551029498
  0.76134239372481405  0.77143105322557382  0.78177790055638541  0.79252448601756442
  0.80238176091842561  0.81185421919836021  0.82134499658014093  0.83099467175413178
  0.84063032815868111  0.85051033892961547  0.86073719838993124  0.87104354540918238
  0.88115900404656233  0.89188552626240858  0.90447659740716990  0.91673492893448005
  0.92753948226576910  0.93778851119990825  0.94841411855059199  0.95908297948580445
  0.96944483970872763  0.97977044859928875  0.98996563420739558  1.00000000000000000
 -0.00262847263910342  0.01073643042720247  0.02187955371683329  0.03255418364590293
  0.04350910658587537  0.05459331292635217  0.06618975809269863  0.07782765786596930
  0.08911533034095220  0.10105651611241087  0.11336729420941169  0.12660994605342377
  0.13961904427952299  0.15225535653360633  0.16372940172417452  0.17511917828235554
  0.18593146217943099  0.19654912672598443  0.20791978857736085  0.22003500805128079
  0.23249452264960316  0.24455341209385345  0.25584370400013029  0.26682648817631183
  0.27677964233241054  0.28601597368308046  0.29528294367887736  0.30451850257735735
  0.31360281571008819  0.32222234610822054  0.32997468198634883  0.33841370281203759
  0.34803537769931470  0.35841880104937524  0.36970663073309434  0.38045918908486981
  0.39123971181183542  0.40282584850710523  0.41481740692553498  0.42638091694677410
  0.43870084764817463  0.45125996403097651  0.46351199290788003  0.47453821083061681
  0.48459063984022677  0.49452354641386859  0.50427316437114234  0.51498620697131592
  0.52515834956441609  0.53658779138254276  0.54742400187111850  0.55897714276389687
  0.56838844334602368  0.57869866456966546  0.58786401816424949  0.59773931820468584
  0.60773098445253204  0.61768965692962652  0.62749810274219409  0.63669527845960650
  0.64597598488925889  0.65450259627857310  0.66445173503430999  0.67448916345714527
  0.68448043483303944  0.69418498353792291  0.70450742599287552  0.71486171904463724
  0.72433321189642907  0.73287821087145832  0.74123067089159833  0.75065217837801279
  0.76152325395216147  0.77272280471608534  0.78350400397764652  0.79447340777768372
  0.80590772718232662  0.81699339369911006  0.82815835693629902  0.83973414121837386
  0.85173899688558619  0.86324144817894044  0.87413505748741893  0.88472332204765103
  0.89439494734082026  0.90308584083557852  0.91177099150642893  0.92185461055020002
  0.93277327998275783  0.94260599631370978  0.95224370507380662  0.96230853175688158
  0.97243816453449050  0.98210859592170929  0.99106940619812067  1.00000000000000000
   8.9964888030894908E-029  -1.0000000000000000     
  <DiscreteSampler_grid>
  Helicity
  1 # 1 for a reference and 2 for a running grid.
  20 # Attribute 'min_bin_probing_points' of the grid.
  1 # Attribute 'grid_mode' of the grid. 1=='default',2=='initialization'
  0.0000000000000000 # Attribute 'small_contrib_threshold' of the grid.
  0.5000000000000000 # Attribute 'damping_power' of the grid.
 # binID   n_entries weight   weight_sqr   abs_weight
    1   4780   9.375771039226309E-029   1.637424266548313E-055   9.375771039226309E-029
    2   31   1.942059224232686E-031   2.393065984603093E-060   1.942059224232686E-031
    9   20   7.486385784239550E-041   2.472532126683549E-079   7.486385784239550E-041
    10   20   1.915702408685745E-043   1.198372749836046E-084   1.915702408685745E-043
    17   5620   1.008993161366918E-028   5.530579588386499E-055   1.008993161366918E-028
    18   29   3.076099978734462E-031   5.246117402855939E-060   3.076099978734462E-031
    25   20   1.035407561423880E-040   4.839933235760289E-079   1.035407561423880E-040
    26   20   1.060729295142843E-043   3.241262535059037E-085   1.060729295142843E-043
    33   3580   8.220571567652975E-029   7.267324820554022E-056   8.220571567652975E-029
    34   28   2.003817729984736E-031   2.529617578673849E-060   2.003817729984736E-031
    41   20   9.349042814841915E-041   2.259087785105016E-079   9.349042814841915E-041
    42   20   1.563646724531078E-043   8.175296210583161E-085   1.563646724531078E-043
  </DiscreteSampler_grid>
