  0.00431032844568924  0.00563307158228139  0.00695581471887353  0.00910447495542767
  0.01149629398399160  0.01442768546316726  0.01759804433842525  0.02144460172873063
  0.02601600876887455  0.03102621297682465  0.03588660926238140  0.04070432073102680
  0.04527382801541591  0.04994340350713486  0.05488678132478753  0.06078240605830995
  0.06701977354356506  0.07358512186817479  0.07962964487732317  0.08557349491383576
  0.09162508067533119  0.09787011228596706  0.10386974827333312  0.11003138036330709
  0.11668493434038456  0.12418856742362774  0.13364983601913841  0.14367725973179182
  0.15339499197365153  0.16290830500827497  0.17226318747629593  0.18413180444551949
  0.19739458102376289  0.21187676781942477  0.22506601940435447  0.23662893880545838
  0.24793968256745866  0.25994661343264097  0.27123498543001145  0.28239389361148526
  0.29354047569756930  0.30473273057962924  0.31526055560174526  0.32518921504145332
  0.33495477750121577  0.34414551571621882  0.35577792303269062  0.37070298438158106
  0.38290956201593757  0.39335273951928845  0.40288854674863528  0.41364202993356119
  0.42693215214941088  0.44318391368180998  0.45529729070400360  0.46668837052857820
  0.47618129274640281  0.48351717982510772  0.49031522309150499  0.49740929815286605
  0.50580324518439090  0.51531207646085697  0.52421125320737261  0.53274809386026589
  0.54162069867851848  0.55093138807095610  0.56003838457031052  0.56932649149521775
  0.57957444571198402  0.58995019696573425  0.60177162928536820  0.61461836987671736
  0.62716127096237306  0.63864142182746109  0.64840718092497640  0.65654366630943384
  0.66497707672562012  0.67590076075023542  0.69044702722407580  0.70790820714975800
  0.72385133906091514  0.73974326665281875  0.75501277139244938  0.76922215077737188
  0.78582325502018924  0.80121664863902631  0.81412615570501745  0.82588538714940041
  0.83586733023850512  0.84584747085922773  0.85770515252243340  0.87606752781022079
  0.89457588561305756  0.91371383506642800  0.94205703268037988  1.00000000000000000
  0.00001689917966457  0.00001946281444666  0.00002081322266306  0.00002164301675944
  0.00002217349613431  0.00002270544448734  0.00002323970418063  0.00002385887759488
  0.00002448423479536  0.00002511083767323  0.00002558109960047  0.00002596043187527
  0.00002630525143423  0.00002675155302356  0.00002731747685485  0.00002786111811071
  0.00002844759130204  0.00002909213867048  0.00002985528392713  0.00003071853738791
  0.00003165257964539  0.00003263355513508  0.00003371385347773  0.00003470784967177
  0.00003583325221727  0.00003735390277508  0.00003938113973083  0.00004177468714437
  0.00004415929373901  0.00004614063761320  0.00004767354141998  0.00004898569242961
  0.00005016656454193  0.00005119506870847  0.00005211412740989  0.00005281501470098
  0.00005351254384099  0.00005420594400289  0.00005487963650073  0.00005555164567417
  0.00005625893865723  0.00005700381736786  0.00005778247561621  0.00005867078323684
  0.00005948705301878  0.00006008647346763  0.00006050123585655  0.00006074805602931
  0.00006096231073449  0.00006119600978451  0.00006144613729331  0.00006170658304631
  0.00006198107614845  0.00006228119425140  0.00006266173373700  0.00006309133521596
  0.00006354454827687  0.00006396085744951  0.00006442175905244  0.00006487144813267
  0.00006542400253601  0.00006593256128421  0.00006640452219215  0.00006684603124386
  0.00006730932215131  0.00006783998254188  0.00006852766131775  0.00006938174884569
  0.00007021443494981  0.00007096063201216  0.00007149644201837  0.00007191436298556
  0.00007227353665943  0.00007260069695265  0.00007292499930584  0.00007327112957693
  0.00007371092382657  0.00007415345162929  0.00007454854342765  0.00007495780115417
  0.00007538760968787  0.00007586491320378  0.00007674013327159  0.00007769732697524
  0.00007845009354536  0.00007916619699798  0.00008010351512814  0.00008125118905900
  0.00008229245257953  0.00008304438334502  0.00008381366603810  0.00008455235428897
  0.00008543639932389  0.00008658534904870  0.00008736454751107  1.00000000000000000
 -0.00605343100128773  0.03716425929462258  0.06800763919544864  0.09507091418052456
  0.12013674468265237  0.14391407056146133  0.16757075648460626  0.18757503260002045
  0.20146564985546930  0.21184783043727481  0.22192945454711335  0.23302510022887665
  0.24689677456855558  0.26615381145747974  0.28182831790066326  0.29608559198432149
  0.31035585308008889  0.32750597270939075  0.34374805709677297  0.35504707434332011
  0.36208415409378925  0.36796057856318698  0.37502921242120096  0.38485819593667214
  0.39650247931568694  0.40757355502155934  0.41710805778258020  0.42839026259905039
  0.43999595197709185  0.44825825965482985  0.45675458148973835  0.46498418175553002
  0.47460877389844169  0.48548500844697079  0.49753227352895829  0.51147099678242780
  0.52412486087831578  0.53125654719291748  0.53830750932576510  0.54602379467837192
  0.55449223522690239  0.56131498509033673  0.56775745913019349  0.57591540832492460
  0.58750374833141361  0.60135066080464050  0.61346719448311227  0.62279767192934876
  0.63110502233861621  0.63839834261806538  0.64521247427179962  0.65239110713859672
  0.66022281578466813  0.66849218160567159  0.67748472913859070  0.68582074048798181
  0.69453173165734483  0.70440495815508919  0.71550768123287567  0.72563559667507116
  0.73409703609348309  0.74038554909962184  0.74633078827658961  0.75210280541516994
  0.75792067569013677  0.76409149848160685  0.77096686599747466  0.77924720744985465
  0.78873353383722666  0.79811234614998994  0.80719977029027612  0.81650739721990229
  0.82653372627162258  0.83692983907006058  0.84759486056236821  0.85752238643605161
  0.86500634418338529  0.87181125675002680  0.87828498499940610  0.88385646506233273
  0.89023156166803952  0.89637199176403171  0.90280355454172834  0.90945441658114934
  0.91605995153718389  0.92265596728139720  0.92916356273064249  0.93528882061982188
  0.94149398325101274  0.94836299257248569  0.95797552290945198  0.96848480614490640
  0.97886008513309020  0.98608588512516371  0.99298771625275917  1.00000000000000000
 -0.00111249173483600  0.00706839517188329  0.01261160123727895  0.01822065730437641
  0.02680311028326881  0.03570682685743005  0.04504732323034041  0.05604346037726903
  0.06569881342019522  0.07335128418564238  0.08206364909248433  0.09134966169836074
  0.10083569217914735  0.10913128372261566  0.11626187736530633  0.12302694107198225
  0.13109928402985627  0.14142487528435577  0.15316670171969554  0.16409669559950088
  0.17323682302406337  0.18176996345724769  0.19030529050649114  0.19808719854543011
  0.20535564591314592  0.21322080478772240  0.22070206021867733  0.22979535629494149
  0.23936429410550047  0.24922004076746343  0.25932857408564880  0.26901895413172672
  0.27730399281100399  0.28547608910094274  0.29589035392168217  0.30689213794684667
  0.31904987485875458  0.33265024104622726  0.34722537560762035  0.36205831624304879
  0.37687281638920578  0.39070823033729368  0.40663372536129538  0.42148237329583127
  0.43712121522559155  0.45292059614478597  0.46702397955718744  0.47935371333107368
  0.49093302821722457  0.50267794775779695  0.51539524783286295  0.52774476246375424
  0.53880549246680498  0.54960709121484308  0.55978732215328786  0.57020857987978135
  0.58081722845996087  0.59319558465432798  0.60510713785401171  0.61572301002250640
  0.62597261773649560  0.63689403565745206  0.64953326738834227  0.66410228926707726
  0.67905162988802836  0.68993674272814198  0.70056218762486444  0.71242147698990277
  0.72488775877421563  0.74029233907534198  0.75110407043022220  0.75984920291297742
  0.76793185256456575  0.77622244119169914  0.78720192193604399  0.79819141530075599
  0.80821660440689447  0.81806305323975337  0.82882105509588788  0.84159229189590290
  0.85311981041575602  0.86235746451949757  0.87039074777968750  0.87909334034365816
  0.88894030395672097  0.89834610494397948  0.90822253318654356  0.91748881471034005
  0.92796728061581835  0.93758163734519373  0.94815622851908932  0.95725466532446446
  0.96769343074558878  0.97822646554905035  0.98911899178238372  1.00000000000000000
 -0.00290719629711006  0.00639950500488619  0.01586314370128582  0.02559844444495758
  0.03637716707470925  0.04684432116713123  0.05693179077861683  0.06609046454463341
  0.07501470866146781  0.08430997718201870  0.09443519898795799  0.10547859345546068
  0.11652132209629525  0.12520259353672664  0.13277868342564220  0.13992476828657505
  0.14711293752924240  0.15422930033501064  0.16118702410157515  0.16768265220466935
  0.17403484114465875  0.18071959293957290  0.18774427784295664  0.19558300668965078
  0.20401587975557586  0.21073512761782989  0.21681335878863797  0.22271853290841859
  0.22899815759826186  0.23586181843872533  0.24319809686466115  0.25120343426942299
  0.25925316444941165  0.26970283833673686  0.27992162769370255  0.28878224262029561
  0.29604861461464083  0.30355073108069941  0.31291385731276083  0.32250582092431102
  0.33253960651424180  0.34290677413039100  0.35442409036696038  0.36281524470518633
  0.37034254230531699  0.37732182514555029  0.38491061801619625  0.39082336393723688
  0.39657574360404468  0.40257533206364154  0.40926545640355788  0.41971860182814896
  0.43170829360011614  0.44338484198168204  0.45490413970707716  0.46648680874562759
  0.47790818225736242  0.48913511681367361  0.50078576860078250  0.51380946888591239
  0.52676066543537681  0.54029869317379664  0.55788318613144383  0.57196249087626794
  0.58254405438776791  0.59169772508236596  0.60077413950963532  0.61034835117810526
  0.62143201389812741  0.63371613926454640  0.64783662947251897  0.65953905116464606
  0.66950299210629771  0.67757021368521397  0.68644568662929772  0.69733875538742884
  0.71003765412231135  0.72331027751315624  0.73870816250340288  0.75539417287341848
  0.77284429237964314  0.78857703249590438  0.80294278064706626  0.81674052140519326
  0.82952203257516832  0.84425938243121457  0.85958615980639075  0.87390414585597131
  0.89203764412749864  0.91292088389658910  0.93063908371210513  0.94487932399461549
  0.95987549853810072  0.97318582357917693  0.98679166502805737  1.00000000000000000
 -0.00435881001346356  0.01910385743176454  0.03134899868711352  0.04264156063086796
  0.05285224906123462  0.06224673632863131  0.07154640107821554  0.08036353294552798
  0.08901829831641844  0.09902386766927267  0.11113780282839289  0.12450445436457735
  0.13784400751275844  0.15089243330029681  0.16521481907969662  0.18029454229426892
  0.19322260313644285  0.20360637099551734  0.21296894321324808  0.22244662058144885
  0.23260759828419897  0.24384989716694008  0.25480931813181273  0.26395626368589431
  0.27340480678984619  0.28387908452200245  0.29612214445521318  0.30847415889727958
  0.32055207754010101  0.33306170412022179  0.34658012174012287  0.35838043042013096
  0.36933887506756857  0.38025939197463987  0.39134918667798657  0.40086531553449944
  0.40865076501781317  0.41599116715182433  0.42348524113388081  0.43134315961806430
  0.43865679509537470  0.44493832370457115  0.45089600141205660  0.45714080272687135
  0.46472752885096497  0.47172062701305134  0.47774740877582061  0.48353018577611440
  0.49048080446603037  0.49957533057665710  0.51303471626019714  0.52751688617831383
  0.54067313812851225  0.55141096266783052  0.56157552364058017  0.57215641117187521
  0.58513803166330347  0.59669399489771657  0.60801302954054015  0.61818660650719792
  0.62726831684969953  0.63709801210134687  0.64726161897645562  0.65631405619078420
  0.66612487455085290  0.67571774569723497  0.68651128698728425  0.69757838347396095
  0.70895543020667851  0.72131809361468147  0.73434392804067394  0.74869401069345298
  0.76099819861825657  0.77289970354328164  0.78433057334748058  0.79636614176618414
  0.80848620348928746  0.82176187235642895  0.83394986181533692  0.84517244944840675
  0.85638157731705733  0.86475698851594429  0.87531508663692281  0.88479762377144888
  0.89396902226547192  0.90255963435877451  0.91005250582588093  0.91746949571702274
  0.92514407024150946  0.93348409089602369  0.94266869562581757  0.95312568902331851
  0.96465668522799486  0.97655808298093449  0.98844224206543230  1.00000000000000000
 -0.00081145273123590  0.00405299486256569  0.00884928725275814  0.01398841966073258
  0.02048413514442771  0.02693217024773400  0.03307724971342851  0.03871412940893858
  0.04427725717466684  0.05012402199411442  0.05692701057197410  0.06503325288317506
  0.07176467927491195  0.07772919761692546  0.08417031519798227  0.09172482303248440
  0.09991759449480460  0.10729116866604291  0.11414650726353257  0.12033817640858399
  0.12535579496941640  0.13081758667753976  0.13671954211537926  0.14264023345575558
  0.15098046065409171  0.16067429420758558  0.16908522608070700  0.17643986362481764
  0.18326049415271978  0.19071458469519395  0.19879598804965631  0.20675963083390989
  0.21477709682293697  0.22308898474419228  0.23243303399400045  0.24050191123301726
  0.24784634904805564  0.25446947113065094  0.26168741108015520  0.27006495265310887
  0.27941971574125668  0.28832755640539964  0.29710012203711789  0.30603222692130677
  0.31647949571994732  0.32557633214577253  0.33353342271988345  0.34112879890248277
  0.34839866659089636  0.35732913473704991  0.36754754769028908  0.37854009853593024
  0.39006477164116149  0.40184677649410960  0.41337464504993948  0.42443665232027661
  0.43612003417999962  0.44882661705514909  0.46241164348529396  0.47726148072470831
  0.49318759180901711  0.50993805839610851  0.52285452761205675  0.53297149685346146
  0.54433773819061493  0.55873448399580583  0.56816371383986786  0.57465582987859665
  0.58072979144709946  0.58751964066015383  0.59615776284663469  0.60545049853969035
  0.61596230156385201  0.62802442567756733  0.64077762961459828  0.65207550785591251
  0.66221192756897262  0.67325308495454028  0.68545138928360505  0.69895161596966704
  0.71391642166325986  0.72799444167137417  0.74034540930409243  0.75156975831473127
  0.76491050348918210  0.77873099230484422  0.79178311919436239  0.80873290269860254
  0.82503339183372326  0.84265545550626375  0.86065543747244078  0.87801199176311073
  0.89743601326311917  0.92132358896764877  0.95898120908131690  1.00000000000000000
 -0.00124876727777792  0.00629701033180474  0.01391990713057678  0.02296943436877039
  0.03166114013743306  0.04060091634805781  0.04738090860322813  0.05349731450498752
  0.06007597562249447  0.06811923768310782  0.07747269530227877  0.08756775420505511
  0.09680488654805125  0.10545458970513627  0.11370309710615906  0.12494577128513804
  0.13690794354063776  0.14867856555616868  0.15799437862243093  0.16536732927989981
  0.17239370713471280  0.17981787801978441  0.19024704664540718  0.20253018672309658
  0.21579000653678032  0.22881982823186625  0.24316677963114289  0.25610121162198274
  0.26740668595467770  0.27921234640440945  0.28868776874123658  0.29668011638758668
  0.30465257332371348  0.31254714102379844  0.32083069720042739  0.33143578590772366
  0.34093615700567914  0.35018026958809495  0.35912410398815525  0.36922080459355039
  0.38096244537028373  0.39297104352943618  0.40418899871050434  0.41510252124980940
  0.42608343852739572  0.43632275715967633  0.44599627866756203  0.45653008049714577
  0.46780879157381777  0.48260880850719967  0.49562046901523266  0.50719883074517003
  0.51826581451284293  0.53087696858448741  0.54626007343653205  0.56031541116577321
  0.57292807884259400  0.58548713450080592  0.59855493689458306  0.60979531122456765
  0.61774499719989784  0.62593729259036102  0.63484120200368765  0.64506953198130024
  0.65487956088534149  0.66353223660370719  0.67364269510622443  0.68517053660933802
  0.69713020342581777  0.70847426534502955  0.72038975911397929  0.73415413004490726
  0.74562065411588330  0.75792106940500692  0.76925828747926173  0.77926499165329832
  0.78972872200368460  0.80028904130733802  0.81340300470766547  0.82729727159248256
  0.84102611958810569  0.85157086230243750  0.86032157880783433  0.86815603391932028
  0.87872280903260069  0.88841308817809517  0.89789868987451482  0.90712802822129046
  0.91643750778793498  0.92596766883108561  0.93598512759789687  0.94731962002146242
  0.96049936194459251  0.97365576918855923  0.98643791895965416  1.00000000000000000
 -0.00876258831433131  0.08122971015300487  0.11398169380159495  0.14074207975888148
  0.17583133084581365  0.20652724906695419  0.23343894594920331  0.25845243109751576
  0.27810558587324141  0.29668666168718144  0.31692691581652721  0.33905763540289591
  0.35872357278292810  0.38072170491376978  0.40462387354802043  0.42731288319788252
  0.44845172926733051  0.46811018443664953  0.48770703599256449  0.50566235247748315
  0.52265155107793693  0.53995939124936398  0.55701036747692234  0.57389817390365350
  0.59271595157369950  0.61273005967677285  0.62823018255780561  0.64178549762939796
  0.65395587504197905  0.66779302770141136  0.68233641621524022  0.69845722129220500
  0.71389663475395160  0.72974282781781863  0.74542428823700380  0.75861277160175278
  0.77068970232677048  0.78320372703523711  0.79444175087636926  0.80459152263386013
  0.81441164877272554  0.82551855248661354  0.83888100242138219  0.85375132177396307
  0.86609087323301270  0.87576537866511273  0.88484784272777561  0.89375921948967096
  0.90111159742951996  0.90836143942309544  0.91559167802238794  0.92344320609884367
  0.92998697669177011  0.93587556256968596  0.94073999144090115  0.94483315246001465
  0.94896710693270625  0.95300254833261699  0.95714012483173294  0.96001749439254513
  0.96232074074768592  0.96448395602783710  0.96636850022529874  0.96807326247327374
  0.96972775249478338  0.97139568922590269  0.97306915353550505  0.97467150360452681
  0.97611080273441431  0.97715636133578732  0.97822980271192395  0.97926843576354694
  0.98027398799332022  0.98120696556806108  0.98203874755439768  0.98285779016562802
  0.98366946421753432  0.98439334379954380  0.98505942404902780  0.98570091048280761
  0.98632822920843244  0.98688539943791131  0.98742308525551026  0.98794865790285047
  0.98846724578937040  0.98895155575662774  0.98942528257652607  0.98989061857005312
  0.99026848691144542  0.99059644406637015  0.99081476580484007  0.99103027524481380
  0.99112682965335341  0.99116277217464421  0.99119665157552661  1.00000000000000000
 -0.02330717906192073  0.12627990380487242  0.16559877022134295  0.18686752439496074
  0.20344036050994696  0.21894431475616724  0.23582461980348451  0.25303444907958716
  0.26864690279623948  0.28288446311049908  0.29518041806935214  0.30647726082563614
  0.31796326854982687  0.32972840897880157  0.34061415732115535  0.35062037392061124
  0.35885136607135287  0.36634561372683710  0.37458479835524117  0.38217952965186025
  0.39088919865246602  0.40049325763693122  0.41140809445025572  0.42290458218406124
  0.43497119097298359  0.44476160950294086  0.45368559823732324  0.46136406004684161
  0.46926844527328254  0.47808511190634612  0.48692968083557520  0.49505300043700468
  0.50194880704350575  0.50840039161470174  0.51537856972707874  0.52334285479999942
  0.53290997389661365  0.54223961867736847  0.55109232463320634  0.55878246851568625
  0.56509215988618688  0.57044291993012930  0.57553108650225537  0.58135339024699673
  0.58722265185637013  0.59397025968632988  0.60127477742327506  0.60847044579043974
  0.61446208932535551  0.61997252105018918  0.62544194265000086  0.63126077517191992
  0.63759274678861866  0.64407888043403005  0.65038382043231213  0.65713195631340249
  0.66476980393903418  0.67259322193004933  0.67885227226927336  0.68451459888428712
  0.68981907223667471  0.69521473421724245  0.70032080662407259  0.70571455864799082
  0.71081494634666842  0.71594291082270534  0.72038423097246962  0.72399808434933877
  0.72857698271495253  0.73479480866190716  0.74227233009307481  0.75060034695577171
  0.75877742467865061  0.76615389904834663  0.77385772892639704  0.78180261800993123
  0.79038673961750727  0.79830723448033480  0.80492804300379284  0.81148748133423687
  0.81710175879388403  0.82268998257165327  0.82876567929449119  0.83496827821760500
  0.84185515466670591  0.84916319037833787  0.85640553226845206  0.86364656302323817
  0.87072161863857567  0.87676860167279724  0.88283420774029475  0.88959757132938144
  0.89995681590263921  0.91802906966085551  0.94412681558340561  1.00000000000000000
   6.6507861191692701E-012  -1.0000000000000000     
 T F F F F F F F T F F F F F F F F F F F F F F F F F F F F F F F F F F F F F F F F F F F F F F F T F F F F F F F T F F F F F F F
