  0.00005305286307632  0.00011567553676469  0.00013572263693928  0.00015646021740385
  0.00017373927681854  0.00018462197804108  0.00019057217602743  0.00019708112549363
  0.00020268562944724  0.00020981070094267  0.00021721605960607  0.00023095734851966
  0.00024764689860721  0.00026792288087078  0.00028678822048642  0.00030329008890778
  0.00032169664462551  0.00033909436243531  0.00035789393755975  0.00038017446677899
  0.00039822399416196  0.00041200998547115  0.00042742833171865  0.00044127930523554
  0.00045569997166764  0.00047345276184178  0.00048101325035907  0.00048597177496944
  0.00049093029957981  0.00049588882419018  0.00050084734880056  0.00050798777420935
  0.00051672682058889  0.00052546586696844  0.00053420491334798  0.00054294395972752
  0.00055202728230190  0.00056151095777467  0.00057099463324744  0.00058047830872021
  0.00058996198419298  0.00060959619255348  0.00064988176690065  0.00068508002536787
  0.00070976347837726  0.00073293823834228  0.00075471450463791  0.00077777026835828
  0.00079917235538120  0.00082850508338700  0.00085938939981245  0.00088176591570442
  0.00090533130273538  0.00093742939861681  0.00095987104874723  0.00097927733577529
  0.00100185881169762  0.00103321883723032  0.00107303718828597  0.00110659539752561
  0.00112782308450079  0.00115713096174657  0.00117638357611702  0.00119476404434115
  0.00122230627667228  0.00124761364345899  0.00127097366886124  0.00130352950350629
  0.00135850003515467  0.00141558287955289  0.00147086761660017  0.00155313354382880
  0.00165478499167853  0.00175115459941055  0.00184587742701769  0.00193268947971354
  0.00203802155498054  0.00215957467080055  0.00230715876666808  0.00249347833147496
  0.00270468660634542  0.00294399837446671  0.00320521293378595  0.00353573802905795
  0.00389945278533849  0.00433178838895213  0.00491720316555392  0.00592585760967745
  0.00691070237122690  0.00782941207628339  0.00925457342561322  0.01126899543763563
  0.01594895592163404  0.02190094200374743  0.98276600077936982  1.00000000000000000
  0.00033889295505337  0.00054480853314212  0.00078942708161754  0.00098114863023852
  0.00108223207537823  0.00109495534746693  0.00110767861955564  0.00112040189164434
  0.00113312516373305  0.00114584843582176  0.00115857170791046  0.00116945108561035
  0.00117947409230388  0.00118949709899741  0.00119952010569094  0.00120954311238447
  0.00121956611907799  0.00122862396179809  0.00123590756907558  0.00124319117635307
  0.00125047478363056  0.00125775839090805  0.00126504199818555  0.00127343047277212
  0.00130490105737027  0.00133708933626993  0.00136469344940235  0.00138677568409506
  0.00140647377466429  0.00142574411284340  0.00144461706919651  0.00148289511507048
  0.00151448463003552  0.00153955807925308  0.00155645430719465  0.00157296681963211
  0.00158928926707849  0.00160659622353907  0.00162887116958184  0.00166915712102190
  0.00170988231468372  0.00173739826206528  0.00176669201186719  0.00179765048273709
  0.00184718808006230  0.00192559471605800  0.00202103545906957  0.00214878624143703
  0.00226573043466038  0.00238637354034289  0.00251464044825887  0.00264204304259378
  0.00276576009989599  0.00287908951509188  0.00297954287466375  0.00306529431198423
  0.00315699755688884  0.00325905699975052  0.00336529332770970  0.00349038651827719
  0.00367429720439142  0.00389833933390430  0.00412353721580843  0.00433076998299488
  0.00450268584105185  0.00464183675885721  0.00476387224810638  0.00492567578850862
  0.00514956302487562  0.00525358106420659  0.00530878502526138  0.00539241961892847
  0.00550729439683555  0.00561468102307049  0.00574944073926168  0.00591703637599630
  0.00604405767536494  0.00610233844054396  0.00622870703194270  0.00637403427717581
  0.00655989987909672  0.00681951065833733  0.00705640153120858  0.00741763053321984
  0.00804744833071345  0.00881589782334922  0.00965234298743956  0.01065579442239808
  0.01201041528563950  0.01379481140590005  0.01595343133045812  0.01937953603866650
  0.02557696793199450  0.03569505836266591  0.05986907098764491  1.00000000000000000
 -0.00000000000000176  0.00000000000000824  0.00000000000001824  0.00000000000002824
  0.00000000000003824  0.00000000000004824  0.00000000000005824  0.00000000000006824
  0.00000000000007824  0.00000000000008824  0.00000000000009824  0.00000000000010824
  0.00000000000011824  0.00000000000012824  0.00000000000013824  0.00000000000014824
  0.00000000000015824  0.00000000000016824  0.00000000000017824  0.00000000000018824
  0.00000000000019824  0.00000000000020824  0.00000000000021824  0.00000000000022824
  0.00000000000023824  0.00000000000024824  0.00000000000025824  0.00000000000026824
  0.00000000000027824  0.00000000000028824  0.00000000000029824  0.00000000000030824
  0.00000000000031824  0.00000000000032824  0.00000000000033824  0.00000000000034824
  0.00000000000035824  0.00000000000036824  0.00000000000037824  0.00000000000038824
  0.00000000000039824  0.00000000000040824  0.00000000000041824  0.00000000000042824
  0.00000000000043824  0.00000000000044824  0.00000000000045824  0.00000000000046824
  0.00000000000047824  0.00000000000048824  0.00000000000049824  0.00000000000050824
  0.00000000000051824  0.00000000000052824  0.00000000000053824  0.00000000000054824
  0.00000000000055824  0.00000000000056824  0.00000000000057824  0.00000000000058824
  0.00000000000059824  0.00000000000060824  0.00000000000061824  0.00000000000062824
  0.00000000000063824  0.00000000000064824  0.00000000000065824  0.00000000000066824
  0.00000000000067824  0.00000000000068824  0.00000000000069824  0.00000000000070824
  0.00000000000071824  0.00000000000072824  0.00000000000073824  0.00000000000074824
  0.00000000000075824  0.00000000000076824  0.00000000000077824  0.00000000000078824
  0.00000000000079824  0.00000000000080824  0.00000000000081824  0.00000000000082824
  0.00000000000083824  0.00000000000084824  0.00000000000093747  0.00000000000125387
  0.00000000000168863  0.00000000000235397  0.00000000000358529  0.00000000000596792
  0.00000000001591967  0.00000000010054556  0.99859360199126634  1.00000000000000000
 -0.00041356675031789  0.00184986305401985  0.00399709759427830  0.00596274728202469
  0.00819942779904838  0.01020971366099688  0.01171519467262534  0.01315833071140203
  0.01487729737961282  0.01717576952096787  0.01884590837833635  0.02031684264517076
  0.02223032115615561  0.02491802620650163  0.02796574698648211  0.03092553309021321
  0.03287588575331787  0.03383777173537672  0.03498671771588432  0.03595144134169992
  0.03681580015507699  0.03771178506676167  0.03848928553090205  0.03966636137292402
  0.04109967344406613  0.04259932299028379  0.04440810721629417  0.04626435528533925
  0.04875510001828487  0.05215211237191505  0.05554519720342814  0.05860053215350891
  0.06258824599979183  0.06645981815168103  0.06851004813069660  0.06994641753030904
  0.07244256156770507  0.07408485089569403  0.07478722290181161  0.07548959490792920
  0.07619196691404678  0.07689433892016437  0.07767515007071758  0.07849359167558156
  0.07931203328044555  0.08013047488530953  0.08094891649017351  0.08167938675131844
  0.08238264779939505  0.08308590884747165  0.08378916989554824  0.08449243094362484
  0.08664635189416826  0.08917661920155549  0.09262454437846471  0.09584511959068134
  0.09879162033652818  0.10116869428241425  0.10355326612488067  0.10633013547873744
  0.10911932885398477  0.11190908812830949  0.11756544584932860  0.12593117975994800
  0.13510274340179479  0.14709661973961913  0.16194729582807224  0.18325338603734953
  0.20621221151399927  0.22327440815176858  0.23614967554983657  0.24769599951684584
  0.25954770043395736  0.27152145333061251  0.28907345910573429  0.30963298274138379
  0.32999165820030557  0.35221004185748173  0.37831893653465692  0.39576203500503682
  0.41052057886298510  0.42672271145961477  0.44666638769860528  0.47360944264154409
  0.50886502360655739  0.54101493717230464  0.57463066074395497  0.60210974353837210
  0.62977756046201283  0.66730267110786845  0.71016326161356258  0.75932077906491824
  0.79889582076200327  0.85718428562297344  0.92574410575860311  1.00000000000000000
 -0.00435739146239145  0.01853503194269622  0.03753242589819922  0.05739853548906991
  0.07794471333465519  0.10069702994547819  0.11813336637651654  0.13411300878167315
  0.15019889062403013  0.17081828402054319  0.19005104528979994  0.20348833589438753
  0.21140442198920414  0.21917322263355637  0.22797630218845272  0.23359622647478939
  0.23919384677282388  0.24541013744364581  0.25147669184492455  0.25593851326655770
  0.26206053185378286  0.27067306958675502  0.28223976921052429  0.29328867934772329
  0.29941487318687682  0.30392300552734264  0.30667303690561981  0.31172110207698361
  0.31810636245731527  0.32566799054826484  0.33593757896134085  0.34582539918140426
  0.35532490409607032  0.36150286935226750  0.36550748805611460  0.36902016993957315
  0.37163704205315978  0.37358247527480787  0.37787661368075948  0.38261779832776199
  0.38871173444418566  0.39750611210322373  0.41421081044319946  0.43505325876847889
  0.45680323786802629  0.48226816588945365  0.49250921890061883  0.49882107887290633
  0.50404514994611838  0.50922401660271954  0.51635150363094884  0.52427697882769453
  0.53765774670975441  0.55382118115057632  0.57756409289624355  0.60387366072237603
  0.61871930968405964  0.63147682199663002  0.64733481645527990  0.65809860713458246
  0.67289602801570914  0.68741093887170956  0.69948002694014810  0.70974187706694658
  0.71854237810719834  0.72630536720913297  0.73574344919625934  0.74931179341972398
  0.76120668020593307  0.77240318629948079  0.78738857100572457  0.79484825219113675
  0.80050845111026347  0.80616865002939009  0.81182884894851670  0.81748904786764343
  0.82190601476741176  0.82588970372494241  0.82987339268247295  0.83385708164000349
  0.83784077059753403  0.84155919383992450  0.84520641284321929  0.84885363184651408
  0.85250085084980887  0.85614806985310365  0.87155415798811708  0.88476215659869994
  0.89655622852001615  0.91219091265949459  0.92888122872094281  0.94198763100172977
  0.95519104699399127  0.96786571129541843  0.98398342548171946  1.00000000000000000
 -0.01147856036616791  0.05393594010790018  0.11411230668321182  0.16188686639877295
  0.21341567211069129  0.25674931398018469  0.29045968079242102  0.32448986586824763
  0.38049484289238400  0.43798814117602963  0.48077393655929429  0.50245340310219389
  0.51541320832870197  0.52207419033985247  0.52710899198452899  0.53093616170615343
  0.53817696810319704  0.55116885027839413  0.55896327973586613  0.56659919209387188
  0.57586000864004916  0.58581208051481737  0.59741643429946645  0.60986504858251878
  0.62837863381069892  0.65148302912921363  0.66961164529617412  0.68398083901485185
  0.69171249354769426  0.69639618643849099  0.70044531259325793  0.70610644237899434
  0.71036043662415516  0.71430600131983790  0.71805128335241775  0.72108178349505747
  0.72528435063102170  0.73052085553446733  0.73669422686566366  0.74187831990151953
  0.74632594203884206  0.75261805839339169  0.76111080255373020  0.77261417597316828
  0.77987846095143731  0.78138555162458012  0.78289264229772304  0.78439973297086596
  0.78590682364400888  0.78743683030906964  0.78904172379069148  0.79064661727231322
  0.79225151075393507  0.79385640423555692  0.79557879261500974  0.79781683684769777
  0.80005488108038580  0.80229292531307372  0.80453096954576175  0.80800247277038950
  0.81975174213203239  0.83465619610090891  0.85308361979430047  0.86766707513856733
  0.87967436937139032  0.88731670466986790  0.89213356071779182  0.89600367019893423
  0.89961991994380319  0.90297382293126671  0.90636825334949467  0.90906819968120500
  0.91196174342520198  0.91641388408737956  0.92054335709136514  0.92345430761673319
  0.92675260817375293  0.93106516835021436  0.93588668111937023  0.94032421515903764
  0.94445938162282306  0.94799945551431852  0.95171498864120141  0.95572321172668295
  0.96000681877141281  0.96463231817064854  0.96954700020744933  0.97455658919197807
  0.97986238495870348  0.98398630296068690  0.98594255546694176  0.98861188003183287
  0.99090411861221805  0.99373639805441849  0.99707897635943887  1.00000000000000000
 -0.00300872083091482  0.01488901359492291  0.03358616925750728  0.05326840728640293
  0.07898199070851133  0.10615115099316097  0.12868734785667663  0.14663812726969236
  0.16158115685931926  0.17277575747884202  0.18354308941820377  0.19722573388592457
  0.21259667477483260  0.22705766395995566  0.24318765857197694  0.26818064548698289
  0.29220058594506160  0.31593183214415999  0.33559071005576324  0.34817299888020448
  0.35922607889864394  0.37231926229376605  0.38338999663329337  0.39202587025109242
  0.39498074672571143  0.39793562320033044  0.40089049967494944  0.40384537614956845
  0.40663129768039391  0.40909282920422796  0.41155436072806195  0.41401589225189600
  0.41647742377573005  0.41882645424609788  0.42098799434837564  0.42314953445065340
  0.42531107455293116  0.42747261465520892  0.43443586818018626  0.44747250572992220
  0.45815856218109507  0.46100593524850436  0.46508558548669660  0.46890935838689779
  0.47237464262552509  0.47702937199923456  0.48305213253997425  0.49040392156146695
  0.49621173456079742  0.50073121638458462  0.50512246402419303  0.51117837603922522
  0.51744079227491091  0.52312530619848441  0.52805404486778129  0.53300373375676036
  0.53861219291638407  0.54824815508788072  0.56000023496592599  0.57484814047549748
  0.58825364910831357  0.60053496687230035  0.61018790021316371  0.62397295154990273
  0.62917214078144879  0.63469297331303887  0.64052930948261810  0.64728920550585400
  0.65772070215737899  0.66772615010113578  0.67850213846827234  0.69545258552489253
  0.70339201525432182  0.71086054574792257  0.71930772767276452  0.73115317859994133
  0.74787711599222384  0.76166935911524380  0.77235874503251833  0.77946657066149438
  0.78782652815929866  0.79866986783606486  0.81873831403703379  0.84089332937720962
  0.86399531783787409  0.88219631969600365  0.89665080826430887  0.91033472995622799
  0.92478896170892944  0.93758104251895513  0.94881132256423073  0.95908676000888360
  0.96884967598078509  0.97731602949281937  0.98758638174049751  1.00000000000000000
 -0.00329264012800166  0.01212804084011250  0.03245269272499531  0.04327976839193053
  0.05405317796279650  0.06014748337203756  0.06460274265244775  0.06865032940066287
  0.07238053568818731  0.07443170083787136  0.08002046058784258  0.08791818012165278
  0.10083217457147481  0.11386834723651944  0.13093282839814646  0.14987832552669222
  0.16821514514987551  0.18602851837127887  0.19871880180653054  0.20545347968021530
  0.21154936592709866  0.21969641120973990  0.22912539136805207  0.23991254332993830
  0.25187377354449386  0.26238617188368796  0.26734688741380841  0.27235185384137628
  0.27781028937937874  0.28373866628935474  0.29007855240799252  0.29872675917545222
  0.30775488709255600  0.31553277136258207  0.32506802299674603  0.33446171572492733
  0.34380315430439184  0.35541903596768631  0.37422180366313718  0.39954903331046898
  0.42584821470735046  0.45012444141076452  0.47184109606258556  0.48996370093678776
  0.50501697212415597  0.51897971456006198  0.53192273717838356  0.54439216487505782
  0.55800536787577326  0.57061109586067693  0.58424962968908345  0.59573240247900805
  0.59931415041362313  0.60119323341499076  0.60307231641635839  0.60495139941772602
  0.60683048241909354  0.60866690356834219  0.61050075158640604  0.61233459960446979
  0.61416844762253364  0.61599212972626027  0.61761814747010313  0.61924416521394587
  0.62087018295778873  0.62249620070163147  0.62556148608556761  0.64026306706513858
  0.65411293421063654  0.66646691932274349  0.68182612002960252  0.69932248994918256
  0.71890379032957319  0.73986183090020774  0.75985856157489440  0.77779214777279004
  0.79074772702329044  0.80117057860679020  0.81102254526875817  0.82169502010859674
  0.83082059079715020  0.83761222730851981  0.84539106112639328  0.85603734500904793
  0.87165516882923932  0.88828786610721422  0.90541478708307344  0.92384353651676732
  0.94177882486511089  0.95718266142767716  0.96604444260837286  0.97753730139930861
  0.98114726273234942  0.98483502470317175  0.99437668937074453  1.00000000000000000
   1.2734285185135884E-004  -1.0000000000000000     
 T T T F F F T T T F F F T T F F F F T T T F F F T T T F F F T T T F F F T T T F F F T T T F F F T T T F F F F T F F F F F F F F F F F F F F F F T T T F F F T T T F F F T T T F F F T T T F F F T T T F F F T T T F F F T T T F F F T T T F F F T T T F F F T T T F F F T T T F F F T T F F F F
