  0.00028035766117221  0.00036705507481758  0.00042541448233767  0.00047303941672159
  0.00052932666110453  0.00057934670310299  0.00063723655275989  0.00071233735628669
  0.00079016789506481  0.00086899275333504  0.00095808330775225  0.00104040227714959
  0.00111374822980659  0.00119387192412755  0.00128963021534935  0.00141371015542239
  0.00153871166830058  0.00163187640893005  0.00171527285921642  0.00179619690931398
  0.00190002907909282  0.00206983841755299  0.00227059816700303  0.00250984391060982
  0.00284740682184393  0.00321465241644304  0.00352423240260587  0.00377228577206497
  0.00401574770327021  0.00429298671628492  0.00458847445843301  0.00502741967145136
  0.00570588863591465  0.00655724972674766  0.00728018872881404  0.00797712828587772
  0.00869328607562528  0.00940534239343522  0.01020990778214955  0.01113760441424027
  0.01219334450610899  0.01329513489792581  0.01428120091235677  0.01515170642533091
  0.01601536563882493  0.01687170898890963  0.01798236581476488  0.01965372910072142
  0.02220390066444651  0.02415860704986494  0.02643141765011933  0.02930895655901862
  0.03247827220107225  0.03575428734080179  0.03879971206569956  0.04071574822303279
  0.04200755971155422  0.04429451633528214  0.04708691381648864  0.04886055506375497
  0.05094960115741676  0.05462002745027320  0.06194064041331544  0.06621343268756132
  0.06946939519935828  0.07258350070435757  0.07558723206688904  0.07871749220036889
  0.08218460903305123  0.08600764104702210  0.08929517417182603  0.09154615509070120
  0.09378491119183022  0.09821404263731941  0.10529814277668736  0.11801453889117688
  0.13024873874308812  0.14359826280193111  0.15440533624343064  0.16790176167337773
  0.18540489660003576  0.20666762907902628  0.22919206766049036  0.25264295232330386
  0.26891758612130134  0.27989604499719922  0.29087450387309705  0.30244301352380770
  0.31403227862972483  0.32774057142444341  0.34609410962556475  0.36444764782668609
  0.41202922126075570  0.48514148136155666  0.62477634400931414  1.00000000000000000
  0.00009256119833781  0.00198172745052670  0.00318594905156229  0.00388108677201362
  0.00485708664038738  0.00588809927475509  0.00650135345481100  0.00731587431044828
  0.00837902202733694  0.00975598183336952  0.01139148523177864  0.01313081133410260
  0.01504760548295730  0.01701786056270994  0.01849059568494582  0.01978768284654288
  0.02122009845401476  0.02295138307079293  0.02522167859195710  0.02794123445896193
  0.03035841783729263  0.03222449437082356  0.03433872367863414  0.03614422005951555
  0.03811678042927642  0.04120963236893917  0.04525476319423537  0.04909234209322502
  0.05327924058710266  0.05719003968080624  0.06015076218190958  0.06246407192731757
  0.06460171750208343  0.06694117373984941  0.06871356360059784  0.07063343320648019
  0.07314681296065202  0.07572315420604396  0.07956069937533797  0.08617280541199548
  0.09304050582219792  0.09964836942489365  0.10692531309712314  0.11586632599623113
  0.12844466841954849  0.14161537414388053  0.15231758900778775  0.16264255680673456
  0.17370897379725109  0.18250380358565785  0.18922840723879192  0.19705410846650870
  0.20725776197862569  0.21991810351728175  0.23282131673983517  0.24578454570557759
  0.25748750389704206  0.26916045910065384  0.28002133729396006  0.29184111917669703
  0.30360169290941191  0.31412042062876472  0.32531366624461083  0.33620766604990149
  0.34857022762960094  0.36153006721800612  0.37455501902985949  0.38889636025466223
  0.40465605683214184  0.41992558009895470  0.43278775417820126  0.44564992825744776
  0.45858198557015895  0.47152810425555391  0.48462590009201678  0.49789427851965307
  0.51245532134402838  0.54158849958659472  0.57294817183648805  0.60215086596967848
  0.61857756042394496  0.63186737729690379  0.64528156357066035  0.66145522210385677
  0.67820634411139025  0.69539677988305615  0.71287710297545237  0.73502204378287539
  0.75738630821362563  0.78680348657008792  0.83325817538966196  0.87654929667619119
  0.90886630915395605  0.94053175337037032  0.97026587668518538  1.00000000000000000
 -0.00000728819672319  0.00004171951600988  0.00007120160282835  0.00008824618578772
  0.00010280264408519  0.00011549793920250  0.00013211437363445  0.00015210592357700
  0.00017288392474618  0.00019424906634315  0.00021622425512074  0.00023885130735584
  0.00026123956460831  0.00028369072903916  0.00030513325632143  0.00032744644710213
  0.00035340281590190  0.00038049146660644  0.00040877263435789  0.00044130927249525
  0.00048247164719302  0.00052737660298337  0.00056364338888451  0.00058650891456885
  0.00059974065244925  0.00061254547288786  0.00063059465924112  0.00064791580839413
  0.00066410988930225  0.00068059436669269  0.00069405778343873  0.00070726869303801
  0.00072005521335959  0.00073271970108679  0.00074725219481188  0.00076764236874342
  0.00078743865007791  0.00081003852848698  0.00083400448927142  0.00085713797599766
  0.00088363714868203  0.00090534345682417  0.00093019458477090  0.00096167460979992
  0.00099776067217370  0.00102595036136560  0.00105376803653275  0.00107802250494403
  0.00110691232725896  0.00114355568604640  0.00117214364284950  0.00119347051302080
  0.00121652619303560  0.00123283986720645  0.00125968422953138  0.00128445468050508
  0.00129346557437591  0.00130247646824674  0.00131180367368180  0.00132131025674766
  0.00133081468570076  0.00134030891477202  0.00134980314384329  0.00137069163886132
  0.00140293908458122  0.00143625631607513  0.00146870901693592  0.00149734094025366
  0.00152562391207124  0.00156698395273019  0.00166163386549587  0.00176871922869465
  0.00188685203886522  0.00200516300047154  0.00209996575636933  0.00219512364711196
  0.00228450955036284  0.00237260213628621  0.00245321166069680  0.00254266448134573
  0.00263581897025058  0.00273769870788377  0.00288555179550342  0.00304961170582367
  0.00331293843256205  0.00363385754462851  0.00392906458624266  0.00420780337100370
  0.00444856889606741  0.00473008867054176  0.00500273324386952  0.00526530705304518
  0.00556581220634753  0.39282929513544818  0.98618622799490530  1.00000000000000000
 -0.00013093044502866  0.00023401381815052  0.00055787237091320  0.00076339009378728
  0.00096890781666135  0.00117434642859327  0.00137916936852229  0.00158399230845132
  0.00177614988613306  0.00185950063999578  0.00194285139385850  0.00203300301668301
  0.00214829856976695  0.00226885097702696  0.00239896494603469  0.00253257645326782
  0.00265342495049065  0.00277420627738405  0.00290615254546727  0.00305352987217513
  0.00319829245406861  0.00336619919528947  0.00365071455138130  0.00409201611673334
  0.00457590299391226  0.00512654340945631  0.00569327367752075  0.00624420221205901
  0.00678715953963540  0.00746096570195487  0.00826839047954804  0.00913322290200267
  0.00996294337967375  0.01065629240819402  0.01137552780297063  0.01211998846380045
  0.01305431892460530  0.01440353683802449  0.01573937294921793  0.01699528602409630
  0.01841199296318268  0.02011924584689639  0.02159159250235330  0.02317762901457770
  0.02532841805801602  0.02764062133858551  0.03031555720030341  0.03352654866157870
  0.03628209193242422  0.03835635161591140  0.04066953195866232  0.04506785273892038
  0.05178556632770183  0.06092221177619472  0.06915299666623266  0.07676148645230293
  0.08445928140633903  0.09239861171744775  0.10133939916212029  0.11111335638089764
  0.12490608345851535  0.14124505229688922  0.15828158267927070  0.17474221874257512
  0.18949064295894369  0.20481290095481861  0.21802985703317598  0.23073806951615977
  0.24264706742959033  0.25896039189246134  0.27803056996187631  0.29402860124350361
  0.30962955225559530  0.32405019475834995  0.35349161901180859  0.38105813883820161
  0.40476869684967742  0.42355704310922010  0.45007888733858104  0.48466509155112319
  0.51260070503492561  0.55496726081864856  0.60709096409145646  0.65593580631302872
  0.70530462408565697  0.75488030374572557  0.79980868353540724  0.84101184452011135
  0.88434426704740088  0.91505299109471439  0.93680687617102887  0.95535540963447441
  0.96989874674269505  0.98143682590553549  0.99125879609733347  1.00000000000000000
 -0.00226234150257709  0.01066831650338811  0.02082071418120574  0.02999876813675359
  0.04110747426076171  0.05247340665774649  0.06070512726083019  0.06925110536877156
  0.07929933520378177  0.09190908051845521  0.10611798499105853  0.11408259892328677
  0.11977751778864092  0.12543011862731862  0.13080542491720701  0.13618073120709540
  0.14085389826351299  0.14492003733506190  0.14898617640661080  0.15831234100343236
  0.16910900745546659  0.18231272776572593  0.19660851340587618  0.21075514608143830
  0.22434786759754302  0.23759135021407968  0.24981628868864703  0.25961893677964748
  0.26752670607222756  0.27376289635741125  0.27931631560212344  0.28619022805040562
  0.29250420738105015  0.30268661142323056  0.31444762981119684  0.33226854004593753
  0.35121051995326352  0.36598680589638305  0.37912319073472023  0.39195762488379232
  0.40827275199595708  0.42835337466647799  0.44808665136374543  0.46597479960264471
  0.48313517303456571  0.49887334113730497  0.50735970098089034  0.51444900034837526
  0.51963999974045427  0.52375968477890211  0.52782060511301210  0.53204600650057010
  0.53788046456876593  0.54441086458163090  0.55134748520232535  0.55749470443029725
  0.57240208805024573  0.59083943324636623  0.60446763360749800  0.61519087753413570
  0.62575782308997352  0.63559370091286138  0.64635365284856450  0.65973210733559029
  0.67103777078203064  0.68360326419625805  0.69755306977109777  0.71185714778021836
  0.72571820344931015  0.73830412232535891  0.74792000702032446  0.76000803044997733
  0.77324608605787115  0.78595689681438119  0.79745074329877264  0.80856594933932990
  0.81827638511924983  0.83030551026740029  0.84330211514204345  0.85619875790341382
  0.86809511434966791  0.88123022770642423  0.89392573784962392  0.90799936397795455
  0.92348523789026582  0.93552560029747411  0.94550590339644836  0.95360337467965939
  0.96036194953960619  0.96703381975178582  0.97082122819791150  0.97475274596632555
  0.98094347054380160  0.98797167857881241  0.99399029734603617  1.00000000000000000
 -0.00005233658446685  0.00004671000447764  0.00015697928828481  0.00033166163852884
  0.00053081924881906  0.00076103894590011  0.00097286989136054  0.00114721313644558
  0.00129562321120663  0.00146132085310366  0.00163645459569776  0.00180321618684275
  0.00195445024866454  0.00210122142814863  0.00225103841113993  0.00241294886320293
  0.00259402235219652  0.00277356630266150  0.00295998443541555  0.00361406330378686
  0.00470436739723736  0.00621567241466321  0.00803069289212695  0.00997716969506791
  0.01142567703476896  0.01281403337910772  0.01416782389919564  0.01563986399846033
  0.01762752738598548  0.01957533805785622  0.02110210290974255  0.02275438003776481
  0.02531350347760873  0.02899621719317218  0.03253529786258032  0.03697827831500178
  0.03884445651495464  0.04071063471490750  0.04205974384116932  0.04299757370917833
  0.04392761746774344  0.04472690411914328  0.04552619077054314  0.04758523006413906
  0.05265788920481142  0.05809606789492863  0.06392038642310782  0.07376127559897569
  0.08738661721788393  0.10286507251660774  0.12190539603574320  0.15261073922196400
  0.18372864920784607  0.21570791249216759  0.24781729236931266  0.28120345458440266
  0.31432442762425056  0.35018013377800333  0.38876588571257886  0.42500068315278977
  0.46633642609490522  0.51169693858354703  0.55066114312463665  0.59436591272430694
  0.64191745114575982  0.68435974302749525  0.71658100032154637  0.73801018229569504
  0.76147215860897521  0.79207773889418354  0.82943489406571946  0.84847416974514500
  0.86434711565094524  0.87805770909360925  0.89617158433056487  0.91036856016714063
  0.91841221448906374  0.92533985744755387  0.93210820390660509  0.93805600147727619
  0.94834810365452538  0.95608936693941826  0.96388658442047115  0.97110617099637486
  0.97672976934330580  0.98035153710834888  0.98351456061428988  0.98581086930011463
  0.98785606213116561  0.98957073877976742  0.99126434915500861  0.99308543437175067
  0.99493533256334332  0.99668730408520678  0.99837310193916506  1.00000000000000000
 -0.00247781159927964  0.01008261909025257  0.02139108349864857  0.03079049613008998
  0.04416991781698684  0.05495306993018646  0.05925098411263551  0.06382561861615543
  0.06785667325470479  0.07196082193497903  0.07630962977753225  0.08056283247910953
  0.08528504433908450  0.09805285161462642  0.10813530022441978  0.11777898675850647
  0.12752808375848071  0.13762974198839678  0.14668016460717900  0.15690696518366373
  0.16856358645276923  0.18200216890193982  0.19744906908762228  0.21303282583816846
  0.22802543944348097  0.24622514821210501  0.26419821331497961  0.28241427859076979
  0.30196950292306035  0.31818247099253288  0.33111836803474587  0.34369713087445430
  0.35616333390807331  0.36904158016200939  0.38545480284643907  0.40151609906835761
  0.41762772634265488  0.43748505020233130  0.46108135486901047  0.47873392306428736
  0.48886052632887006  0.49712641624417880  0.50556255694350583  0.51464859158551468
  0.52735671048050614  0.54054225295878833  0.55265085393962299  0.56589295070836232
  0.57554715788725697  0.58429746769859880  0.59223874378465935  0.59938083399359809
  0.60663361575372043  0.61388071489903395  0.62275388015698396  0.63378464677418178
  0.63831411134957228  0.64278933039720854  0.64719728969280210  0.65149812699163823
  0.65579896429047424  0.66066527656946605  0.66572136271647520  0.67159986938515315
  0.68362817323594871  0.69425808423248292  0.70279703597386478  0.70950609393362007
  0.71590602870724185  0.72424710303561390  0.73058488657452780  0.73639433977809998
  0.74275755184588577  0.74909156698662072  0.75559645086002436  0.76084245139775830
  0.76639944756393097  0.77243175665980135  0.78010246363951397  0.78898934583193070
  0.79833000020220057  0.80800448591056417  0.81773513595402425  0.82966756793309548
  0.84539154415348228  0.85847923090332146  0.87011474067081307  0.88170519064502950
  0.89521063457099492  0.91034016340506207  0.92450904916532839  0.93875983617963155
  0.95307321184241567  0.96715842054633261  0.98285654830412761  1.00000000000000000
 -0.00139785538388095  0.00662153331014921  0.01607138720051775  0.02430548021505576
  0.03243786777690318  0.04225893522448413  0.05433661898426577  0.06660509028103634
  0.08055321646037493  0.09544995999933797  0.10564055576067505  0.11001070607914584
  0.11445874971156783  0.11813211697474314  0.12108694631235917  0.12392853446651764
  0.12697228623033968  0.13019317516966580  0.13616350669660315  0.14359664100231714
  0.15280195940177524  0.16750071425502408  0.18414347624382615  0.19673703258094294
  0.20683106443311197  0.22316212756090500  0.23921811628775927  0.25457246976225234
  0.27019548871858029  0.28858013543963668  0.31058915279579796  0.33151762336889856
  0.34889886959054822  0.36408712100516727  0.37755223388902631  0.38879924568818247
  0.40009719432937463  0.41382447978576758  0.42713107268910161  0.43783599308211379
  0.44794696592654509  0.46072180503624410  0.47762920135850262  0.49630006646631447
  0.51072710646171038  0.52155092162103411  0.53183471450192776  0.54186956596593250
  0.55236447441119740  0.56407339811322732  0.57551507946466984  0.58727733278096039
  0.59825486684756313  0.60633059404225875  0.61077516207057048  0.61672096625325445
  0.62357902536299092  0.62931697706171863  0.63579506929271734  0.64281569591262744
  0.64661489093221336  0.65099494466787255  0.65630322138925568  0.66146783940559151
  0.66627074384781670  0.66941978544285008  0.67203473201363462  0.67509624786905209
  0.67928483376346238  0.68347341965787278  0.68861667530943016  0.69403817726534545
  0.70153253597838772  0.71483536323902275  0.72543465524083095  0.73516950881040855
  0.74662168498015313  0.75921220488413510  0.77200259948349259  0.78575460209770076
  0.80205330689676424  0.82162675655138140  0.84044538973674521  0.85532131627551722
  0.86823471176026845  0.87996365933311349  0.89298303208188390  0.90870483630174703
  0.92387330672604850  0.93731278014630015  0.95006541578084558  0.96051506728127833
  0.96926045335888356  0.97834740136421838  0.98763188607493413  1.00000000000000000
   2.5278744403013532E-026  -1.0000000000000000     
 T T T F F F T T T F F F T T F F F F T T T F F F T T T F F F T T T F F F T T T F F F T T T F F F T T T F F F F F F F F F F F F F F F F F F F F F F T T F F F T T T F F F T T T F F F T T T F F F T T T F F F T T T F F F T T T F F F T T T F F F T T T F F F T T T F F F T T T F F F T T T F F F
