  0.00496481039976150  0.00525437699938765  0.00556478746854064  0.00591675627366654
  0.00625817256823787  0.00659263484515595  0.00694288841710950  0.00729757236872510
  0.00766171677928773  0.00802744006396687  0.00842463609108604  0.00884809446051073
  0.00940333790875599  0.00996624567247581  0.01053589411575704  0.01123555373841750
  0.01194185759060904  0.01264698025066374  0.01338197091819587  0.01412230365766283
  0.01487451298643143  0.01575948752031395  0.01669453496448557  0.01769385350783033
  0.01880727448240749  0.02005490857425522  0.02133589877460315  0.02270921065485285
  0.02416314365103514  0.02571954618646200  0.02741410190419519  0.02928717114474145
  0.03138052695574519  0.03356710114868195  0.03579045105070143  0.03808640642801410
  0.04038871224289900  0.04333605630595636  0.04697992038259616  0.05086011479224973
  0.05519223842135941  0.05965461449231305  0.06457775013921638  0.07037295838579839
  0.07652281812981795  0.08341041490097414  0.09128274064307575  0.10008992161737065
  0.10963997139181465  0.11919680449232549  0.12867143585351323  0.13821245196648030
  0.14779811421091993  0.15784779582431382  0.16864516312694525  0.18010333343394999
  0.19173501796535353  0.20383350284086321  0.21648419506104752  0.22972528323689720
  0.24309937272457818  0.25633477104278918  0.26904950406197198  0.28174404098537886
  0.29507656957688327  0.30938465470574250  0.32428367790518026  0.33935868626943538
  0.35555176762757162  0.37275293501466628  0.38955295976302445  0.40611894598121756
  0.42325617430947166  0.44149481689980730  0.45954435393364101  0.47706893498580033
  0.49404234495369664  0.51166568801839618  0.53043614069031808  0.55097192828633812
  0.57312548910943095  0.59412980803924675  0.61238934655135402  0.63097365946565742
  0.65224627128662449  0.67557799183412781  0.69889909031685316  0.72319363311313489
  0.74742783826502723  0.77109641438664223  0.79579519619015260  0.82225137568670603
  0.85195862074845008  0.88564901343205749  0.92575252765467697  1.00000000000000000
  0.34859382613899614  0.36733089346867603  0.38516147711101395  0.40081333954292431
  0.40610315893022370  0.40859954568269929  0.41149977147302164  0.41397313199014135
  0.41566838854905042  0.41823479003799363  0.42084839385045092  0.42153472719253893
  0.43006453200891492  0.43971161506432621  0.44895825672808015  0.45740830081829081
  0.46302998861106515  0.46472993764255455  0.46790935784548021  0.47301021261274451
  0.47922067440810923  0.49460708821172567  0.50410167760154045  0.50983935989049045
  0.51612422237224376  0.51927996596894033  0.52320533023948446  0.52732415508495978
  0.53107412711502500  0.53459478087175116  0.53871738900455646  0.54264609615472104
  0.54674155182923767  0.55050860681974401  0.55418714923511392  0.55871003527707208
  0.56411925639231619  0.56945490041402014  0.57397703660423405  0.57817842004968323
  0.58225542545722320  0.58586135041492426  0.58891339444212265  0.59157817256845546
  0.59438515098800671  0.59822892337113620  0.60256086246119345  0.60767534352633290
  0.61296540212362338  0.61858846042582816  0.62412094879773328  0.62919021890031335
  0.63379614563564379  0.63816933690227273  0.64248557223867908  0.64674871612504470
  0.65094186344817240  0.65510966994605813  0.65915807729375431  0.66212900756670834
  0.66604863124126212  0.67030966188114882  0.67485090290304228  0.67941479261539939
  0.68397286288928061  0.68869349079591047  0.69375494499510104  0.69879575828081586
  0.70383487691639757  0.70907650113766962  0.71392240805928031  0.71839597588130788
  0.72258633389314297  0.72693892279531480  0.73122916996221543  0.73548383148450391
  0.73990584874923071  0.74502003793666716  0.74994688084052152  0.75480171603000523
  0.75964558111699854  0.76684337552782533  0.77638376012746058  0.78789924685390822
  0.80082676631062033  0.81516976915965511  0.82927442295334963  0.84228877537211999
  0.85524889021390993  0.86849238539787310  0.88264740900501448  0.89735623291987288
  0.91366787821671913  0.93228417552166909  0.95723477767200671  1.00000000000000000
 -0.00098941070298435  0.00548242917296133  0.01106084017434431  0.01647552493455698
  0.02276045777787577  0.03047086620180280  0.03787850504694486  0.04470756731666076
  0.05142402743645327  0.05787391585913509  0.06418464015148712  0.07331173947860081
  0.08159206392597820  0.09446951058845231  0.10765961991038009  0.12144373570740652
  0.13552275916887344  0.14954358477958729  0.16285243836291124  0.17557447223950870
  0.18702735410493271  0.19700492979084142  0.20724517260033665  0.21795339007464473
  0.22958557652705872  0.24127563467851212  0.25266562174096757  0.26338272932020323
  0.27330031830356127  0.28239043389007018  0.29205471682629913  0.30140715061466039
  0.31049073289562379  0.31926355783814980  0.32668489980279730  0.33425831729276517
  0.34257420699947810  0.35126133021830352  0.36280283380973471  0.37408242189636032
  0.38596154059445981  0.39677860433214579  0.40734066452768669  0.41768222799313853
  0.42903690651844922  0.44063395072737410  0.45133648645507773  0.46214471107687299
  0.47176447252899306  0.48053409468499542  0.48945393510769819  0.49937410920020942
  0.51141283302193563  0.52495042482775855  0.53885453756822577  0.55282838290398206
  0.56655310686857452  0.57676210524205973  0.58841982541248306  0.59779542677364950
  0.60737656549073726  0.61653246946900697  0.62820133461057381  0.64221956205143316
  0.65653768301887916  0.66677429705936753  0.67648913165991065  0.68646557674772157
  0.69736498166934868  0.70929528092093830  0.72116294450989249  0.73239571316199448
  0.74343564249218042  0.75399049816595476  0.76404701745829240  0.77441324319936666
  0.78554960160274723  0.79796155703458493  0.81097996301969122  0.82215762209191467
  0.83263226222656161  0.84234158941742621  0.85256064797020092  0.86499705671315763
  0.87892123383418364  0.89219121438782512  0.90435867885313470  0.91537399215653226
  0.92418512109738638  0.93272099128974395  0.94223901505959762  0.95210126860665556
  0.96258288082478383  0.97277062630472866  0.98544592666388864  1.00000000000000000
 -0.00220890537621912  0.00794745014738716  0.01890970031055643  0.02866964970190645
  0.03895529453513273  0.04815197755152326  0.05781521648820927  0.06502445034545998
  0.07234732437396661  0.08078258248678026  0.09194313623108008  0.10276094172612239
  0.11292864185412273  0.12392999288523798  0.13762565419467729  0.15087421027445960
  0.16283609510445260  0.17506725124620684  0.18716838614157447  0.19537207409123503
  0.20301065267412244  0.20985974902123120  0.21678995111791663  0.22418625744398532
  0.23139111872565152  0.23901537728098460  0.24605465867105142  0.25423145187161117
  0.26587948368549702  0.27763874908792729  0.28914044782797899  0.30159196612493089
  0.31412500029995344  0.32744169504274107  0.33822528960943810  0.34876828686778077
  0.35962756333508794  0.37134317547903345  0.38369347389538216  0.39597064828330997
  0.40811848620781016  0.42060207926171211  0.43286500523618671  0.44340791478788355
  0.45286018216209623  0.46232676485430108  0.47105859217953627  0.47934315399511473
  0.48759261609794047  0.49608217230406948  0.50598633721589903  0.51720518664682436
  0.52867029397093790  0.54029182727691261  0.55232076466866331  0.56380519600386214
  0.57251739676454128  0.58138146994439965  0.59109358587747851  0.60314141008600464
  0.61483939005399268  0.62527830780963722  0.63607568602420250  0.64733976674142213
  0.65857179766795004  0.66987372006642476  0.68017125650424981  0.68953712244259957
  0.69786227851766258  0.70578676295472942  0.71556168375211915  0.72647372870924742
  0.73909657409133622  0.75179965622161482  0.76490636752218333  0.77660300583174646
  0.78797557869637391  0.79972984646382672  0.81244949273889155  0.82275424967146471
  0.83188261038085243  0.84041855333564142  0.84958694939209023  0.85945418794329287
  0.86943888013407478  0.87941759912981488  0.89079728230416655  0.90347348958496776
  0.91629528638200386  0.93013310304301289  0.94372027599506925  0.95578025320096827
  0.96696255884105653  0.97747012160917091  0.98858158835292598  1.00000000000000000
 -0.00347267320241455  0.01103824730941100  0.02396269229867625  0.03637130414747429
  0.04966336365850291  0.06228546811505055  0.07344175193364266  0.08430401656607500
  0.09550015416784514  0.10721859381738805  0.11957738698352918  0.12998432413502786
  0.13978579911763944  0.14940779044805746  0.15927550085070044  0.16881991718316985
  0.17836221642073469  0.18897659056305122  0.20041958633378637  0.21247072991595495
  0.22542578123010723  0.24007653598703518  0.25435156354812377  0.26515074910770986
  0.27664183486323884  0.28811466653969525  0.30002052588434669  0.31052858209740430
  0.31742353180053445  0.32358066476459485  0.33040156894896849  0.33660378770628707
  0.34253856730550658  0.34948230583878609  0.35724796543812554  0.36486118444539278
  0.37220676026070670  0.38123038957701688  0.39228528586953343  0.40431609792546103
  0.41614463108420480  0.42836330928014216  0.44028249290068039  0.45139071171439021
  0.46201533592445299  0.47219849427458499  0.48158681149969473  0.49022081117877425
  0.49859015872575019  0.50714939444757146  0.51540767350693750  0.52244735763736050
  0.53048677364930208  0.53886015254069664  0.54969954801891907  0.56373188137252717
  0.57643138915050696  0.58855164784087366  0.60039243534973930  0.61036753348055839
  0.62007972496616026  0.63007694980990725  0.64164115968223456  0.65206064859927748
  0.66199232870489788  0.67211042415014199  0.68272438402289293  0.69299237018836501
  0.70312422595425628  0.71397705092608521  0.72633460375223724  0.73768648287186322
  0.74729267687359613  0.75598192080304216  0.76461084958465919  0.77508153077022190
  0.78590044749409915  0.79626210742567871  0.80547052586358503  0.81594657523678948
  0.82876074995050653  0.84260765875293708  0.85520236945640637  0.86664375113503667
  0.87768023985163079  0.88806413733595591  0.89878981113150369  0.90890222549130162
  0.92015508631661691  0.93133067998839036  0.94411343423754179  0.95639449428299517
  0.96758479593406477  0.97817563821965858  0.98863235709296426  1.00000000000000000
 -0.00411290230848986  0.01428848998548875  0.03082050398242008  0.04356080064694378
  0.05505061441764927  0.06548927369694961  0.07397940799156211  0.08318194864096437
  0.09280813596661756  0.10331839743472293  0.11527267466206886  0.12807080695951739
  0.14047462432455687  0.15232922248082845  0.16420509365231631  0.17682152446527399
  0.18795559858590374  0.19931022469949800  0.21046257517630790  0.22048273248324093
  0.23154344638044250  0.24258117836393370  0.25433661678869468  0.26684424132281981
  0.27922716730088654  0.29014569449071725  0.29969727016714170  0.30931337879400811
  0.32054404230567518  0.33341890313078543  0.34589039308457703  0.35792301666199888
  0.37001033280404422  0.38235767918625857  0.39430922326686252  0.40528323185691950
  0.41532598829063178  0.42511411298206697  0.43482146710074049  0.44492010431770035
  0.45574524736296024  0.46819894680917551  0.48171506748802034  0.49422638481726300
  0.50416677219645822  0.51377091856187518  0.52301066080393444  0.53419579876233836
  0.54509111289701684  0.55464746258925846  0.56382775123246343  0.57385200717834284
  0.58366461438494721  0.59310959575792321  0.60284964507989014  0.61494993450262825
  0.62738106884482536  0.63889718871074541  0.65013609351599244  0.66168034275694598
  0.67357370844213127  0.68471757066254646  0.69592779691695794  0.70603943560617688
  0.71384579336219955  0.72074568365602376  0.72788565532131888  0.73507380820007695
  0.74181352003475687  0.74851342623890804  0.75548542259592033  0.76222224985992515
  0.76879394152032576  0.77701756939705691  0.78691729184928094  0.79768412486348028
  0.80914080289365942  0.82066219186352296  0.83219992812892862  0.84411992507698552
  0.85597517113054122  0.86830258700682938  0.87885660365321039  0.88860503342006258
  0.89794373887943191  0.90605920972129050  0.91416248015759427  0.92262300770373473
  0.93249987384026001  0.94326089747012909  0.95262870791364973  0.96148623220587370
  0.96996231622235851  0.97874507770879637  0.98891491507241969  1.00000000000000000
 -0.00128848042361121  0.00567196112314938  0.01191731428655502  0.01810346605845727
  0.02414293188427820  0.03034644787239534  0.03654115039300542  0.04475384532228421
  0.05631548778569604  0.06728763614629542  0.07766520870013502  0.08753110415316775
  0.09655704887395074  0.10531479018865766  0.11442269219138074  0.12395701769656915
  0.13438857845437857  0.14522271802548400  0.15602179422987031  0.16698182046505516
  0.17719946201478320  0.18722240679519545  0.19864393458752172  0.21173564327095271
  0.22558671814495593  0.23699259239212037  0.24792784020368558  0.25807275961186699
  0.26699372740088179  0.27543229024365690  0.28418516739465849  0.29486171563520286
  0.30692180484055515  0.31792781769921169  0.32766400047536920  0.33684396862689675
  0.34625922679459509  0.35654149564643300  0.36635782740374623  0.37632969822132589
  0.38663693943664890  0.39753606588863022  0.40961619371317459  0.42160208995994564
  0.43204632909410107  0.44117270830159627  0.45031926121293492  0.45954302727053109
  0.46951844901123607  0.47989875333256515  0.49089284734218047  0.50386102862891435
  0.51761709298763336  0.53219815204972010  0.54340622310904874  0.55427652459123400
  0.56500526179715005  0.57534069647459185  0.58801248770632175  0.60127382340272661
  0.61450009819260853  0.62782202355936889  0.64101863327095943  0.65507124432756914
  0.66917131380692008  0.68206102103029820  0.69395437064182153  0.70414600987307130
  0.71389830161493850  0.72473930465641512  0.73610338891260818  0.74775278429028957
  0.75898343866208362  0.77068541331058404  0.78432456323685418  0.79889320969093058
  0.81143061711892905  0.82306456192034283  0.83332499812665595  0.84289695728515601
  0.85193464336603908  0.86168272902690424  0.87163887135366636  0.88052910298430687
  0.88819426840917515  0.89575901636040856  0.90314400156483121  0.91076628649228919
  0.91869411646770860  0.92684164469918184  0.93590014234305097  0.94692912042046884
  0.96056046122087213  0.97485243227391583  0.98786101935636328  1.00000000000000000
 -0.00190059713699507  0.00921578762259238  0.01858526316632206  0.02774134328256539
  0.03635946513266423  0.04523539287513170  0.05474569168377556  0.06352694632533171
  0.07369656992025726  0.08439991266331111  0.09671272059517810  0.10853080879651851
  0.12076089568463609  0.13075011311826523  0.13934937446641846  0.14834542245005150
  0.15599134397822964  0.16179289611629316  0.16761400591920406  0.17393306250487031
  0.18329076285262666  0.19381625916399450  0.20550012939840606  0.21619504857823840
  0.22670119944037123  0.23705201509504117  0.24771396992378064  0.25715647496580912
  0.26601776653716214  0.27506065397192497  0.28421310870002925  0.29547146980997185
  0.30762661214276177  0.32010275940611105  0.33306781140683384  0.34657068520152373
  0.35999083142704275  0.37226031950266403  0.38288312042657757  0.39290269463932409
  0.40322967366468504  0.41416467410195801  0.42433061681341816  0.43343719868912356
  0.44313228370283897  0.45260741574514546  0.46487003453611186  0.47741369250182730
  0.49038663892023238  0.50416037230715371  0.51760252035096666  0.53043728478573615
  0.54338931802459423  0.55697979025195699  0.57187933570671123  0.58693395922137614
  0.60154879976585274  0.61521866326693686  0.62697572782198741  0.63682669417336157
  0.64575626705875855  0.65410881174149071  0.66201849652064970  0.67006287429774225
  0.67847069115410752  0.68989925683734810  0.69967248908552593  0.70902616016577724
  0.71819220185503618  0.72782025565443842  0.73758156714773160  0.74723769405719120
  0.75893693259544881  0.77195984331708911  0.78585046456645979  0.79933019305536590
  0.81117965813847437  0.82258503217907797  0.83460632152853986  0.84690753313491574
  0.86009129705612219  0.87245413193071897  0.88451038424460515  0.89649967708071154
  0.90394233602529839  0.91215165173452684  0.91959982113982830  0.92681110138565803
  0.93481324937207477  0.94323244967842190  0.95024488821669284  0.95680308993328711
  0.96607975575651972  0.97807055832310918  0.98929383692787809  1.00000000000000000
   7.2132774550705954E-037  -1.0000000000000000     
  <DiscreteSampler_grid>
  Helicity
  1 # 1 for a reference and 2 for a running grid.
  20 # Attribute 'min_bin_probing_points' of the grid.
  1 # Attribute 'grid_mode' of the grid. 1=='default',2=='initialization'
  0.0000000000000000 # Attribute 'small_contrib_threshold' of the grid.
  0.5000000000000000 # Attribute 'damping_power' of the grid.
 # binID   n_entries weight   weight_sqr   abs_weight
    1   4559   7.984726255663224E-037   3.637510005468379E-071   7.984726255663224E-037
    2   27   1.733007433311609E-039   5.414834968572017E-076   1.733007433311609E-039
    9   20   9.003242242780493E-049   5.295318761551740E-095   9.003242242780493E-049
    10   20   9.601941084188382E-052   6.443409970052796E-101   9.601941084188382E-052
    17   3414   6.758045889647744E-037   1.204498277826196E-071   6.758045889647744E-037
    18   26   2.028502011326757E-039   6.156684445775111E-076   2.028502011326757E-039
    25   20   1.160962527781085E-048   1.220441255242833E-094   1.160962527781085E-048
    26   20   1.497469992318037E-051   2.858684000779693E-100   1.497469992318037E-051
    33   6007   9.340200960742859E-037   1.185677432744852E-070   9.340200960742859E-037
    34   38   1.902873682092330E-039   1.180869221210216E-075   1.902873682092330E-039
    41   20   1.104267711380567E-048   7.282378152428756E-095   1.104267711380567E-048
    42   20   1.299976806005319E-051   1.657714861377747E-100   1.299976806005319E-051
  </DiscreteSampler_grid>
