 -0.00001407487299563  0.00005398398811539  0.00012709669065538  0.00019873881219616
  0.00027122300402128  0.00034473068578040  0.00041836665871113  0.00049095762432255
  0.00056175638437700  0.00063112225708023  0.00069888517641869  0.00076375707245961
  0.00082839535406685  0.00089505052327733  0.00096495383995727  0.00103231634607047
  0.00109673830097487  0.00116010984507052  0.00122487639656225  0.00128953962688956
  0.00135732519963445  0.00142615356472118  0.00149629358399491  0.00156739047873619
  0.00163957999442653  0.00171393633594162  0.00179211120531150  0.00187228112489492
  0.00195204885361056  0.00203079332267287  0.00211036552061058  0.00219351839370419
  0.00228042644037270  0.00236975076348260  0.00246093035796147  0.00255287439455544
  0.00264648327332402  0.00274205218303224  0.00283806440539928  0.00293368353674189
  0.00302977317115343  0.00312784412932950  0.00322864760733393  0.00333262002135017
  0.00344068099293735  0.00355162825897705  0.00366620142318397  0.00378503225358326
  0.00390286533204992  0.00402288509180188  0.00414130110006098  0.00426712969306565
  0.00439295293005395  0.00452334803829318  0.00465869498441796  0.00479965983856190
  0.00494837746384262  0.00509996166272353  0.00525107708628078  0.00540183213363702
  0.00555411091745884  0.00571284222315366  0.00588099784786130  0.00606504428712565
  0.00625232100454459  0.00645649098188464  0.00665258752384914  0.00685812467176034
  0.00706788801335385  0.00728525199210396  0.00751959522031040  0.00776464390465217
  0.00801618207224270  0.00827808267674137  0.00854917167995020  0.00884014303999451
  0.00915266003912493  0.00949625830848159  0.00987020950361287  0.01028675007999515
  0.01073659610194091  0.01121869275380579  0.01173399020974444  0.01227303262468434
  0.01290463935294182  0.01365838434646914  0.01457800122465766  0.01575715290676932
  0.01725391350524720  0.01910808683880957  0.02148872575142026  0.02487388725417829
  0.02947029165910092  0.03662561516690652  0.05331349138203671  1.00000000000000000
  0.02398580789375422  0.03821424357815820  0.05278471142079851  0.06546491153314007
  0.07714657450581502  0.08810484954733154  0.09908028240585665  0.10959938614165092
  0.11977927200600513  0.12964342799522566  0.13945108145492355  0.14930311193960841
  0.15905322636112301  0.16861828447128674  0.17801020219354616  0.18729169484002089
  0.19663972088558818  0.20605349863693001  0.21524345435091091  0.22446186287420491
  0.23362870156553517  0.24289053247320458  0.25205961034132124  0.26114873557989848
  0.27057755985114701  0.28020255752180290  0.28985837573067147  0.29922358235114688
  0.30841279429546714  0.31771646521132002  0.32709737001219213  0.33641714662932637
  0.34580706662531657  0.35503459081111638  0.36440189046988758  0.37384077951737710
  0.38304238695769310  0.39245048209421685  0.40199409399172548  0.41169919904528102
  0.42131837650451359  0.43094075928369535  0.44039456192341697  0.44969310918761329
  0.45870381138055549  0.46767194716764082  0.47669030368788701  0.48578467114772234
  0.49515520916491812  0.50478538817328500  0.51458435832891669  0.52428560371373656
  0.53399600041515061  0.54374099214621874  0.55324229626773158  0.56249618327808704
  0.57142767633116665  0.58036997860958150  0.58947793215814936  0.59878290646775967
  0.60845562286259713  0.61845135831184439  0.62865121361852894  0.63875823130121201
  0.64844918741654656  0.65789893880569350  0.66724584051898972  0.67642958576968082
  0.68570119690081166  0.69504781943376526  0.70436887338463272  0.71351362378075756
  0.72254716232968053  0.73199586719018672  0.74208098513033482  0.75261208209374597
  0.76336749642106472  0.77398746447081002  0.78461634253634649  0.79540913364646770
  0.80610683116108250  0.81650026552428978  0.82671727261397787  0.83714943044569379
  0.84789181874823161  0.85866750095141298  0.86946985109555408  0.88040838758267792
  0.89204224673676302  0.90442696160585101  0.91707150595676401  0.92936195337305361
  0.94249357387551624  0.95769228800609785  0.97523508158421068  1.00000000000000000
 -0.00215226826481851  0.00930730117743224  0.01892378568887404  0.02897501787055303
  0.03967379907973240  0.05110515317755443  0.06229315708708895  0.07264877313163347
  0.08325733226636559  0.09389032778270824  0.10532405874902011  0.11610893907288408
  0.12682881311203273  0.13770178715278680  0.14962086817674267  0.16173201763880082
  0.17330965868463122  0.18409218991117487  0.19483303028735421  0.20556137981647549
  0.21607317774739448  0.22637510455014842  0.23657854648551158  0.24718340517457912
  0.25802148592474217  0.26821366923933770  0.27847290309882905  0.28866548337560716
  0.29903098744355466  0.30926457237777533  0.31932136645323111  0.32983409866776048
  0.34044517020129123  0.35140205015321457  0.36208609926385948  0.37264749137042308
  0.38311181329770139  0.39368692555430723  0.40378228352510082  0.41365784925937571
  0.42360632896012201  0.43368406698946227  0.44409451041865777  0.45455166018630699
  0.46543986090736128  0.47586514654306666  0.48627086614123871  0.49643340699955441
  0.50720906021010004  0.51885075036208483  0.53082119580866549  0.54266250277048900
  0.55401242227248126  0.56509830919069071  0.57578073303879962  0.58615447898548911
  0.59648313563647137  0.60710310857453698  0.61846346149458209  0.62968405265004312
  0.64034554613477657  0.65058873142294360  0.66091273549081220  0.67151610515193705
  0.68203878100439619  0.69246841216067190  0.70289919983672700  0.71337231128570400
  0.72408318786578962  0.73477589480711325  0.74526245386914491  0.75585746187870073
  0.76621470270926284  0.77674611439227736  0.78690892786867594  0.79689805520541690
  0.80694249594666279  0.81723820590330398  0.82756568764129645  0.83802055623709992
  0.84841451092074627  0.85905033692183475  0.86955985439056271  0.88004133480782065
  0.89046602274752440  0.90049794823569640  0.91038650455029613  0.92000225953010084
  0.92965334256916632  0.93934482073925574  0.94912207054940045  0.95918582501442340
  0.96930668015119259  0.97936829620397681  0.98955989699515812  1.00000000000000000
 -0.00247397321412052  0.01005553391096942  0.02061125110052342  0.03141416565692279
  0.04208742025628903  0.05265098257977303  0.06337116938429486  0.07448557885772084
  0.08605444822549634  0.09692852994871758  0.10772769034652026  0.11836551923260182
  0.12945070195717323  0.14025993605324294  0.15112633320804514  0.16157132763815113
  0.17221849830165695  0.18317407438408803  0.19425436802950632  0.20493961132010505
  0.21531691653710394  0.22593013014943192  0.23666429844268511  0.24716023776777038
  0.25744840698885391  0.26794474131567203  0.27874140009400139  0.28966484431528666
  0.30054382426680926  0.31116679965019994  0.32152842053164099  0.33183234273177936
  0.34215457620387019  0.35246218497986520  0.36286253602024693  0.37365012652459162
  0.38531783796372659  0.39661792379169536  0.40700627228489183  0.41707933714039092
  0.42720203981317051  0.43712084579680999  0.44699016168837286  0.45693773386459352
  0.46785043665173270  0.47899699375556931  0.48967307223724049  0.50013549878825181
  0.51039648207461075  0.52094272566965028  0.53154203472116479  0.54192521097595503
  0.55194330599334096  0.56202914155353445  0.57223156347947945  0.58246650933884070
  0.59255163005765465  0.60234485745625033  0.61289043355490380  0.62349110444437261
  0.63455078872176474  0.64560024763577695  0.65625463238462456  0.66658204458286630
  0.67681020079494569  0.68716918830211771  0.69793688959294464  0.70868400245689411
  0.71969488760619083  0.73026364519587750  0.74070783008607177  0.75094349926635540
  0.76125239663560662  0.77177235227972829  0.78214894882027131  0.79204993571314664
  0.80226543500782976  0.81256063840727955  0.82306475886533548  0.83302551092306176
  0.84276756048377144  0.85268255895481959  0.86255406588471428  0.87258678217663510
  0.88300860385938229  0.89354944194286301  0.90404187236348488  0.91432858613043155
  0.92455987747985469  0.93522042751519419  0.94613762869320495  0.95711698895739150
  0.96785294522441601  0.97873056855967744  0.98934084052205906  1.00000000000000000
 -0.00201491323688494  0.01018820132588008  0.02039489482892021  0.03102015994563395
  0.04151595823505944  0.05210166409836080  0.06258543662003674  0.07320338384399755
  0.08369936867197121  0.09454307035905901  0.10583283370601022  0.11720352549253440
  0.12806122110757256  0.13819295120268354  0.14788489875564642  0.15733822462426192
  0.16718133529599263  0.17734717537778957  0.18745660558914645  0.19724838069816555
  0.20718023528646229  0.21763639672579943  0.22844337411954266  0.23932242247640170
  0.24996320566579100  0.26053454736683651  0.27100208781066004  0.28156723076991502
  0.29213993982838321  0.30257395852610430  0.31299964987451268  0.32348218252310934
  0.33418294466054327  0.34496476480973726  0.35584293397343669  0.36632009069772226
  0.37684468601626286  0.38772645051018279  0.39873682342982342  0.40940128613525872
  0.42023194181246215  0.43145418225368187  0.44235928868365393  0.45266119627439505
  0.46288166772179129  0.47331112946173565  0.48390863019022201  0.49449556684401924
  0.50499421424441993  0.51489601115367212  0.52536947743848750  0.53589875827296019
  0.54658597619807880  0.55696082816876957  0.56758052544040538  0.57850907419924458
  0.58935990781605074  0.60016646074975577  0.60996767888462644  0.61951837041957458
  0.62928211747657925  0.63953350690561594  0.64978035004360024  0.66004831634914818
  0.67025025447728814  0.68079739250837479  0.69106356604435204  0.70143271726907086
  0.71194247959904722  0.72235178336881400  0.73269482687007514  0.74330530056539057
  0.75397308993869483  0.76487633220824347  0.77527119284967039  0.78573727095069745
  0.79650425588861173  0.80744360028913309  0.81851200376363153  0.82921722425283173
  0.83959571843875858  0.84965950748432761  0.85990287669083121  0.87050329252431735
  0.88115596941173613  0.89198092235482807  0.90253346763050835  0.91321474085420340
  0.92355611831348194  0.93446351648011206  0.94576885147140088  0.95701198719346159
  0.96742376839933875  0.97774174919531576  0.98842361917850419  1.00000000000000000
 -0.00204382664655080  0.00985366499766301  0.01987582594304763  0.03074424703028901
  0.04179832297112360  0.05343376164586341  0.06465873728512346  0.07573136954624472
  0.08646036832665177  0.09710312419620121  0.10730684135575624  0.11740804782845222
  0.12779401169089349  0.13870158718713022  0.14933724133298257  0.15930014516112856
  0.16862656579031454  0.17796105671381449  0.18743358948962041  0.19726770342193936
  0.20712034310892058  0.21751843255627074  0.22804844686789016  0.23924625227053337
  0.25001621957594761  0.26076148658069459  0.27132308925215876  0.28217410059376435
  0.29312683475030088  0.30387888745111269  0.31440948083688236  0.32460004650427615
  0.33469553243065897  0.34488013501809045  0.35530948147836894  0.36580345530289859
  0.37638349373580954  0.38750318379241899  0.39904223100599084  0.41044922165471381
  0.42148796384714304  0.43210787192167910  0.44262044586558291  0.45264135355473750
  0.46283039552219934  0.47293402492346259  0.48307195136728726  0.49313407497340339
  0.50357505491942045  0.51432047507966616  0.52539412899983440  0.53606981113546170
  0.54692975129557952  0.55729676167003694  0.56775353452007293  0.57821740870003657
  0.58879331491176590  0.59937782151677066  0.61010683676424493  0.62087432885669813
  0.63173020596217389  0.64234303144741223  0.65322315585448254  0.66381630273836623
  0.67464016975731744  0.68506240049461142  0.69528808492105965  0.70538999199949037
  0.71574348293307644  0.72629713665352125  0.73708376328602609  0.74795137898041808
  0.75902278852819194  0.77011875210259517  0.78126307001396755  0.79223929974038698
  0.80302730673529199  0.81341978587966068  0.82380793218063830  0.83370942744657106
  0.84339180307849804  0.85266073714143553  0.86259490571538600  0.87328148827976138
  0.88461564001739890  0.89592722140548420  0.90688003010444485  0.91843527762713506
  0.92902291921930180  0.93942923988716165  0.94939446705102770  0.95970272746870200
  0.96997870954132648  0.97979857903240131  0.99002123718851076  1.00000000000000000
 -0.00225494877206328  0.00964319365380941  0.01948094009310041  0.02996015026455470
  0.04028474085995015  0.05064613381519010  0.06085000720099302  0.07167304459411339
  0.08274669146533017  0.09391733837534555  0.10501887173584114  0.11591691923176312
  0.12679711313125927  0.13722287939716632  0.14765339045548062  0.15812566506950679
  0.16872962367237140  0.17968293960063542  0.19060795363593255  0.20187453724449578
  0.21290580776081813  0.22358285750817930  0.23419893332684108  0.24449633100539470
  0.25485771937152985  0.26525259977912863  0.27608898776570068  0.28697173075743904
  0.29738671700449054  0.30779723194233821  0.31819174611831114  0.32876065963495504
  0.33899657313083481  0.34916867485858216  0.35960900686017089  0.36995035862940245
  0.38056678241898001  0.39071653686342711  0.40100673263158471  0.41084971674306980
  0.42094052147720712  0.43135457247937831  0.44198939904169299  0.45248274100516067
  0.46311776094104307  0.47412310667695973  0.48494063776962359  0.49524857926720761
  0.50560804186876696  0.51633592390670147  0.52733445834134018  0.53789938809854609
  0.54824447292108736  0.55888887222193673  0.56961983092579782  0.58004834399887639
  0.59048843610125523  0.60086609584192563  0.61120734939239552  0.62144463107037184
  0.63191197464768334  0.64272346778901535  0.65341069254609618  0.66378968214656775
  0.67384829410620339  0.68382747299030455  0.69411327795716182  0.70482769199663087
  0.71566854023496240  0.72641574508115059  0.73743076988500977  0.74831679121060501
  0.75892967116887677  0.76963933776138294  0.78028912396232708  0.79073461994633876
  0.80070420083396954  0.81079398549441684  0.82104528281995748  0.83119507155873018
  0.84153645521611997  0.85214215997872711  0.86332886194855052  0.87410930475280524
  0.88455424084196177  0.89478143712714275  0.90495485185137592  0.91547475898532860
  0.92641347466094603  0.93738271827336705  0.94816539898348984  0.95873066188659517
  0.96922065212628716  0.97960660359595952  0.98986747903282901  1.00000000000000000
 -0.00216742876559535  0.00954063108236294  0.01986314623404186  0.03010028388462297
  0.04079160232298569  0.05089827763047584  0.06121471158975769  0.07165596530554320
  0.08183641773951118  0.09175305650516352  0.10150099202340176  0.11120992519639161
  0.12097067037626026  0.13082891722826118  0.14100702154472622  0.15167074143560844
  0.16247959083839000  0.17333194408272437  0.18421245560466645  0.19548862777298723
  0.20654218341835148  0.21736291479005881  0.22804966900940057  0.23878499078863302
  0.24902947976959819  0.25870473099769675  0.26841941748331721  0.27846567763289976
  0.28901587647406868  0.29964891409260169  0.31041552946902728  0.32109115923699866
  0.33150741266367378  0.34162577322126508  0.35184153612525404  0.36214805507869474
  0.37279287040871195  0.38328052798526341  0.39402002973567951  0.40462948731298654
  0.41524567376219701  0.42613916723926842  0.43693801025667545  0.44791722028045583
  0.45872990264416519  0.46960777210361510  0.48015334301488227  0.49062046170333373
  0.50102721488959334  0.51163594400930124  0.52206486814176822  0.53249551856850008
  0.54269701955942617  0.55279304432099874  0.56302707981905775  0.57345163920191733
  0.58416995823279017  0.59467837657560574  0.60504082669531190  0.61510084064790604
  0.62538696851240361  0.63600667692049151  0.64646535196653121  0.65686759627252933
  0.66726058310887459  0.67773804939339855  0.68825150605347263  0.69849239451226253
  0.70910054228829034  0.71928383272510987  0.72936354656648650  0.73962494696731651
  0.75064447532377832  0.76190304973168133  0.77283502869258058  0.78350476296900973
  0.79470376016221134  0.80586701689006723  0.81686760252980117  0.82752978415584311
  0.83819906940511657  0.84896796682817388  0.85981101742825017  0.87084177913039273
  0.88192533390958761  0.89296140603594265  0.90396773998181079  0.91468506386712489
  0.92519555930367736  0.93588379264188115  0.94676492982342308  0.95764777398786438
  0.96839419099455482  0.97907202428597695  0.98965424459244933  1.00000000000000000
   1.4747787639430085E-020  -1.0000000000000000     
 T F F F T F F F F F F F F F F F T F F F T F F F F F F F F F F F T F F F T F F F F F F F F F F F
