  0.00451051125376893  0.00571360150070913  0.00682813431378682  0.00776017793322691
  0.00879621873717529  0.00993683623693001  0.01127979116180349  0.01271157007158273
  0.01461294272851831  0.01673682111570371  0.01888469363166753  0.02140726987185627
  0.02426689770210533  0.02752715008244431  0.03116169630070179  0.03482729842518335
  0.03876888341651145  0.04330211724443384  0.04824635373820080  0.05453480622378393
  0.06032745854866719  0.06644512099789257  0.07332057313855241  0.08084714752636879
  0.08817669603019013  0.09524926487139670  0.10252664671968864  0.11044930183818535
  0.11964499222016463  0.13234101032321485  0.14569348072905738  0.15757989326194030
  0.16872382637313968  0.17839517742806338  0.18731538174634652  0.19592840433172312
  0.20485301326895919  0.21353108660303119  0.22260012150425743  0.23146666488449363
  0.24081329820040262  0.25112688905598790  0.26317733798362691  0.27555816147772699
  0.28710663868320907  0.29518770070070177  0.30242536925399149  0.31030522741446254
  0.32022194575334717  0.33036842849651016  0.34109543050916091  0.35396026024592631
  0.37278916543963653  0.38688236635294454  0.39710433270941281  0.40751676281087518
  0.41961836618923293  0.43088979915446590  0.44401082790280216  0.45842177389464545
  0.46834266728217971  0.47742598311806311  0.48650572710523526  0.49554618742396495
  0.50449194628827176  0.51188783689582029  0.51897112121101119  0.53009312231800254
  0.54521120266263179  0.55698869957051123  0.56575539754702964  0.57326206301984850
  0.58115577415883357  0.58907125023388485  0.59666444525232099  0.60449833910817496
  0.61354989556962758  0.62245675213699958  0.63861775709778223  0.65649532384622833
  0.67668842428516962  0.69702444952135034  0.71382897442914905  0.72882501172381609
  0.74285886351212127  0.75580591489540105  0.77295796913115478  0.79328286587143337
  0.81480564713690395  0.83787280955200993  0.86197694655709445  0.88634821852852053
  0.90985593225573103  0.93660954778687444  0.96930382723393504  1.00000000000000000
  0.00001557363334540  0.00001966828683841  0.00002056937148102  0.00002194477197891
  0.00002355066199030  0.00002456562194250  0.00002501216131095  0.00002549237494698
  0.00002599492413294  0.00002656677752499  0.00002720177497445  0.00002795949674909
  0.00002871043478137  0.00002924120878809  0.00002968762413535  0.00003014915015955
  0.00003064497408936  0.00003112708202805  0.00003154555662574  0.00003196506070329
  0.00003237709855561  0.00003283574192834  0.00003337320543859  0.00003391418038388
  0.00003456242201895  0.00003522372451847  0.00003636130433664  0.00003777589170821
  0.00003935118656838  0.00004214944165995  0.00004507580174993  0.00004685253529064
  0.00004808378999600  0.00004916732612683  0.00005015782140724  0.00005106067204573
  0.00005184232535836  0.00005245627506834  0.00005292369825653  0.00005337659351413
  0.00005385555764596  0.00005433585813423  0.00005481937516076  0.00005530150872211
  0.00005581360343569  0.00005637720616718  0.00005689083690391  0.00005737214325715
  0.00005785149612444  0.00005839202520720  0.00005897175720420  0.00005947936251995
  0.00005993098074849  0.00006035753200324  0.00006076176838513  0.00006120387559053
  0.00006163502312738  0.00006201388056103  0.00006233310495021  0.00006266674426860
  0.00006301698994888  0.00006337767639234  0.00006374227768655  0.00006411213650725
  0.00006449053724898  0.00006491067433274  0.00006533855973292  0.00006573118070499
  0.00006634595324419  0.00006691281446432  0.00006742723110717  0.00006789771929951
  0.00006837027642974  0.00006885924500080  0.00006932133560337  0.00006971603703631
  0.00007010249495983  0.00007056310144263  0.00007100730140081  0.00007141207009809
  0.00007174660122882  0.00007205652931650  0.00007239229478992  0.00007275690513411
  0.00007314897065857  0.00007356628681540  0.00007408906230630  0.00007487482924501
  0.00007588162061989  0.00007648564800332  0.00007726126143117  0.00008019027867959
  0.00008251059222609  0.00008254516243721  0.00008259265870933  1.00000000000000000
 -0.00333490601770439  0.01061185560970108  0.02145950331017629  0.03101378774029016
  0.04000168791285227  0.04819543886569026  0.05718238001291457  0.06686053140557188
  0.07643251151647484  0.08589377349173255  0.09242697847841409  0.09878245230167665
  0.10516334815241110  0.11187684477201496  0.11886442664692812  0.12517706920740632
  0.13107105541136521  0.13770787150451191  0.14261241204259892  0.14738191653957392
  0.15387858046280958  0.16043579000616826  0.16726951727771849  0.17900919214810368
  0.18937863737428551  0.19788873373170626  0.20599234320606755  0.21325250556798231
  0.22040402801874176  0.22745126759469597  0.23474696941757167  0.24385616801855065
  0.25217666090513441  0.25790517360981119  0.26304957187108002  0.26925848778936867
  0.27575991019552071  0.28203045308456115  0.28789303318725518  0.29232295839935363
  0.29648321844497016  0.30109079881865114  0.30704570944706822  0.31324020464684871
  0.32029593177493720  0.32851023177336108  0.34005041923390511  0.35406309047558693
  0.36538880010101948  0.37480323113572717  0.38466330543028177  0.39529574059777434
  0.40649212184707895  0.41705760165171024  0.42755101403019879  0.43784125149955383
  0.44719364074420170  0.45961203908603093  0.47408006818461279  0.48948361747188501
  0.50386446858978451  0.51706894480455134  0.53002069287881315  0.54417716881810951
  0.56051155705283151  0.57720926595783639  0.59087102598470620  0.60239958831026041
  0.61425843731341978  0.62744432944780437  0.63868629478291661  0.64909491106966599
  0.65960535528013220  0.67006773365553707  0.68184744258526042  0.69628204653947634
  0.71257685587152486  0.72807175023161730  0.74007404838094792  0.75038981281080719
  0.76098332263681745  0.77297644674687427  0.78552993516212455  0.80205559661390269
  0.82135344758659712  0.83730777854635252  0.85147569902590647  0.86574747293186793
  0.87856528463555428  0.89557626609306085  0.91208467598323661  0.93503849182110943
  0.95667146839440764  0.97425726733372120  0.98740216812427439  1.00000000000000000
 -0.00262909932698910  0.01168797634096740  0.02256456861147643  0.03109324877912827
  0.03966296943907296  0.04821414527475956  0.05723153534555660  0.06539290663676296
  0.07282243147936870  0.08110662951070961  0.09127911757513674  0.10600644976504936
  0.12239532898354843  0.13831692206738022  0.15249012787972510  0.16581521007713745
  0.17947438526913956  0.19334392673375614  0.20795620744171739  0.22310746661265113
  0.23429701799919678  0.24172777166631396  0.24970022734973701  0.25739494731765916
  0.26450036776461616  0.27143033428669600  0.27879666843822482  0.28478897365386341
  0.28939250193149768  0.29547414306613945  0.30405041282231654  0.31494058158314792
  0.32540347189213592  0.33607061307287694  0.34653071434787430  0.35555769611014076
  0.36165329351638331  0.36830376419088234  0.37556258799466447  0.38284188288559090
  0.39123089868982214  0.39971534801266156  0.40765258944966898  0.41541758889632563
  0.43373599773812394  0.45405131937392890  0.47217329763097521  0.48868323893615773
  0.50338763228836747  0.51531685979706354  0.52543881904104295  0.53581021215509950
  0.54644408241902898  0.55947114333308068  0.57307081517710678  0.58548075470434491
  0.59625920052511716  0.60598501566317087  0.61553768271052223  0.62597875854798224
  0.63542927452985987  0.64469791820088052  0.65495984436626276  0.66656961167981565
  0.67999747971486790  0.69518353568868496  0.70905611738723651  0.71963356759673924
  0.72877414908693505  0.73820101798738169  0.74766664255043247  0.75690019743799608
  0.76528110833780794  0.77402194199760188  0.78257552388138441  0.79315031113023426
  0.80330324730955649  0.81318616907684116  0.82214011152118127  0.83004305729848937
  0.83763646542128722  0.84584003714924649  0.85516008407957322  0.86521601117040159
  0.87639739942882822  0.88558760679844795  0.89511121189394605  0.90564226628223699
  0.91711819110557224  0.92789707025957657  0.93774097933963230  0.94887492455193123
  0.95930295269381449  0.96997683253091693  0.98531212655679445  1.00000000000000000
 -0.00267274299935634  0.01288602586575098  0.02591233903563267  0.03716728506656602
  0.04603536018479051  0.05511756871053341  0.06515325467184382  0.07679073014556906
  0.08929934577052892  0.10675219733512040  0.11336288014269781  0.11869044428852688
  0.12402075509913127  0.12943528978472618  0.13549486368853519  0.14130162284733369
  0.14681171062945914  0.15253592604038796  0.15872809607488247  0.16752965464204084
  0.17932953013474789  0.18985536189791932  0.19599807028463914  0.20226046132725631
  0.20860270698230746  0.21536259991896659  0.22315473159192653  0.23112222907548810
  0.23819748084154871  0.24516697046569871  0.25473412569231785  0.26834846480339758
  0.27995823577535089  0.28968725551070268  0.29939393591821306  0.30931893332669574
  0.31975871396002148  0.33105626686005424  0.34262156553078099  0.35470501946279653
  0.36697446283494572  0.37778014702590046  0.38595766924106040  0.39350788648123397
  0.40167930130813378  0.40957622746935984  0.41722914426278551  0.42549034392866153
  0.43800255954551376  0.45485300655239541  0.46884711134287538  0.47954614861545525
  0.48914156473967069  0.49861367125228029  0.50763841415158018  0.51662622980926098
  0.52488257385011206  0.53373704318403059  0.54401967432308695  0.55371668442066801
  0.56090618999417141  0.56915522342209179  0.57908508903960232  0.59011780035219108
  0.60195106292330813  0.61198519128479290  0.62301591778480458  0.63301828562446361
  0.64587373148115967  0.66004378683905029  0.67407958448555372  0.68713003745859969
  0.69935538810073461  0.71186071201796330  0.72486879659290737  0.73953145614692872
  0.75080518000007446  0.76085675949728793  0.77027976375643226  0.77970615955000089
  0.78886439841713840  0.79781019040588275  0.80701277140731142  0.81917513210476245
  0.83356510738423106  0.84706090610491969  0.85951575765569044  0.87167866803948790
  0.88545624904681441  0.89985927956608236  0.91450571666553027  0.93093811822877115
  0.94803297921041207  0.96526681579590068  0.98237464716609368  1.00000000000000000
 -0.00284935287344880  0.01122534123521587  0.02286147690505234  0.03275744962843453
  0.04329394318886515  0.05423956255300145  0.06543374613814920  0.07643205090265315
  0.08627371698608799  0.09534670532590984  0.10312159865618419  0.11236144998411263
  0.12231553403434944  0.13433150529114574  0.14902299338744093  0.16091164293410878
  0.17316415200884494  0.18411635631707762  0.19254645846528037  0.20020692800730799
  0.20788109641415420  0.21547888536416970  0.22332857034761369  0.23145436308345294
  0.23775982695440318  0.24376460333966590  0.25003387301572605  0.25748761451546442
  0.26408519576226391  0.26957268989576100  0.27517420950722288  0.28207549020087508
  0.29065702990822084  0.30384566454922496  0.31527994594813030  0.32446613969715588
  0.33401810357603823  0.34364366101601118  0.35359946748676391  0.36374896974239623
  0.37498566869531402  0.38785721088482755  0.40173237313685961  0.41540238973052995
  0.42764944964064561  0.43947000882231274  0.45038049198127705  0.46131768496207776
  0.47269084456944166  0.48493438614829398  0.49903728515619883  0.51622987811270193
  0.53279884778770259  0.54841766630849198  0.55918532367640228  0.56963536127638936
  0.58025743872811741  0.59075096218157253  0.60296855505595126  0.61529502093940369
  0.62817720655213416  0.64047831727272564  0.65540259427861414  0.67041231073903573
  0.68408603062173390  0.69840162747614132  0.71469356548341145  0.72894857799717205
  0.74325801503237499  0.75438478581558666  0.76457356112827490  0.77521788533939739
  0.78521767697802014  0.79546436628044759  0.80680019369168599  0.82040059740716220
  0.83624199126663457  0.85105897425369392  0.86068494178003407  0.86794491949091490
  0.87478932908649210  0.88224913865631938  0.89074160350243892  0.89998214873382043
  0.90762726550709005  0.91349927545737997  0.91922965305649462  0.92919316392836793
  0.93767268048032248  0.94654357441202008  0.95643622586336852  0.96535129326082014
  0.97305944124091681  0.98127034926944634  0.99050635148072885  1.00000000000000000
 -0.00254601352332547  0.01013263883779072  0.01977728603722584  0.02966799424075365
  0.03927434462761809  0.04969434945430338  0.06045713362935513  0.07088526970624985
  0.08050340341786087  0.09115033947102678  0.10100150027345674  0.10810545779882016
  0.11413064965045516  0.12035980216393258  0.12663675173727079  0.13257370383664788
  0.13933204940247251  0.14639000071208813  0.15241252965614954  0.15848545984135298
  0.16486390789897135  0.17150816960847767  0.17841332521389930  0.18490135880894523
  0.19218940732781573  0.19981087986891610  0.20556255777811064  0.21207027852170549
  0.22025662878224339  0.22880407452790177  0.23727517484698721  0.24564056699714729
  0.25349564164754312  0.26082220182158800  0.26803625540730464  0.27496539373319223
  0.28153816890284955  0.28849769409690662  0.29625664869933765  0.30456069363648941
  0.31638859916475742  0.32945552232783992  0.34150126252479096  0.35225004385156405
  0.36244931492970833  0.37208414140287510  0.38073339914391890  0.38981949677612610
  0.40030770177975572  0.41509669943522465  0.43005533786769135  0.44376135912630543
  0.45654989489792552  0.46901310612179264  0.48155013739452501  0.49335252734821389
  0.50487492872584261  0.51567606205059502  0.52608123214112068  0.53707892132171131
  0.54885639164394151  0.56047897283510961  0.57155862966327386  0.58269452440320801
  0.59314810334486590  0.60428572574853479  0.61644128264470788  0.62978820269356595
  0.64256933808839400  0.65279484232622143  0.66330691543210385  0.67413493792484802
  0.68746453262933782  0.70223089256707261  0.71602261965057346  0.72870886780709099
  0.74131263770160938  0.75290937397668989  0.76340020146998488  0.77252725286857982
  0.77916271904674284  0.78554936549741972  0.79191680512734419  0.80020757580367163
  0.80974573597477040  0.82452906747736898  0.84270392828909546  0.85971637391065292
  0.87571700929109986  0.89008593437410310  0.90447152506811701  0.92030644920452753
  0.93750038799896118  0.95713118310820267  0.97585539737804761  1.00000000000000000
 -0.00376632309998794  0.01342347384636733  0.02711049374486208  0.04131265923701173
  0.05563895435147585  0.07120519173118055  0.08770303721299454  0.10337322507325009
  0.11692920597116246  0.12902743230361460  0.14068472487376490  0.15092700081267363
  0.16024124002615975  0.17112094085828261  0.18159545195277493  0.19175734191352983
  0.20121831116606204  0.21001760249112528  0.22031297122104096  0.23064103144535256
  0.23960162645889868  0.25036460439844382  0.26248023936603365  0.27363655685558841
  0.28379881707460886  0.29241447560411549  0.29968476834593921  0.30663293081375231
  0.31361995977762441  0.31995134409790349  0.32593890421416594  0.33275924720146971
  0.34039879900431913  0.34645400345086574  0.35281331723178155  0.36232920594318041
  0.37475524790562809  0.38684163520455939  0.39893357059653695  0.41076325630559263
  0.42175065735899481  0.43230974610216905  0.44235484276970216  0.45366127220701941
  0.46721426787942166  0.48062732418632997  0.49293778048901898  0.50320684663627602
  0.51130824359758265  0.51791063447321051  0.52378271733113446  0.53035870333697066
  0.53786396315951590  0.54819314175712774  0.55938777464564626  0.57116734405030278
  0.58383616101649993  0.59711925322928727  0.61041719734888500  0.62256015317875979
  0.63389749010952545  0.64547724364471037  0.65799722601268162  0.66981467595714184
  0.67942359606146685  0.68838594522062990  0.69729187316711450  0.70561683871959635
  0.71296765930735384  0.72031610726527173  0.72736203651129305  0.73554052421615057
  0.74473665770938768  0.75422362499929585  0.76343554889076903  0.77298431875314755
  0.78100856298201604  0.78924477972790719  0.79956355648529065  0.81109542741204421
  0.82139903461637898  0.82981550329237708  0.83901759435695578  0.85017098582974904
  0.86365839899318286  0.87784672635160643  0.89210114760479486  0.90493664218903369
  0.91525067963227791  0.92620174606968209  0.93729087077303086  0.95072521302809965
  0.96361717694595361  0.97616642852915336  0.98777852661912935  1.00000000000000000
  0.00091752622299071  0.04433780575006398  0.07710017050950285  0.11426159691974355
  0.15660095942286131  0.18913764497774183  0.21434491487515694  0.23599783193226642
  0.25737486198155834  0.28030395235913802  0.30420726902564588  0.32607176208827010
  0.34474672931342815  0.36588832533612570  0.38683290574073093  0.40854758531191709
  0.42633262259972943  0.44432184731581720  0.46099821375355898  0.47547912732639014
  0.48809392893990955  0.49953450996601900  0.50831143942920143  0.51549923063576442
  0.52275749517653214  0.53424721727128355  0.54495388962626956  0.55535224673804384
  0.56840063075909664  0.58878648982954263  0.61068273459953426  0.62916280959433657
  0.64774483898617019  0.66641235491682194  0.68625149502586835  0.70516226849280916
  0.72338145741156457  0.74179589831245552  0.76055066537139993  0.77715458360539180
  0.79227583119590550  0.80746053839710030  0.82453391949770216  0.83873759057300401
  0.85128149684182131  0.86246045967244711  0.87484290226598638  0.88689311869732035
  0.89800420848638485  0.90812429733612043  0.91665464663112195  0.92460006351488344
  0.93218946461323682  0.93843575966187542  0.94463617877374217  0.95042655951690913
  0.95612726945892068  0.95977314520144852  0.96183068800382454  0.96361888551192232
  0.96550711816304646  0.96743710311146203  0.96950420879768062  0.97134634495348626
  0.97277545626914230  0.97408038045926781  0.97531813637906450  0.97649099855804922
  0.97763325501404175  0.97883049913388109  0.97998528373405658  0.98097225701943658
  0.98180529280089779  0.98251013490044736  0.98318019997342698  0.98383269153916830
  0.98446770324301613  0.98506576919026212  0.98560988615401279  0.98611683307205267
  0.98660932077061991  0.98705765395523393  0.98747956165265793  0.98788755091198266
  0.98828160230265805  0.98863226102843482  0.98898716859999680  0.98934735365364357
  0.98968268293318784  0.99001016831132671  0.99030032991469930  0.99058995624852242
  0.99089571878899851  0.99110093193216975  0.99119076959983921  1.00000000000000000
 -0.00918986943556168  0.04654375546575698  0.06266104723648042  0.07521625787121589
  0.08698034196555862  0.09698256169618051  0.10553151724399686  0.11286407469771460
  0.12005778624569605  0.12667189640663087  0.13285639656121917  0.13850726901530716
  0.14271079230261399  0.14621204216594169  0.14967546293967951  0.15347572701331177
  0.15791122007539979  0.16403733322038944  0.16928919875428541  0.17411949036398067
  0.17871907492370040  0.18248481683751494  0.18597004487330734  0.18980988320170317
  0.19422023639950867  0.19888436005923690  0.20365392938752289  0.20873582322878215
  0.21378165369537255  0.21882017905530504  0.22422892413079978  0.23068802209991882
  0.23916300516295205  0.24857644917732363  0.25828503540983105  0.26693881690056620
  0.27540430610591654  0.28379687538858389  0.29157392698335804  0.29789904070223677
  0.30390685406602780  0.30997163099898400  0.31561140948683786  0.32093110244768130
  0.32636985234415317  0.33253507477546296  0.33971370460127526  0.34765535813709597
  0.35551919082518196  0.36296860770006661  0.36975778941316950  0.37643774338335600
  0.38401128601772605  0.39144785250328229  0.39682000020882541  0.40226196693816857
  0.40790135253312582  0.41356484678254274  0.42000246027107052  0.42805278321996304
  0.43618714517690621  0.44576691092679654  0.45620749130421001  0.46568072888895451
  0.47313773471168763  0.47997386748401855  0.48552939464070299  0.49328599912468729
  0.50147809874316318  0.50861556260087892  0.51527098169303065  0.52237590858746707
  0.53014343793665031  0.53820886088662834  0.54890865896357499  0.56374774122731852
  0.58000027596818760  0.59702842238059994  0.61112012052267028  0.62342204725763928
  0.63302422474866582  0.64254798097299315  0.65164449533481783  0.66119893309781419
  0.67158690374467633  0.68270911702280668  0.69512954345721156  0.70784061531029785
  0.72126027391116754  0.73764043732308304  0.75713612046331247  0.77641015230317389
  0.80319316409181285  0.83864065784036923  0.88164352855630934  1.00000000000000000
   7.0580772286068009E-012  -1.0000000000000000     
 T F F F F F F F T F F F F F F F F F F F F F F F F F F F F F F F F F F F F F F F F F F F F F F F T F F F F F F F T F F F F F F F
