  0.00005703750426593  0.00014618837385617  0.00020624297532538  0.00025068682065565
  0.00029286512719945  0.00033345848468688  0.00037554117342694  0.00044822408370414
  0.00055975487200790  0.00065732070699462  0.00074897982789469  0.00084200864092443
  0.00093787376753612  0.00103326621122303  0.00113051030038166  0.00125247216942582
  0.00140883999372510  0.00158811006822948  0.00176138354954555  0.00191268991091046
  0.00200429112621758  0.00209310058554001  0.00219180356402934  0.00230925745946783
  0.00247728251355454  0.00263451395573150  0.00278260162175692  0.00291502659007488
  0.00305148403447417  0.00320060355726653  0.00337920616135524  0.00357245492338388
  0.00376083251665212  0.00393293080031921  0.00412386511994113  0.00432684394184995
  0.00454169846353289  0.00478737804459405  0.00511153769928569  0.00547665752632636
  0.00577045808850581  0.00606431783928207  0.00640070679151596  0.00673709574374986
  0.00707381963224381  0.00741058657393354  0.00785353302157162  0.00836260212485856
  0.00887678738463412  0.00936184550874831  0.00980505843716012  0.01016754419837749
  0.01062086851656861  0.01110916551298958  0.01166033053347113  0.01243432830932019
  0.01289589073368352  0.01334273233481799  0.01384505716906876  0.01430293488035949
  0.01472021599291264  0.01514958900084206  0.01558718525092638  0.01595979627481378
  0.01641714426206251  0.01694495025954520  0.01740029578497034  0.01821882578590910
  0.01967327952332888  0.02163529674405350  0.02382407026926061  0.02635988868260559
  0.02986312165129019  0.03436433589407312  0.03918054473305074  0.04304891528401637
  0.04470194586082134  0.04588888755821641  0.04703696188788099  0.04826840428929542
  0.04966699797787652  0.05117660879604524  0.05270435675017842  0.05422474246501932
  0.05799078159403712  0.06871320821512036  0.08043217910721692  0.09451042775910380
  0.11254827319558404  0.14922474699786750  0.19638808516893042  0.23816396597608802
  0.27758039210624441  0.35764132287919442  0.52547138855263753  1.00000000000000000
  0.00027778525022183  0.00075258501675132  0.00085275215395708  0.00094477273478767
  0.00102564045036937  0.00109551120565486  0.00115955464882651  0.00123493139275152
  0.00134557263491291  0.00148825951270194  0.00165465388761469  0.00179160742186883
  0.00191664688182549  0.00204273541363864  0.00217216587072921  0.00231305931327426
  0.00246402229180823  0.00261218029568001  0.00273988120945765  0.00287320363344499
  0.00301572953567892  0.00324134290625975  0.00350528409960155  0.00380274897847517
  0.00415766740765358  0.00454161779312944  0.00497601680557653  0.00530940327695738
  0.00557664470665775  0.00579074849713327  0.00599535920153481  0.00622558927344039
  0.00646338468505806  0.00680493221988633  0.00710325088265984  0.00744907463712243
  0.00795327447893427  0.00827219438422918  0.00850458451985267  0.00875448218657363
  0.00900973006901687  0.00927635447963011  0.00956873299116458  0.00998889182654748
  0.01025343755417157  0.01059382104197619  0.01100963660266913  0.01156839316406778
  0.01215364927975084  0.01273858140404519  0.01338415289690576  0.01410917706460209
  0.01510225386517093  0.01599736213895904  0.01682214845048100  0.01759237714888309
  0.01827561120667495  0.01896252398326974  0.01970162082396199  0.02051984955094273
  0.02157695012479371  0.02268193199351376  0.02390736133768111  0.02529626437623882
  0.02680001794873178  0.02838018416649898  0.03003605442208426  0.03177722407379757
  0.03379340762170963  0.03651222312656973  0.04007855211244778  0.04321051762461962
  0.04641646848736512  0.05105736665594692  0.05656570876919138  0.06002773530829585
  0.06262921134553014  0.06506587960866414  0.06739174737910281  0.06977363147069614
  0.07329871910090660  0.07626934675009017  0.07711343175613285  0.07888087090079030
  0.08100062943549513  0.08334085084478732  0.08617969959775150  0.09180764394456931
  0.10909054110599611  0.14463261653903364  0.19691844816869358  0.25204060825407781
  0.30775857839032655  0.39441787298149722  0.64853249107953903  1.00000000000000000
 -0.00001780707521600  0.00016797353578126  0.00049072180060817  0.00074061026369233
  0.00090548759991820  0.00106716401444040  0.00122716786362574  0.00138485903579926
  0.00154466246134505  0.00178090288769777  0.00206318384563139  0.00233209700215638
  0.00255055749331386  0.00275268089189228  0.00292199841212661  0.00330359717327545
  0.00385150440581676  0.00444021196853765  0.00509903870826881  0.00581856700681172
  0.00657110536984927  0.00725892033181416  0.00788230665100584  0.00846772577665202
  0.00907313102336412  0.00974705241232091  0.01055763750039637  0.01142582098674443
  0.01242618862787717  0.01361326481543067  0.01502963110137045  0.01635145875371297
  0.01732287954185051  0.01817879161247025  0.01902792924406901  0.02010787571848538
  0.02139419972425547  0.02278395185056704  0.02445837877871042  0.02638020640115219
  0.02835652928541418  0.03018202299289068  0.03201872179707725  0.03387205991800318
  0.03573891733919608  0.03775338814845736  0.03922776923771019  0.04059066497793470
  0.04219250211367030  0.04467057651422938  0.04855381264339396  0.05363987988483098
  0.05734025119215583  0.06131561730622064  0.06491700718936920  0.06860761741579603
  0.07327310472655449  0.07767218553623971  0.08389209874231424  0.08819110987537403
  0.09147838271062053  0.09480126998589523  0.09814676490676016  0.10188912495846911
  0.11082700661114385  0.12093113083590282  0.13121074509706268  0.14045445453324104
  0.15352914800571577  0.17102348358328470  0.19031413586125873  0.20898700761658456
  0.22729807278874697  0.24426216798857572  0.26316062672351620  0.28449290392647353
  0.30777755772939291  0.33496810086479983  0.35858011038055726  0.38306464950196412
  0.40595322400945494  0.43974267354346175  0.48025276064214667  0.51981007473653218
  0.56095325457713408  0.61435419986113127  0.65870815945015115  0.71333444626691889
  0.78049108186372740  0.85132932742429590  0.88944079069212978  0.92500521719766338
  0.95053186109371968  0.96997547284672858  0.98597057393406351  1.00000000000000000
 -0.00648975397359926  0.02452378024342562  0.04536285804300130  0.06294115044645365
  0.07784778959809803  0.08912483205427289  0.10050678611070371  0.11166284324150150
  0.12242658630333232  0.13314766387767102  0.14314456323423427  0.15565210735683238
  0.17045221544284431  0.18880912881826653  0.20638626106943755  0.21810311999857043
  0.22699024982092633  0.23513827898426767  0.24375107696663562  0.25583565537196468
  0.26603492200867979  0.27554836773213226  0.28524481006892527  0.29774365723173041
  0.31338248099691646  0.32490580051760071  0.33419297738173964  0.34278026658457372
  0.35173055287627680  0.36034954140747788  0.36820497548230380  0.37598590753448946
  0.38385306641786715  0.39304566769222177  0.40366399146395626  0.41534243953632982
  0.42820315667017683  0.43996768725726032  0.44596904876605176  0.44994131716724844
  0.45401388821717964  0.45909447312709240  0.46452010629329538  0.46937679694200662
  0.47395706675559302  0.47849759282842208  0.48629972549564815  0.49469821752143428
  0.50476714070745499  0.51331425815374088  0.52215175854219342  0.52817578053821224
  0.53450063117657209  0.53762708627007338  0.53994048515152970  0.54265577737495441
  0.54723924182837957  0.55266099056374163  0.55860187368926062  0.56379854514843564
  0.56951730456361616  0.57485143568739061  0.57967350487669411  0.58795704046574537
  0.60078855016713406  0.61492465384671147  0.62940750387270150  0.64644710858383136
  0.66007624611048865  0.67181697078299063  0.68200167835631764  0.69091231368696815
  0.69833132953836652  0.70568550269631769  0.71741728764100110  0.73497455416668744
  0.75317643702623038  0.77592861905698984  0.80036767676317278  0.82001856648413940
  0.83446228293885505  0.84661051508695861  0.85768390763855784  0.86890759305441756
  0.88018228794379849  0.89205252622671083  0.90402600241449160  0.91566404958475578
  0.92770156597769038  0.93987008211297918  0.95130492855382165  0.96194267776925191
  0.96916459866801208  0.97684881033374049  0.98593593704356319  1.00000000000000000
 -0.00271291515461844  0.01951724246268366  0.03737606392754438  0.05299082995201365
  0.07072371560402940  0.08888253502104830  0.11467694046864381  0.13350421384499089
  0.15249993104341850  0.16994550602684630  0.19106958018152595  0.21075733431190613
  0.23360383154175066  0.25552740177738159  0.27442682380111494  0.29290042534058930
  0.30930333165458335  0.33258259840890303  0.36004430061062054  0.38448190714310987
  0.40237219153291598  0.41487459321514447  0.42786690064332372  0.44115325616347922
  0.45629978246444547  0.47735915136834933  0.49796481144299670  0.51593128649629250
  0.53248277336687111  0.54963730647523423  0.56423076606853906  0.57953478040613826
  0.59244961269743202  0.60586075735864742  0.61944603121078823  0.63390346121772201
  0.64777182988924931  0.66087269092600798  0.67473878763099826  0.68435495917872013
  0.69224718941324592  0.70031428519836481  0.70936246888288190  0.71982824396228273
  0.73440148910390590  0.75048868974772676  0.76528532653994541  0.77979783412104664
  0.79523881004633301  0.80601275438523534  0.81418442861323681  0.82132003512071516
  0.83005739552140934  0.84050208152449568  0.85240956117747924  0.86159469551528256
  0.86994155330006340  0.87835796752199791  0.88713141847233434  0.89623231353899191
  0.90550556669394122  0.91639433401034309  0.92697533404107879  0.93399192789641561
  0.94025645984315409  0.94229314597230862  0.94468533139089039  0.94748879402568098
  0.95015292086040370  0.95273813422778098  0.95559589318247018  0.95852782240629020
  0.96036312161941506  0.96105545893238942  0.96211114260225050  0.96324019882872447
  0.96418206007502749  0.96503327734427924  0.96594742306907666  0.96690702296350572
  0.96786084872656653  0.96882949771374438  0.97236933279998250  0.97619060537765034
  0.97928569577927893  0.98142197939361919  0.98342663886950399  0.98537192050929778
  0.98724578018370113  0.98942964752590934  0.99110057553823905  0.99274153200067450
  0.99442318368924099  0.99613802098703841  0.99809747018885853  1.00000000000000000
 -0.00216768983357754  0.00929115943989083  0.01833191568994818  0.02620580231335117
  0.03521427992420995  0.04824877236335630  0.06651279966991430  0.08394576398640648
  0.09794417712466044  0.10934472893455546  0.12088877889954795  0.13310224510247498
  0.14800434773759705  0.16486462948284103  0.17842450721289699  0.19005345044408600
  0.20190560259446316  0.20962290993075336  0.21478018173065119  0.21975347937372147
  0.22570349211753304  0.23247270177122620  0.23951332323415481  0.24558081796041492
  0.25173039220567905  0.25763019829342382  0.26407293506016183  0.27023399865598469
  0.28173185649512422  0.29261857156982274  0.30194842107065495  0.31108640224811307
  0.32012016732351400  0.33077082249612372  0.34416410961363003  0.36200713841363080
  0.38672565534172748  0.40761732829787206  0.42465221654106372  0.43929357168959560
  0.44982247147194671  0.45664388184951804  0.46289039755230321  0.46888833517667022
  0.47453898918599874  0.48174808453807261  0.49524871019482641  0.50993039399383655
  0.52811110912169223  0.54687447935284550  0.55669952214206697  0.56606061973853705
  0.57500620883715292  0.58453357395455519  0.59437523637245215  0.60677297394966034
  0.61968805730239418  0.63515090358309556  0.65001838769432341  0.66150921079111979
  0.67146650948389275  0.68190322460739439  0.69383762179214514  0.70739600858930363
  0.71678165766312507  0.72455174936261668  0.73272406665382317  0.74251481117273765
  0.75198150041494716  0.75984755801164006  0.76752104693235990  0.77669768666974726
  0.79049880212779888  0.80543899495108517  0.81943312487455933  0.83202522951329616
  0.84284627348471619  0.85467290851846056  0.86301983626011991  0.87228451470787083
  0.88247360684712783  0.89325193509443479  0.90193009142992064  0.90492670097367500
  0.90845126795115794  0.91292075999259847  0.91785578961165748  0.92135414273806004
  0.92496165008729281  0.92920429523177095  0.93624653269991132  0.94215867110116636
  0.94632500521114304  0.95997682318595001  0.97747484604957269  1.00000000000000000
 -0.00023633285601374  0.00056245723495487  0.00148207486592280  0.00248294793715690
  0.00360665978344026  0.00499388231655308  0.00664054859455264  0.97473756681217238
  0.99321182788609119  0.99336971136155650  0.99349294460343729  0.99359921771973914
  0.99369599914521978  0.99379054060841565  0.99389022786119330  0.99397772521460404
  0.99404474155176537  0.99410983024537070  0.99417275494450819  0.99423249096895572
  0.99428747496809600  0.99434477363832818  0.99442303385056885  0.99450449124028351
  0.99458954129821309  0.99469340679334828  0.99479762566237384  0.99490896656425032
  0.99503092035411378  0.99515513542374257  0.99524999562781102  0.99534543699538136
  0.99543984858045020  0.99552714021481958  0.99562748170213144  0.99574095491145687
  0.99585049253703362  0.99596382123930294  0.99607984081795320  0.99619629441993396
  0.99629985156718504  0.99640444761987157  0.99650879013706795  0.99660850636353748
  0.99672440920768390  0.99683268388334068  0.99691843479244191  0.99699895558991813
  0.99707699638623626  0.99715253396675285  0.99724769117002854  0.99734492747961268
  0.99741750297687315  0.99747429130215293  0.99753162106403948  0.99757484894243798
  0.99761510888758886  0.99765501950243407  0.99769365525576192  0.99774383603829486
  0.99779467140731359  0.99785724114840435  0.99791355253149816  0.99796671177879803
  0.99801789544158559  0.99807001623470692  0.99812389739195151  0.99818005985781955
  0.99822795645304352  0.99826994278957204  0.99830770181521566  0.99834248142476667
  0.99838064015598482  0.99842045921757028  0.99845845798777921  0.99849439855963418
  0.99852973220696695  0.99856175224243415  0.99859346577680730  0.99863251339034442
  0.99867307549781648  0.99872151344004945  0.99877494497584407  0.99882894948341272
  0.99889029144554964  0.99893663619218531  0.99901229713990203  0.99910089872284613
  0.99919950586401063  0.99930592446071642  0.99941435637127185  0.99952625836237130
  0.99964434295652638  0.99975909542789898  0.99987706067894011  1.00000000000000000
 -0.00208892802787460  0.01016482085836573  0.02138977152415137  0.03184942558729636
  0.04077471429789566  0.04710568651195123  0.05187620231242959  0.05650944843869308
  0.06151071704021120  0.06751191469247766  0.07258915899194955  0.07748945406379257
  0.08246910691524882  0.08676863720459725  0.09091122094269315  0.09485745978259429
  0.09952057344124643  0.10680456725746654  0.12022137307147245  0.13463577186728037
  0.14727102639972950  0.15774764578028252  0.16722278891155740  0.17680666108244267
  0.18723159555527830  0.19732920363176126  0.21051480171098919  0.22427459310122527
  0.23692233079380542  0.24602541262792094  0.25454684567348002  0.26266393888603329
  0.27025963726323587  0.28066361008899660  0.29198585595609783  0.30933464851434012
  0.32336070127899846  0.33567668420336999  0.34727209242928886  0.36114907996995443
  0.37890128296420456  0.39822975241331166  0.41732226450998922  0.43536397495839890
  0.45273321531700478  0.46786948535779543  0.48339794737477837  0.49995303121186224
  0.51060957989387101  0.52113793757540117  0.53153047906365902  0.53979706388787640
  0.54711545197173339  0.55413698772957320  0.56067641252914568  0.56737868392025137
  0.57424329915315420  0.58336310203491981  0.59427813227262638  0.60627150178925637
  0.61914739133832297  0.63436511503641091  0.65246625322106577  0.67251376471989410
  0.69280974123734762  0.71027015991640963  0.72526819054067659  0.73869537014725162
  0.74938531733803315  0.75661878784042824  0.76256102474085152  0.76921405137415533
  0.77983500120654015  0.79065153669338095  0.80102502089071403  0.81282733940845586
  0.82885398036018265  0.84663773942814047  0.86079730479223626  0.87152551312888760
  0.88304956755698849  0.89424156411343336  0.90738036075746498  0.91880131342787730
  0.92249919792169566  0.92619098584295412  0.93045110170360024  0.93480994470160517
  0.93924776982897140  0.94405847313716962  0.94894654072622453  0.95361186221072480
  0.95770897580884806  0.96520677207570349  0.97833549061407910  1.00000000000000000
   7.2360880078068087E-017  -1.0000000000000000     
 T T T F F F T T T F F F T T T F F F T T T F F F T T T F F F T T F F F F T T T F F F T T T F F F T T F F F F F F F F F F F T F F F F F F F F F F T T T F F F T T T F F F T T T F F F T T T F F F T T T F F F T T T F F F T T T F F F T T T F F F T T T F F F T T T F F F T T T F F F T T T F F F
