  0.00028168926649456  0.00035614621114380  0.00040389855045195  0.00043413021510596
  0.00045057479386199  0.00046291916731628  0.00048145011644545  0.00049758910488397
  0.00051013940210245  0.00051976712124686  0.00053083004878001  0.00054200280001962
  0.00055641565841126  0.00058604010988369  0.00062689164076139  0.00066915634404810
  0.00071013276895931  0.00074990014787476  0.00079021720277822  0.00083163363399366
  0.00086768281882005  0.00089339528625632  0.00091433218915964  0.00093951373953948
  0.00097293303308139  0.00100532926633040  0.00103306718799242  0.00106308134748928
  0.00108874996626808  0.00111482788793973  0.00114303554571304  0.00117246853664693
  0.00121152061856585  0.00124888032226110  0.00126949291094755  0.00129010549963400
  0.00131124591171085  0.00133282591139724  0.00135440591108363  0.00137306165537218
  0.00139002867990563  0.00140699570443908  0.00143027285709560  0.00145562967751019
  0.00147586633705583  0.00149517581380111  0.00151683181646278  0.00156409906051615
  0.00162163657867130  0.00168040714415458  0.00172590219955230  0.00176343756921985
  0.00179896916386207  0.00183885266355576  0.00189972477061518  0.00196630997079278
  0.00202873964086896  0.00208998984832607  0.00216746339896165  0.00226115409671337
  0.00237388448367405  0.00247925205115238  0.00253187489280459  0.00257004096249801
  0.00260801365457465  0.00264718450587324  0.00269216162947627  0.00274358562198749
  0.00281759620288647  0.00289533544152417  0.00299860843110301  0.00310218509666870
  0.00327295220734151  0.00350080885685169  0.00372151434733530  0.00391563667231670
  0.00409133265725391  0.00428933162305819  0.00453984877885824  0.00485590654461562
  0.00524777963965132  0.00576143989438905  0.00628439142378582  0.00676158461968247
  0.00726924620986951  0.00800609646669137  0.00911100763409292  0.01055530116446608
  0.01237238536916997  0.01462586300749538  0.01827318689952120  0.02443654993489169
  0.03368995467297499  0.04825049557513177  0.09078872654440862  1.00000000000000000
 -0.00000000000000152  0.00000000000000848  0.00000000000001848  0.00000000000002848
  0.00000000000003848  0.00000000000004848  0.00000000000005848  0.00000000000006848
  0.00000000000007848  0.00000000000008848  0.00000000000009848  0.00000000000010848
  0.00000000000011848  0.00000000000012848  0.00000000000013848  0.00000000000014848
  0.00000000000015848  0.00000000000016848  0.00000000000017848  0.00000000000018848
  0.00000000000019848  0.00000000000020848  0.00000000000021848  0.00000000000022848
  0.00000000000023848  0.00000000000024848  0.00000000000025848  0.00000000000026848
  0.00000000000027848  0.00000000000028848  0.00000000000029848  0.00000000000030848
  0.00000000000031848  0.00000000000032848  0.00000000000033848  0.00000000000034848
  0.00000000000035848  0.00000000000036848  0.00000000000037848  0.00000000000038848
  0.00000000000039848  0.00000000000040848  0.00000000000041848  0.00000000000042848
  0.00000000000043848  0.00000000000044848  0.00000000000045848  0.00000000000046848
  0.00000000000047848  0.00000000000048848  0.00000000000049848  0.00000000000050848
  0.00000000000051848  0.00000000000052848  0.00000000000053848  0.00000000000054848
  0.00000000000055848  0.00000000000056848  0.00000000000057848  0.00000000000058848
  0.00000000000059848  0.00000000000060848  0.00000000000061848  0.00000000000062848
  0.00000000000063848  0.00000000000064848  0.00000000000065848  0.00000000000066848
  0.00000000000067848  0.00000000000068848  0.00000000000069848  0.00000000000070848
  0.00000000000071848  0.00000000000072848  0.00000000000073848  0.00000000000074848
  0.00000000000075848  0.00000000000076848  0.00000000000084902  0.00000000000097091
  0.00000000000113762  0.00000000000135484  0.00000000000165619  0.00000000000203837
  0.00000000000251666  0.00000000000315411  0.00000000000402711  0.00000000000509333
  0.00000000000676717  0.00000000000853841  0.00000000001491416  0.00000000003870432
  0.00000000068469151  0.04343055302986287  0.99370664722476931  1.00000000000000000
 -0.00000008308378471  0.00000019689591473  0.00000077547005520  0.00000135229207962
  0.00000203889542342  0.00000272493253730  0.00000338836105927  0.00000484358254171
  0.00000637067007686  0.00000765192862142  0.00000903652572026  0.00001055591536366
  0.00001194813136948  0.00001337489506128  0.00001489865873839  0.00001635999821899
  0.00001767861751811  0.00001890629179326  0.00002009634592318  0.00002144287445311
  0.00002322366898784  0.00002497765348848  0.00002684463554616  0.00002845533171186
  0.00003005115230126  0.00003166101283827  0.00003317443955695  0.00003484715546123
  0.00003713469497659  0.00003922952153162  0.00004094565706967  0.00004200909150028
  0.00004316715816763  0.00004471486225172  0.00004628943279268  0.00004740635332278
  0.00004818729466456  0.00005024161076052  0.00005166435621964  0.00005371525186268
  0.00005608389268143  0.00005873098883819  0.00006130538413898  0.00006371839651943
  0.00006593208256825  0.00006799154992525  0.00007011058724618  0.00007272907268669
  0.00007527621747945  0.00007866674584612  0.00008297042147746  0.00008888581568326
  0.00009670876349552  0.00010495798644456  0.00011319775884604  0.00011982082113148
  0.00012602213111425  0.00013206606479589  0.00013814812364727  0.00014817987592176
  0.00016141930170369  0.00017019640197897  0.00017759555196535  0.00018520707111029
  0.00019158077980118  0.00020237143703645  0.00021344100600034  0.00022712890664334
  0.00024231111609506  0.00025106486407125  0.00025805750559384  0.00026505014711644
  0.00027257030091011  0.00028013192297435  0.00028772671983151  0.00029584258378120
  0.00030395844773089  0.00031573118894315  0.00034217959915131  0.00037415814164459
  0.00039423779642127  0.00041508346184257  0.00043821633862409  0.00046899345971046
  0.00051254575392576  0.00055230811128427  0.00058973180735504  0.00065623546373455
  0.00075338027628205  0.00093371503219814  0.00129455729845094  0.00193636208088388
  0.00279506743633301  0.04218027922501377  0.93673586592690983  1.00000000000000000
 -0.00085337813130405  0.00418351873761234  0.01041334281260043  0.01583449528149340
  0.02175266937011805  0.02808150044539296  0.03324283013898698  0.03705551798690550
  0.04003974015000301  0.04329268264983542  0.04701236080412353  0.05163310143883839
  0.05669161262591122  0.06138294024236594  0.06743206429189501  0.07503387361772720
  0.08429600205890912  0.08880596544895299  0.09109374198037876  0.09338151851180453
  0.09553523778649342  0.09764748428467578  0.09975973078285812  0.10185689620660210
  0.10395153401294986  0.10604617181929761  0.11249843066908853  0.11700887771224369
  0.12252539183011618  0.12778608688759002  0.13171981691608151  0.13505445054644208
  0.14459132620809648  0.15272331025550465  0.16076397149315680  0.16904067592483824
  0.17832080188099214  0.18732089351999581  0.19613239315510539  0.20255458136267945
  0.21156104948191565  0.22147207487171486  0.23014820876929432  0.24265471049340773
  0.25660613595340120  0.26441505896478279  0.26986502858347144  0.27534965698255209
  0.28244489285149854  0.29094108891960158  0.30106061297711084  0.31861894728689100
  0.34677290774820557  0.37631728829269745  0.40034796758527780  0.41940301400229862
  0.43235757769353400  0.45155722636149559  0.48243627074231304  0.51988113669271674
  0.56302705387983032  0.59740785391792028  0.62645519583262699  0.65352548063235194
  0.67598608888912581  0.68882450863601019  0.70332968080117497  0.71791077056585617
  0.73030627953650695  0.74556670391255009  0.75809780321108400  0.77155040522792817
  0.78326895154214293  0.79400153068856183  0.80475019000567860  0.81678285518672034
  0.83045552743373663  0.84376068728986620  0.85636898149368268  0.86965017880585138
  0.88312597722925512  0.89397066228592625  0.90524802258712767  0.91523717745263511
  0.92344775342333940  0.93049191158683497  0.93798913138670603  0.94128173464687137
  0.94472375757535776  0.94845680908960817  0.95263116185972863  0.95695806761147406
  0.96113524372782166  0.97583936636863877  0.98872555422397812  1.00000000000000000
 -0.00385750279041247  0.01722640045519570  0.03340868912731453  0.04564968068254966
  0.05500122510492258  0.06125565340676775  0.06803889540231128  0.07182084582082710
  0.07574650296026481  0.07957712999992728  0.08388958151394003  0.08947455389630977
  0.09535177620838664  0.10012020815553967  0.11492426487406300  0.13338247427155980
  0.14762472007640129  0.15944864929857649  0.17072558251536696  0.18156052331899919
  0.19605995096021830  0.21218903863653632  0.22729847820859353  0.24382800237634253
  0.25982594547393850  0.27500063925673035  0.28970160722702720  0.30368794901547952
  0.31650685311899779  0.32589268621368422  0.33311386272222676  0.34094507392754109
  0.34948969494742232  0.36453874907808681  0.38717422221095132  0.40454353616702277
  0.41273677851615664  0.41640898604039989  0.41865849326325133  0.42092680075948330
  0.42308106142293084  0.43067166086523512  0.43888768447202203  0.44781336548818784
  0.45804300527744501  0.46682207403525111  0.47479496575290425  0.48247166510091627
  0.49111364538749808  0.49907483461460395  0.51036158401310860  0.52558673895232788
  0.53658797692916660  0.54342131975966901  0.55019229701494599  0.55819609872323872
  0.56926667601781500  0.58190609080927935  0.59681708662074062  0.61547975389898146
  0.63527350824740647  0.64915320641827123  0.65589827286516278  0.66124646127031472
  0.66672857162266985  0.67213361338014210  0.68041042753604142  0.69117275196052352
  0.69741345842335634  0.70365416488618915  0.71003266939407350  0.71671969371147581
  0.72340671802887802  0.72998355942184223  0.73641223990897819  0.74284092039611416
  0.75557077282566587  0.77348985034348783  0.78930878390131209  0.80170628840403146
  0.81242531425598219  0.82270875831812396  0.83185761780888379  0.83971830238985867
  0.84581816642866936  0.85215021618628761  0.86403619992239888  0.87923880320303061
  0.89551597650483494  0.91175643833252218  0.92934595873711734  0.93950136109824589
  0.95198386323983875  0.96516423598867718  0.98145687811629434  1.00000000000000000
 -0.00253872184538399  0.01049135273930930  0.02218158606226432  0.03792439225374968
  0.04413621261323723  0.05034803297272479  0.05651819253821452  0.06255818396132029
  0.06859817538442607  0.07455646655912816  0.08036715546891517  0.08617784437870217
  0.09755615669617924  0.11405813832762028  0.12778847352790490  0.14094507387362756
  0.15590016391801456  0.17462947785644267  0.19817244340689144  0.22313604911222923
  0.24294382416489366  0.25573529729966848  0.26696731659929884  0.27736812252425752
  0.28872531338807339  0.30407442600852047  0.31710571440596835  0.32537816735531311
  0.33183872276076104  0.33670680300166267  0.34138230655838964  0.34833383614953511
  0.35412076681725213  0.36371382796528334  0.37514523135230587  0.38837183273320292
  0.40400183651962657  0.42270742611360534  0.43741916038213258  0.44977384676881410
  0.46106318706247562  0.47121906407100289  0.47657276235036578  0.48070217465458331
  0.48423365323880607  0.48773860991019591  0.49078535147223379  0.49387165945392381
  0.49687811999085901  0.50203922884048979  0.50931611303157176  0.51974728406264814
  0.53221346753041721  0.54506012552609673  0.55779292906401712  0.56919292855816206
  0.57992345329878081  0.59188470762402157  0.60778437697706100  0.62317784445483759
  0.63369077334577095  0.64457191362915656  0.65480872508228316  0.66315658067576744
  0.67193931062249423  0.68313347354325371  0.69257339674754437  0.70109829162040249
  0.70898490057327268  0.71671587373021794  0.72265844168935145  0.73150158454942904
  0.74500787017932668  0.76011288314647185  0.77973622403458343  0.80395292609453728
  0.82296161057576211  0.83747589742629436  0.85102020515751908  0.86717593666292192
  0.88075372085460224  0.89028996623078716  0.90039783726370204  0.91031421503516741
  0.91969195574439211  0.92827351199533903  0.93519137213899783  0.94528186770799572
  0.95489607318353553  0.96393430952590753  0.97221446272721823  0.98055015164365755
  0.98624895817927649  0.98972470021997594  0.99522036685337179  1.00000000000000000
  0.00019755517001623  0.00070673251569220  0.00105643126358287  0.00131810391089267
  0.00138587650746538  0.00145278423484991  0.00149778414620166  0.00152777174677857
  0.00155795251910979  0.00158621138072035  0.00160793208420379  0.00163295002391908
  0.00165910494072999  0.00168670172025121  0.00171486998068680  0.00174338854871795
  0.00179142811041237  0.00185723697808818  0.00193097379097343  0.00198972312408665
  0.00202131412449612  0.00204170579600453  0.00207365765372755  0.00210872374102405
  0.00214571513522724  0.00217606687984807  0.00220627957902740  0.00224052567413172
  0.00227953121022999  0.00232838797138190  0.00237783541345547  0.00242044863620131
  0.00246722042389559  0.00253955420735003  0.00257013740988956  0.00259660017932547
  0.00262306294876138  0.00265649316757836  0.00269060398941793  0.00272471481125750
  0.00276330359507011  0.00280350072096416  0.00284369784685822  0.00290723594842315
  0.00299431746927680  0.00311105115870713  0.00324606562376138  0.00339118372656479
  0.00354451201687527  0.00369837723555979  0.00385924144775776  0.00402111142868038
  0.00417174543973477  0.00431526122094974  0.00446091481624818  0.00462412100087607
  0.00479169319153090  0.00493139071868744  0.00505184830283105  0.00520048294960563
  0.00539208836918846  0.00557527315576157  0.00573757517072317  0.00592739147805284
  0.00614016188820458  0.00630388945752213  0.00641872277314519  0.00652564079860552
  0.00669955163013090  0.00695456639301279  0.00729441820009085  0.00763106868885792
  0.00795027172547768  0.00831072876107085  0.00876644581975082  0.00934130577394963
  0.01001723639106924  0.01065403351260148  0.01141700128950508  0.01232034930269145
  0.01331243138959556  0.01415332146332464  0.01519064431336290  0.01630613334397150
  0.01761160528839619  0.01916123887982556  0.02133384587699511  0.02393957199607145
  0.02777714952061041  0.03242127708940330  0.03853022671209694  0.04695456836448843
  0.06089968375848514  0.09411372603754448  0.18620871898911848  1.00000000000000000
 -0.00669724656741408  0.02084589742238181  0.04213228229771736  0.06023850522291262
  0.07451347940206401  0.08602350156900236  0.09720866295073852  0.10970881162210953
  0.12522218161914159  0.14065825357805167  0.15491501109486105  0.16559217908700818
  0.17370630997217920  0.18338971349114802  0.19604745491344816  0.21323493262493801
  0.22949922308269891  0.24444595000118652  0.25701722993861498  0.26899625227686652
  0.28253997959105143  0.29562844393295884  0.31018992246339544  0.31905259357726062
  0.32302171383745920  0.32699083409765778  0.33094880334220844  0.33488922534807053
  0.33882964735393267  0.34293107012930152  0.34715283433296712  0.35137459853663267
  0.35970139044775729  0.36875650090527939  0.37705348795708565  0.38480625225628262
  0.39754740431450647  0.41073989154141310  0.42264850877955062  0.43401370139834450
  0.44121813197119192  0.44924129876496000  0.45722296523370742  0.46465412141599821
  0.47214026766496470  0.47891069396168345  0.48763251454308032  0.50245824152692575
  0.51396825286381653  0.52335107364753408  0.53264534897792737  0.54257034578418240
  0.55293900134221119  0.56773822227533222  0.58043466483758488  0.59375306901903580
  0.60693663304735068  0.61805064019904110  0.63003032433547135  0.64434350041780342
  0.65564623280192136  0.66269362495530471  0.66951018734653156  0.67818022244067644
  0.68644967480786390  0.69535101415204570  0.70406772202526124  0.71557178255280540
  0.73191041787171163  0.74535227924386760  0.75642312984156623  0.76546333644841436
  0.77605824402605372  0.79032064416324066  0.80638340544800446  0.81729017923830316
  0.82823868934861056  0.83702183031320088  0.84645108920118395  0.85778772290163896
  0.86778402376511565  0.87694769829504993  0.88626139294611739  0.89620825130739312
  0.90790697184819513  0.92178337029536705  0.93350240477366297  0.93850880104605083
  0.94206920620423429  0.94567934458652558  0.95009965186006573  0.95805889826765256
  0.96646091104398146  0.97472127786982310  0.98547208252291163  1.00000000000000000
   6.6406975011009551E-003  -1.0000000000000000     
 T T T F F F T T T F F F T T F F F F T T T F F F T T T F F F T T T F F F T T T F F F T T T F F F T T T F F F T T F F F F T F F F F F F F F F F F F T T F F F T T T F F F T T T F F F T T T F F F T T T F F F T T T F F F T T T F F F T T T F F F T T T F F F T T T F F F T T T F F F T T T F F F
