  0.00589623079521968  0.01617751715867546  0.02691927697763507  0.03808433596296262
  0.04928090430688608  0.06044137557522249  0.07138124221483497  0.08194616072018648
  0.09218433332053579  0.10221957164664978  0.11202126002684332  0.12159850236514481
  0.13091435384856420  0.14064753101711264  0.15017926847521659  0.15967084920116595
  0.16922593583017051  0.17876435819828038  0.18800093029860898  0.19706515399641295
  0.20608166672989955  0.21500618268928981  0.22384762203588066  0.23267127586879932
  0.24138726058443366  0.25002494397262237  0.25867021731314110  0.26721813886030032
  0.27566349094613007  0.28410859233245739  0.29251497468863730  0.30083399114022807
  0.30914689325017852  0.31747662096204771  0.32575975761788850  0.33396522186567323
  0.34214243357424123  0.35037978006236842  0.35864521069903466  0.36683242655167869
  0.37491625758356101  0.38310689970657696  0.39149717408047069  0.39989141253824162
  0.40826083106942490  0.41660269338580580  0.42496665638767289  0.43339308161008178
  0.44184728409324076  0.45024956591529691  0.45864192230015288  0.46702980909149966
  0.47544435766716919  0.48393691891532936  0.49241925962209510  0.50088094949844886
  0.50933998104670575  0.51778881198214555  0.52624070602811879  0.53489968714853386
  0.54356270581720290  0.55223300170138401  0.56091867366867132  0.56960247824409216
  0.57832022712871056  0.58715856440356629  0.59614640085314985  0.60529517073414785
  0.61444685797104170  0.62363177916310453  0.63281367737440730  0.64202972788134449
  0.65143005149030164  0.66117166037926078  0.67118760298636626  0.68126519778743955
  0.69141100327878402  0.70166031039688015  0.71193740457323818  0.72248660669135334
  0.73360773475066732  0.74516332691724096  0.75683989777810423  0.76874674666013476
  0.78080874549916324  0.79318708581407360  0.80602723269705845  0.82013525019715505
  0.83587135227909326  0.85191069478934600  0.86865300048245098  0.88655631767267384
  0.90708027243160927  0.93207668410250510  0.96278876196640784  1.00000000000000000
 -0.00227861101669876  0.00886154050288709  0.01848968554975754  0.02850202457487245
  0.03834796978971764  0.04831556494442951  0.05835604366637191  0.06852079917405485
  0.07874630761084984  0.08928042294413570  0.10022505579586696  0.11116955592949192
  0.12224098456307343  0.13330659969207570  0.14465267351257127  0.15570118372751582
  0.16693403225718495  0.17779270787880549  0.18849450579104648  0.19905043654188731
  0.20980217103867330  0.22078881066377418  0.23170717034102364  0.24243954305506929
  0.25302785781200193  0.26366412311601284  0.27422086529751638  0.28447450971196747
  0.29447345328023600  0.30447714868855957  0.31470879316428035  0.32498916998188521
  0.33545184800102146  0.34624072937411937  0.35719523532930447  0.36799554748251151
  0.37853892034828579  0.38892313961322766  0.39937925791467432  0.40975497488650781
  0.42014435243741849  0.43070823319454032  0.44128702664437541  0.45190211881064118
  0.46245858283736796  0.47282924929578968  0.48311416202471263  0.49339599312061017
  0.50382518616202032  0.51462649593991816  0.52554408596132252  0.53659699052354470
  0.54727044179026962  0.55766863216845031  0.56827214039860596  0.57909863275127205
  0.58999704085536808  0.60103483874224717  0.61196447616131688  0.62291946983725444
  0.63335038384658682  0.64383879599254035  0.65392021146175772  0.66389754116603339
  0.67368499863873910  0.68352046101165220  0.69368514296045136  0.70410882058684776
  0.71486418506426919  0.72563183190496938  0.73644087650707135  0.74737426167641452
  0.75792186123950200  0.76879390634396316  0.77945820079271222  0.79022809761002921
  0.80103530242038612  0.81165848765170290  0.82212283312496626  0.83241279157354120
  0.84268890196610768  0.85303358141597374  0.86333183820351600  0.87372068290352356
  0.88401374953674672  0.89437353527162478  0.90492052358767083  0.91572476110842693
  0.92626536073185795  0.93680919799375129  0.94735578033332402  0.95771041363175691
  0.96798322599926989  0.97823092053127292  0.98904931134788421  1.00000000000000000
   7.9157019677441289E-009  -1.0000000000000000     
  <DiscreteSampler_grid>
  Helicity
  1 # 1 for a reference and 2 for a running grid.
  20 # Attribute 'min_bin_probing_points' of the grid.
  1 # Attribute 'grid_mode' of the grid. 1=='default',2=='initialization'
  0.0000000000000000 # Attribute 'small_contrib_threshold' of the grid.
  0.5000000000000000 # Attribute 'damping_power' of the grid.
 # binID   n_entries weight   weight_sqr   abs_weight
    3   31   3.104064416393977E-011   5.179299287384648E-021   3.104064416393977E-011
    7   855   1.917130028096914E-015   1.104613137766005E-029   1.917130028096914E-015
    11   37   6.236281116049370E-011   2.478420688014584E-020   6.236281116049370E-011
    15   13071   2.946340095880651E-008   4.491930079587180E-015   2.946340095880651E-008
    19   28   2.358133226035457E-011   2.790212150998077E-021   2.358133226035457E-011
    23   20   1.683355680038935E-013   2.078346166603855E-025   1.683355680038935E-013
    27   38   5.380198464635747E-011   1.122983215262994E-020   5.380198464635747E-011
    31   20   5.659236973194870E-014   1.847122227760546E-026   5.659236973194870E-014
    35   20   1.657885139651338E-018   9.991088366722163E-036   1.657885139651338E-018
  </DiscreteSampler_grid>
