  0.00506284779457278  0.00518807876468194  0.00532778246961202  0.00552267973459941
  0.00576524180225509  0.00607922183777329  0.00639385361119860  0.00670983984076524
  0.00703793017953104  0.00740000337905739  0.00782607551265335  0.00835851809824873
  0.00890868288139335  0.00947088593763822  0.01012865517648205  0.01080135678711265
  0.01149116899695123  0.01230994082515982  0.01312943087974109  0.01395898125648622
  0.01482168195038509  0.01568100569140870  0.01657689775762299  0.01756463221063808
  0.01865856893994488  0.01983662008177686  0.02115551860765282  0.02264125229552919
  0.02426273777863916  0.02604338774747252  0.02788791997958627  0.02981734743186034
  0.03180483025882244  0.03392744042256987  0.03630231389272698  0.03885081465950793
  0.04161931238164946  0.04502388846358153  0.04930550831749525  0.05357902053680946
  0.05815118359585807  0.06331420953163008  0.06930287152533852  0.07604443075253173
  0.08294480496651370  0.09087210628472960  0.09916150247903147  0.10804815722023314
  0.11774762984298918  0.12790396542742222  0.13837717962823315  0.14918557971939778
  0.16050848206053331  0.17197895895275711  0.18331106534376740  0.19495206205658372
  0.20714327085107601  0.21942108903084601  0.23194712580501084  0.24460926974046113
  0.25771484047853771  0.27142187841995236  0.28632607477008487  0.30147696252574602
  0.31693905897769720  0.33206047237957653  0.34671374868442673  0.36180979655123058
  0.37773351167668229  0.39322182485245871  0.40929505847645514  0.42560249689525220
  0.44179039378122814  0.45804318379931958  0.47438419579523189  0.49131318059139922
  0.50858365643970593  0.52654999907083377  0.54490859748035081  0.56370639192620609
  0.58337258192691921  0.60400371584479406  0.62441558426348398  0.64461254982040850
  0.66448340607907763  0.68472983480826355  0.70621610228022358  0.72885755938616015
  0.75234921004106625  0.77588486418447877  0.79995227309763139  0.82623000021618020
  0.85517574366284133  0.88653663395733473  0.92674647591547021  1.00000000000000000
  0.33707215407937330  0.34811790700702550  0.34998112247919427  0.35202074169453146
  0.35520862676155190  0.35859719455682865  0.36905618370127402  0.38547235341904712
  0.40188852313682027  0.40997943089183536  0.41770445546313684  0.42374651515536493
  0.42685634441144182  0.42943071957657181  0.43146706148646513  0.43376670560131425
  0.43875616610309154  0.44228613528178473  0.44495607996187259  0.44634469899601315
  0.45058872836862612  0.45712204906195952  0.46347733850930978  0.46930588610739943
  0.47340983162970862  0.47746557186469368  0.48086944618733996  0.48361507887621191
  0.48674185980261131  0.49134736686425179  0.49530927882810671  0.50088961843634761
  0.50753216679631075  0.51116383300427837  0.51357362103655846  0.51565550390185066
  0.51768911564704367  0.51973016481458145  0.52231952288391847  0.52522162573904174
  0.52782699728509519  0.53040297621663535  0.53287243809452955  0.53546094600254990
  0.53788954374000830  0.54003293241884875  0.54211083043398245  0.54434592565509365
  0.54679787047913886  0.54890561806372351  0.55058459090300049  0.55209370134947666
  0.55391682450849389  0.55635318707593984  0.55911581314172332  0.56194060462537032
  0.56476859855067751  0.56778214236013747  0.57156669424799222  0.57438681743165532
  0.58125900480129677  0.59315800194579893  0.60673020123329746  0.61702482591230878
  0.62067279609130421  0.62605647214666649  0.63070770823553024  0.63540181464184853
  0.64039261569971540  0.64654068035621448  0.65504976199365372  0.66208379413126894
  0.66762085592284359  0.67256035910907097  0.67721078281922731  0.68199782327672731
  0.68745772907059699  0.69534391700651554  0.70343874513645932  0.71083842260315089
  0.71813965821498194  0.72555518252839968  0.73292243891466857  0.74067258658535706
  0.74971891365081689  0.76023664677007696  0.77592801348428586  0.79615652659812652
  0.81549192555017658  0.83314226517175338  0.85176478911595133  0.87192639393715210
  0.89275403309549928  0.91581779292426102  0.94678093308981071  1.00000000000000000
 -0.00313081069011126  0.00954032625457700  0.02029995960586685  0.03063630430300426
  0.04160355241679502  0.05347391620081424  0.06542902357040489  0.07669043585857964
  0.08758687723154784  0.09789328501537174  0.10800499544382873  0.11864714579367966
  0.13035550876494459  0.14288663830834614  0.15623094648179134  0.17013995142559857
  0.18267767065833876  0.19385990265127784  0.20407162155995276  0.21404346723194537
  0.22332033267408716  0.23285549228335006  0.24201652167224444  0.25043188173388298
  0.25839249640507567  0.26679308424069176  0.27601275069105702  0.28588311254793436
  0.29578113372855591  0.30498550999422130  0.31480279981864956  0.32556343807942201
  0.33644597880588473  0.34724129091773775  0.35771322196091182  0.36794190114279607
  0.37794608701381638  0.38689358640643545  0.39557154151130752  0.40464991738423989
  0.41451736836395553  0.42504657399324131  0.43647225598412503  0.44945231897286042
  0.46279891372323179  0.47623937029989871  0.48828926260634919  0.49950855019745116
  0.50906386779461243  0.51797509542908915  0.52663214649748535  0.53493513750365329
  0.54398051836935168  0.55321714341048212  0.56256023551298540  0.57210568437759857
  0.58243385131222980  0.59271183392126670  0.60253607890522431  0.61201998602038621
  0.62139445495551360  0.63064677736677754  0.63975552903631983  0.64996116790546843
  0.66123668628535237  0.67199110720580812  0.68223296582655568  0.69185728440715699
  0.70057727999965658  0.70890403169134997  0.71810763269603017  0.72841560048257536
  0.73942528178780564  0.74993015897308146  0.76121683497326742  0.77300870997263205
  0.78361852848515334  0.79422940832653977  0.80333285443719860  0.81323985971116419
  0.82354634802496340  0.83484269802741007  0.84725466000787386  0.85932187185234221
  0.87073632789057120  0.88183689296090517  0.89223754554297141  0.90238998858355846
  0.91273228841253606  0.92464014058132027  0.93729630059303148  0.95208973875333802
  0.96612678803880192  0.97857255372337593  0.98968117341321549  1.00000000000000000
 -0.00325910212799149  0.01127046683028993  0.02270357655024921  0.03361294652884674
  0.04456074467674574  0.05583168239732679  0.06809793816185686  0.07991487477576185
  0.09157417302299904  0.10293255203600615  0.11412370703596576  0.12498411053561208
  0.13491738984290969  0.14448203707193702  0.15426413659219071  0.16435341788112429
  0.17468053014816889  0.18377168249570699  0.19424548705087374  0.20573061633841994
  0.21624870890672543  0.22650906943758539  0.23735928372825443  0.24805864339884628
  0.25777008987183986  0.26823300044724357  0.27798441168691518  0.28818134464309736
  0.29798179439120315  0.30892816029452091  0.32028407337002923  0.33162477010917113
  0.34235513378485349  0.35322520753457265  0.36413928199971896  0.37524969388775481
  0.38656016927462350  0.39760340677363248  0.40846384192526125  0.41826915769691675
  0.42767784678372178  0.43785666669121992  0.44904154191994072  0.46040888249661049
  0.47134611794854120  0.48200569968291718  0.49286102962329281  0.50375635726083579
  0.51454325397837852  0.52563222276943622  0.53763689530281455  0.55094348371906432
  0.56339670329978564  0.57285180036208672  0.58113112382243248  0.58969164586740064
  0.59787587058552649  0.60669103801018076  0.61567450185587158  0.62581180654989488
  0.63891442657584618  0.65080771183324104  0.66001111902829435  0.66950421370092916
  0.67910172879971975  0.68865647843962796  0.69760858966681227  0.70653959434740277
  0.71594795968229619  0.72601453204134647  0.73602321065589438  0.74407481760541128
  0.75163300915707620  0.75962198893910138  0.76892206183757306  0.78019556367023346
  0.79196878158506379  0.80329850516559320  0.81418124229405020  0.82425605028667903
  0.83330216477765429  0.84190070049511145  0.85042196414504456  0.85984661068239088
  0.86955851712122934  0.87927151057645481  0.88923385499795649  0.90011371052999689
  0.91392085300056392  0.92700590530740357  0.93864589588328318  0.95000860061506498
  0.96146034305466166  0.97370823086604130  0.98679320208363497  1.00000000000000000
 -0.00297722454192528  0.01158732878465137  0.02299190424640187  0.03399590459415043
  0.04471859237061043  0.05553443203617276  0.06622793713407850  0.07701904393543552
  0.08800564811617903  0.09845004891613296  0.10883287235688643  0.11972236229261327
  0.13078284874508020  0.14127509790645720  0.15143002089424060  0.16182999266613002
  0.17245632192709384  0.18369521321777160  0.19536533310635071  0.20689882895044195
  0.21796809809347775  0.22856505229585375  0.23770652795100489  0.24755438561696153
  0.25835926750535987  0.26895972997593248  0.27908776633150501  0.28852314319319800
  0.29853748903188637  0.30886226826014751  0.31878649691855804  0.32864972068280757
  0.33967311848896026  0.35247514201961422  0.36511930336077730  0.37637635044354190
  0.38620276686990013  0.39577083878694991  0.40460497608747009  0.41378453220959038
  0.42310043013199777  0.43251245086359003  0.44212723464468656  0.45259729356822370
  0.46286999835966719  0.47312844403443211  0.48350250361279262  0.49373741385910080
  0.50329895539045921  0.51198354103601218  0.52104208988637746  0.52987931226486407
  0.53959241206654518  0.54882198890839051  0.55753217781044961  0.56604815870303860
  0.57458343148855162  0.58422060774895435  0.59560165774032103  0.60799956345191419
  0.61948479958228264  0.63039266421144979  0.64105240056583468  0.65142625644732521
  0.66270987325488162  0.67470921656086091  0.68703379947678722  0.69897999505656072
  0.70993927286673364  0.72010537716992284  0.73082744436680924  0.74199006866449946
  0.75272246187997749  0.76366911233172552  0.77571500186048692  0.78841406891041632
  0.79946759597937289  0.81035924829786399  0.82055685284248103  0.83189427584127473
  0.84275065687790729  0.85306824039437523  0.86331849528721882  0.87390667724205018
  0.88517145816041043  0.89668051299257379  0.90674740522481811  0.91539569283125399
  0.92389629878410362  0.93243789012018929  0.94279467747177004  0.95333715456046653
  0.96401555191979449  0.97610656366084581  0.98764527348889952  1.00000000000000000
 -0.00307689947652159  0.01094990853296206  0.02174177294737652  0.03190491382004920
  0.04220206301499853  0.05300083056929672  0.06499645466070045  0.07682672426082311
  0.08871484787689582  0.10049097333870149  0.11216328565492069  0.12465101292066504
  0.13727007156607735  0.14972058163467741  0.16114335766937857  0.17092041516296769
  0.17977676602047726  0.18837303548361689  0.19758814206550643  0.20738684319691034
  0.21755212323711670  0.22755693479744890  0.23813987701032555  0.24932323856602126
  0.26100841778931155  0.27285151032340632  0.28439341039056609  0.29596543260443126
  0.30751092491637716  0.31937175932562861  0.33106389134524622  0.34264180829766105
  0.35349803339963137  0.36444719803766462  0.37460268181440454  0.38492184813888908
  0.39584182208121393  0.40836410299995185  0.42060904813135974  0.43237046358795977
  0.44448943081263298  0.45697893120327537  0.46830233454916814  0.47964181908027848
  0.49146075284711660  0.50312291750600002  0.51331157781159775  0.52291472544814133
  0.53185311332800622  0.54126380448057043  0.55088491454973376  0.56045210786416133
  0.56901792993323341  0.57767964287070839  0.58698487332932225  0.59753381678934048
  0.60870917378934586  0.62036497585773998  0.63192350551430443  0.64251156575468971
  0.65267284527044112  0.66278186347797441  0.67336522125622467  0.68372768095729186
  0.69429336406246134  0.70540951472525260  0.71715777072997489  0.72872011651819435
  0.73824039608600156  0.74647965447284415  0.75498926398959465  0.76414413799661463
  0.77404319095749674  0.78139127444870782  0.78876585066887583  0.79663118993612370
  0.80623731738706828  0.81850494067651192  0.83128661484273914  0.84352318280013305
  0.85439162356385590  0.86468503149050102  0.87474286194801876  0.88602044498596744
  0.89740310961963932  0.90785887165767465  0.91754307269317037  0.92728737307260523
  0.93681715361022844  0.94585616929270344  0.95531639799157853  0.96541123724169786
  0.97588977350674866  0.98411996087284581  0.99226284149557842  1.00000000000000000
 -0.00238143413926459  0.00897610545943022  0.01954782503891688  0.03130965124758681
  0.04282431252484227  0.05355008888066137  0.06445009629007366  0.07653022710929941
  0.08826979589525454  0.09997618158525913  0.11120529535981487  0.12178874332503091
  0.13137652628691360  0.14045563793720967  0.15015649149166843  0.16035878171261717
  0.17085414041293129  0.18034309494501841  0.19090507791459319  0.20438286276202977
  0.21750179532015304  0.23047023836768812  0.24360045816221079  0.25665735687718100
  0.26715123822291326  0.27728926661682535  0.28731691258683772  0.29729499703880602
  0.30736033513290695  0.31753815505768146  0.32700561124795935  0.33650035977408954
  0.34674099109656481  0.35719490013411265  0.36742410900974504  0.37751965198923260
  0.38749078848300156  0.39722431619826259  0.40586984754629035  0.41418284843260578
  0.42252730558078083  0.43084703550916720  0.43975304993495878  0.44923015327770432
  0.45965812459701527  0.47059919623733998  0.48155229688998585  0.49183696665174859
  0.50210944510975775  0.51267363084863182  0.52355232861257106  0.53580201402293259
  0.54787302102736501  0.55893106822365957  0.56952937842875628  0.58087357260316974
  0.59091875400590743  0.60103957258021234  0.61046071227130716  0.61977433506125612
  0.63003814945246805  0.64075894002707501  0.65135534265644246  0.66208420760923581
  0.67169929722977972  0.68134236155531447  0.69146068289494567  0.70255671091948568
  0.71306555922811066  0.72225442534005480  0.73213128816905493  0.74305533170072791
  0.75411379725799699  0.76334010065754498  0.77223738490873206  0.78133037264978966
  0.79104428708031560  0.80054135511972246  0.80985588517504570  0.82002242480901599
  0.83091873774784863  0.84174569175455849  0.85239498205817110  0.86392301207994571
  0.87677515210681567  0.89068489769444681  0.90489785318164384  0.91823393834299250
  0.93075424611208146  0.94220397397176592  0.95294562204822530  0.96332808438156492
  0.97319481497550786  0.98232134290670936  0.99081862482238070  1.00000000000000000
 -0.00281217832557637  0.01289657714848921  0.02622851232088530  0.03812978875571792
  0.05012540466003698  0.06094621472855399  0.07249569939414179  0.08269639004924817
  0.09445516756185035  0.10458079373498261  0.11381852141201527  0.12302260900956681
  0.13227939688366369  0.14177190336818518  0.15105127306105104  0.16032068226363211
  0.16933158403910267  0.18097266473252985  0.19302249908343255  0.20525606178113795
  0.21701110757268652  0.22863266299046636  0.23700301149751471  0.24459924719633319
  0.25202906447702794  0.25926005922154632  0.26721124011429342  0.27515578294738957
  0.28328824353325482  0.29124107707936847  0.29989953138552705  0.30929318798157673
  0.31979138513494931  0.33058955851243338  0.34110394988262971  0.35175248728417524
  0.36308591119784112  0.37451151321428339  0.38601612894338966  0.39706479981165521
  0.40785713352991471  0.41868358480542023  0.42948930793441115  0.44012564038748264
  0.45067860139066035  0.46198213142923744  0.47441106641351533  0.48642944737408056
  0.49745623643632964  0.50589993182235582  0.51466648206873233  0.52497241047967391
  0.53613233800802307  0.54689696355382611  0.55715953988535205  0.56838461868728796
  0.58142257623115479  0.59282428743215898  0.60378250763538432  0.61290888332281857
  0.62279556620935317  0.63238223091615797  0.64035503824286888  0.64849461845768419
  0.65636940841297486  0.66572099859900313  0.67656486536794525  0.68829732006197575
  0.70089678638750719  0.71318495062622911  0.72472270306339948  0.73578480624491305
  0.74719653583025591  0.75850273518700917  0.77002673668446409  0.78105256817530189
  0.79202105634084752  0.80340572867505977  0.81516823446211362  0.82724406033667530
  0.83765427458027386  0.84797924025650862  0.85818269136495617  0.86908393583552679
  0.88180464334710362  0.89552938521392300  0.90893013959902991  0.92122984634785510
  0.93192438360383090  0.94202785938330535  0.95121260694575560  0.95971028279438086
  0.96801139447137952  0.97717400782812347  0.98798257720109017  1.00000000000000000
   9.3577127882566591E-029  -1.0000000000000000     
  <DiscreteSampler_grid>
  Helicity
  1 # 1 for a reference and 2 for a running grid.
  20 # Attribute 'min_bin_probing_points' of the grid.
  1 # Attribute 'grid_mode' of the grid. 1=='default',2=='initialization'
  0.0000000000000000 # Attribute 'small_contrib_threshold' of the grid.
  0.5000000000000000 # Attribute 'damping_power' of the grid.
 # binID   n_entries weight   weight_sqr   abs_weight
    1   3807   9.250511480441578E-029   2.230842131610817E-055   9.250511480441578E-029
    2   28   1.236948182951219E-031   5.455494760359781E-061   1.236948182951219E-031
    9   20   8.005177802307782E-041   1.894022874300502E-079   8.005177802307782E-041
    10   20   1.868367194743470E-043   1.100281268098756E-084   1.868367194743470E-043
    17   4556   9.826399065458882E-029   4.070357689169333E-055   9.826399065458882E-029
    18   24   2.636423829873734E-031   2.995009999522777E-060   2.636423829873734E-031
    25   20   1.188641548063979E-040   5.750907586805908E-079   1.188641548063979E-040
    26   20   1.716681061854843E-043   9.933104942219436E-085   1.716681061854843E-043
    33   5617   1.111765246918746E-028   8.324677159782327E-055   1.111765246918746E-028
    34   31   2.757088299481760E-031   6.676592469955490E-060   2.757088299481760E-031
    41   20   8.278299405341506E-041   2.087728847677527E-079   8.278299405341506E-041
    42   20   1.504788541557883E-043   1.353205201233599E-084   1.504788541557883E-043
  </DiscreteSampler_grid>
