  0.00007370890054846  0.00012604231514878  0.00016098710629654  0.00018822284803274
  0.00021638497597437  0.00024314585958345  0.00026759476178526  0.00028989638676820
  0.00030963470163205  0.00032456962805375  0.00034174712990425  0.00036023370707105
  0.00037708288451582  0.00039292039579151  0.00040878669332583  0.00042557467208989
  0.00044367186194289  0.00046277574885319  0.00048260360091054  0.00050339884231200
  0.00052635749423431  0.00055214660707749  0.00057995063230873  0.00060889717850586
  0.00063818430695348  0.00066698664733046  0.00069378093656426  0.00071935859379446
  0.00074125348545562  0.00076291729525979  0.00078893680418951  0.00081594645976203
  0.00084486303484079  0.00087667900436067  0.00091160233519485  0.00094826237838645
  0.00097774561249280  0.00100294643796919  0.00102855614097355  0.00105420415505508
  0.00107995116088878  0.00111283520244269  0.00115331743329663  0.00119967463429318
  0.00124878824825683  0.00129624387671724  0.00134065803365673  0.00138343106174899
  0.00143102115664572  0.00151739762126699  0.00160858272297112  0.00170477899734950
  0.00180744622714560  0.00191926626522224  0.00201598168113679  0.00210529231611693
  0.00217701127514051  0.00224937578421924  0.00233173222457479  0.00240859978031029
  0.00247812754516979  0.00255171812062516  0.00262493986696074  0.00268695916922947
  0.00277992171824742  0.00286856068995701  0.00296714554019694  0.00309188760629997
  0.00322426260282904  0.00336606664248767  0.00354031200381463  0.00376217320707962
  0.00401714424309251  0.00427729641427309  0.00455123602784367  0.00483065710299801
  0.00517993724865103  0.00560293586857389  0.00599887848614838  0.00630289248362363
  0.00663470711280648  0.00722311136605866  0.00790006040999368  0.00870264416745489
  0.00974776730395585  0.01114631442199948  0.01232712578709845  0.01368102470420642
  0.01546179621693124  0.01790421493731570  0.02064375337631486  0.02480115701925765
  0.03300916721784408  0.05159769251412319  0.11062161894392741  1.00000000000000000
 -0.00000070285526395  0.00000237615142544  0.00000551900250401  0.00000899680720381
  0.00001278809598170  0.00001652646960375  0.00001998979601469  0.00002325041475670
  0.00002639935433283  0.00002942344125287  0.00003285189289390  0.00003644996055064
  0.00003973453015528  0.00004270732826565  0.00004579912766215  0.00004927078986444
  0.00005278109115164  0.00005572786850773  0.00005889815834254  0.00006238455148096
  0.00006565072440225  0.00006922796277411  0.00007333318359593  0.00007739461742929
  0.00008095698067462  0.00008420755878633  0.00008707585560172  0.00008948263809328
  0.00009184240074818  0.00009393705643832  0.00009616872305115  0.00009876086835299
  0.00010204209335608  0.00010631060133661  0.00011131707138356  0.00011632679120467
  0.00012104077294547  0.00012591379995326  0.00013091744082392  0.00013565681500937
  0.00014077774470365  0.00014853970433681  0.00015639193874893  0.00016509472013582
  0.00017413889993672  0.00018307281576119  0.00019146052825305  0.00019887660924178
  0.00020593116064534  0.00021290667683157  0.00022007392789516  0.00022654857441100
  0.00023311848587858  0.00023968272349615  0.00024686424065015  0.00025688247642756
  0.00026810743057958  0.00027870281784703  0.00029258912756742  0.00030578854265717
  0.00031734496151628  0.00032812870725306  0.00033816721494812  0.00034854391220570
  0.00035978435293670  0.00037163196259805  0.00038294903731644  0.00039443585119358
  0.00041009215934891  0.00042975325584191  0.00045194783589454  0.00047472265224224
  0.00050398086768170  0.00054054091740690  0.00058119310292898  0.00062522231168082
  0.00066990868578305  0.00071887934515069  0.00078029375427453  0.00085806003756221
  0.00093625571695738  0.00099048224932358  0.00103110904039113  0.00107247739071843
  0.00112222885075549  0.00117280628214966  0.00123438992781362  0.00134027097790704
  0.00158926450665868  0.00183874996133206  0.00205460766345856  0.00236443321264329
  0.00283676624670978  0.00503603976489460  0.98863896586952882  1.00000000000000000
 -0.00002714613427788  0.00009896258644139  0.00014913203549742  0.00018182257892798
  0.00021250410805648  0.00024443480153718  0.00027832251493839  0.00030740502118492
  0.00033292671389067  0.00035551616588313  0.00037508149596167  0.00039187389803571
  0.00040751653531013  0.00042308559348983  0.00043875699872921  0.00045466516983334
  0.00047149128783834  0.00048976410618992  0.00050771323447859  0.00052565652110544
  0.00054364262802546  0.00056117875540518  0.00057891274893011  0.00059813745441778
  0.00061952340378392  0.00064197266109834  0.00066520311839588  0.00069157868725676
  0.00071851923827778  0.00074389730423942  0.00076904389604304  0.00079600486675466
  0.00082097353549379  0.00084684096228628  0.00087355730270441  0.00090290395597888
  0.00093242989769435  0.00096146437419800  0.00099378039189283  0.00102873066865297
  0.00106191509140026  0.00109173336433779  0.00111878976505942  0.00114479923541631
  0.00117286291892452  0.00120495557529268  0.00124281787025705  0.00128223033887462
  0.00132379073129721  0.00136974278361575  0.00141997761704414  0.00146834762498644
  0.00151060712261694  0.00154321657585648  0.00158035004560877  0.00162110719725348
  0.00165839942701277  0.00169405051467774  0.00172969528777363  0.00177236504145765
  0.00182790420278914  0.00188747696197602  0.00193642102838952  0.00198207099199287
  0.00203336919222857  0.00208300706467675  0.00216986987565333  0.00225441235856142
  0.00235316733344512  0.00246506435632184  0.00258498486228039  0.00271138206453899
  0.00283818011334191  0.00294801028383036  0.00304987306539807  0.00318972227457464
  0.00337059141683019  0.00356188485014373  0.00375700318370059  0.00399430480503647
  0.00433957159799660  0.00481435097344650  0.00533902914541125  0.00575784967715817
  0.00604478338751059  0.00638872072989167  0.00687166956388236  0.00736801832951599
  0.00795274237962694  0.00865872867108660  0.00960439037827254  0.01046247839102214
  0.01120477893306104  0.01220601754672686  0.01783077194276634  1.00000000000000000
 -0.05002323921228473  0.08575358977824633  0.20732569008079457  0.23549366121008616
  0.26305274389037897  0.29063439396079582  0.32206565988044861  0.34954933848118974
  0.37197578097310563  0.38649088571165729  0.39921192337488809  0.41204939715966094
  0.43359275660137281  0.45279044897109577  0.46477439459990660  0.47925621493115234
  0.49114834683392677  0.51475264799141696  0.53787444945498075  0.55394872690562491
  0.56521923162196674  0.57639786806381255  0.58571652465192248  0.59368368496919521
  0.60125333220304744  0.61100088905305838  0.62268814474160217  0.63510535048788719
  0.64725479940522046  0.65921888970402287  0.67064666723115296  0.68101365983865725
  0.69095438093241601  0.70191640918337828  0.71320028679453051  0.72606504602917199
  0.74084803175941538  0.75649840432743942  0.76944193383770354  0.77833331984335985
  0.78519579884660928  0.79201717060928722  0.79800923202389351  0.80378072933736400
  0.80888889758954174  0.81357777752164684  0.81813967037984769  0.82326142001111813
  0.82927172037159436  0.83644032805374502  0.84461974449872923  0.85236038277651716
  0.85939613924717750  0.86606058359915450  0.87190026228554673  0.87760900597321689
  0.88178353477604909  0.88614172266453350  0.89046523445413861  0.89463523982784321
  0.89888687047119231  0.90348192511232606  0.90862749421890510  0.91322731398534973
  0.91753039092311173  0.92154540111087080  0.92552583662737653  0.92923252309079774
  0.93269092598694114  0.93623401761896718  0.93922538395176791  0.94263608842318158
  0.94572121655313124  0.94882156167603182  0.95252592757224919  0.95661048751662092
  0.95971626388683451  0.96199165948649645  0.96429835256773044  0.96715025036308366
  0.97048218368335548  0.97343143548809286  0.97594164460796762  0.97817237829042336
  0.97989439300605230  0.98159401569675364  0.98330995220326389  0.98527274264972486
  0.98741835450587334  0.98948817230939434  0.99164091076254246  0.99356094185831845
  0.99522691887846537  0.99665128808406023  0.99836298928962397  1.00000000000000000
 -0.00189483366706688  0.00825559447752907  0.02016581835534726  0.03141632911679720
  0.04219336348046800  0.05223088097304099  0.06320094160184465  0.07532557150253780
  0.08943593951877980  0.10275829592292809  0.11676105923445294  0.13148896987518960
  0.14582383458337952  0.15881325312025743  0.16769113483349860  0.17560762113811854
  0.18418365584922783  0.19257587973417697  0.20390897883439510  0.21575353009751011
  0.22905439210647263  0.24131351078432514  0.25227616698915217  0.26062953601152666
  0.26974107370447697  0.27734620180891612  0.28463967307318905  0.29369736047116790
  0.30186060928581337  0.30864589240123946  0.31542916763406964  0.32208030652987751
  0.33019521671718111  0.34265695449508304  0.35911668345083314  0.37458605858370131
  0.38891007324445714  0.40556112328085758  0.42258238058113701  0.43933216118700857
  0.45439747737673319  0.46648659440672929  0.47984059413027780  0.49471645840602840
  0.51011238628417643  0.52308020514613662  0.53331198759035059  0.54375691194409737
  0.55502510969915697  0.56704043822746386  0.57949696790369765  0.59275251587215305
  0.60460401676209874  0.61366017678734608  0.62354577440879555  0.63487545093276665
  0.64443770414977697  0.65426115737254165  0.66453087841327185  0.67582162758360209
  0.68843455842014878  0.70167824209129714  0.71237802996308208  0.72335529048956415
  0.73509223269646540  0.74569865016712267  0.75545755441454410  0.76449790155637787
  0.77362929366338140  0.78499482790806674  0.79566944152415897  0.80613305972706328
  0.81545137315711758  0.82359849417341957  0.83093751251218118  0.83648223057392979
  0.84369875081195500  0.85181763855283377  0.85840717900417773  0.86437654170774758
  0.87196618070006360  0.88076982649798063  0.88998760319605119  0.89988933937281146
  0.90920219631939614  0.91775827313257152  0.92900251744635987  0.93865491735245754
  0.94600667524358517  0.95383760787192007  0.96059887657790100  0.96793332422853440
  0.97724952109837437  0.98603211586689132  0.99316339768123141  1.00000000000000000
 -0.00142642599715864  0.00689148362804169  0.01274397816035426  0.02089249026133730
  0.02977084683919967  0.03796524077942729  0.04618064289603480  0.05450242842359625
  0.06092467548930954  0.06958377117630110  0.08343541385724722  0.09687455494176585
  0.11213567703000893  0.12570264930722319  0.13730865317603141  0.14712292468611610
  0.15531276999486499  0.16289970726197892  0.17167713067700677  0.18255286486226449
  0.19383501133258541  0.20684938051985646  0.22332156253720931  0.24103249706980598
  0.25863477792730183  0.27548597165723804  0.28896475568488095  0.30057273883325680
  0.31124041708182548  0.32229319270596934  0.33196753281502833  0.33791966455763567
  0.34359690547715721  0.34945565804804612  0.35578196864763251  0.36335415460919041
  0.37161581440418739  0.38003398039816577  0.38832495702735847  0.39514129756608052
  0.40347214365495643  0.41464239138277792  0.42612682180904016  0.43721132361624715
  0.44881053471294369  0.46076815360069706  0.47312290615037333  0.48648773912961663
  0.50045512903074130  0.51444012112298965  0.52840182238818534  0.54206144620495245
  0.55251278013585903  0.56179253559573372  0.57260109197381037  0.58349177293730048
  0.59448237882403077  0.60574498661795551  0.61714170587528194  0.62924327020384474
  0.64115530965582168  0.65125981473517436  0.65980270445853451  0.66898551065639711
  0.68094655446283658  0.69533181138563738  0.71007416370354792  0.72536380226662622
  0.73958217523329761  0.75188725717440241  0.75863813025804694  0.76643569833311964
  0.77429009433652352  0.78248069942230869  0.79033189818773519  0.79757150949189914
  0.80541023573084369  0.81469566946377514  0.82581332723805811  0.83710792515623955
  0.84823843694941081  0.86021123969181712  0.87229171387388371  0.88494693656324019
  0.89806239714563707  0.91066336825955474  0.92312228454094303  0.93576883231937935
  0.94516431997713113  0.95232157067428813  0.96070907254432858  0.96775227985160828
  0.97376596089509182  0.98063961880629791  0.99047299592268567  1.00000000000000000
  0.00050079103640945  0.00055583108547628  0.00060273327501424  0.00064443257004365
  0.00068195595708778  0.00071471910057361  0.00074180017921815  0.00076700036510070
  0.00079160157206725  0.00081640972620626  0.00083867240580936  0.00085587130946874
  0.00087540624041373  0.00089804085451721  0.00092115491771040  0.00094267150116390
  0.00096586934515784  0.00098888299849088  0.00101236188197145  0.00103933049255322
  0.00106483338005647  0.00108980667215504  0.00111467377162493  0.00113913876576166
  0.00116390339946810  0.00118896366445600  0.00121442344915999  0.00124268468011846
  0.00127029106790628  0.00129740878279665  0.00132480865856606  0.00135355319071714
  0.00138251236160419  0.00141395017887326  0.00144786442653270  0.00148415639595836
  0.00152261187794793  0.00156513932783375  0.00160296295056021  0.00164169528993039
  0.00168097449739635  0.00172152094251637  0.00176284726335263  0.00180660361753285
  0.00185404997922616  0.00190582763198101  0.00196214666204954  0.00201868052003911
  0.00207338913953005  0.00212763880635728  0.00218457976304694  0.00223996377512011
  0.00229432163817281  0.00234379902033050  0.00239056006795597  0.00243659348646738
  0.00248528392194468  0.00253867882286584  0.00259234247076456  0.00264761544599629
  0.00270695121261837  0.00277826115705459  0.00286496263501253  0.00296258460770535
  0.00305990048104767  0.00314915007858330  0.00323916611757936  0.00333696068303301
  0.00344494775020009  0.00355624173491474  0.00368869210097833  0.00384959591464115
  0.00403613034385359  0.00424503363890817  0.00446866761625959  0.00471338060206720
  0.00499255845479395  0.00534581586965227  0.00578384553572367  0.00628146985847308
  0.00676682311264716  0.00726537590094780  0.00788120941364949  0.00857651013797782
  0.00923718145964792  0.00993358799932466  0.01096448135658129  0.01214813125219858
  0.01350465235091469  0.01570605693914254  0.01882776254212461  0.02208109522164544
  0.02643690574907386  0.03421659523454630  0.06165135660081983  1.00000000000000000
 -0.00208802882799171  0.00732880337963388  0.01730591923421841  0.02697191365719715
  0.03720968561464039  0.04856500916363282  0.06095948556056624  0.07371698512070370
  0.08653613101776798  0.09960118684789457  0.11319763728154528  0.12816947155863706
  0.14386476482041316  0.15726149880916981  0.16943049188955575  0.18073038540828054
  0.19065578362102995  0.19891133818848622  0.20743716576303906  0.21778150942330310
  0.22748236179712775  0.23543996457970232  0.24259235237129362  0.25067501488488664
  0.26001174362872670  0.27059115258225308  0.28115500560773687  0.29015110623761048
  0.29816058778843735  0.30782486272206055  0.31926255834651879  0.33004907124948724
  0.34021608578066853  0.35147072632921245  0.36222656358276367  0.37343858891706544
  0.38468573789101729  0.40114629891132736  0.42431906588419877  0.44389651760114179
  0.45896936284206408  0.46957295849601083  0.47851124955979396  0.49032597152154644
  0.50324167550618359  0.51350308634846920  0.52393853746124242  0.53866221177913942
  0.55352255710969023  0.56936097166494848  0.58878426320506805  0.60833603388342572
  0.62163330479802903  0.63468620083527605  0.64693952837312696  0.65740422398581821
  0.66911918658778080  0.68260303720418958  0.69453497429662370  0.70577460912633061
  0.71634108745602953  0.72609195180421460  0.73246945104521588  0.73836541678011414
  0.74465879909251975  0.75329618450414582  0.76016655273188327  0.76607112183175163
  0.77324890107171951  0.78114436443718427  0.78759763620734313  0.79420728975903743
  0.79892863381660484  0.80274436189065690  0.80807552921612025  0.81340553682268291
  0.82999243768094078  0.84556864640374385  0.85910455505242178  0.87097269948385792
  0.88184852223071220  0.89217636485650076  0.90237353012962962  0.91247756457690177
  0.92186924436470519  0.93002398491117466  0.93695273293087800  0.94348104897383800
  0.95021282542352836  0.95677666055942812  0.96394665304868976  0.97126580958151487
  0.97855511680556040  0.98584822348167833  0.99294329665643688  1.00000000000000000
   3.0587134210689749E-018  -1.0000000000000000     
 T T T F F F T T T F F F T T T F F F T T T F F F T T T F F F T T T F F F T T T F F F T T T F F F T T T F F F T T F F F F F T F F F F F F F F F F T T T F F F T T T F F F T T T F F F T T T F F F T T T F F F T T T F F F T T T F F F T T T F F F T T T F F F T T T F F F T T T F F F T T T F F F
