  0.00028920434325283  0.00031807238137261  0.00033296149239344  0.00034800423063969
  0.00036129875954933  0.00037228023249312  0.00038188742262032  0.00039250407096608
  0.00040271982138820  0.00041099892138757  0.00041809286152226  0.00042561450352619
  0.00043446097109043  0.00044817960439942  0.00046187728849320  0.00047262001685220
  0.00048254006466325  0.00049166239282847  0.00050056737912447  0.00050963965090934
  0.00051755755331250  0.00052745610944072  0.00054009037820709  0.00055474640754885
  0.00056818308258299  0.00058066150097800  0.00059388643925592  0.00060791225453974
  0.00062221348424254  0.00063708688999224  0.00065333109152671  0.00067065983054014
  0.00069515323306758  0.00071938533910335  0.00074323489265821  0.00076610077125325
  0.00078856228831870  0.00081345009895014  0.00083808334968021  0.00086219281020733
  0.00088763058472787  0.00091222822242697  0.00093470864132489  0.00095462621450995
  0.00097712238617594  0.00100863477061957  0.00104417022910940  0.00107094406401103
  0.00109149074656433  0.00111375670497118  0.00113631320628324  0.00116211299324058
  0.00119130295543323  0.00123035434733775  0.00127839464509177  0.00133030248996956
  0.00137750787233743  0.00142106879222705  0.00146576284742675  0.00151373344629838
  0.00156090926335731  0.00163253684965400  0.00175104282817863  0.00187423505994195
  0.00199594074953062  0.00213683696949964  0.00228664467116198  0.00244007268441411
  0.00259181156685318  0.00275846537396045  0.00290652578629130  0.00304650085185032
  0.00317255821422497  0.00331513713996437  0.00354080756892587  0.00396252081766140
  0.00446594332379584  0.00500598148254330  0.00562092286749380  0.00623090574556677
  0.00684243655569262  0.00749679985626328  0.00834227570962543  0.00920174273079427
  0.01001329521311195  0.01111438651674389  0.01315922709396286  0.01615306673282879
  0.02012877402528746  0.02497711643896337  0.03141793632081598  0.03953653071370265
  0.04665581245038559  0.08224835857942193  0.18844146647246518  1.00000000000000000
  0.00031217146449096  0.00079362871012040  0.00104244168382750  0.00133706832197574
  0.00166486421415859  0.00184181510931345  0.00195454668069618  0.00207754413741693
  0.00218961861834852  0.00230444481143429  0.00246080189137494  0.00262349057272119
  0.00279121110297129  0.00301609165447415  0.00326008159829150  0.00352098290248858
  0.00379714485090190  0.00406018211488857  0.00428308707809192  0.00447848369656153
  0.00469774616025459  0.00495063907083959  0.00528036422838920  0.00566040198754955
  0.00601758352276000  0.00632548372058314  0.00660757510904509  0.00689971724573103
  0.00721385128812553  0.00755955280165768  0.00795506604845183  0.00834045422817974
  0.00870146175875551  0.00905981036949347  0.00944203919078223  0.00983896962234009
  0.01027246490340674  0.01070114880163386  0.01116694726228680  0.01161026280490032
  0.01208811306816718  0.01257610617375843  0.01311290034088343  0.01372993635774308
  0.01442593919173501  0.01531035644095154  0.01626449641247702  0.01738705437552537
  0.01867399580624793  0.02003415130012135  0.02146354576004832  0.02331224639296344
  0.02503126375595993  0.02664098575201993  0.02803776080703798  0.02966821651611152
  0.03126577225052984  0.03266096328525834  0.03398804818065201  0.03544348101904789
  0.03732572677802717  0.03894435006614108  0.04069933369449279  0.04256046713699386
  0.04492219811632714  0.04842126489192119  0.05321617131204424  0.05750474512846435
  0.06066587070562158  0.06314078845620807  0.06523049957133249  0.06753426733652447
  0.07074100611086470  0.07474774966311262  0.08244254384844266  0.09012052301466197
  0.09624209291799997  0.10184337175609456  0.10625598338669066  0.11111978535188591
  0.11776826299735944  0.12619006090767648  0.13576551596824199  0.14542130996121702
  0.15627273320156213  0.16800004270642779  0.18065501539575007  0.19745136157218285
  0.22347274514614540  0.26321726071808088  0.31556285126614581  0.37739717071585116
  0.45800137002681462  0.54602890966540307  0.65462538646811264  1.00000000000000000
 -0.00089947420018222  0.00181134179001700  0.00461658510400354  0.00770534786802828
  0.01069879394704295  0.01374203481328471  0.01712455213201814  0.02067829656369289
  0.02436393207826372  0.02815931120164610  0.03159443787336956  0.03475211185165108
  0.03788526370621884  0.04114369895279857  0.04430445166311744  0.04729077589335103
  0.05018305324201678  0.05304199674891447  0.05694784555724491  0.06102793121401483
  0.06512936316854413  0.06911103200701078  0.07347591681595107  0.07742662472379001
  0.08154062883536599  0.08576674507438325  0.08956746749897808  0.09356995787640320
  0.09895846761855515  0.10675696132155021  0.11627073403585540  0.12439840856038453
  0.12942157791409173  0.13255880087088096  0.13559523449751806  0.13894513096954955
  0.14195759279018530  0.14580402762552314  0.15112637774787915  0.15651901329193665
  0.16099219648345323  0.16497708881981901  0.16940571940200461  0.17507990154346131
  0.18126658461310607  0.18810045349597837  0.19793370084789230  0.21114450601026349
  0.22486702546036530  0.23725073660214169  0.24799120095170035  0.25731534520053106
  0.26627528993729960  0.27739442305657774  0.28818192190847919  0.29764099796183918
  0.30729889408453004  0.31868307366546134  0.33171893609332043  0.34573592415037546
  0.35957324357637555  0.37639322661416108  0.39765669319200386  0.42047331865658033
  0.43636124244402763  0.44655937641197302  0.45562152477608359  0.46680735024489772
  0.48016934733854877  0.49182718612244952  0.50492988874540057  0.52365369199767164
  0.54335656134814780  0.56008574226910957  0.58030546772083147  0.59679286812732157
  0.61058145376231199  0.62506955014341592  0.64062207431390739  0.65379032288832750
  0.66846294877486534  0.69248807729955808  0.71964990618023661  0.74256607557124321
  0.77062781014564985  0.80709866812984710  0.83655008550591770  0.85854354198616689
  0.87974469521002141  0.89521675887181007  0.90895694082768808  0.92564617479864153
  0.94197747350175109  0.95500191152232528  0.97325625063312304  1.00000000000000000
 -0.00350559760653774  0.00809184224341227  0.01964637118880797  0.03112735007410608
  0.04377322971787381  0.05793123387042805  0.07474888065003776  0.09046625088670859
  0.10459503989448378  0.11666509582222574  0.12595180972269868  0.13314125855508852
  0.14210424277397019  0.15011930928979123  0.15642722865777250  0.16245601727860653
  0.16940652532438050  0.17874893839860531  0.18700720664944268  0.19891137199811615
  0.20974504775496786  0.22062845450767274  0.23002371719199677  0.23832488030258178
  0.24571998953431806  0.25328855527536071  0.26093884690237512  0.27087508872071214
  0.28641757339712115  0.30463115898908699  0.31764035835095455  0.32936551232467204
  0.34124147502311886  0.35460048620888368  0.36803297544314084  0.38171894689942248
  0.39671361971545932  0.41009211994213174  0.42187526885338111  0.43303103211883409
  0.44444903817700993  0.45787564920123042  0.46926436846979958  0.48040900271073006
  0.49261740541114352  0.50271517332506899  0.51007684092434813  0.51718618516013881
  0.52389392412909719  0.53099706730328611  0.53944764568461612  0.54785338986633192
  0.55822696872622568  0.57243083002044914  0.58687362596794246  0.59886574320743646
  0.60911110000515156  0.62007616615506844  0.62982784827353033  0.63784631141736270
  0.64905839974941193  0.66222514811379052  0.67413965323739344  0.68443227128696960
  0.69390376621025940  0.70333639859653263  0.71513511782562034  0.73062331640337885
  0.74736406543637590  0.75996687243663796  0.76805392057382438  0.77508417046699518
  0.78209486855874477  0.78929582189115999  0.79762825534939152  0.80800915482567515
  0.82008152678884660  0.83132124393770335  0.83986399234540599  0.84660093179697904
  0.85368189890827784  0.86007014694009754  0.86694276656676295  0.87437742084620662
  0.88291142970302594  0.88968026472479966  0.89777833102267335  0.90789324380642444
  0.91514093847846822  0.92635508768264063  0.93693124023075103  0.94521242855749854
  0.95918207327712723  0.97276251705911865  0.98679206295334920  1.00000000000000000
 -0.00248180627594548  0.01259259649560684  0.02092721613938466  0.02742219505580590
  0.03715342433009992  0.05470974721901230  0.08483016570739528  0.12193103365328933
  0.16737956534206611  0.20686405382367593  0.25096788917278096  0.30337983168679900
  0.36432239641411801  0.42508040871454933  0.46971056809992534  0.50274199636262451
  0.53219503728396467  0.56060741509470013  0.58946024718696077  0.61718427285209854
  0.64266325863212170  0.66323412385606306  0.68032040998757071  0.69794146017563341
  0.71905926271424936  0.74003614174491550  0.75716818821174603  0.77219852210786288
  0.78684396974905757  0.80823374811921922  0.82587046019508403  0.83845864416776461
  0.85053980895638015  0.86102125547988795  0.87174085868811979  0.88302313385119580
  0.89236622865057735  0.89956403921209260  0.90585382583375584  0.91250475056005720
  0.91896144373685518  0.92415078305997556  0.92881539612317676  0.93316894701495900
  0.93712774459063675  0.94072635715033848  0.94416016167750860  0.94742748864839510
  0.95009995246769308  0.95235043169958100  0.95464324950511803  0.95715240514745148
  0.95888467941737099  0.96070548577968307  0.96288270419115340  0.96452578210497741
  0.96609174244060636  0.96767265729821983  0.96923628524209782  0.97075924441072514
  0.97253537045422589  0.97412172890450854  0.97548641929519797  0.97683758214552596
  0.97827959632333827  0.97959644353907260  0.98083884128198662  0.98196794100164775
  0.98304047475888134  0.98406486558618511  0.98495569742730538  0.98581128612238300
  0.98654062814840737  0.98714811153979010  0.98784846897793432  0.98847698988429755
  0.98910631344602640  0.98973731430437317  0.99035796580557811  0.99092588187778563
  0.99148280430087044  0.99203790738516040  0.99253733067814931  0.99302521939296406
  0.99377961208005217  0.99452569852540862  0.99525661868263082  0.99595845435938068
  0.99664440326818771  0.99724496053106737  0.99782720614086340  0.99828413552583595
  0.99874106491080850  0.99916942276263598  0.99958471138131799  1.00000000000000000
 -0.00288776502651931  0.01016441809915601  0.02037438285333434  0.03108523651344200
  0.04400601919595098  0.05828035459566232  0.07132226418268196  0.08211420309342474
  0.09195279850731872  0.10232884122548819  0.11218066913106102  0.12047491836815517
  0.12838206247735467  0.13582914120180684  0.14356975457526502  0.15184907673150155
  0.16190172245598233  0.17368210914394938  0.18789349523698132  0.20201263266108030
  0.21674597326691356  0.23130064710965456  0.24421585787904715  0.25652962313370653
  0.26778692316499114  0.27825441697051639  0.28923679930912971  0.29838848960314746
  0.30607055567256908  0.31283855621658657  0.31987517420730416  0.33010925002471542
  0.33977311852237835  0.34631449769722350  0.35112174898677356  0.35631398600745023
  0.36335505253037947  0.37092147189449898  0.37693858922460216  0.38319016937138223
  0.38974854148046906  0.39875383938442316  0.40571211468075419  0.41369278265021503
  0.42098620586542085  0.42785432139089991  0.43592398722406889  0.44804447621057963
  0.46152486815776178  0.47252369234340325  0.48306321229703592  0.49497809768837880
  0.50958793959217752  0.52739188270814330  0.54473256404780879  0.56111836376754098
  0.57852371818260118  0.59827056727295302  0.61052531360897133  0.61869392442963611
  0.62654318960160293  0.63401261636563366  0.64189892847314522  0.64879738080007809
  0.65308237618639375  0.65638230545457821  0.65963813509475910  0.66223230400309330
  0.66845224095620603  0.68040054460257360  0.69274916483687321  0.70394212373123799
  0.71521583091465601  0.72686376986696910  0.74006992336299116  0.75317004739150728
  0.76473122008051087  0.77709740633297320  0.79416926060056148  0.80885572442822840
  0.81826634080253413  0.82560558377236171  0.83248673018569852  0.84118532628403819
  0.85062892241862842  0.85954497020033971  0.86938115153631124  0.88172426745340149
  0.89523213941749591  0.90846141894420362  0.92212730130843878  0.93891462077257182
  0.95666658874004051  0.97313486608016897  0.98770873104034229  1.00000000000000000
 -0.00023786201049466  0.00120170486207316  0.00254057729575814  0.00321959085612530
  0.00402273532568735  0.00487132548185067  0.00566206031055288  0.00643403462839838
  0.00728060186434137  0.96849078007122125  0.99320132352239399  0.99336732503660574
  0.99348423994199764  0.99357046318888576  0.99365406202561457  0.99373797379696360
  0.99382955595477140  0.99392748732412273  0.99402893955773597  0.99412906468272177
  0.99422072111708604  0.99430770538628721  0.99439286726660603  0.99447740102271243
  0.99454284165072349  0.99460482262382244  0.99467021896716090  0.99473646946749383
  0.99480346274201081  0.99489025954761356  0.99497827471877009  0.99506061569685267
  0.99513671791099356  0.99521046394602819  0.99528378809708085  0.99534908244211984
  0.99541440643939472  0.99548090120229593  0.99555050501722941  0.99562178157387027
  0.99568647808661492  0.99574798290476552  0.99581209382178015  0.99588156788788484
  0.99595939749969831  0.99604013759785404  0.99611569533314204  0.99618134673645320
  0.99625024841448329  0.99632017479384061  0.99639399074486512  0.99647606440551351
  0.99655056836752187  0.99661634328805360  0.99668235264533300  0.99675148496203814
  0.99683216322261525  0.99691103112937385  0.99699335608908346  0.99707671639370365
  0.99715035718297584  0.99722709216613825  0.99730163559200846  0.99737023689160487
  0.99744217518340805  0.99751628407247783  0.99759479086154124  0.99768405401116755
  0.99778128232093999  0.99787918881298465  0.99797150108890176  0.99806634063391952
  0.99816108176091112  0.99825573627417241  0.99834892627119631  0.99843178714412795
  0.99851251371271732  0.99859300367835879  0.99867393502291868  0.99875587813315558
  0.99884071888121151  0.99892927515244834  0.99901890729860376  0.99910570054207981
  0.99918765366517048  0.99927071092251862  0.99935482901313621  0.99943641635918379
  0.99951401126920958  0.99958858628919589  0.99965458018287279  0.99971885090387502
  0.99978361165919405  0.99985057277000322  0.99992123501433583  1.00000000000000000
 -0.00165847828400370  0.00848090713165804  0.01689859847451506  0.02449327388183777
  0.03283844902380935  0.04170134308679059  0.05040502331560497  0.05846773893739940
  0.06754456995251779  0.07781114712133347  0.08695123060937210  0.09445049131823778
  0.10159328872360091  0.10985527540774594  0.12035404307835841  0.13328469270006954
  0.14502146467268651  0.15701409568637303  0.16802972875578623  0.17899673835231000
  0.19015929467982473  0.20223965046710010  0.21751211264233655  0.23057133345310135
  0.23557159466439428  0.23937354749923498  0.24293465826681526  0.24629533463300998
  0.25040618673285858  0.25730009174501972  0.26847782941866483  0.27836580965071911
  0.28928189130074794  0.30142809466329773  0.31192404010455810  0.32028744270774068
  0.32868741961336212  0.33691676896061651  0.34446866129233561  0.35204416424301915
  0.35902653190309874  0.36630153503743956  0.37675237403223533  0.38817880817095812
  0.40035292071040329  0.41314890772712282  0.42576633502745465  0.43644428270878222
  0.44676068207458736  0.45794714406000359  0.46919821980135989  0.48006797829056047
  0.49238277181959716  0.50798875018271628  0.52428410046069751  0.53563932346787779
  0.54785839406644121  0.56250662491284464  0.57259122190624645  0.58184052998144598
  0.59021828220613981  0.59803539098505698  0.60826153123071292  0.62062646205745353
  0.63346706942018127  0.64698120343816079  0.66098033395034950  0.67471501198043149
  0.68738740030018297  0.70064363158021936  0.71442295997163341  0.72815788136411985
  0.73877164818238372  0.74875418353432199  0.75852797554360352  0.76823499700895381
  0.77905908208106900  0.78930975249106261  0.79746941413846772  0.80560877611621262
  0.81329309607795131  0.82089390081118374  0.82869979209699562  0.83690910878499003
  0.84492967920156803  0.85550344673403456  0.87662116955175573  0.89670664394191457
  0.91232325200483555  0.92536627206765321  0.93595268300707801  0.94597589791541781
  0.95573577657476216  0.96815762488289070  0.98337597454981363  1.00000000000000000
   5.5958015172017049E-015  -1.0000000000000000     
 T T T F F F T T T F F F T T T F F F T T T F F F T T T F F F T T F F F F T T T F F F T T T F F F T T F F F F F F F F F F F T F F F F F F F F F F F T T F F F T T T F F F T T T F F F T T T F F F T T T F F F T T T F F F T T T F F F T T T F F F T T T F F F T T T F F F T T T F F F T T T F F F
