 -0.00015351817444010  0.00129725733191451  0.00204750756133224  0.00363727008888756
  0.00447678466313951  0.00486740587771920  0.00513603061636196  0.00531393673791165
  0.00558527560121591  0.00614836811182081  0.00683500696712638  0.00761881911712335
  0.00907415033108152  0.01077033791369024  0.01189101284888558  0.01285526512515943
  0.01417469305329397  0.01561530743621254  0.01707505579134562  0.01774971604197858
  0.01837210954355587  0.01900041303917794  0.01968642044364819  0.02062017575007931
  0.02170725827389726  0.02286133050170415  0.02397259312438905  0.02503749296180473
  0.02652702777544057  0.02845518718451965  0.03041737588541513  0.03237639148289986
  0.03436367929348894  0.03628855141106654  0.03770546027831922  0.03847732889280636
  0.03932791913928950  0.04017190239260394  0.04169986767654531  0.04392525696026903
  0.04636618449253511  0.04902041328727209  0.05238917579144618  0.05658914137926321
  0.06145001501070801  0.06684019959632814  0.07097130825502046  0.07492514931280658
  0.07901609983119691  0.08320382028017673  0.08732190259905924  0.09151293044196823
  0.09546385517154241  0.09929485858662843  0.10338961917219162  0.10748284095507163
  0.11180792068294258  0.11623444674602960  0.12117592177530147  0.12685902115869080
  0.13297756666516139  0.14113808454026000  0.14711623982392852  0.15312629066501313
  0.15973708017041166  0.16626010493397811  0.17269515789175216  0.17941274169657859
  0.18728647850340754  0.19593262744347989  0.20303531332223218  0.20817215209669104
  0.21311431946888534  0.21873633888763475  0.22676135092567357  0.23539350607911655
  0.24460059705209319  0.25591423192467488  0.26693343556211241  0.27809052112872035
  0.29049040384228897  0.30225227764307178  0.31364122683468643  0.32764904299665409
  0.34759488932584065  0.37646722961719781  0.41133596637482178  0.44869314266884475
  0.47900136316547554  0.51018520813345392  0.54426388442668316  0.58522033375586091
  0.63209919321149088  0.69935253931997787  0.80824424596928324  1.00000000000000000
 -0.00009684087107391  0.00169921656996329  0.00438496541958869  0.00867230568016457
  0.01294266188532214  0.01833152292981305  0.02488363128077565  0.03264381391647753
  0.03977075280709854  0.04825119676913135  0.05685670822031941  0.06475876672889318
  0.07220621553570837  0.07932934538004430  0.08750712616692870  0.09546472470334116
  0.10171648068287115  0.10814058818501482  0.11492656239056459  0.12287070533363190
  0.13159741143107884  0.13832297322353021  0.14403164478518235  0.14850458686921614
  0.15358932969579581  0.16037239615072507  0.16744094666230835  0.17303586640661173
  0.17838956494063973  0.18445251125194545  0.19052020056667868  0.19820123784433008
  0.20691370822606533  0.21420803075141645  0.21977953381275989  0.22501329354846192
  0.23049342046788332  0.23703789883366072  0.24679745064361464  0.26009012268546194
  0.27438234878579881  0.29026410176704709  0.30563466045114357  0.32027191086526385
  0.33580669511043371  0.34947978867543417  0.36108944299089873  0.37337984711019262
  0.38653341015674098  0.39863774188295964  0.40326457652668696  0.40789141117041433
  0.41251824581414170  0.41606253341623461  0.41918826657123320  0.42231399972623174
  0.42510148080494692  0.42682773654965950  0.42855399229437202  0.43028024803908455
  0.43769067344314100  0.44201030392661811  0.44318055468681983  0.44435315460210273
  0.44629387858752995  0.44819036145139340  0.45104759794727711  0.45325462756788076
  0.45840556127946269  0.46482519044125076  0.47369254561412905  0.48424303674718039
  0.49930796543547573  0.52274108402681230  0.55113309857232951  0.58032366073591024
  0.60467546264523364  0.62059421439592644  0.63141828463664473  0.64055716831907628
  0.64620823447765707  0.65185930063623787  0.66545792515059365  0.67909956726482901
  0.68697283407878629  0.69484610089274346  0.70271936770670074  0.71080640496231284
  0.71908553675295317  0.72736466854359338  0.73492867200126555  0.74173831566347592
  0.74854795932568619  0.76652033670324771  0.93800114815827340  1.00000000000000000
 -0.00004120831798435  0.00027641120135176  0.00051541445489588  0.00073701191135093
  0.00094580351380055  0.00110125870924302  0.00121968088695259  0.00135922140000520
  0.00154755936518307  0.00175982702391899  0.00196528919540210  0.00215973458728053
  0.00235730453005681  0.00254486333706345  0.00272939727427969  0.00291647394720372
  0.00309717486702719  0.00330687557949515  0.00357915427714805  0.00386392018658005
  0.00417371190779904  0.00445848228228392  0.00471796938156073  0.00497570006940451
  0.00526051398998748  0.00556358411638116  0.00593081791992030  0.00635024531568523
  0.00690144729846583  0.00742778648549465  0.00781796190208196  0.00811098396426917
  0.00838248957804062  0.00866795290016314  0.00894241066372047  0.00918864702157798
  0.00952291332660998  0.00991604991857179  0.01031236699112872  0.01067500502008620
  0.01108331782457432  0.01152919333018499  0.01200183420479710  0.01249659032782680
  0.01289548485894821  0.01327984069470322  0.01349871283496797  0.01364218406794623
  0.01380562238419508  0.01399809683077168  0.01428239442421876  0.01460229901902462
  0.01486041821253705  0.01514679259270599  0.01554377868528572  0.01593151908925685
  0.01627197672045348  0.01645112227133189  0.01662287766148373  0.01683600264221380
  0.01708492811057903  0.01756714325416248  0.01836545064087726  0.01929648012835472
  0.02023236601786118  0.02116293449843404  0.02209837908891562  0.02306118220133451
  0.02398417932084576  0.02490699391238460  0.02589173986816672  0.02684838985587532
  0.02781895426955359  0.02875639792127043  0.02948921030558025  0.03000848993738226
  0.03079857630482162  0.03172336844511452  0.03254390160599973  0.03348306201495351
  0.03450989356037847  0.03588157631733916  0.03722883102246934  0.03886201379080217
  0.04124884150605702  0.04394865843314639  0.04771725476774815  0.05186037262887112
  0.05796516012977351  0.06503467501386574  0.07255941376531248  0.08102401536932040
  0.10197694141100858  0.13851651476717072  0.19545499986381076  1.00000000000000000
 -0.00004178171689636  0.00010513943274682  0.00024206831167186  0.00037340022596977
  0.00050119847380978  0.00061810003119362  0.00069302617095810  0.00076853579188262
  0.00084546324130514  0.00092257038021211  0.00099987820051555  0.00110809090979457
  0.00123795749957903  0.00138217949060969  0.00154646829408728  0.00169207256770086
  0.00187521660018383  0.00206655342125206  0.00226061341914781  0.00248069001374910
  0.00269276197839642  0.00288227331447184  0.00306673457136894  0.00324659424604536
  0.00347639334161155  0.00370344088905631  0.00394146930242523  0.00418413570182608
  0.00442181961869387  0.00465747640925782  0.00490569499437146  0.00517342959735110
  0.00547856891775574  0.00581854333324848  0.00615627071892885  0.00645955994693960
  0.00674326220222651  0.00702258222568852  0.00733395856153165  0.00765695833128898
  0.00797569225476173  0.00832298493679983  0.00867642155822824  0.00904771583204491
  0.00941510503529267  0.00973091420009371  0.01004546739350864  0.01035079725355378
  0.01070870663430733  0.01106051670797558  0.01147066590865881  0.01208289465918924
  0.01284021728139906  0.01364862647121703  0.01447075844402562  0.01533254396226014
  0.01648252924085507  0.01797756493250533  0.01931399249269218  0.02055152041866559
  0.02176310807922125  0.02265251514700332  0.02339487660480332  0.02429032375579268
  0.02541715736980830  0.02744783597753534  0.02947823459824986  0.03129804623845892
  0.03309050584948570  0.03531196187216509  0.03799092201329951  0.04082972876133767
  0.04375972408899204  0.04694609371269693  0.04943722868830222  0.05360291247632156
  0.05992538178953673  0.06453836034640049  0.06967819275844753  0.07398382646368105
  0.07784801254540410  0.08204755587661251  0.09537531310816184  0.10847858087505177
  0.12061562178149582  0.13410999867809409  0.15035682693857316  0.17702144188657082
  0.21833731491372763  0.24064924272121901  0.25799601657343191  0.31625292473140909
  0.43809780477809995  0.63152310871463702  0.84162872474346040  1.00000000000000000
 -0.00214432257098277  0.00928890075014800  0.01966277448975371  0.03159507633373124
  0.04378467230618702  0.05456724688454607  0.06490626794751347  0.07608289807846591
  0.09012981852540906  0.10172088850732641  0.11121465682764020  0.12340450638354032
  0.13545862901591010  0.14584696852492623  0.15494994071211682  0.16702629744052624
  0.18164447442440601  0.19182683806282086  0.19825976828496417  0.20419537544458011
  0.20862749238914743  0.21358751472824211  0.22085690287079376  0.22992273704853375
  0.23612317655835463  0.24239682921893430  0.24902581490425590  0.25721062367492575
  0.26708566239412318  0.27571552902385393  0.28331660564678462  0.29016029335620314
  0.29886799499001110  0.30898217771171177  0.32276917206800804  0.33621977408279224
  0.34685413105392793  0.35722782677495762  0.37081027819600904  0.38601196535806426
  0.39980423164404888  0.41229769620466411  0.42345107081898042  0.43354822587681968
  0.44319389397183989  0.45282123692692916  0.46280711333031815  0.47309049219761995
  0.48283558627598511  0.49524053833215159  0.50794767999954538  0.51624994562838822
  0.52262607294126162  0.52919464868246302  0.53423468157216580  0.53989088540015306
  0.54569439021072308  0.55177566904564446  0.56474878632239534  0.58669193649367135
  0.60198712597756721  0.61500731985242085  0.62937066366587269  0.64465399472467710
  0.65652477460935499  0.66716762421532427  0.67678329433027695  0.68539021162925218
  0.69670472998313693  0.70678283520034235  0.71796332393314000  0.73056306905714086
  0.74521670224429304  0.76293507812221573  0.77537419632639881  0.78314149569845370
  0.79085682222351950  0.79822663724511900  0.80666479090885057  0.81451171888047391
  0.82070537710635227  0.82934508533430307  0.83817874540273229  0.84884622902135054
  0.86224637738294219  0.87743103210554030  0.89406475893673631  0.91241903726513973
  0.93139596843079331  0.94771041795384470  0.95638657920786951  0.96507764840156585
  0.97405744053796872  0.98294069341241674  0.99147034670620826  1.00000000000000000
 -0.00342227381091230  0.01496466860887737  0.02812800920093099  0.03638051992351172
  0.04376382663171131  0.05166580459885298  0.06256641596392469  0.07268104945639584
  0.08272787558429240  0.09498823978557688  0.10762332944032316  0.11481740234265275
  0.12231567258585117  0.13013400418615456  0.13773855909354035  0.14525869559533819
  0.15862332790989819  0.17374736025110740  0.18858456810398028  0.20103615117787760
  0.21364753750158297  0.22653974420155523  0.23852701836588219  0.24792249900621322
  0.25841033176990374  0.27376734517918483  0.29298188868591429  0.31148236361641723
  0.32485503100321361  0.33628021988052631  0.34671505048921875  0.35801906952944507
  0.37033331713894246  0.38138442184467325  0.39240640648969666  0.40534067797584428
  0.42004329684379971  0.42336727755423309  0.43016204965667509  0.43750455488268314
  0.44557279892650692  0.45121419558188719  0.45691964183928296  0.46514124063367379
  0.47146780335847749  0.48064326867487217  0.49297338058108237  0.50841827259407835
  0.52573697582327450  0.54692074286731562  0.56985693436974483  0.58586844727371590
  0.59597710085100708  0.60426391003602520  0.61149518176097128  0.61878369402707101
  0.62696970153425058  0.63574312527963517  0.64560119585680353  0.65493032553986485
  0.66409826745393652  0.67596157838159621  0.69112780429451803  0.70859501565994898
  0.72453221577405635  0.74162097353226819  0.75832023531722259  0.77448503546209524
  0.79027840081072476  0.80507206802445697  0.81859531253479401  0.83029015706556863
  0.84140407648719229  0.85207189300287822  0.86170284566722233  0.87252517951978814
  0.88245271938474223  0.88842838569290528  0.89434274034264449  0.89992949362682373
  0.90580269007814662  0.91145305611835647  0.91619159449556675  0.92063327856929711
  0.92734328338280547  0.93518479496593587  0.94395988137311237  0.95232931027088630
  0.95884765787344206  0.96377533608705301  0.96915998477921728  0.97450611616326954
  0.97916396650608295  0.98433337211853167  0.99218100318056879  1.00000000000000000
 -0.03476612054664763  0.21603073841677659  0.23529828420881579  0.25647016406322320
  0.26332549838229174  0.26518601040337259  0.26704652242445348  0.27271287785020926
  0.29209304050728935  0.31147320316436949  0.33085336582144964  0.33400257651369447
  0.33632482791593449  0.33864707931817450  0.34684392964299970  0.36051160704440249
  0.36818048527598890  0.39110863567593029  0.42206648994540552  0.47104130771274078
  0.50168289509422692  0.51642622829324414  0.52847154542980623  0.54473838698223997
  0.55484562255627323  0.56239347297060538  0.56998853186086307  0.57834793600326684
  0.58670734014567061  0.59371326918778267  0.59845500558651943  0.60319674198525619
  0.61411426119142765  0.62552110486632739  0.63693091976125915  0.64564311436563615
  0.65189235728636630  0.65864690090965106  0.66556256803391978  0.67428428488689995
  0.68496467363484226  0.69842797996221684  0.71751137285340638  0.73878826755032823
  0.75446043827839948  0.76147829724089233  0.76677534877955555  0.77172352521932186
  0.77834651642478647  0.78549768791448094  0.79260926342143567  0.79810022500666356
  0.80583577688404440  0.81465925940267703  0.82225552839788496  0.82863922133638201
  0.83413470837445369  0.83973585524820282  0.84669192162992113  0.85320157164680299
  0.86172234421888649  0.86903925530642157  0.87529066537385192  0.88136976639239517
  0.88614186225575697  0.89042007161800252  0.89437941406964394  0.89947926267792899
  0.90531732671470122  0.91043171260061462  0.91482298883007884  0.91887195931743071
  0.92264233809682361  0.92624253726470474  0.92871666960452914  0.93067308364521273
  0.93280923561905982  0.93524439004861715  0.93782838212367858  0.94039240534146140
  0.94307124408699938  0.94574555437213492  0.94862943948355238  0.95183014194341575
  0.95505403156047508  0.95821770770718495  0.96107314772885721  0.96397437308604428
  0.96671295565860027  0.96920012111152243  0.97160016658134452  0.97430642791144439
  0.97718766393702627  0.98014111471919985  0.98220326679543801  1.00000000000000000
 -0.00608104800954158  0.02346337190637087  0.04582549255241656  0.06277340700863683
  0.07948821949035087  0.09276594836302807  0.10194146434486508  0.11004888830674053
  0.12137015741589154  0.13174723006942127  0.13679960037752184  0.13938657490478393
  0.14296235292359263  0.15104523720126600  0.16009140920056464  0.16750976156647429
  0.18610546505505970  0.19819662351511450  0.20826447345948396  0.21662337269582208
  0.22417277731440260  0.23279092903007317  0.23846357114806763  0.24363833596594778
  0.25014857051208700  0.25738588814120889  0.26660090753582127  0.27586588708622145
  0.28843983322755995  0.30285038071358339  0.31630293281392963  0.32742086014569638
  0.33583099722868909  0.34119534812933144  0.34704355859995983  0.35361808509253284
  0.36170522480234335  0.37657789436939415  0.39206627030755087  0.40410665795264733
  0.41470613006749402  0.42400219038962506  0.43083864941889466  0.43768554834218976
  0.44570845832887290  0.45389928452920536  0.46124357735337762  0.46822277056350442
  0.47532148130370422  0.48746835689345908  0.49940154198505105  0.50990948932807745
  0.51827778150543469  0.52600054087049475  0.53421041094850341  0.54244122857333166
  0.54726576730559973  0.55224059584029250  0.55769626956889129  0.56331517947992604
  0.57003303259276517  0.57675088570560418  0.58628329419483227  0.59701764943012414
  0.60849156913389113  0.62004053465584508  0.63005259212432296  0.64033012273049905
  0.65006752544182056  0.66097531557627764  0.67356731163148253  0.68732701541848173
  0.69945184505729185  0.70890248314459248  0.71836073297571268  0.72732818181127257
  0.73796759022019420  0.74931519404294955  0.75992335177276915  0.76800538305816202
  0.77538837834752172  0.78338175405132737  0.79240166533661982  0.80233387004648060
  0.81354082254537952  0.82558112484018120  0.83843358900134601  0.85327937067681492
  0.86887609043558178  0.88397342749722230  0.89679897182644042  0.91593642254886631
  0.93527242510798714  0.95542304552272028  0.97740426139312386  1.00000000000000000
   4.2827472617505993E-009  -1.0000000000000000     
 T T T F F F T T T F F F T T T F F F T T T F F F T T T F F F T T T F F F T T T F F F T T T F F F T T T F F F F F F F F F F F F F F F F F F F F F T T T F F F T T T F F F T T T F F F T T T F F F T T T F F F T T T F F F T T T F F F T T T F F F T T T F F F T T T F F F T T T F F F T T T F F F
