  0.00005987338660048  0.00021194360842700  0.00028489136127354  0.00035344604585125
  0.00041235428492483  0.00046935202167369  0.00053109591013873  0.00059028561003313
  0.00065488558418482  0.00072718780087863  0.00079389907165700  0.00085845029463568
  0.00092531112714656  0.00098249355136513  0.00104572609384841  0.00112001251608061
  0.00119927940475824  0.00128112586372274  0.00136194524126600  0.00144212429429840
  0.00151204939350908  0.00157776435501553  0.00165283999063292  0.00173456652259155
  0.00182376659564291  0.00191749200770047  0.00201933503991881  0.00213527935699864
  0.00226055061133973  0.00237769093604461  0.00249083404469635  0.00261302436037394
  0.00274821186730892  0.00289997601056702  0.00307916263406252  0.00326353007815354
  0.00344680930347299  0.00363269547404826  0.00382522829629013  0.00403677237112167
  0.00426111899043469  0.00448711205881756  0.00472251342687304  0.00498392813794504
  0.00528487323062304  0.00560572043788323  0.00592920383505949  0.00624962340129980
  0.00661281829623538  0.00700630687419451  0.00741040455643674  0.00779590103119714
  0.00817664390850493  0.00863345548186945  0.00918903396411540  0.00986725178289840
  0.01050936092369695  0.01114850283371123  0.01176700617824681  0.01247665702841576
  0.01334110880753089  0.01433999473001977  0.01511407485730801  0.01581471922989389
  0.01635662755196925  0.01696990977001444  0.01775495368710461  0.01884803820512182
  0.01994959421971018  0.02106056120617972  0.02230706018253380  0.02348668832364689
  0.02452061969286530  0.02575804536478491  0.02735542911408995  0.02958070336974724
  0.03270725060076013  0.03464015410442942  0.03584356147313428  0.03698358784553631
  0.03801949349537847  0.03902295407772252  0.04000746864895219  0.04135941024872376
  0.04302116177825761  0.04578809521907660  0.05097645802889555  0.05719766741883987
  0.06359749502084452  0.07104486914545996  0.08201174030651485  0.10053461310306815
  0.13842345182729709  0.22503361641562852  0.39250642650736739  1.00000000000000000
 -0.00000014008860245  0.00003616635954746  0.00007706022484967  0.00015782427715001
  0.00035548158611529  0.00059137711282202  0.00087545020222465  0.00111298228160581
  0.00132132040756158  0.00156192150888993  0.00189571754042649  0.00223761153881445
  0.00261359115850429  0.00301902120174113  0.00346236344080858  0.00392803292407312
  0.00445614637787305  0.00502807367283394  0.00573677169230500  0.00661521626468371
  0.00745879804806255  0.00832864374903467  0.00935125776216911  0.01075816739217441
  0.01180055573135478  0.01289261630020364  0.01423463010425457  0.01569888080673225
  0.01721564700490461  0.01886049156668527  0.02066906754068870  0.02237696735363329
  0.02424642149116830  0.02626174619561087  0.02847338447582908  0.03088578177770278
  0.03300713182793629  0.03518989437733468  0.03752066603772929  0.04010428569955889
  0.04349317401874209  0.04741508131974152  0.05126034739184402  0.05485117045819254
  0.05824198605050576  0.06175866985044537  0.06549330040726672  0.06952848459098486
  0.07451115969783997  0.08035608056769161  0.08697694075361484  0.09469968342296112
  0.10415171979613633  0.11618145696920171  0.12576480316854349  0.13211863548095218
  0.13747129560500632  0.14118966367613089  0.14424229545988837  0.14690967344937003
  0.14961904145434163  0.15278803341767902  0.15708354614185516  0.16115240339843750
  0.16783135748843961  0.17623289943341988  0.18834809258854335  0.20366276540025732
  0.21694409870198442  0.22754981086744447  0.23788594825658121  0.24815531704477645
  0.26361834298245646  0.28102615683512910  0.29777260443617681  0.31064319465578200
  0.32341606519805177  0.33504158030639691  0.34806317112584467  0.35889814656831559
  0.36945662113864502  0.37910203699200934  0.46186113516859700  0.50841886969811412
  0.54205229086577877  0.57568571203344332  0.60374140844616597  0.62838716092249403
  0.65303291339882219  0.67767866587515024  0.70926697526335025  0.74306410873852846
  0.77686124221370667  0.81065837568888499  0.85844221132665532  1.00000000000000000
 -0.00000101683725799  0.00000731638172507  0.00001393135698780  0.00002010842678912
  0.00002681477840834  0.00003277794065337  0.00003811995692725  0.00004313582907041
  0.00004802188646104  0.00005313322805415  0.00005805261765647  0.00006331962986332
  0.00006806902303488  0.00007227350111068  0.00007601176295982  0.00007981138155708
  0.00008402573428553  0.00008824125594126  0.00009277923533998  0.00009781056594078
  0.00010306290873364  0.00010835223694350  0.00011344218701322  0.00011829167709750
  0.00012303470942602  0.00012792917025024  0.00013369074037288  0.00014020737765407
  0.00014672313201607  0.00015234281998051  0.00015737836096597  0.00016253333941494
  0.00016812456961554  0.00017453953462961  0.00018143812995194  0.00018910602660690
  0.00019772272145378  0.00020665264634944  0.00021519918411903  0.00022357412466526
  0.00023226453464181  0.00024144917551274  0.00025089874573011  0.00025960248081456
  0.00026729471650202  0.00027549886762895  0.00028390267567338  0.00029284088591907
  0.00030309036503240  0.00031382922429779  0.00032477630652266  0.00033602253763947
  0.00034785085073718  0.00036068074148029  0.00037520321267322  0.00039039181737973
  0.00040517151677557  0.00041919206246606  0.00043215165757785  0.00043897362883333
  0.00044531576378192  0.00045378082342737  0.00046234820841461  0.00047170785375670
  0.00048169054989902  0.00049491157885946  0.00052039078891840  0.00055261899618634
  0.00058435012243854  0.00061384104678808  0.00064057387312834  0.00066574593093750
  0.00069313230715228  0.00072348610828260  0.00076398235388013  0.00081767804280787
  0.00087550872955439  0.00093677515604538  0.00100500226684987  0.00109035646934985
  0.00118292976890476  0.00127872254365345  0.00139814383710437  0.00155204422721245
  0.00171097347268135  0.00185187430925556  0.00199525545527618  0.00215830615747642
  0.00237891710568629  0.00266607914851683  0.00300486060877789  0.00329220089855689
  0.00359854243888480  0.00506711388228013  0.00699583723591817  1.00000000000000000
 -0.01725340890106294  0.08425593045988408  0.16146957035570331  0.23674803690489865
  0.29949212169112072  0.35848384384724413  0.40478507237051287  0.45353109091553145
  0.49281171705444865  0.52413776526952172  0.55267981338719618  0.58100809105065898
  0.60587101506384877  0.62035441961422788  0.63553236998774476  0.65152872199300382
  0.66370851235038042  0.67447241074259145  0.68773519285361606  0.69945780467698959
  0.71187397170999955  0.72277673413120314  0.73399290972255671  0.74656060208982322
  0.76114238271358203  0.77439344929831266  0.78566444938726299  0.79619769745193270
  0.80665266451838313  0.81579639334814880  0.82430056122795115  0.83234770721173268
  0.84010324477884391  0.84782631351053506  0.85582726927952035  0.86325658760557422
  0.86903192272207630  0.87403598277764305  0.87852566070253957  0.88325639899339214
  0.88829344604458005  0.89349561069259031  0.89912685246083535  0.90422661765960066
  0.90889760044683132  0.91307459706485794  0.91700783397264607  0.92055083436434626
  0.92347989671273134  0.92615135293467998  0.92869974987393744  0.93113568425810966
  0.93339770275281575  0.93530031587021656  0.93728813061655547  0.93943713434115039
  0.94174802114863287  0.94411392365715097  0.94652708030265231  0.94890653793249857
  0.95135259230719660  0.95387587178995159  0.95636958534025085  0.95866105607851704
  0.96094163242574016  0.96305065321940875  0.96489663643572365  0.96654559998453948
  0.96821372244194648  0.97015209645103506  0.97206345203395017  0.97386700257679415
  0.97552177552870800  0.97699301951751827  0.97846602378462177  0.97987062490373633
  0.98161031903135421  0.98369794032982794  0.98607301301739747  0.98700690636543009
  0.98796252840609833  0.98893364933069827  0.98990917096935305  0.99106364744537156
  0.99207804260010601  0.99306737658961330  0.99403266993901895  0.99495690673821968
  0.99581967564536411  0.99646367841358408  0.99704890134407553  0.99761411328402172
  0.99817632017037172  0.99873212547312518  0.99934133238088785  1.00000000000000000
 -0.00361261591590599  0.00659014153166931  0.01703717764479659  0.02805813036015077
  0.04127844437827145  0.05650827496637337  0.07166534336342731  0.08792068038868822
  0.10367805556593293  0.11789729996930323  0.13081415097726176  0.14083802338618756
  0.15032797616446331  0.16008441995543790  0.17070633131875160  0.18405120250441062
  0.19794741420098408  0.21079516008530352  0.22363289774593312  0.23502747194094084
  0.24498906457594813  0.25447178371342227  0.26474836220710224  0.27632192968404512
  0.28696781540389343  0.29582081454364312  0.30353049708278051  0.31181599048292913
  0.32018103860917646  0.33025023485990540  0.34113157534780569  0.35067057369001631
  0.35988246228366405  0.36843611019260591  0.37779099212066652  0.38782310873324766
  0.39803357444729270  0.40779405904182942  0.41973628541417635  0.43145659037617351
  0.44207822255371843  0.45275217016295299  0.46459039945913883  0.47745213973211470
  0.49117132739725056  0.50563210448918294  0.51888671705064993  0.53360464853642309
  0.54693085339503411  0.55680697815123503  0.56593577654600224  0.57499229907733418
  0.58456797711949504  0.59525967102693911  0.60932246711028437  0.62169949148369485
  0.62935103526269853  0.63596677932125223  0.64152847464491702  0.64696662485081535
  0.65283226382525705  0.65765491725964309  0.66193226997527943  0.67337000502204714
  0.68445947083521130  0.69613190085182264  0.70550342541332056  0.71470802314815762
  0.72367511409741281  0.73195701058791807  0.74091989319807983  0.75049383161940464
  0.75948292481380819  0.76807104388217673  0.77629198781123177  0.78350884315792879
  0.79415453525984414  0.80485144693949184  0.81850201628776731  0.82759938081607465
  0.83602234182795931  0.84472513211582079  0.85647969086011622  0.86973270029568750
  0.88254504505533937  0.89402363301140364  0.90480047879114256  0.91552725538142365
  0.92615125009373811  0.93826059401603512  0.94816929443044751  0.95704034923933456
  0.96610757780100054  0.97645575001361795  0.98765281699335494  1.00000000000000000
 -0.00342478267499288  0.01103365782733291  0.02597736947700278  0.04107361332665269
  0.05649804535827152  0.07087793118909347  0.08220191743957962  0.09080050089115610
  0.09812113515198355  0.10480640253349904  0.11249992182873562  0.12069826384862045
  0.13230600987018659  0.14622713543765090  0.16019358039756137  0.16766045405184332
  0.17260516246806992  0.17722528935420542  0.18172986719462014  0.18663612212598005
  0.19073564183267855  0.19447087426631698  0.19854169183699524  0.20903017311195896
  0.21841986608988187  0.22829286196758217  0.23820267310742080  0.24866204934113209
  0.25809958587636361  0.26799805926194514  0.27899190294587373  0.29068758654070198
  0.30387988079252493  0.31968830845246771  0.33658954121354323  0.35241489595412800
  0.36534002600769522  0.37634634395134048  0.38741224289856868  0.39833945663642656
  0.41014224842192265  0.42390425919088087  0.43825004558259312  0.45093083706356168
  0.46150177168113715  0.47159941817564965  0.48210928074705811  0.49293779488249373
  0.50246396975915442  0.50928742526650073  0.51500262633720628  0.52347294166351033
  0.53367547579773456  0.54454155649382663  0.55369152645045805  0.56338492489879144
  0.57535037597554639  0.59081471023835319  0.60633232301575057  0.61771515960191348
  0.62798670439018778  0.63715808113589834  0.64507972631139521  0.65334873164896168
  0.66156792418912069  0.67351215842451906  0.68950028435592936  0.70563384925955297
  0.71837935317398538  0.72797283631318555  0.73614810246411433  0.74341359885443903
  0.75053039800889809  0.75940967833275963  0.77049379512137384  0.78241220503449738
  0.79365747742045667  0.80416648060622609  0.81378296075567036  0.82363105617156929
  0.83431511381966095  0.84451843930605786  0.85443180724757584  0.86447528619715797
  0.87414234158816939  0.88497090740289486  0.89534993533452134  0.90856004428841486
  0.92209836524870714  0.93459676294248351  0.94452040338461141  0.95450689332461303
  0.96466946423391575  0.97490151257441415  0.98768064661255695  1.00000000000000000
 -0.02846587677328652  0.15894433720021472  0.21930922598367822  0.30487933763269365
  0.38736282832008895  0.46645753366052300  0.54178803358728012  0.59837641396027941
  0.64108860071273943  0.66348041745419017  0.67459750172366850  0.68352530880161921
  0.69177589226529312  0.70001145432514622  0.70726177044709704  0.72347164919836315
  0.74190463227661585  0.75644424859091175  0.76649079519550711  0.77633852108003276
  0.78908008654627337  0.80084767828511794  0.81106624807530481  0.81938114114256133
  0.82766506050572719  0.83356888556519526  0.83862695903022910  0.84347801620479324
  0.84762931733373514  0.85149141924337512  0.85503431399432583  0.85790435430283896
  0.86069201032520304  0.86436334854059216  0.86903448777553205  0.87455848665255809
  0.87955902084532844  0.88365256521800850  0.88762251102156542  0.89242067317507356
  0.89737527161200581  0.90154575726925057  0.90483062271451220  0.90736828715382256
  0.90976640794245722  0.91184185457823785  0.91389873553940537  0.91606548835449764
  0.91831393984222920  0.92054670681881601  0.92263322931756619  0.92455221328953441
  0.92638890466610591  0.92818183632196483  0.92997756397679787  0.93184295135337325
  0.93384435672017385  0.93590175012044674  0.93784706618009428  0.93969012557562626
  0.94150127950537243  0.94346390165321659  0.94533294446053173  0.94722697911314280
  0.94905020162401355  0.95073145107934931  0.95232236696130312  0.95379904561815887
  0.95532102434109689  0.95665547396310813  0.95794372987622611  0.95918777716249515
  0.96036371538523380  0.96151799272111549  0.96274910069432451  0.96397934638177396
  0.96519208058221129  0.96613116148587508  0.96705840465215653  0.96804800795276902
  0.96907884427295088  0.97007156380138970  0.97100200768546863  0.97194924959430828
  0.97291169342386596  0.97389252121875425  0.97490964859409290  0.97595477750939719
  0.97701909466771064  0.97810544893654494  0.97923281280651664  0.98043807147116879
  0.98178101953283237  0.98330670358202499  0.98416134077610906  1.00000000000000000
 -0.00193786138706211  0.00863189862640174  0.01766878428686820  0.02678033735570063
  0.03509579587177171  0.04508208024684736  0.05627545860522939  0.06709852467110583
  0.07685601177485164  0.08551566431371220  0.09310642068474163  0.10080518440338654
  0.10844276758258836  0.11590193666276852  0.12368950858158576  0.13297999186412116
  0.14281603315953331  0.15181957541585869  0.15855181513319030  0.16614296049080807
  0.17365919627055595  0.18090837052948219  0.18975313960412790  0.20149314347200270
  0.21716323012562094  0.23089197226544947  0.23920816174908052  0.24776597045677029
  0.25618899160951253  0.26655926769665755  0.27680149993367664  0.28732459662269039
  0.29707268146502863  0.30639536509958820  0.31602480730709004  0.32703653764675605
  0.33954155993566976  0.35246846111136365  0.36503910671665940  0.37807911731546406
  0.39202179393659020  0.40889492521961762  0.42727405241283478  0.44361574012536620
  0.45880481835884085  0.47324458341788955  0.48894933391935225  0.50522256727641812
  0.52334101185254889  0.54033268730216977  0.55479682338181913  0.56795759428535886
  0.57993762641831859  0.59108689994112562  0.60259758760859872  0.61663497884685614
  0.62984408240501977  0.64200430947775700  0.65193618552628085  0.66173993272215581
  0.67253071045636736  0.68440935571591166  0.69454719671825471  0.70550876194401535
  0.71653182720159514  0.72770971844366539  0.73882897516963653  0.75019384426909153
  0.76293560799360527  0.77556929779065775  0.78667397502627678  0.79670909416278091
  0.80603845083416248  0.81506048259883357  0.82502713608234357  0.83586156820288515
  0.84632487661832767  0.85626863187596691  0.86150098409454778  0.86540341664922438
  0.86914081089460238  0.87274735827687511  0.87609558742924221  0.87864468911164484
  0.88246930077167962  0.88905596020165167  0.89785064119489644  0.90917493809166749
  0.92216591727833352  0.93533211545678208  0.94778418174363521  0.95921241871121243
  0.96972676009395187  0.97988783225791487  0.98991510834291541  1.00000000000000000
   3.0734096301221401E-009  -1.0000000000000000     
 T T T F F F T T T F F F T T T F F F T T T F F F T T T F F F T T T F F F T T T F F F T T T F F F T T T F F F F T F F F F T T F F F F F F F F F F T T T F F F T T T F F F T T T F F F T T T F F F T T T F F F T T T F F F T T T F F F T T T F F F T T T F F F T T T F F F T T T F F F T T T F F F
