  0.00005766260972571  0.00008980235116405  0.00011679673696502  0.00013656495587686
  0.00015129666383151  0.00016255119341283  0.00017188213443344  0.00017981315283401
  0.00018818326074372  0.00019432820953723  0.00020053714859044  0.00020498314704596
  0.00021038117732294  0.00021410445571052  0.00021812099111156  0.00022444336431282
  0.00023298565405032  0.00024044124189741  0.00024488086382458  0.00024797852144014
  0.00025761539622730  0.00026662007589808  0.00027494903531824  0.00028353286535167
  0.00029196605796022  0.00030130979183993  0.00031133246623156  0.00032177349656601
  0.00033363539057005  0.00034630582168702  0.00035907638071149  0.00037173135964852
  0.00038458872003957  0.00039541925283385  0.00040824692605334  0.00042275874282053
  0.00043847214671834  0.00045553787137448  0.00047311786125185  0.00049000193832857
  0.00050646920365096  0.00052353745354436  0.00054072868014789  0.00056073978342128
  0.00058428999182480  0.00060868471903962  0.00062878907992803  0.00064613321724266
  0.00066269170847360  0.00068511960395602  0.00071529466313467  0.00074634777698778
  0.00077577647638990  0.00080475044135825  0.00084049727117875  0.00090709419848853
  0.00098191802570134  0.00106229115637576  0.00114612644131068  0.00123220852810101
  0.00132227374368317  0.00142353933109549  0.00151924002749068  0.00160226018507006
  0.00168396999774679  0.00180504080238710  0.00193553766229911  0.00209318935261508
  0.00231091972921360  0.00251800559237600  0.00274238080969744  0.00322478867723840
  0.00396918964974049  0.00516221219468263  0.00589801677514914  0.00677711602079264
  0.00769652982168477  0.00889225525721458  0.01127861027922135  0.01521124250937939
  0.02154711151891091  0.03189694276305455  0.05006792506821617  0.07293335396365486
  0.09320205761504316  0.11061080869718727  0.13248650570815773  0.16943183560168329
  0.22988068057740152  0.28947688738871169  0.32368940481018738  0.35896067471013360
  0.41369296560254315  0.50354841659531502  0.68391308349903202  1.00000000000000000
  0.00000054819199628  0.00000055878193141  0.00000056950126712  0.00000058138863479
  0.00000059390061121  0.00000060699772860  0.00000061857913864  0.00000063321542042
  0.00000065580303647  0.00000068119442205  0.00000069902507033  0.00000071046680737
  0.00000074411684092  0.00000079121847055  0.00000084101336092  0.00000088477647580
  0.00000093046943499  0.00000097860358597  0.00000103009295252  0.00000107532779925
  0.00000111741193000  0.00000116100707683  0.00000120704620792  0.00000125509406963
  0.00000130993220751  0.00000136120440673  0.00000139929002856  0.00000143472148657
  0.00000147430800773  0.00000151010900242  0.00000155136562846  0.00000159633106374
  0.00000164305102400  0.00000170296219257  0.00000178510254368  0.00000187987005769
  0.00000194930115559  0.00000202216747668  0.00000209711571262  0.00000217005702652
  0.00000226015539346  0.00000232079253666  0.00000235996384798  0.00000240242196113
  0.00000244447744127  0.00000249230964142  0.00000255161997398  0.00000263232748520
  0.00000273265316963  0.00000287622520367  0.00000302132878438  0.00000314449586507
  0.00000323393922556  0.00000336991901757  0.00000354958204694  0.00000372348028324
  0.00000408164208369  0.00000444177148540  0.00000481290533267  0.00000524490998415
  0.00000580702353483  0.00000643625764389  0.00000720679361436  0.00000798933996004
  0.00000870173045902  0.00000939547337551  0.00001001464718743  0.00001061036222434
  0.00001143612943533  0.00001254491402173  0.00001348138482435  0.00001486737685837
  0.00001677320286619  0.00001889384825951  0.00002105860897608  0.00002403255010097
  0.00002728865272733  0.00003047071740587  0.00003376855653913  0.00003857835796596
  0.00004721679522529  0.00006340301910157  0.00010006659412135  0.00018586860837057
  0.00042790224878069  0.00113071088509689  0.00349141284876138  0.01228809423119542
  0.03182852129598771  0.06258035915403765  0.12359361072504521  0.20768143444837284
  0.31944349372308656  0.48691443546770202  0.63779553790626164  1.00000000000000000
 -0.00001444457968262  0.00006067718407405  0.00009309180561484  0.00011952743656552
  0.00014572616804504  0.00017001355158613  0.00019112144326717  0.00021067325251560
  0.00023161292079337  0.00025238954277095  0.00027086327326014  0.00028509659070533
  0.00029800943762649  0.00031062406787922  0.00032472458678493  0.00033898558669397
  0.00035162568218878  0.00036601536480913  0.00037827336448438  0.00038851046468053
  0.00040176125734032  0.00041781581445804  0.00043530935654053  0.00045301895042521
  0.00046866208723310  0.00048354444417558  0.00050084501765692  0.00052068846351698
  0.00054000096726658  0.00056540085687067  0.00060675365091865  0.00064788773511645
  0.00068589597946038  0.00071910667936757  0.00075035801581545  0.00078777009631235
  0.00082934887472877  0.00087565538886124  0.00093159835249092  0.00098425715029871
  0.00103502465092326  0.00108478689395735  0.00113806907566789  0.00120225098429731
  0.00128862893096415  0.00138857256876560  0.00149200071405688  0.00158986024547422
  0.00167303606652886  0.00177843206641419  0.00188596803814347  0.00199532611980849
  0.00212695834574303  0.00224487098601561  0.00238449866634252  0.00251962974583688
  0.00264935136750508  0.00277100989298138  0.00287343485444392  0.00299217894652401
  0.00311570420303526  0.00324804615062281  0.00354799912155216  0.00393015922883930
  0.00432692665094973  0.00449516962234989  0.00466231041170430  0.00487671517616660
  0.00511417534698393  0.00536342184231049  0.00580652323657596  0.00640057594742561
  0.00710663255580245  0.00770957516766258  0.00823057687049922  0.00878919559842422
  0.00954684040475549  0.01025974299334633  0.01101121273620444  0.01203572447874792
  0.01308817081679638  0.01418194276085771  0.01640061873846948  0.01946252683529677
  0.02423098999749185  0.02985124507679165  0.03448372065567865  0.03848927895441540
  0.04256821872711009  0.04929192279416295  0.06121430531059698  0.07553777117444464
  0.09286693769807938  0.11221840676692349  0.44692613343231907  1.00000000000000000
 -0.00245930223302414  0.00867902986602786  0.01809376209822732  0.02849301492803055
  0.03984541272415293  0.05165550649954678  0.06227503793524141  0.07097764201270144
  0.07817305271926372  0.08456836297645323  0.09441578849238821  0.10430165497162788
  0.11405334831940424  0.12348596401825487  0.13245694567434249  0.14121320642743618
  0.15110702409096771  0.16151339044800694  0.17262584426500716  0.18380483490760716
  0.19400498413478301  0.20673084105404602  0.22329654260969375  0.23501953402935588
  0.24588003309732598  0.25691189120424923  0.26834431529337821  0.27961384149704482
  0.29068630935331657  0.30277602637342255  0.31423195010175337  0.32477929084364271
  0.33637689032291862  0.34971298324477856  0.36507018216177817  0.37900921638173529
  0.39076725473039475  0.39905575119252784  0.40369370810470556  0.40913400015273604
  0.41427566593065035  0.42344695887086270  0.43734590736114232  0.45304329162923845
  0.47142406285500776  0.49263693043902645  0.51317020617539766  0.52851729289291260
  0.54499904040447344  0.55878224495926809  0.57000127290865055  0.57902623852385748
  0.58663639083147356  0.59293569668120094  0.59947576908390809  0.60609479923636667
  0.61372412456367120  0.62799839597730911  0.64565607723491347  0.66374632746421736
  0.68190547325983386  0.70029376898881801  0.71488405411574663  0.72293592200901757
  0.73090630582798721  0.73996308638316843  0.75448885422659862  0.76916853257731144
  0.78606060887121443  0.80372202829147921  0.82137477635752709  0.83743948819305303
  0.85225101266118708  0.86433039256736810  0.87269602681543024  0.88184180740634943
  0.89268486613510023  0.90956082767105295  0.92780238251051017  0.94078578106823685
  0.94928525220690796  0.95697839814735963  0.96414182167384122  0.97066143696869733
  0.97675688911452974  0.98158147342534374  0.98442482675987319  0.98779286849951164
  0.99130942621253182  0.99441426393987997  0.99642155934357912  0.99752883092609201
  0.99841533449556097  0.99900686621576584  0.99951795472781613  1.00000000000000000
 -0.00316575076148428  0.00965904118411753  0.01952726162601030  0.02941156295392297
  0.04038767741735820  0.04683930768532354  0.05103814256375168  0.05686334436316295
  0.06649316733283855  0.07563800154130507  0.08412942363422891  0.09385818402578880
  0.10596161101043518  0.12174016512673716  0.13870031879814515  0.15658015060030142
  0.17249831307967795  0.18629681235203702  0.19728369565720463  0.20591805498173923
  0.21439032431636285  0.22371533470143748  0.23318053786801246  0.23942861131377388
  0.24552512092203799  0.25213211328891760  0.25861665694189701  0.26399259395474894
  0.27132574694264761  0.27676642571084636  0.28275228204411884  0.28916801225308147
  0.29566094972393892  0.30485231861515283  0.31426837526051249  0.32272717414638613
  0.33259902249524659  0.34534595253413830  0.35765857213926772  0.36929359797372208
  0.38177966251872764  0.39617077974821874  0.40953223714427506  0.42243403280420039
  0.43474994186138888  0.44687243111434188  0.45982003368742885  0.47118790778517794
  0.47576945283931510  0.48108116343192664  0.48749698363918498  0.49338561126249869
  0.50161274419736923  0.51496873756333772  0.53320374638189549  0.54498314459714381
  0.55885333510174551  0.57230773153213133  0.58486644623438055  0.59784943413412683
  0.61099409113114023  0.62539694660768508  0.63844716566322091  0.65070708322346293
  0.66200864814779758  0.67212974968427686  0.68239449398304186  0.69390208889546856
  0.70789048561084544  0.72510980657816593  0.74248024429668558  0.75892637536829577
  0.77421503443481787  0.78850249989134980  0.80529462405221608  0.81625893336993438
  0.82432904916229188  0.83170705882525819  0.83819264604766386  0.84578294286351852
  0.85346977297162518  0.86270513024556461  0.87409335630759200  0.88663031125421932
  0.89920189134064277  0.91568249746561514  0.92852529319315225  0.93633635312142527
  0.94417419355790977  0.95133320139045252  0.95775913017128977  0.96399860191714604
  0.97293374185635639  0.98238178494517359  0.99093427816801860  1.00000000000000000
 -0.00506151158422803  0.01483935503950367  0.03200184521045599  0.04618525167130533
  0.05795412596859700  0.06852742406962913  0.07892820987825254  0.08825394454290700
  0.09674110120524597  0.10460912737281727  0.11186419221350724  0.11973276045431826
  0.12750870993889563  0.13551263144887227  0.14262730630853060  0.14883729806269244
  0.15700672404325378  0.16777413855286047  0.17835244434999686  0.19000918939163644
  0.20542430045111432  0.21720968016524445  0.22491494577407597  0.23058026862804523
  0.24179742962831643  0.25208846722050465  0.26288460078991105  0.27371620621215148
  0.28532980010252179  0.29739252023952911  0.30985917493355042  0.32357040514192120
  0.33884805363432685  0.35547289153427802  0.37327805035675277  0.38625648495087000
  0.39517402939551277  0.40280941265557441  0.41066892192325866  0.41852976109086204
  0.42663915098365746  0.43624774384002685  0.45012367492371086  0.46389579595996222
  0.47871052597904440  0.49032932492852860  0.50250859514149382  0.51512032935092422
  0.52590260127413957  0.53426779147038972  0.54331679057147442  0.55439967212767371
  0.56745379942488938  0.57597191144488991  0.58144986261849807  0.58837300435255002
  0.59695209512726644  0.60385446107461027  0.60920822666827479  0.61626428794269672
  0.62182553420237652  0.62654997823409364  0.62966417526869467  0.63355381912300679
  0.63866044027725821  0.64267408759368549  0.64712318624513621  0.65250154516627035
  0.65814905428150283  0.66364472292840215  0.66870410382698420  0.68502601677410258
  0.70046763797082234  0.71352272403372219  0.72422145960366535  0.73431042901441468
  0.74732818877529417  0.75958454364042993  0.76971009028964021  0.78510481446385272
  0.80579249311641477  0.82308074520665431  0.83809912541588716  0.85086813741469436
  0.86104038362202306  0.87034733928038444  0.88122785470830167  0.89272045417603729
  0.90419510215685894  0.91559714230110290  0.92910363272595831  0.94222005589394764
  0.95370131574956474  0.96492028551112674  0.97784750912657104  1.00000000000000000
  0.00005062284422815  0.00027424839731965  0.00038248510106092  0.00045489528756401
  0.00051866182046510  0.00057349783336572  0.00064089328194126  0.00070382054021494
  0.00076715525390153  0.00083097802497369  0.00089393445775444  0.00095604815403641
  0.00101531166545894  0.00106793261998513  0.00111787256415366  0.00116807761181299
  0.00121965797487841  0.00127570915353056  0.00133551941659408  0.00139424387082925
  0.00145012080660206  0.00150487624622654  0.00156086286863426  0.00161728794026699
  0.00167455784331784  0.00173200416816163  0.00179386513091955  0.00186362308229343
  0.00193288531547067  0.00200282376724072  0.00207595749697152  0.00215565790874396
  0.00224858854098386  0.00235235292541191  0.00246411381350304  0.00258789192568976
  0.00272644513736206  0.00286270576811764  0.00300633102957788  0.00314989376320177
  0.00328713630568935  0.00343738893286683  0.00358855519251889  0.00374247003714163
  0.00390543315493175  0.00408559012050005  0.00428001631710989  0.00446842124282019
  0.00468025770493949  0.00489494117614569  0.00513901691799271  0.00539677597549364
  0.00562177938661312  0.00578729294378107  0.00607569052413296  0.00640045387530995
  0.00676902224835414  0.00716870448419114  0.00775524202224357  0.00851940875544458
  0.00931895865736282  0.00999837938709442  0.01091221225285474  0.01187202301658834
  0.01342813017001624  0.01549020033708147  0.01732864454522525  0.01893578185189735
  0.02063474904587166  0.02314024742204594  0.02662069324936009  0.02966616138867299
  0.03192157966388858  0.03338766876331372  0.03676717961692827  0.03943771543148093
  0.04117806247352562  0.04442541597966083  0.04946565877896437  0.05634125048173334
  0.06316375075338820  0.06937925522530437  0.07954772968135687  0.10974441810583710
  0.32361416483335631  0.40740467391040003  0.50711395667283787  0.62146407053708896
  0.71794368658404994  0.81299816681241610  0.89172512323742315  0.93765751587324309
  0.95881796370934091  0.97388151466609385  0.98281944891231388  1.00000000000000000
 -0.00563270305899104  0.01571293886368026  0.03242390188315305  0.04518286449425604
  0.05684978307543354  0.06809222479807639  0.07621877863696154  0.08243079808890624
  0.09141141401597357  0.10200715745578769  0.11107321689513182  0.11905956134307492
  0.12715992812322610  0.13658419127072843  0.14487279362192534  0.15661672572017482
  0.17179542704835310  0.18746633332447399  0.20262716163140748  0.21674704935209063
  0.23138876556196267  0.24610650048599075  0.25933297989831744  0.27100438406542160
  0.28302234388501996  0.29555336255247611  0.30457796468470405  0.31070293341360378
  0.31674518866938911  0.32173390758596015  0.32676857473446458  0.33170230884655655
  0.33883729867321893  0.35347635169963859  0.36895508663081211  0.38157466177423366
  0.39308416423477421  0.40582627349949896  0.41876760613550107  0.42950705718851639
  0.44005135068467710  0.45016989146314618  0.45865806703265133  0.46717098415424468
  0.47603932075087824  0.48713368525492939  0.49933300974108669  0.51142076864907871
  0.51719919432760730  0.52138918261935940  0.52644823539120700  0.53110063149245101
  0.53351224208474446  0.53836860718069734  0.54511438645464538  0.55192517976801614
  0.55955044126637077  0.56818145559251665  0.57698745441543109  0.58811182066731560
  0.59848109555069251  0.60905929855040719  0.61850051143418938  0.62744321141554316
  0.63709636177945561  0.64712329303061178  0.65739558995800396  0.66726054104282506
  0.67595513981355382  0.68502713572993690  0.69507760151592601  0.70761238904539459
  0.71761411988756285  0.72414979576882599  0.73266144724248916  0.74272631677090684
  0.75328606855438418  0.76542024893129645  0.78000468201194506  0.79639861349556818
  0.81123025753636946  0.82301314928965486  0.83363523262469696  0.84346790660831739
  0.85225129046939940  0.86150875210095268  0.87274527484006836  0.88555579013425401
  0.90076169130184613  0.91847721468783439  0.93401235938031846  0.94817969346517117
  0.96178541200009204  0.97512481589073152  0.98795945932828966  1.00000000000000000
   2.6755081948312401E-027  -1.0000000000000000     
 T F F F F F T T F F F F T F T F F F T T T F F F T T T F F F T T F F F F T T T F F F T T T F F F T T F F F F F F F F F F F F F F F F F F F F F F T T T F F F T T T F F F T T T F F F T T T F F F T T T F F F T T T F F F T T T F F F T T T F F F T T T F F F T T T F F F T T T F F F T T T F F F
