 -0.00000349038493500  0.00001988742121932  0.00003301601645180  0.00003840039349857
  0.00004211863805994  0.00004498078249703  0.00004681541350379  0.00004921949927924
  0.00006334833773073  0.00008019855774821  0.00008308463662473  0.00008519809137417
  0.00008740227636208  0.00009001618287130  0.00009327166246453  0.00009744371020495
  0.00010250770739700  0.00010875383586979  0.00011654306428528  0.00012725506683296
  0.00014300938347724  0.00016718001318289  0.00020929976923513  0.00028008767473727
  0.00038296956552882  0.00052597025311748  0.00078616709223099  0.00117564479528644
  0.00147799240195350  0.00175635256114412  0.00203478673958087  0.00248000773414815
  0.00353095704852102  0.00487275304699714  0.00621483211534542  0.00805822501712294
  0.00983539486003068  0.01263693400083987  0.01481962618000921  0.01679376398845342
  0.01886385482869381  0.02079939412306266  0.02422380406118632  0.02989802380977183
  0.03670437915727159  0.04387665307823222  0.05074372047076574  0.05657138657249142
  0.06188372145595175  0.06711682149070890  0.07267065583730391  0.07941753560426969
  0.08634335041252982  0.09561418525886689  0.10825811484255424  0.12452927290779206
  0.14184858967635292  0.15951243353446984  0.17769006033225779  0.19229941783932322
  0.20453196290905779  0.21623471408622030  0.22656176436329123  0.23591155981043957
  0.24463933661393455  0.25143311159389331  0.25798116321434889  0.26494885525738182
  0.27179491694004121  0.28296332429159693  0.29849885062386494  0.31624365856304221
  0.33476855006768097  0.35358420931199586  0.37289090529796859  0.39044230172615457
  0.40956750619183452  0.42864980299334748  0.44513114189381081  0.45776112155937027
  0.46750540597236206  0.47718876927466891  0.49056159460883120  0.50697206909068127
  0.53517250349991463  0.56530911397939931  0.59689802032727912  0.62980201559215043
  0.66213102400907975  0.69358564169942682  0.72317199867230075  0.75439084941551016
  0.79160151638248200  0.83018356782689684  0.90036094595986926  1.00000000000000000
  0.00000614164110702  0.00036686973435822  0.00056817356626107  0.00073330680680963
  0.00091176734232748  0.00108962500754756  0.00129181622510867  0.00152569256359833
  0.00179703419786480  0.00208496538389597  0.00241013465126130  0.00280896535362978
  0.00327850125946564  0.00382337328665991  0.00451381063616901  0.00535199415838460
  0.00630549021959982  0.00737143402476395  0.00857275488639820  0.00991999381545568
  0.01144421666403494  0.01320319364339876  0.01519868930227175  0.01740405440437737
  0.01976411848464829  0.02221343889804717  0.02486854610439950  0.02801195086313845
  0.03183900757491034  0.03610066944768136  0.04047463769717385  0.04521619813775141
  0.05000750016862031  0.05499644490435102  0.06067103862004043  0.06625407982650693
  0.07309156742504314  0.08158142360849058  0.09104921975589815  0.10089917745689780
  0.10986239673456030  0.11882595190096862  0.12779408434856146  0.13787335184767327
  0.14722262899367428  0.15604972151192811  0.16667654012477789  0.17780993418241378
  0.18943978128412856  0.20575516897985749  0.22600256910884153  0.24741079138094202
  0.26986530718411794  0.29457070652337003  0.31964536384252684  0.34612561513407664
  0.36485163088430234  0.37724240756427979  0.38988320487183692  0.40306147436561202
  0.41849010132622866  0.43448831067144605  0.45006342978393488  0.46994427823285417
  0.50222991948550189  0.53349586911110436  0.56159951981892053  0.58792029804030921
  0.61338848312640326  0.63822211641658211  0.66801896864450072  0.69444047892679572
  0.72113074109961772  0.73678137252490361  0.74838186898304437  0.75990480460313348
  0.77034816975132492  0.78180728075956130  0.79467565665905215  0.81425322900707853
  0.83415202583932357  0.85343560576056587  0.87140501111568969  0.88583181018598134
  0.89846148258181402  0.90972032029739980  0.92049818529284289  0.93166746999144201
  0.94286202519048079  0.95209491687721370  0.95769949015118860  0.96342655148020284
  0.96924214497196914  0.97700546469988081  0.98518852106447719  1.00000000000000000
 -0.00000000160478220  0.00000021270236815  0.00000058796483682  0.00000127126964464
  0.00000256660988319  0.00000577781443450  0.00001295059041498  0.00003010757595799
  0.00006219594942170  0.00011153233268212  0.00020075666623095  0.00035252291158603
  0.00061682722811058  0.00108319086505289  0.00164273278383350  0.00261922737619224
  0.00411201562737392  0.00652496527213498  0.01025863015780562  0.01429801938098045
  0.01861770159175835  0.02340200606846516  0.02916140166064719  0.03296829457850509
  0.03553326469271530  0.03942942924497465  0.04752522301000450  0.05513196199236393
  0.06306329678982649  0.07132281313848809  0.08121589544836855  0.09913905657659544
  0.11737091177991739  0.13433952900110305  0.15005094507459696  0.16333880822628563
  0.17827665326297884  0.19252746473934954  0.20650391755744527  0.21291500509560898
  0.21774063616417036  0.22337090139370280  0.22930693274695346  0.23509219125638656
  0.23888134321069218  0.24271724781656592  0.24630628720186618  0.25038190585272818
  0.25720894297000152  0.26827422958228625  0.29193532463046107  0.32269078229280879
  0.36800645906675283  0.41355717724655705  0.45953459648293921  0.49353804915030908
  0.51163287513903488  0.53097363889427418  0.54688153694722819  0.55440809747756237
  0.56088289496969956  0.56927746730722029  0.57660518216075018  0.58353216382265471
  0.58982569152471542  0.59515534024461347  0.59991563899113221  0.60545464520848757
  0.61116862407357508  0.61579996516346014  0.61983370475066690  0.62392188032979967
  0.62853571110369089  0.63304732155150611  0.63580814387651741  0.63815087670140636
  0.64029493944203653  0.64188104515512823  0.64422704769366446  0.64785772182361789
  0.65200087811918550  0.65649727015884596  0.67291973713675379  0.70720281816237629
  0.71755199624466082  0.72790117432694523  0.73825035240922976  0.75113149993082373
  0.76515272634548526  0.77917395276014678  0.79319517917480831  0.81784900371608438
  0.84265161237504527  0.86745422103400616  0.91063528483876877  1.00000000000000000
 -0.01955423729082435  0.09119094148941195  0.13475906781217162  0.17050558754791503
  0.20241667211958489  0.23070108748656817  0.25673807286484562  0.27976695308981486
  0.30217387403221579  0.32408109829580595  0.34276398897348442  0.35707894612651025
  0.37036264554721371  0.38481970835556423  0.39871147054205497  0.41100477195379842
  0.42260047484114616  0.43271932820382308  0.44263466996188938  0.45765998453424100
  0.46995166925865023  0.48168028741306168  0.49427257636864735  0.50687995588880386
  0.51982050428982807  0.53105253286889742  0.54192233948969137  0.55268908047878085
  0.56262152895482820  0.57195237197327387  0.58161602535785661  0.59085974842266931
  0.59794939340721398  0.60441839419054610  0.61137965348152867  0.61813407466188897
  0.62562245185857668  0.63292114952596545  0.63974384395458650  0.64820502459215557
  0.65599705935598995  0.66341630166977295  0.67092697118954203  0.67805124111715387
  0.68533577842530324  0.69285680869631583  0.70158119942672903  0.71015198643132982
  0.71831901015361377  0.72546033155063772  0.73151851723199113  0.73873342026659794
  0.74568827002690707  0.75315702324916478  0.75985212797051616  0.76649286026431851
  0.77318446504359584  0.78008320462804059  0.78772953102308341  0.79520780070686192
  0.80242384332317251  0.80931815701079957  0.81487321910449628  0.81864891836353293
  0.82318272032651418  0.82780384311854049  0.83223291955934309  0.83466730839418946
  0.83667059225884755  0.84021347792219336  0.84366141164416619  0.84712896175047026
  0.85148874016006260  0.85961022899769168  0.86856162197224340  0.87769316414382337
  0.88591157161069478  0.89257398108935271  0.89900915476788079  0.90583580908300554
  0.91345350389220215  0.92236647777525116  0.93063123843178575  0.93585379222160370
  0.94106564910829937  0.94628455539961986  0.95152711646747901  0.95822902427386658
  0.96484098938427321  0.97111192109885336  0.97688394501548248  0.98227561078777836
  0.98726885604736569  0.99175091968148810  0.99602330115111315  1.00000000000000000
 -0.00242194456683350  0.01065613610671014  0.02296475066918981  0.03520434498822533
  0.04802115079834702  0.05953399640579782  0.07130323278554361  0.08410666427633759
  0.09752373802761198  0.11053181893573100  0.12351655838575643  0.13695227188451484
  0.14980954019213386  0.16124648868072122  0.17031435729362460  0.18078945605943170
  0.19112691651509242  0.19920700995112287  0.21277623379808408  0.22485510766288921
  0.23524322140804341  0.24404520352134140  0.25221512339461039  0.26131074085748690
  0.27005297915862025  0.28005471217373212  0.29178385399086221  0.30595815403079268
  0.32020358537840643  0.33529522014484486  0.34828199411460892  0.36069167884571918
  0.37131839053509003  0.37988285795659255  0.38570068721969708  0.39107708988365181
  0.39594056058998361  0.40059083321202127  0.40598391024831382  0.41192786175364288
  0.42172697557587080  0.43536798415417649  0.44957265685134956  0.46079397981715131
  0.46796018185736277  0.47229381329364134  0.47654464345477493  0.48082527695022403
  0.48595597840120702  0.49338881333540296  0.50070252002264670  0.50894553399859388
  0.51826093434864384  0.52849292198867459  0.53721035251203109  0.54533676249871021
  0.55481237282621088  0.56583699600167314  0.57704631229128922  0.58761626566480307
  0.59846678197251379  0.61031619925083136  0.62256542203206833  0.63580332134799000
  0.64914474212574669  0.66144375340053230  0.67298017123077303  0.68288018733860123
  0.69354178024872637  0.70365352499001033  0.71489996756553198  0.72613650629027282
  0.73702763012139383  0.74748353823946767  0.75846865850849632  0.77106118218661690
  0.78486259482208220  0.79723511803396030  0.80755607989613920  0.81788276763081480
  0.82868835702893295  0.84003663741871570  0.85248847233795910  0.86548323981198361
  0.87738858322859092  0.88734328704098009  0.89593401265635608  0.90451639557508290
  0.91474877745746275  0.92785908232658099  0.93860322288616138  0.94935775933190536
  0.96102884971197655  0.97352701605829262  0.98693178464927622  1.00000000000000000
 -0.00216705192884146  0.00812480743127873  0.01994369066409339  0.03702680674134295
  0.05953585508240254  0.08944407671213647  0.12022531815682841  0.14897653873610767
  0.16181888201770242  0.17308671721043487  0.18511415215496294  0.19758935904153324
  0.21573592163395983  0.24730022991408948  0.28650041819082339  0.32031437383097933
  0.34532553608880889  0.36947660395615084  0.39365583776891033  0.41704237404161898
  0.43802954683603479  0.45538025498818774  0.46529882621016538  0.47500793492151383
  0.48566655308234474  0.49644679896911459  0.51682170391284554  0.54249632460903852
  0.56623068209372529  0.58685459201461909  0.60300267390438156  0.61852635654625299
  0.63078031331648832  0.64296258684032581  0.65521026163767893  0.66598540441121745
  0.67543111264475642  0.69074747448189766  0.70088922037206569  0.71023093687152483
  0.71641372873992226  0.72222876669017644  0.73176824036470756  0.74551816443786201
  0.75857798934584597  0.77257868828315590  0.78573887454084557  0.79747822678471370
  0.80774853865821739  0.81930354882485157  0.83205707384223260  0.84385728365760504
  0.85472472398346988  0.86484902846142475  0.87450234360732926  0.88361428067901482
  0.89149499460230297  0.89864944207272068  0.90569939027769364  0.91298999906494038
  0.92017547452713511  0.92686523905145213  0.93252585041939273  0.93810701775857253
  0.94252259951382633  0.94679452488372351  0.95113777136649214  0.95550002044095661
  0.95942094162528990  0.96313970965333906  0.96678356895979090  0.97022763631890130
  0.97306892528712474  0.97566320865320333  0.97811957435980013  0.98057943205890796
  0.98271875608879078  0.98505895970124757  0.98694777901739528  0.98866391838664136
  0.99016143075859353  0.99154834622925758  0.99230866956127517  0.99297963101717213
  0.99361856646133173  0.99433897743536503  0.99542716216385518  0.99653469477413070
  0.99741724218792516  0.99808111064824279  0.99863508763249109  0.99912720107126907
  0.99942863816109451  0.99966639952145775  0.99983881817062159  1.00000000000000000
 -0.00381944374862696  0.01296608530024557  0.02401144258483881  0.03404808872324423
  0.04400366572968891  0.05325354691978423  0.06328331461639104  0.07294594518525964
  0.08264093953409966  0.09284163133649276  0.10634964136790581  0.11858929790767804
  0.12870245439006653  0.13899310695355138  0.15008303885310034  0.16145622158848050
  0.17109839087022072  0.17963312703152001  0.18870338065160386  0.20009844517462932
  0.21209618368788496  0.22376771521525970  0.23509424949005867  0.24663547827482771
  0.25800438125251179  0.26887241882486262  0.27965372393325805  0.29083807952180263
  0.30231034610723145  0.31375354805505123  0.32524662673131288  0.33608733917601791
  0.34507580656447490  0.35349609080999966  0.36228931716498491  0.37268223623375790
  0.38689801944543495  0.40168689419378495  0.41559830665457503  0.42972377635713971
  0.44272256266908466  0.45465430950513258  0.46536852072883755  0.47672491332397393
  0.48977974964502935  0.50179272583942514  0.51248963638826817  0.52274668172200200
  0.53392439856845997  0.54183934811354384  0.55013599526972345  0.55882476978801809
  0.56910211304924418  0.58403649293191306  0.59894195370160819  0.61437161577341948
  0.62857839949703664  0.63656910815101109  0.64197763904863625  0.64686871866484708
  0.65143244844416481  0.65601895233215068  0.66094670882452111  0.66897050431735650
  0.67806559111559594  0.68757005295865548  0.69716514893294268  0.70921719371325898
  0.72251429209837248  0.73624825968404040  0.75001918520789412  0.76355123943242698
  0.77695145777321239  0.79125628184536312  0.80533532651467254  0.81280722376056858
  0.81798030546041101  0.82207694101651896  0.82611609498178740  0.83199944034164297
  0.83941452300773900  0.84642588706287281  0.85611136649191899  0.86541643239388644
  0.87503080603356875  0.88592676096740675  0.89871828699265166  0.91074511222444388
  0.92026963950036089  0.92990625700324347  0.94019027126925148  0.95058346205644439
  0.96132371110522585  0.97377196207314010  0.98713617618063909  1.00000000000000000
 -0.00323371860410412  0.00911448797051621  0.02102802361212768  0.03138604708249837
  0.04075234647417589  0.05219401959363915  0.06489743173540413  0.07799514030900104
  0.09094361969009501  0.10349052454827679  0.11561116529043440  0.12806695994247158
  0.14191308632888980  0.15599529984509716  0.16964331150130121  0.18294966521412187
  0.19488871488413276  0.20483383906426653  0.21414697266412397  0.22335481240091926
  0.23239354849871699  0.24277635107002246  0.25415724341004198  0.26914712056086498
  0.28527085282881670  0.29757042746861928  0.30945574829888395  0.32013894815360733
  0.32827491551071636  0.33765707726308475  0.34682326430355226  0.35531581720052163
  0.36511904840950959  0.37624758301711786  0.38877176752100068  0.40139446511805904
  0.41329339106044616  0.42573843171439535  0.43935319592353206  0.45171954773872985
  0.46272824506861165  0.47291681939441615  0.48490743638547656  0.49928989992894252
  0.51277176438631389  0.52378589123274433  0.53397554061913199  0.54466779850729252
  0.55481056185286615  0.56430699455019018  0.57396291655366605  0.58407874747298361
  0.59347597741538283  0.60251398176660964  0.61063869559549055  0.62056853038675330
  0.62962873954705623  0.63960457870362275  0.65107975464027379  0.66254457239251108
  0.67293697301248434  0.68272043967473639  0.69463076351071928  0.70885173458146600
  0.72397141377326224  0.73847894239714673  0.75103805754117947  0.76242196489122704
  0.77373244339713765  0.78453062858754041  0.79405002747289466  0.80324213141670431
  0.81249654185359876  0.82216077313471370  0.83309733691368981  0.84324355247853677
  0.85470987550250943  0.86106110323193430  0.86880830298223410  0.87503596942033024
  0.87827012687372108  0.88146489239647163  0.88433095127016514  0.88635678572273491
  0.88954756488347131  0.89740666828046656  0.90669374306004702  0.91553792897696429
  0.92383184205170088  0.93259842526595782  0.94512260334202036  0.95892024621412109
  0.97200345829728096  0.98233132354118469  0.99140399209026742  1.00000000000000000
   2.1589623887704260E-011  -1.0000000000000000     
 T T T F F F T T T F F F T T T F F F T T T F F F T T T F F F T T F F F F T T T F F F T T T F F F T T F F F F F T F F F F F F F F F F F F F F F F T T T F F F T T T F F F T T T F F F T T T F F F T T T F F F T T T F F F T T T F F F T T T F F F T T T F F F T T T F F F T T T F F F T T T F F F
