  0.00499863107331150  0.00514929057684596  0.00529995008038042  0.00557078277329808
  0.00584047065123169  0.00609838445509954  0.00636164640510902  0.00669362377645670
  0.00702571368980244  0.00735835004022689  0.00771321768380021  0.00812725115411852
  0.00854983230865321  0.00897691729758438  0.00941390055631852  0.00989171794546449
  0.01041359349380823  0.01097568786703812  0.01158173037988123  0.01222646891888698
  0.01289806102530938  0.01360096645990193  0.01432964346913173  0.01509614417518954
  0.01591302670188042  0.01675999351911522  0.01763654225995599  0.01855588531700280
  0.01957919598438184  0.02080434407331337  0.02218586950402601  0.02360351414553934
  0.02500904535207369  0.02643388346608780  0.02787667524015919  0.02957972601219231
  0.03158909251003119  0.03381361840559738  0.03612443112330562  0.03846589912809511
  0.04115268590931728  0.04435029913413741  0.04913689953253621  0.05383515904002577
  0.05864957389196990  0.06382958494960472  0.07028220539647018  0.07768594221633966
  0.08644448162746426  0.09717421146927914  0.10791043761037661  0.11850872755734762
  0.12863242720812856  0.13846896249340723  0.14850442391701216  0.15971633288953796
  0.17178637703462193  0.18427165812609697  0.19656487395894992  0.20929864738988033
  0.22282879406049447  0.23705621720167186  0.25105963173683249  0.26465275640397939
  0.27814540899899398  0.29176218478938265  0.30570772722218126  0.32085432764418026
  0.33686269514753470  0.35323016523196382  0.36963317313948341  0.38779485270266267
  0.40710730034632853  0.42577256639288319  0.44371215490782628  0.46154136328978723
  0.47883078812822433  0.49638271086033864  0.51449803301052088  0.53279056000127667
  0.55230972359036190  0.57391424652682121  0.59670226353009193  0.61906512336334962
  0.64109996442093231  0.66341961762708646  0.68525546490147504  0.70768028463694055
  0.73212285688833634  0.75810051161925374  0.78633575513228693  0.81519189636698441
  0.84512572763215732  0.87999696382364700  0.92508001690226460  1.00000000000000000
  0.51630700203139146  0.52383816024834662  0.53136931846530178  0.53880399156772008
  0.54435714013490466  0.54991028870208924  0.55561125716445825  0.56160830614908597
  0.56760535513371368  0.57096855695221493  0.57340718450793526  0.57406798337069087
  0.57503126927833659  0.57663989999179488  0.57827454167813963  0.57979318210037445
  0.58119533405524348  0.58250579195943664  0.58369599765411295  0.58491323233563830
  0.58618494784071562  0.58757728834223777  0.58878248190258087  0.59011000788167822
  0.59164844676150419  0.59322472332575260  0.59468973967852901  0.59607558548143913
  0.59763610612427931  0.59929867291021621  0.60109009577478911  0.60289399180413217
  0.60511216164326143  0.60845157522897297  0.61344338255948894  0.61961538231272317
  0.62361835477198579  0.62511643124116190  0.62688932702596445  0.62874245340073531
  0.63071569855964182  0.63281213696109018  0.63515743324252028  0.63761501130208675
  0.64009579009310236  0.64226860347909731  0.64422247442978731  0.64588650633214006
  0.64781666205135524  0.65328855781499762  0.66336058838256107  0.67057625805955212
  0.67617189781967435  0.67971087793011720  0.68149366220783592  0.68352067683641626
  0.68560691280666508  0.68780080114879172  0.68978924839454026  0.69165618467197587
  0.69338026356920401  0.69533827148117444  0.69750036372010704  0.69996127946554265
  0.70238682599018476  0.70476700656766222  0.70664640668139500  0.70949100839446122
  0.71345857136405699  0.71840697138670762  0.72431122281439420  0.72957292605784307
  0.73426202450502187  0.73925378330197300  0.74442200958298466  0.74924228119207004
  0.75352768154013561  0.75790527683911146  0.76317073354088572  0.77102959259987536
  0.78023293292618690  0.79031363259611986  0.80038254300815792  0.81091736486538923
  0.82211676780908072  0.83259646079848360  0.84275746351523928  0.85328656354992449
  0.86425125263498603  0.87578811826440373  0.88776389775423969  0.90048126080564805
  0.91549161704102522  0.93391679121771920  0.95839807497461149  1.00000000000000000
 -0.00294832175807281  0.01031180976849760  0.02056993443251518  0.03027029467117721
  0.04163187531145688  0.05503536871716423  0.07140237025511569  0.08756461115531576
  0.10191336878030746  0.11511548584708245  0.12620637260558018  0.13584289027265031
  0.14512647092176767  0.15487262105025870  0.16501671365191056  0.17464145183791052
  0.18434846277085351  0.19541246295206546  0.20719372383342935  0.21908525933772313
  0.22904164029791524  0.23912425371050819  0.24762416370024695  0.25654951575243334
  0.26589446011021123  0.27653729007412997  0.28739056235576338  0.29584593635155465
  0.30352119531386257  0.31125011007464259  0.32027259142749887  0.33101635089888032
  0.34300760755188420  0.35374715220288810  0.36691025922244391  0.37964357407817401
  0.39231779573241549  0.40093719302636766  0.40748008723665458  0.41455729470803759
  0.42228240813524276  0.42977672562968561  0.43708001611738923  0.44473474394469170
  0.45209150695261985  0.45979618523972737  0.47202143851695888  0.48401249345507169
  0.49580305709039962  0.50668343307009855  0.51725290394899093  0.52879734228836461
  0.54163790293009428  0.55471894541433830  0.56902758875377590  0.58411659973688002
  0.59912231655298143  0.61302848030630452  0.62669355685247363  0.63990507258391549
  0.65200602992248879  0.66352437128454989  0.67552938558306264  0.68870064160781985
  0.70120620561580149  0.71185053245882812  0.72158693142426167  0.73097776092890199
  0.73986055444364107  0.75110927308556896  0.75731912245740007  0.76514422849265962
  0.77233835006121498  0.77909454013784596  0.78625453849458271  0.79470943042486186
  0.80332248366954218  0.81136323899663665  0.81929723917865804  0.82817174122020387
  0.83805083908934042  0.84817566767377583  0.85957670183728097  0.87355321072760850
  0.88837792587261932  0.90091829340431129  0.91160392977782745  0.92287868750289204
  0.93426070956316132  0.94276044462625797  0.95016992836270109  0.95767432125645802
  0.96626456597392818  0.97749273108968049  0.98890506056048766  1.00000000000000000
 -0.00238706088422470  0.01100573296258610  0.02216491271442306  0.03265024129246190
  0.04236803382719359  0.05100570570630951  0.05959759282761516  0.06807386306362610
  0.07769072952620595  0.08883332177104640  0.10018713457481676  0.11164796062091401
  0.12325573732845474  0.13518616461141023  0.14726916473926344  0.15904673783402992
  0.17115705509646645  0.18279490173319030  0.19472699980078104  0.20765562502418677
  0.21919523341928571  0.23131177215655888  0.24342816913451737  0.25658916116268216
  0.26918445273541647  0.28183827959577579  0.29439901774569577  0.30730540882247792
  0.32032599777563842  0.33403456750194971  0.34686016262018371  0.35857957079897051
  0.36940438525401925  0.38098381826968414  0.39331882900069021  0.40546327601904703
  0.41706743939723162  0.42854868363666171  0.43978894922164802  0.45041084411794391
  0.46037799539234620  0.47007359781424751  0.47938835268285557  0.48952234151625923
  0.50089200639255138  0.51303396637528753  0.52598116797663941  0.53827507677748720
  0.54876755993758131  0.55735936351925863  0.56460121003465635  0.57176865065977400
  0.58028636709187142  0.58965269324551128  0.59899428648489950  0.60725152622307976
  0.61500894943884110  0.62336112825726586  0.63162133520257968  0.64008966686054669
  0.64898124723623718  0.65714547549427627  0.66593434574340371  0.67611716316324910
  0.68513515810381187  0.69172665631003771  0.69825878518469586  0.70494430668372210
  0.71142352919447727  0.71771574048614073  0.72423208406189532  0.73030269198273390
  0.73630301670787046  0.74303727941307263  0.74947906180621304  0.75814200956491595
  0.76906552302786646  0.78037210927341538  0.79226952207624590  0.80512585854020713
  0.81687198139897577  0.82810994185578835  0.84020826898324175  0.85366563425714981
  0.86733762549790450  0.88057446131836292  0.89330606008327273  0.90534402863706143
  0.91717763177983902  0.92869678986835580  0.94010685986200071  0.95153449170076088
  0.96445642940215770  0.97727840560364099  0.98865678257951706  1.00000000000000000
 -0.00361588003674461  0.01452351420387053  0.03048346241990264  0.04564615592572079
  0.05967415819337528  0.06785276528656430  0.07501622953758073  0.08356605272911009
  0.09306376138019959  0.10256800676769104  0.11143955041587855  0.11950668044815443
  0.12836282035798535  0.14156881661504642  0.15262000186576238  0.16237502230540585
  0.17379805952569191  0.18715336263079685  0.19895969642294856  0.21005005076002198
  0.22042449722781315  0.23061362937204316  0.24121576008030826  0.25320809273341238
  0.26609873738079448  0.27759490558829952  0.28770193629795504  0.29726801756821314
  0.30613030507510813  0.31419725054828851  0.32369140182424994  0.33298712276844272
  0.34104033599592820  0.34845122234728104  0.35566549153495408  0.36356177781192373
  0.37118670683726429  0.37735655414229391  0.38279953855001619  0.38784729671202051
  0.39424125735948617  0.40337555541042536  0.41448437188965315  0.42759180477582542
  0.44020479901027815  0.45251343420763057  0.46443350708047648  0.47511289377475929
  0.48387881969469337  0.49172848251459189  0.50025931047946182  0.50956848173423508
  0.51848005382407569  0.52670006052087748  0.53461338566476058  0.54405951831075072
  0.55487874772117596  0.56618657896889946  0.57737284896491736  0.58839514023172512
  0.59917642539297866  0.60851607157430398  0.61785082169206029  0.62695277117196313
  0.63729863121844066  0.64926698635703350  0.66175825868122129  0.67472488792356811
  0.68847868145917579  0.70210428665797375  0.71407292514860032  0.72506204411153419
  0.73554535434040758  0.74590735639020289  0.75668783019728136  0.76857780649622709
  0.78349996051561233  0.79925689386777032  0.81300291785403622  0.82581820132241124
  0.83901989797316257  0.85170758892347398  0.86388880834126147  0.87587958593273296
  0.88711082840703781  0.89869773006374321  0.91067497319249358  0.92195416314235612
  0.93249416858515544  0.94214266836455363  0.95163270618365758  0.96118445262233365
  0.97011860317871290  0.98019607572360401  0.99014721011196716  1.00000000000000000
 -0.00185508064704471  0.00887183752822593  0.02017121807420023  0.03310230411627905
  0.04670819393517860  0.06042155531751359  0.07450391755654735  0.08812466175724551
  0.10002717824427011  0.11132515119961353  0.12233496625887297  0.13218200250776607
  0.14152318449300724  0.15083307575827720  0.16030656204294266  0.16981512957165099
  0.17757287393633683  0.18560836743627976  0.19358979555606112  0.20206679902846006
  0.21427588428981986  0.22510891458401047  0.23609687834230503  0.24742395557050148
  0.25841185455374949  0.26906162679897727  0.28024602860766940  0.29226092896328532
  0.30464568888933513  0.31652799580398550  0.32534324456230707  0.33397467593882885
  0.34322723951870088  0.35339182786266793  0.36463643004759988  0.37655310031693129
  0.38914865340355509  0.40286330556268923  0.41711730109406253  0.43033861601650669
  0.44250820018385884  0.45406105251435797  0.46571577182901475  0.47756465945062909
  0.48999034311191098  0.50273272000712022  0.51564239169356063  0.52822294213878418
  0.54024068714957074  0.55241665940152374  0.56310657608342329  0.57208327713967644
  0.57997513279711754  0.58847551235042816  0.59676719093423225  0.60611411231738432
  0.61508349937887663  0.62426224234893579  0.63587561791528091  0.64897542268644204
  0.66265740899006864  0.67625408474474102  0.69015637814920261  0.70438371634184593
  0.71827099449086917  0.73105807279724000  0.74322530364244721  0.75555775682366511
  0.76798710081375232  0.77600991185383206  0.78207933878110991  0.78854565419010569
  0.79563201768077896  0.80298708734954305  0.81061725297759735  0.81899124027838732
  0.82667151787193660  0.83425971357149020  0.84540074308009172  0.85826713475760119
  0.86993396091387210  0.88016463344619333  0.89056231310625011  0.90123446471411850
  0.91263647538344828  0.92068120210225923  0.92743486303408851  0.93531646562062887
  0.94362336546219194  0.95184592862398487  0.95947620789955035  0.96645173936823336
  0.97342564581076807  0.98128648730476753  0.99071545055500032  1.00000000000000000
 -0.00350750744736383  0.01442109076006734  0.02881512670507343  0.04209460109547988
  0.05393143237366810  0.06278962099385282  0.07236976337076506  0.08197507625205200
  0.09283701634359090  0.10647393893191313  0.11974374421399726  0.13326487268829773
  0.14574211990001074  0.15693459101314527  0.16643774110979967  0.17603057798757654
  0.18622306363167770  0.19655256476182864  0.20675987628719747  0.21754614101097747
  0.22925179367759971  0.24127396052614197  0.25323183817915368  0.26510940646312786
  0.27622825567510090  0.28702504832158166  0.29861921632856003  0.31148352876733260
  0.32478394598628985  0.33683729304892085  0.34385891511768735  0.35001656777534884
  0.35617620076950007  0.36358640846402696  0.37131227604488970  0.37896555696298379
  0.38678392217511276  0.39520065708143481  0.40684063949099469  0.42057177675928564
  0.43327791319063480  0.44457143301884855  0.45468072266278242  0.46516414412039864
  0.47531230808045138  0.48611847074782388  0.49771236870858826  0.50916568476483426
  0.52022094938276875  0.53112488384949752  0.54219951540949229  0.55441158133594315
  0.56743794419109417  0.58098399354964869  0.59144609538888160  0.60047855352697954
  0.60936205259159304  0.61787912987031268  0.62934345141022530  0.64187802260661120
  0.65386674457524219  0.66554342046074344  0.67697713234128343  0.68895677368149721
  0.70168089641090847  0.71444785747339279  0.72681352289059376  0.73888565827261388
  0.75077032099679697  0.75995560350234392  0.76955890356065915  0.77905652908615353
  0.78760841523096614  0.79415341941712980  0.79935724785838069  0.80609572444710076
  0.81344743225600058  0.82064618517293919  0.82835547502066453  0.83560425417038076
  0.84215109718727377  0.84808353310948437  0.85534841595677202  0.86644171661147662
  0.87941158957332999  0.89174138730558539  0.90432552920003106  0.91671891670882666
  0.92800051295284047  0.93829016938518173  0.94880958839276475  0.95911185657749864
  0.96975245577995905  0.97934906889032158  0.98982628822593333  1.00000000000000000
 -0.00377678410409506  0.01397411278355512  0.02570234634528644  0.03590741810908496
  0.04629336888641360  0.05712302027129876  0.06628248624257739  0.07366833061725708
  0.08098243671334539  0.08894720635957643  0.09869363266748352  0.11005822117835114
  0.12128180842433707  0.13300745222950081  0.14436883726846708  0.15188255655226698
  0.15990762467131248  0.16712120830362140  0.17331140188318819  0.17959072731052236
  0.18695742869564008  0.19494024340584926  0.20250959883754915  0.21024902298137485
  0.22032515271173320  0.23170318049470040  0.24293129580426387  0.25399068025285509
  0.26446610845632257  0.27528151838737053  0.28594903517115572  0.29685905159809794
  0.30835773309055797  0.32004705051047333  0.33232952678915451  0.34511740622776804
  0.35815913663631327  0.37156722395444197  0.38450736455657453  0.39738670764815692
  0.41126580307118660  0.42566805513875261  0.43873249274297321  0.45049196362000238
  0.46221299349933281  0.47376872950788101  0.48718587670626912  0.50048691815471280
  0.51372298933940042  0.52628073140964382  0.53864460829499428  0.55105517931541759
  0.56383655225325524  0.57548574036449074  0.58535190977822349  0.59472510806595513
  0.60413688404685850  0.61488828484945923  0.62686918550918258  0.63755948261931306
  0.64675910315324592  0.65522397148449507  0.66309286250838273  0.67308765648805391
  0.68370854732648756  0.69534380830474996  0.70672370270840568  0.71831944889077004
  0.72854864656245333  0.73493195181033244  0.74192052067865388  0.74871984975341899
  0.75638865316874138  0.76437149274715843  0.77224879852076456  0.77915333010180343
  0.78443128250252225  0.78922179852956686  0.79938957816246703  0.81261111636037453
  0.82534420688427368  0.83622247465744026  0.84615368906147026  0.85602106722395555
  0.86629433636128428  0.87665456920870677  0.88707747903898315  0.89807286867707969
  0.90907153018935416  0.92036251522920365  0.93220034760050652  0.94466666926028175
  0.95823888814858205  0.97154502998821091  0.98492352399782956  1.00000000000000000
   3.2682514352276793E-017  -1.0000000000000000     
  <DiscreteSampler_grid>
  Helicity
  1 # 1 for a reference and 2 for a running grid.
  20 # Attribute 'min_bin_probing_points' of the grid.
  1 # Attribute 'grid_mode' of the grid. 1=='default',2=='initialization'
  0.0000000000000000 # Attribute 'small_contrib_threshold' of the grid.
  0.5000000000000000 # Attribute 'damping_power' of the grid.
 # binID   n_entries weight   weight_sqr   abs_weight
    2   3226   2.623050347368772E-017   2.055455630316060E-032   2.623050347368772E-017
    9   20   4.158131557864886E-029   6.184252098602996E-056   4.158131557864886E-029
    10   20   5.070556235894084E-032   9.973133912165886E-062   5.070556235894084E-032
    18   5191   3.392797291764811E-017   5.849025260567485E-032   3.392797291764811E-017
    25   20   4.432998171757985E-029   1.098087831464898E-055   4.432998171757985E-029
    26   20   2.708818752583773E-032   2.119048697769965E-062   2.708818752583773E-032
    34   3969   2.719867625291508E-017   3.094487345607332E-032   2.719867625291508E-017
    41   20   3.282217778805618E-029   4.460504581136440E-056   3.282217778805618E-029
    42   20   4.191152094281630E-032   9.429088974221949E-062   4.191152094281630E-032
  </DiscreteSampler_grid>
