  0.02454213024123816  0.03513698889168133  0.04828648515947866  0.06154902850286044
  0.07342568433297605  0.08287234696066142  0.09046339699443141  0.09748699280684997
  0.10478789681727776  0.11269294099686465  0.12073248022374559  0.12960163672112046
  0.13857472650410657  0.14780636899624983  0.15858255477648880  0.16912036804996902
  0.17989644519815989  0.19092090482759363  0.20325254694699368  0.21534936272252814
  0.22766492224347271  0.23997504330761599  0.25253205691942532  0.26481996336985408
  0.27703247760665906  0.28795002635970268  0.29849228607198575  0.30762724402067310
  0.31628478230377283  0.32512563684086088  0.33427635754696355  0.34487589093494347
  0.35464756878495723  0.36659051553791017  0.37749142610648762  0.38803456460619806
  0.39773620106993596  0.40733232498994354  0.41685868976121493  0.42590006094322075
  0.43563472419225996  0.44497198504307628  0.45453581012116007  0.46338986755665540
  0.47125245730179216  0.47940256450403751  0.49082361511048034  0.50492947417915313
  0.51838073254649708  0.52933759783120304  0.53971335108093943  0.54771497557872606
  0.55458480988004666  0.56134310266018450  0.56940763898691282  0.57679394555543673
  0.58387641799754753  0.59141006572900368  0.60030270553198628  0.60887372767873960
  0.61698147387449165  0.62497338511726885  0.63381018338155459  0.64433363494750395
  0.65514870032988937  0.66586137122180600  0.67702837843158581  0.68865502188631089
  0.69995424250244587  0.70951009403660092  0.71828154569102431  0.72598527226184106
  0.73447291717031016  0.74357728652991562  0.75386538941510817  0.76671060264232094
  0.77972755903372049  0.79233300682322927  0.80407342271788240  0.81632386160854697
  0.82821927886979430  0.83883877374799098  0.84880346449375876  0.85936790819494435
  0.86957682819778415  0.87899666764907758  0.88792796354555292  0.89676529367250479
  0.90709070335476338  0.91843677661294254  0.93044050618170870  0.94262859001195409
  0.95453095148776157  0.96435474672171895  0.97107136865797172  1.00000000000000000
  0.00026385864682548  0.00042092092080446  0.00056161934568350  0.00068856356203507
  0.00081704957709528  0.00095509015338906  0.00111689847303569  0.00135285301454153
  0.00166476235040348  0.00204787167968314  0.00247386932249851  0.00294289501413235
  0.00346480894874801  0.00411922824442585  0.00480688788574665  0.00554980415666771
  0.00645407034448201  0.00754512934610427  0.00873020789757552  0.00998316892876180
  0.01131191348043294  0.01273407564983432  0.01415186212116303  0.01578930885364451
  0.01778414139139178  0.01995930639779018  0.02210460725435425  0.02433151807802382
  0.02679974614627060  0.02957856708378249  0.03267004971432535  0.03604423889680053
  0.03958500754330339  0.04341531922548230  0.04723810224077245  0.05148178524412319
  0.05581411164288025  0.06104107028634161  0.06691176400481127  0.07382979852873864
  0.08151676593919786  0.08928859090522884  0.09685210307690607  0.10519660412464417
  0.11359049547447053  0.12365431515493305  0.13819002158909774  0.15783397852705155
  0.17758230257811408  0.19453965305061877  0.21289438470860908  0.23539173272809158
  0.25857614871433715  0.28772243709404666  0.31497556580199887  0.33751683569526308
  0.35828067884035841  0.38068982782761329  0.40256243151081350  0.41937880166303870
  0.43595114459997097  0.45712256282377256  0.47934803959494854  0.50264963105134730
  0.53917166659858196  0.56537150716198870  0.60089566419618401  0.65893383857171406
  0.76532014421973715  0.82444249329373243  0.83832057968682472  0.85011513371158820
  0.86210265470225811  0.86997532592920113  0.87762102598373481  0.88535005933500011
  0.89263874640270779  0.90026440234152327  0.90804296637146675  0.91606745408183310
  0.92507971670605382  0.93313611483474723  0.93837769437015006  0.94273986190575210
  0.94692792618150434  0.95184452141014031  0.95703053702242680  0.96199273921611850
  0.96589970699331695  0.96960492635061157  0.97331187635733885  0.97663088678838295
  0.97963396223098564  0.98228379292704771  0.98401202950589572  1.00000000000000000
  0.00000001986979604  0.00000032783889605  0.00000077481882017  0.00000139565623357
  0.00000225282249885  0.00000333218074917  0.00000481870279415  0.00000683633503154
  0.00000899629255094  0.00001139647010673  0.00001418690974417  0.00001773725005697
  0.00002262001658019  0.00002698700470417  0.00003245274253555  0.00003842750732765
  0.00004516984994156  0.00005286939671265  0.00006105468922899  0.00006920250874299
  0.00007776237460288  0.00008845565925488  0.00010293873187389  0.00011936957424991
  0.00013416275047846  0.00014870916901591  0.00016545186291927  0.00018215423884425
  0.00019603145713569  0.00021059901804680  0.00022731191300353  0.00024966896115675
  0.00028942093366166  0.00033691283828473  0.00038508579761842  0.00043199712666976
  0.00048021486879796  0.00053703293552159  0.00060804834425713  0.00069810848168850
  0.00079203663995311  0.00089622441246434  0.00100298201492846  0.00111895873549424
  0.00124519777218037  0.00137872801454678  0.00153364922100862  0.00170524038571241
  0.00190716253983024  0.00212969352998640  0.00237040951526029  0.00262762165818739
  0.00291586516807264  0.00322743709637865  0.00353993108342179  0.00388166809786300
  0.00431586271340825  0.00483342075011639  0.00533795563804056  0.00588892060113145
  0.00645931879856913  0.00710284649172127  0.00784109628602505  0.00871987254847953
  0.00980582953719036  0.01105242308943283  0.01229576995597165  0.01355165348603776
  0.01498655567133116  0.01660654973515136  0.01805516001470788  0.01933050197329220
  0.02075687286796914  0.02257525753376320  0.02485263451628565  0.02775332926234507
  0.03055790956804327  0.03357822999821224  0.03676089845886886  0.03992423675304058
  0.04313188414730680  0.04671227046717021  0.04985144922481199  0.05256270868252500
  0.05514677834174071  0.05793077566700353  0.06035406604410853  0.06313480241538537
  0.06752407269045549  0.07128513509007597  0.07466978625846167  0.07837974832177284
  0.08262865125198651  0.08843112331330526  0.10047948129043745  1.00000000000000000
  0.01664691979093497  0.06559452909729188  0.10411461072383410  0.13710917355327529
  0.16942970100959995  0.19950934762091391  0.22756752015999954  0.25132042676082339
  0.27178805347033447  0.29041656073083738  0.30878086607734895  0.32797919000229009
  0.34223830827041812  0.35394762134421692  0.36622390171008273  0.37764384992256050
  0.38750975638528679  0.39946069996353617  0.41580890690550149  0.43083931198572578
  0.44322489806573662  0.45512018285396832  0.46748762269751448  0.48003746598060493
  0.49236398660341596  0.50427351935894238  0.51644129131049810  0.52885152414395131
  0.54111611648167046  0.55154136322481961  0.56065280957481523  0.56981180739283821
  0.57918805453273514  0.59193078218316253  0.60469002192648280  0.61710568198528193
  0.62841768618446947  0.63817204644995629  0.64694347716992961  0.65524320971660066
  0.66339122851766374  0.67220630329079167  0.68067574702213307  0.68922103963415249
  0.69474344113484365  0.70072932857061121  0.70688281475295311  0.71324296456797887
  0.71910680916452530  0.72419701627430888  0.72957019747874041  0.73541845973496855
  0.74232145210478295  0.74945084719580168  0.75846640377043528  0.76741610180659514
  0.77471904288155713  0.78169870962869126  0.78832403700748743  0.79491108907910801
  0.80110349380643930  0.80696800939028657  0.81268516137073654  0.81840974488457630
  0.82418761734040513  0.82980278760169146  0.83523894660724818  0.84025637053857372
  0.84653666857325793  0.85319942377649183  0.86051978720738309  0.86788554733827106
  0.87477018658153605  0.88159577535174927  0.88848355955191360  0.89536744755095188
  0.90253567610516627  0.90936771441746467  0.91587221423189924  0.92240504751168995
  0.92932927130386755  0.93593982187543923  0.94163765852372516  0.94668614729966916
  0.95152749338774822  0.95640766521393705  0.96125156377824306  0.96630648041451839
  0.97115745406846232  0.97570147967957344  0.97979720962850947  0.98355940997338542
  0.98728856684759081  0.99111982750993211  0.99517125919506544  1.00000000000000000
 -0.00278733587745911  0.01032262524409437  0.02169714195277798  0.03407036368315300
  0.04592456917818166  0.05743467577828686  0.06693854312330647  0.07560052433306311
  0.08494616902542450  0.09420702554032302  0.10423608262639260  0.11403175933226206
  0.12222661258519887  0.12972786996005448  0.13774602570913327  0.14596947204753072
  0.15451185491776448  0.16328608663934990  0.17285888370248720  0.18400236370027259
  0.19684124238423717  0.20937634033555946  0.22037353791488934  0.23052998572367192
  0.24223626750554939  0.25385108633930936  0.26432827210627535  0.27406177054767183
  0.28345530423702175  0.29299736349052347  0.30280601956082759  0.31267277790368248
  0.32317408293269234  0.33404774746078242  0.34445844235836581  0.35438459813364315
  0.36395762928042114  0.37272750045056435  0.38218736136889364  0.39279251757756112
  0.40313829657915090  0.41437381193152290  0.42519697043136628  0.43507794980417763
  0.44389761895425944  0.45269007265742700  0.46238039474618187  0.47303873031413907
  0.48302746490708631  0.49210113257645216  0.50121651705632264  0.51143487029425572
  0.52365467748206662  0.53545638631415515  0.54650373347652514  0.55719690790719978
  0.56870259638729681  0.58025481619547026  0.59098184219547045  0.60150605042928285
  0.61283299255565216  0.62530833533050301  0.63825201029749001  0.65168239579987264
  0.66534495907198055  0.67844011136832361  0.69170090385124205  0.70439330411850942
  0.71664082581035771  0.72860225522169608  0.74018646678806876  0.75192481079194085
  0.76343152314057783  0.77420297357016654  0.78365417502159784  0.79366152799563039
  0.80520454278071008  0.81819450746896838  0.83119605409919672  0.84295296463621994
  0.85421382965531578  0.86445217410014441  0.87396081177643092  0.88377712158793931
  0.89241862364831881  0.90151236755206854  0.91096384320982071  0.91948575751810036
  0.92919784941242922  0.94034406423046613  0.95108613941049502  0.96040324238467201
  0.96955088118000821  0.97861380729916936  0.98920897041956113  1.00000000000000000
 -0.00082425435353309  0.00214563163170958  0.00535142273143970  0.00929416528492361
  0.01473389618389508  0.02079041771247978  0.02737063254321877  0.03420447197615846
  0.04233592593000548  0.05117368361022210  0.05867460532867869  0.06784326269250354
  0.08265282240299685  0.10124172009018924  0.12211119662378837  0.14168525991573203
  0.16058438811998060  0.18063770975174975  0.20065890454222959  0.21981262451358843
  0.23757699491663670  0.25425339537825981  0.27114151971438094  0.28948134816430315
  0.31204640701737635  0.33621819872824787  0.35939398772907555  0.37999840939626728
  0.40318451860250337  0.42681806811758244  0.44779033547334418  0.46661577129980775
  0.48538029151881207  0.50587233879669524  0.52546807272824980  0.54172085387188373
  0.55902831426120703  0.57763328275852455  0.59543509966898200  0.61272137696633855
  0.62942887957422000  0.64733184807289845  0.66377159900439886  0.67976153136399775
  0.69634576759429723  0.71398296711102116  0.73150102212917423  0.74822174036345523
  0.76297042969403617  0.77655526156604149  0.78921771825841758  0.80270071005548238
  0.81674433020282278  0.83026589194059186  0.84277426715651449  0.85382919409376679
  0.86379383883325511  0.87293311192116152  0.88181157794070630  0.89107741972774257
  0.89948012795672538  0.90831792369540909  0.91623951762388600  0.92318877306201741
  0.92973354393227314  0.93575739993511420  0.94152711855056415  0.94710205520736679
  0.95299722531369147  0.95793825227160589  0.96139332998559546  0.96446015134036600
  0.96749838983793401  0.97013574546130010  0.97240905272222511  0.97456037941222540
  0.97682579169238304  0.97915000419634080  0.98127934619853607  0.98316645355513155
  0.98494214410014902  0.98663889503191393  0.98820616783719328  0.98966990216720196
  0.99106958322562333  0.99235194831395346  0.99354652496707241  0.99462103100628985
  0.99557092290173133  0.99639398179576111  0.99712636577394009  0.99780141907030950
  0.99842142022084124  0.99896471076330307  0.99948687772106326  1.00000000000000000
 -0.00199144541636501  0.01196194818397651  0.02317513225125975  0.03441499783139129
  0.04547403429782297  0.05678593455958836  0.06855478052190994  0.08089018527564786
  0.09347623071556757  0.10633731798266149  0.11927965501642003  0.13168971565694054
  0.14352860371582157  0.15529705402559954  0.16792740914854423  0.18043700844810998
  0.19239315218281319  0.20387071608233523  0.21347372479902074  0.22231713854797339
  0.23271164645716025  0.24332555586039931  0.25308928909349221  0.26218863920467783
  0.27219251816377260  0.28479230444844217  0.29745171978311102  0.30960069860278056
  0.32158475521169988  0.33375487890223193  0.34525264301797254  0.35634538105295194
  0.36797632986294365  0.38078252997394296  0.39333635023870128  0.40582411721522893
  0.41840070122865264  0.43099403521248830  0.44392932038511890  0.45687258409126275
  0.46887791388926514  0.47872703045489701  0.48713611159392783  0.49552749584790379
  0.50631142124362694  0.51746564226436287  0.52879960286019201  0.54073541961356630
  0.55146787681288145  0.56065284938729110  0.56877978168001331  0.57680722084822345
  0.58602746259949035  0.59633646823814446  0.60656269937384877  0.61647892623465694
  0.62723954354894929  0.63793889104355583  0.64710148505093690  0.65577529023517089
  0.66369546546616864  0.67252080275731940  0.68199794389447455  0.69209988877682049
  0.70425464886789002  0.71653673400972762  0.72773493724572702  0.73785879346629168
  0.74851414966368079  0.75815752582311491  0.76986835665049491  0.78062005845548299
  0.79145115752123452  0.80149656650041434  0.81014179445779366  0.81783665148180584
  0.82466549292123870  0.83163420492408835  0.83957374137622642  0.84804836811854178
  0.85619931206840227  0.86366880084518449  0.87103024269345330  0.87894206906753580
  0.88842574431179944  0.89859331856920532  0.90846686629608386  0.91868871913334338
  0.92883579635810798  0.93929172290637863  0.95098945302215188  0.96030499969984506
  0.96890514545087503  0.97697708848506493  0.98602267483412154  1.00000000000000000
 -0.00177579309354540  0.00765754651494975  0.01613400681579952  0.02571774930384332
  0.03517633933612981  0.04482258396244287  0.05576510152564306  0.06675462354261204
  0.07719544005627013  0.08766044567892935  0.09790028853673027  0.10807950325390234
  0.11873776490074978  0.13044294252184685  0.14276923303379915  0.15534648592730124
  0.16771662272707805  0.17990764324278069  0.19053707710545262  0.19977125745937013
  0.20897172952843185  0.21895827666069609  0.23050146460943005  0.24271469536097512
  0.25340846416406554  0.26271053572206837  0.27191946421459673  0.28167699787209532
  0.29147571929683974  0.30043130774232346  0.30921232847410551  0.31911248122733904
  0.32939238510018581  0.33926692286935123  0.35045937625470547  0.36209759589525742
  0.37333952256735975  0.38467068062263116  0.39606999878388621  0.40694017988620657
  0.41589614766272998  0.42483477946607046  0.43439802233258784  0.44504978274836532
  0.45746740146966680  0.47035137404397476  0.48298382573696003  0.49532922600604390
  0.50672559857987576  0.51631212343385835  0.52609951684567591  0.53510221259452351
  0.54390903425884884  0.55181743660935811  0.56008089001528638  0.57032511967692490
  0.58252736743377054  0.59365938134917451  0.60468446848172674  0.61545195410927434
  0.62711627026991201  0.63949653309617172  0.65197175607680857  0.66271065477913038
  0.67227475344812504  0.68211245569423462  0.69290172139151618  0.70367062872514374
  0.71453538780912595  0.72651702960703102  0.73803475828493825  0.75017173157857442
  0.76221643247207460  0.77308932853951540  0.78310249463538328  0.79303637099421931
  0.80407048592649744  0.81473156583024120  0.82521607545124809  0.83502046853110978
  0.84363923934253848  0.85171897581253586  0.85915051011262855  0.86724743591353837
  0.87779184381529174  0.89173788209888516  0.90409165562370719  0.91594331082416192
  0.92649700618369357  0.93719173299572045  0.94769986183007526  0.95767410793490459
  0.96698226284463984  0.97700618738299227  0.98783110524746220  1.00000000000000000
   1.5198858839573401E-009  -1.0000000000000000     
 T T T F F F T T T F F F T T T F F F F T F F F F F T T F F F T T F F F F T T T F F F T T T F F F T T F F F F F F F F F F F F F F F F F F F F F F F T T F F F T T T F F F T T T F F F T T T F F F T T T F F F T T T F F F T T T F F F T T T F F F T T T F F F T T T F F F T T T F F F T F T F F F
