  0.00005111183352711  0.00016163892144804  0.00026167195549428  0.00036872592100646
  0.00046669681826768  0.00056031564560760  0.00064449821051913  0.00071785291050079
  0.00082072212623957  0.00095249731272833  0.00110763367017344  0.00127117257637047
  0.00144094023381814  0.00162040236529120  0.00181712186349921  0.00202609403043195
  0.00225473320428486  0.00250014139147349  0.00280127013445957  0.00313303472955038
  0.00345788023997092  0.00378210601922057  0.00415889122148200  0.00458687786186754
  0.00509032495394298  0.00567360161439977  0.00624467689552120  0.00670811755633717
  0.00711235309722821  0.00757380151309877  0.00809845756907158  0.00865739937300682
  0.00928160146189034  0.01013631882333215  0.01096032234180373  0.01160943282470836
  0.01212522358029389  0.01267056561436511  0.01324382089209951  0.01374471004946215
  0.01424547404493271  0.01478481022804329  0.01528617183121572  0.01584419706504387
  0.01656719235038384  0.01777122341911413  0.01897719523610935  0.02117601250868402
  0.02338161311079368  0.02491255574852179  0.02586247726601685  0.02688364025044220
  0.02804149503928046  0.02956068518169368  0.03105747237589363  0.03258648619344211
  0.03400819342702135  0.03630033826193724  0.03926900305826404  0.04220278103659283
  0.04518228282072354  0.04839682334194201  0.05150002380520870  0.05450706105615673
  0.05781467218768456  0.06151907105797640  0.06523346383944366  0.06896241210671650
  0.07280477754545904  0.07678902362430902  0.08172506408525525  0.08646480557631726
  0.09093234367704271  0.09573836626993025  0.10122353789679875  0.10750019346011375
  0.11349373267960709  0.11712973290948581  0.12513822502667604  0.13339492905774247
  0.14359432838251399  0.15880142365671485  0.17849761332214564  0.19615656742883883
  0.21257562544622843  0.23518313658674728  0.26399099977171847  0.29254003930698191
  0.33003196418944547  0.38121827356744115  0.44244150564215040  0.50785023353668546
  0.59771274996987489  0.72291009551472685  0.89524342649034028  1.00000000000000000
 -0.00000069416353325  0.00000360706647000  0.00000799053041096  0.00001347770209483
  0.00002041532871975  0.00002744201176610  0.00003344119283174  0.00003789407760466
  0.00004134362868778  0.00004583882118258  0.00005104513881366  0.00005835289192390
  0.00006606652158569  0.00007307489501381  0.00007952421284851  0.00008578618254376
  0.00009202588580655  0.00009943759369729  0.00011098413226882  0.00012648056852569
  0.00014367183844395  0.00016161062481838  0.00017953308100564  0.00020097359303051
  0.00022477423351856  0.00025020897776035  0.00027441730619039  0.00029398278470983
  0.00031472299058438  0.00033549489393654  0.00035712271547421  0.00038797881016512
  0.00040594556573247  0.00042065321765953  0.00043614201216655  0.00045300972368053
  0.00047504298466863  0.00049772910315494  0.00051856799925125  0.00053974727909007
  0.00056555880504048  0.00060098527104531  0.00064601969712501  0.00069028000470948
  0.00072935252159683  0.00076729324298422  0.00080274865029244  0.00085092188425166
  0.00090563387795680  0.00096797215482102  0.00103412258753687  0.00109409098265369
  0.00116026993170564  0.00122931675429384  0.00129295097447781  0.00137777849334665
  0.00146979792067635  0.00156215462778284  0.00164487035601236  0.00171858215379621
  0.00179768078817719  0.00189228992071139  0.00200967376419410  0.00213184397491579
  0.00226197748614708  0.00240273784942036  0.00255422763835359  0.00271204444146008
  0.00291592939916786  0.00318755074670154  0.00358371809994350  0.00405075868512223
  0.00451287139282994  0.00501219343613882  0.00555289910742994  0.00617665069558524
  0.00684197389564443  0.00751102148509658  0.00826581204639415  0.00905860939521810
  0.00995130114177404  0.01093390001581883  0.01217136286615034  0.01398827396814905
  0.01619894830696754  0.01885023551111352  0.02199636134151242  0.02645312577837323
  0.03236670941759445  0.04311402273875841  0.06023206222930019  0.08328029153162715
  0.12439893380940646  0.24376698973255151  0.60799225609189289  1.00000000000000000
 -0.00000130016350199  0.00002041023657639  0.00003266996499249  0.00004332218179778
  0.00005108127894357  0.00005976201739756  0.00006760774156135  0.00007649123711162
  0.00008295539765290  0.00009065787212386  0.00009967283546272  0.00011134261463191
  0.00012238062779777  0.00013287281848253  0.00014245174599518  0.00015342510829148
  0.00016313316824722  0.00017153757005729  0.00017920390898947  0.00018670367758160
  0.00019569482202416  0.00020545612795710  0.00021608632181687  0.00022554154033422
  0.00023423444899390  0.00024204890988351  0.00024960944822609  0.00025875990365378
  0.00026971664276553  0.00028171456725846  0.00029701349885730  0.00031663042137689
  0.00033703213818295  0.00035523261148465  0.00037310134218982  0.00039240948508625
  0.00041389671909211  0.00043883186436154  0.00046877179080003  0.00049757333683275
  0.00051805265309260  0.00054557484960544  0.00057090218518624  0.00059741369309849
  0.00062310921576523  0.00064752508964735  0.00067100915390627  0.00070114944790728
  0.00074036669677891  0.00078517092884667  0.00083095031709269  0.00087795095199509
  0.00092719118004183  0.00098606930381947  0.00104681686922166  0.00111029656809763
  0.00117445860057147  0.00123843546189294  0.00130252839897318  0.00136855019002117
  0.00143353902513462  0.00149915800114191  0.00157011326879443  0.00164228785530549
  0.00172552025473308  0.00181729950726623  0.00192591349320691  0.00206210363873042
  0.00221085756064737  0.00237654195936434  0.00255841711765301  0.00274740470445231
  0.00296083599040514  0.00325318152521113  0.00364316525558647  0.00406467225448129
  0.00449302302094020  0.00497484312099032  0.00552786618733453  0.00610374958512403
  0.00671714039873538  0.00733719131575019  0.00825942385934880  0.00989018797075092
  0.01190953286801429  0.01403084363341084  0.01706001508932080  0.02182598769457412
  0.03092458962966919  0.04119482103518100  0.04862107511556930  0.05433244092831922
  0.07729020142717764  0.10420282771909159  0.23279703925757758  1.00000000000000000
 -0.02558654564517525  0.14653104655158031  0.23149842324212033  0.30509846538681601
  0.33526116671876754  0.35269939082220103  0.37586765923887605  0.41426699024786312
  0.47035373871921621  0.51330964078733199  0.53302130360053490  0.54670235778698051
  0.56146425968842217  0.57641073088869577  0.59432751716599808  0.61144248073172713
  0.63071270433442617  0.64920537724216576  0.66804924730509530  0.68603302474911387
  0.70382361448093833  0.71906936785831532  0.73277289387131961  0.74614026277189160
  0.76053374969253340  0.77579422600264480  0.78602303470949975  0.79511509304448180
  0.80412535373666727  0.81451196837644479  0.82663526014329114  0.83704286679210349
  0.84563269966216670  0.85378444280193933  0.86048138121037765  0.86684541184950914
  0.87397278572643000  0.88033278358134504  0.88579852556048311  0.89173904321526920
  0.89783754327650478  0.90277290493718665  0.90729825402976749  0.91131549883830831
  0.91480251653296762  0.91809161351526880  0.92142204635945457  0.92481415877052975
  0.92804784609183133  0.93085996161612328  0.93352722227140084  0.93672471999099660
  0.94060906551120849  0.94416213275406979  0.94758566420259815  0.95055326516060878
  0.95337383844934376  0.95616026895939810  0.95842103987621463  0.96014525361390002
  0.96176486267984507  0.96337116701954673  0.96512143913519099  0.96695998712166387
  0.96875810329863821  0.97054539541243789  0.97238738617461506  0.97434999155872126
  0.97629510837495781  0.97796804098729984  0.97928147183555592  0.98039448100632809
  0.98138149389475249  0.98233136266441667  0.98334283426160674  0.98445001258845466
  0.98560319305110544  0.98665280149592616  0.98769917390491213  0.98876137188728475
  0.98982104282600603  0.99082188979957253  0.99175413110763189  0.99266107019899863
  0.99357421746859553  0.99449717594106501  0.99526468611147267  0.99597635406194129
  0.99660283257433180  0.99711203935711290  0.99763166213579213  0.99814459255647558
  0.99864208417951505  0.99910427350280484  0.99955633949874456  1.00000000000000000
 -0.00161173047149644  0.00616301517873955  0.01462964905664876  0.02377704382582931
  0.03361959707025991  0.04933377164954975  0.06634035958997835  0.08137842674119591
  0.09518220922220477  0.10850651128194143  0.12243335771799949  0.13828189370302774
  0.15198825150803283  0.16234759100798135  0.17138609688683354  0.18003866008545610
  0.18872526131841794  0.19769197937358107  0.20693371372169442  0.21667464400212424
  0.22661604590084408  0.23599326430374576  0.24524890313558645  0.25446013488887637
  0.26428787641545887  0.27474656142863396  0.28746517218612633  0.30316081296236136
  0.31564166649256564  0.32476798999998047  0.33346329218763049  0.34149402186320366
  0.34926178882162484  0.35712262188865207  0.36752993379207705  0.38091594656500249
  0.39736465806217897  0.41223520211797460  0.42483380650581065  0.43788197776520710
  0.44987460711347471  0.45886746083744817  0.46649162928249954  0.47348229597864211
  0.48038894036208735  0.48804890177433291  0.49735701498268503  0.50733945185770313
  0.52023363720629823  0.53479377724993360  0.54830731907470787  0.56137091221347257
  0.57108976494601549  0.58057889278916808  0.58869836076084758  0.59660316239490074
  0.60322312610592832  0.60915883430654605  0.61517492020220732  0.62270055219803122
  0.63555649390901903  0.64781995517274826  0.65754642030551391  0.66622819637568897
  0.67461312167238452  0.68343259749606200  0.69126861395959993  0.69819575457357963
  0.70508866116485869  0.71256540114180500  0.72111777604374427  0.72950333500646269
  0.73860436790851036  0.74892594373856747  0.76045795524620519  0.77132921174186708
  0.78107481851882765  0.79043253582305339  0.79960784718631961  0.80845045696282758
  0.81836002997465529  0.83044289868024790  0.84354310606101246  0.85548121586227477
  0.86867358504048564  0.88105127056881583  0.89238974601636678  0.90568463194866355
  0.91742629484535165  0.92908454792955686  0.94074744989918535  0.95217682492686806
  0.96349104453838519  0.97510355883626021  0.98738304706942448  1.00000000000000000
 -0.00442932146443747  0.01078082909358590  0.02392714425107806  0.03614773157616234
  0.04727342088983487  0.05856823695108105  0.07192289271128931  0.08511448368800929
  0.09873003680133098  0.11216483912676331  0.12626880612441571  0.14192901628256352
  0.15644061385751543  0.16884605597241087  0.17994232489987458  0.19175227970704312
  0.20409781576876651  0.21551175053952093  0.22779343523498483  0.24020791938672018
  0.25290786629186851  0.26339625929493893  0.27272734150394984  0.27982057029141688
  0.28833992826963017  0.29784095572564240  0.30756535079134367  0.31749585639782074
  0.32726041759794844  0.33900738105191336  0.35181612813816365  0.36359986214955470
  0.37436781167605893  0.38501661748159649  0.39500455767933174  0.40501625132688696
  0.41723272626849528  0.42537745677170496  0.43522355304469285  0.44446002114405903
  0.45331947332638001  0.46600464546707870  0.47649023683566899  0.48788379717708014
  0.49853405450609162  0.51006856228984976  0.52068575869590583  0.52882837276861949
  0.53675991688426061  0.54556133103993776  0.55434711482132981  0.56284661185018681
  0.57144017993491747  0.58277591489071290  0.59727647793672867  0.61153745812262061
  0.62280822380614242  0.63439795211550909  0.64676746261385298  0.65867456860888129
  0.67142508520738653  0.68375815923682248  0.69672939847134918  0.70972349207527474
  0.72423147354228889  0.73810473602535409  0.75239784350624583  0.76550018619717652
  0.77543530439590280  0.78442650284499049  0.79373343885400083  0.80378756602176948
  0.81256960103713960  0.82128669877166049  0.82943877251943243  0.83773731642410998
  0.84639208948943523  0.85477843556695510  0.86174623837975417  0.86921668359744186
  0.87660679481669157  0.88297587558753832  0.88976793643879615  0.89590120904867498
  0.90323052556337036  0.91052875215559714  0.91525086465500782  0.92076506644644129
  0.92602516132125157  0.93285383171143743  0.94064236802631429  0.95455399581147660
  0.96608155879537050  0.97731711541184607  0.98878479963452737  1.00000000000000000
  0.00042595947341997  0.00071928374815114  0.00101260802288230  0.00130593229761346
  0.00169329486918722  0.00208960913474762  0.00248116722422868  0.00283526026480291
  0.00318935330537714  0.00359388519218203  0.00415117909889666  0.00474979483568350
  0.00540418614518125  0.00613532788858017  0.00691723601236005  0.00774321944962609
  0.00858361748596070  0.00956183745428624  0.01055522740823843  0.01153248984266415
  0.01252357799220711  0.01348155152847496  0.01448478558592948  0.01553626794775869
  0.01666674841257190  0.01798451089214183  0.01940248896344103  0.02092129164389957
  0.02252065597610054  0.02432279220171367  0.02626230233993336  0.02812390508673810
  0.02979983386850905  0.03142715774210998  0.03310692113642836  0.03489784826986360
  0.03679979778292866  0.03883709619090961  0.04128428898252543  0.04443464890725457
  0.04812314736390456  0.05152115085422458  0.05476781740717403  0.05769744391167147
  0.06072445602866468  0.06459940564309963  0.06905437851717400  0.07327925984864811
  0.07757573520579127  0.08262911779765657  0.08685256543799920  0.09200495131091120
  0.09718702334866107  0.10178171557308142  0.10640515842902523  0.11120856643688141
  0.11841326756446480  0.12495819101060716  0.12957650601663587  0.13334551299992742
  0.13707562462826189  0.14130062932488061  0.14783296862334735  0.15588199942772374
  0.16435863914861693  0.17707632991153499  0.19291317349813894  0.20962055131485086
  0.22235730352875027  0.23513986537725873  0.25056184552560778  0.26933848480262307
  0.28874050467187273  0.30791864506569028  0.33021213995530652  0.35400065740000725
  0.37283997016258830  0.39041544699522041  0.40886170303688169  0.43132269452635885
  0.45097061195508187  0.46820129864070170  0.48331792483360342  0.49804037427118325
  0.52010053998958039  0.54933588138378853  0.58961821362731404  0.62831764376922716
  0.67745062486185781  0.72607425485012200  0.76240128983754629  0.81250774411113558
  0.85939322603320689  0.89968444764310473  0.93842242489619099  1.00000000000000000
 -0.00158381742188541  0.01070502753700575  0.01989938670828256  0.03233423296066096
  0.04797162169495554  0.06482274860993298  0.09084926534141587  0.11311614460335762
  0.13251567685312182  0.15036035425821628  0.16586315333029703  0.18050458117729795
  0.19471116043090633  0.20920079633125924  0.22045489577798819  0.23099032457013066
  0.24174332050103281  0.25316219963076436  0.27108620088320229  0.29198551028476721
  0.30970086938340424  0.32027044522711134  0.32911497577493265  0.33777296222190772
  0.34728732805550050  0.35785085654533622  0.36625059947420363  0.37287770342322091
  0.37826160156121891  0.38411518841808334  0.39046003391951190  0.39771034026999652
  0.40617526496726225  0.41578687021408473  0.42650659422033949  0.43631867367143456
  0.44822310329413190  0.46118627348070412  0.47452673808786533  0.48256876234173002
  0.48890312705111871  0.49439164411252567  0.49904941874659736  0.50331735831891788
  0.50771880692046001  0.51268942039102361  0.51819892363100184  0.52378483055715164
  0.52955512969354435  0.53555069544811862  0.54117021777356900  0.54659042269785063
  0.55139437984309425  0.55592310741666540  0.56062952636452268  0.56533237826191196
  0.57118691937269039  0.57717508641586424  0.58310351791417658  0.58929048471167866
  0.59481884507694816  0.60075680391483388  0.60692427639407176  0.61237970757348337
  0.61702976584287372  0.62231231493535966  0.62870248900869874  0.63654071278090174
  0.64272453734140256  0.64759603557187850  0.65220138423418161  0.65731135892327541
  0.66292510717974040  0.67076828605649452  0.68278370856011750  0.69416283320166228
  0.70552950545125837  0.71846235572421435  0.73368752703360485  0.74986073444642554
  0.76220607110906369  0.77424000695688300  0.78618150367075046  0.79692374834125623
  0.80489671973546939  0.81654018605888878  0.83057871109956449  0.84860292545183491
  0.86919278691902668  0.88879671326800314  0.90741799860530914  0.92610820979234043
  0.94481273983838354  0.96425371631230028  0.98348941768419662  1.00000000000000000
   1.8958445914570765E-007  -1.0000000000000000     
 T T T F F F F T T F F F T F T F F F T T T F F F T T T F F F F T F F F F T T T F F F T T T F F F T T F F F F F F F F F F T F F F F F F F F F F F F T T F F F T T T F F F T T T F F F T T T F F F T T T F F F T T T F F F T T T F F F T T T F F F T T T F F F T T T F F F T T T F F F T T F F F F
