  0.00591411160608790  0.01631167337463246  0.02727581113057466  0.03852779983419780
  0.04967538910411543  0.06100233369313727  0.07207354043335072  0.08260245178545264
  0.09285122015009181  0.10300329742251689  0.11303178586724749  0.12301494722026200
  0.13295348468368717  0.14281961473173665  0.15251067042924776  0.16200296777991624
  0.17135337021545716  0.18055549591367998  0.18962412870104911  0.19857370971262714
  0.20751482455783457  0.21639632644267265  0.22519500649718147  0.23398832299110786
  0.24268971650407042  0.25133533645276995  0.25997167747413891  0.26850950732282158
  0.27702675131819976  0.28561761932657720  0.29415509855002214  0.30257754381245927
  0.31096043159872522  0.31935832602959552  0.32776540111490815  0.33613917060312454
  0.34449822862416785  0.35303525428810456  0.36146906775136445  0.36985006452078151
  0.37817351576238528  0.38648931989718738  0.39479059650907988  0.40307649813148233
  0.41132834192463658  0.41955396115709082  0.42780131815324829  0.43608988209093003
  0.44435630841351870  0.45261104753701437  0.46082847940220656  0.46905896474310832
  0.47735075123824966  0.48569356215199672  0.49405113233077663  0.50240672786921525
  0.51076312573572336  0.51911761388773325  0.52748944695089961  0.53604206820864253
  0.54459791588886675  0.55314374812070666  0.56169955970464946  0.57024229895327039
  0.57882679783827717  0.58758356648165133  0.59649493991252955  0.60561086622302651
  0.61472436278316611  0.62389269598308472  0.63308792046618112  0.64228071829096345
  0.65169220180421328  0.66166898212903247  0.67176870272388123  0.68196449817682214
  0.69222375196356656  0.70259332303806044  0.71308734222265302  0.72379791888515876
  0.73491659327961245  0.74662649212205345  0.75838323866041046  0.77037307699596025
  0.78256518842851552  0.79490236832908312  0.80820735649565278  0.82291013817416347
  0.83832726925470069  0.85442736250782725  0.87136657976238574  0.88922343607352872
  0.91010303204252108  0.93412137027700270  0.96354187719002282  1.00000000000000000
 -0.00222469990847591  0.00902232757539397  0.01839446785783688  0.02850695225945795
  0.03852339517647532  0.04903034076614281  0.05962789377828055  0.07089291758877032
  0.08246999344708698  0.09318647337096754  0.10386651245183018  0.11413835379512505
  0.12464994187952819  0.13460411331437860  0.14445390293689517  0.15440803874253795
  0.16432863660270888  0.17425298418509436  0.18446086406937071  0.19454739763070047
  0.20485952438946436  0.21518746867213284  0.22578517015765454  0.23619538040633151
  0.24648085132886116  0.25705789594734957  0.26815665163762675  0.27911590682794751
  0.29005205704337911  0.30091722721273584  0.31160174787329054  0.32200461897461713
  0.33226325299611470  0.34247145621400132  0.35278684908534114  0.36309689239922999
  0.37366806359048749  0.38451116764340204  0.39573440514181851  0.40697834079499351
  0.41839121573009058  0.43023119720071429  0.44155950882093098  0.45190714241556329
  0.46217529489761405  0.47253640061714791  0.48299340608422714  0.49323845009681899
  0.50349012511683411  0.51427550164939928  0.52513432459514942  0.53644643328781239
  0.54777943037410559  0.55906105052754418  0.56992890343706482  0.58071930533529892
  0.59105424802176731  0.60137884711170919  0.61190780654571608  0.62211651034307458
  0.63237475072489358  0.64255160501949560  0.65299141893801138  0.66369905655631978
  0.67423684135928130  0.68473704429272275  0.69546211963859672  0.70633248112155722
  0.71693566130688635  0.72733443528493857  0.73776218014706463  0.74831701310701271
  0.75872919672018824  0.76925337932075910  0.77986725061543039  0.79055845351239473
  0.80084217153826520  0.81127438729497914  0.82181509046976609  0.83217826576857756
  0.84233617013040007  0.85241112449621637  0.86302572552825052  0.87364597085974516
  0.88413499126290540  0.89430450258928784  0.90486422944960043  0.91541390428128966
  0.92657787793393309  0.93772441571173182  0.94831146591425330  0.95877898829708019
  0.96900459037338615  0.97946551893216927  0.98958847447711362  1.00000000000000000
   7.8650510251969482E-009  -1.0000000000000000     
  <DiscreteSampler_grid>
  Helicity
  1 # 1 for a reference and 2 for a running grid.
  20 # Attribute 'min_bin_probing_points' of the grid.
  1 # Attribute 'grid_mode' of the grid. 1=='default',2=='initialization'
  0.0000000000000000 # Attribute 'small_contrib_threshold' of the grid.
  0.5000000000000000 # Attribute 'damping_power' of the grid.
 # binID   n_entries weight   weight_sqr   abs_weight
    1   20   2.579508816103475E-016   9.282552766748240E-031   2.579508816103475E-016
    3   33   7.411930042960938E-011   7.624943275319284E-020   7.411930042960938E-011
    5   20   9.960717175016603E-013   5.828047998114921E-024   9.960717175016603E-013
    7   885   1.895377940829473E-015   1.094917719018917E-029   1.895377940829473E-015
    11   24   2.044965386804477E-011   2.770848754757334E-021   2.044965386804477E-011
    13   20   5.563593327597891E-013   3.867156922447253E-024   5.563593327597891E-013
    15   13075   3.004555122671838E-008   4.756689595493217E-015   3.004555122671838E-008
    17   87   1.164715496512042E-010   3.967217791797352E-019   1.164715496512042E-010
    19   20   7.482488052553343E-012   3.145914155140722E-022   7.482488052553343E-012
    21   20   9.488280172853565E-013   5.201496208371000E-024   9.488280172853565E-013
    23   20   3.327900567004546E-014   1.820830437285940E-026   3.327900567004546E-014
    27   23   2.803932736022817E-011   3.759584562978759E-021   2.803932736022817E-011
    29   20   5.331762251391092E-013   3.779805711881410E-024   5.331762251391092E-013
    31   20   1.546776805595443E-014   2.284997222333781E-027   1.546776805595443E-014
    33   20   1.978049346776168E-016   5.035821705619217E-031   1.978049346776168E-016
    35   20   4.294346068457271E-019   1.071895871745252E-036   4.294346068457271E-019
  </DiscreteSampler_grid>
