  0.00471644448974890  0.00537172213718959  0.00625959488754843  0.00742014129110879
  0.00876168864488284  0.01010506413851818  0.01148949444980699  0.01294434492905929
  0.01437243633502375  0.01581608015959271  0.01751554122011109  0.01944727988020390
  0.02164337412797622  0.02419635990036073  0.02690560205969012  0.02959192059740182
  0.03236167247243607  0.03526614451629528  0.03822889624798249  0.04176896238768451
  0.04658198735440774  0.05259598093415052  0.05831232284537807  0.06460324562096220
  0.07152425588852124  0.07989497743909572  0.08943742264212241  0.09879129209748989
  0.10650913930864971  0.11298094727676432  0.11988050174175538  0.12773002962491295
  0.13647466971142941  0.14543081430186430  0.15333063735714178  0.16153689196321891
  0.17033317998943523  0.18551575757779379  0.19776750277899663  0.20846679123765308
  0.21915730401654271  0.23044867957367984  0.24300243821587636  0.25659859866080520
  0.26749727834648251  0.27783683404003973  0.28785732877192238  0.29894582998266245
  0.31234268600931964  0.32712055383131078  0.34296438945716806  0.35752636446124819
  0.37104390735292309  0.38383417186353963  0.39641189303331970  0.40979518004108750
  0.42482193154225656  0.44199472553711894  0.45925761414912131  0.47734562109120776
  0.49370581352081988  0.50605926892843411  0.51623230799019693  0.52605840952786564
  0.53685377035183102  0.55025311303085955  0.56612286265363199  0.58302141917967076
  0.60015421911241773  0.61643170092102628  0.63230074051390206  0.64918218210695822
  0.66772731869549740  0.68298153186380395  0.69501412131262996  0.70717301715125425
  0.71694333114361442  0.72309830355106819  0.72933106642417045  0.73676829072510264
  0.74644184787520940  0.75828097625106128  0.77322019890710425  0.79045444287652711
  0.80833672945430013  0.82277146714718996  0.83528307546717040  0.84841514558094211
  0.86076863315784868  0.87578229267270025  0.89200443991508138  0.90840813025953671
  0.92491026811885058  0.94221670920059242  0.96308665108194025  1.00000000000000000
  0.00001605109097085  0.00001912208507274  0.00001932435755009  0.00001957949114156
  0.00001989674461250  0.00002021125903165  0.00002056069531198  0.00002086810565754
  0.00002150793550459  0.00002195387979246  0.00002215394842006  0.00002242824601712
  0.00002276698683651  0.00002290352961089  0.00002301015986481  0.00002311443317872
  0.00002324367350392  0.00002343148211967  0.00002376974295952  0.00002420231898453
  0.00002445248879767  0.00002468713580103  0.00002491706026620  0.00002508919923617
  0.00002521103349468  0.00002530502356286  0.00002540321972306  0.00002550779376429
  0.00002562365427984  0.00002576074949014  0.00002595241893581  0.00002619324400779
  0.00002645043378688  0.00002671385588387  0.00002693635998510  0.00002713931634190
  0.00002742361190665  0.00002779403939770  0.00002817977801813  0.00002856155597702
  0.00002896034238310  0.00002948909481654  0.00003013664379804  0.00003079973469839
  0.00003148929920734  0.00003222746105568  0.00003299403592622  0.00003359235282828
  0.00003410760691796  0.00003463218423383  0.00003521519040240  0.00003626686899283
  0.00003792076533071  0.00003980628237505  0.00004185385318342  0.00004394045227008
  0.00004585242710223  0.00004753416980050  0.00004914563737468  0.00005059229145651
  0.00005186313379558  0.00005294087701915  0.00005394730541053  0.00005494417002780
  0.00005589575821651  0.00005687370904782  0.00005783229938929  0.00005879246628547
  0.00005964376925073  0.00006040370652942  0.00006110561481534  0.00006177103804392
  0.00006240290394460  0.00006302023959829  0.00006365670697792  0.00006429907936721
  0.00006503629719869  0.00006578248370663  0.00006621435459775  0.00006658037415090
  0.00006696083226130  0.00006728550165128  0.00006776278281889  0.00006876206952610
  0.00007063437813085  0.00007233079894619  0.00007401103346515  0.00007593137884706
  0.00007777816212856  0.00007957468128704  0.00008165586258321  0.00008371676879840
  0.00008575706655536  0.00008755681947097  0.00008755681948097  1.00000000000000000
 -0.00166603771503853  0.00700380332139679  0.01333092738334601  0.01907844399609621
  0.02569240305034074  0.03167645630886501  0.03768730793986289  0.04403043169993852
  0.05075714428116188  0.05716022717836439  0.06286521839595725  0.06945340162678300
  0.07699213149423444  0.08400491315099413  0.09066658625740077  0.09773250813239109
  0.10558109626337080  0.11384581464306025  0.12254637337384086  0.13008450527541363
  0.13544791464596215  0.14138590293992986  0.14742548512581105  0.15414909023388332
  0.16229898259661482  0.17070308802107748  0.17925158513924910  0.18865044446599685
  0.19855312284443183  0.20808343678507468  0.21704368597392273  0.22627168546061291
  0.23701606007583276  0.24780213317179689  0.25784476648711774  0.26621321983571072
  0.27400736709873519  0.28401796525195555  0.29374091902331140  0.30383287108532120
  0.31353709727226814  0.32195065534982248  0.32929798779599528  0.33626395718884500
  0.34266761182882272  0.34911713797959393  0.35592868077996143  0.36329671776557093
  0.37001645810307038  0.37844160538555066  0.38935553658932803  0.40033132868413174
  0.41071689124626526  0.42069768211006292  0.43065258974283815  0.44107283041927442
  0.45254761366554674  0.46501079203595802  0.47885067729244751  0.49418186933467217
  0.50566705641867771  0.51731078667482089  0.52691051200247985  0.53489791479285254
  0.54474058121913871  0.55479046599117043  0.56437635156375954  0.57228961832054626
  0.57947620006327605  0.58725909228249618  0.59593950983188371  0.60736746851176548
  0.61650225509076151  0.62535765044245206  0.63607546413896254  0.64789802226455862
  0.65921904956711286  0.67274632986173100  0.69038767100258347  0.70837513632395355
  0.72541570814617995  0.74014138652840200  0.75224819082410010  0.76493153901154853
  0.77784967093791235  0.79279034529870795  0.81451611738861796  0.83528862817126104
  0.85572467025578414  0.87642322435733466  0.89712601783803470  0.91781463422366572
  0.93694299660703462  0.95580580590073538  0.97670504875180630  1.00000000000000000
 -0.00390139255813785  0.01340690837385717  0.02826983817980381  0.04190045610476351
  0.05506385535586764  0.06838908229748772  0.08246028905600525  0.09591933168177300
  0.10621463292434467  0.11399531604780494  0.12223530306562538  0.13037307829592906
  0.13807878228599052  0.14626802040600706  0.15374502027011644  0.15907984256274141
  0.16379901776068292  0.16932367164286402  0.17634972705395571  0.18536247775700557
  0.19446497805660912  0.20364312270152415  0.21307856772864830  0.22378774896149906
  0.23660390200565828  0.25086295428923777  0.26416386296569810  0.27597157881199536
  0.28760298931111172  0.29954605692252328  0.31135115414187231  0.32253260957416169
  0.33343621634915782  0.34437696892624892  0.35450036127886458  0.36167041874172223
  0.36951300653725710  0.37809573866440183  0.38684909305136111  0.39502735069997102
  0.40296610041828790  0.41040779922134557  0.41802679795232767  0.42653637981013381
  0.43670927252105946  0.44683592755371038  0.45805713481316584  0.47192754778174112
  0.48542392309836963  0.49825693890018186  0.51014319747811687  0.52123480565773073
  0.53357633754475298  0.54560674955737531  0.55811272941509704  0.57360289346077908
  0.58986320237126078  0.60620895315758916  0.62180857219528873  0.63542672439515469
  0.64713558926682269  0.65624802170515428  0.66400806433301029  0.67337736430081141
  0.68344025280536391  0.69423476034198262  0.70579889802865825  0.71693438714241520
  0.72707584479378895  0.73716112180676718  0.74675749686391502  0.75706107666033584
  0.76885226068735291  0.78107573353350768  0.79313533668447156  0.80470706096677480
  0.81382614102273187  0.81941427420767277  0.82772144661877900  0.83715579139017016
  0.84657528365217261  0.85604302443334856  0.86410575674135792  0.87318386060907827
  0.88515300237345873  0.89910323039590223  0.91212885162619084  0.92234514044843219
  0.93092794055477135  0.93935189595845359  0.94725921774591482  0.95558078429003845
  0.96458823913583058  0.97427068242427173  0.98636964638757463  1.00000000000000000
 -0.00232130985461446  0.01405782123969890  0.02862788444032773  0.04538372223823568
  0.06456242739638740  0.08149800720228773  0.09295058739491834  0.10255712933524501
  0.11213382120718941  0.12246333871160132  0.13684912966779889  0.15488135653879231
  0.17059684631847738  0.18394035653047697  0.19717778778571221  0.21128975164529043
  0.22497959317437874  0.23840805596374023  0.25303248110435622  0.26903119891504995
  0.28391193366361395  0.29793458631124242  0.31099803437831586  0.32322947033932303
  0.33573711672200246  0.34893775890773593  0.36203363966628405  0.37522012571692476
  0.39041781246413698  0.40564130205886229  0.41965691191623100  0.43314246711380577
  0.44701628547557432  0.46150448805781724  0.47588745834489926  0.49023924377298256
  0.50351850208551530  0.51590055261188650  0.52844089701025088  0.53953080705649104
  0.55005017915329890  0.56138387853544081  0.57281390032171964  0.58376114038529159
  0.59461414150978753  0.60581335371236400  0.61769826986155263  0.63153023128741803
  0.64402895843706165  0.65341786985981254  0.66116728057255081  0.66916970444834023
  0.67630237330830145  0.68270491157305424  0.68904752102993139  0.69542619156747187
  0.70197315491257339  0.70820341992612501  0.71554377445510053  0.72153977081179854
  0.72762467409169052  0.73325439791419578  0.73940831984741595  0.74581088520783345
  0.75185811132379521  0.75766227445784551  0.76279132119553639  0.76857622016611360
  0.77571209443165945  0.78501271894864333  0.79255894173129937  0.79927135896314194
  0.80550406120126428  0.81130529596993606  0.82364182075737369  0.83725960287227208
  0.85047740692757234  0.86128880629266757  0.86953958558414035  0.87695536596879387
  0.88334928826893599  0.88967419680059123  0.89643012623720175  0.90345351387693007
  0.91002133567810817  0.91607927304355552  0.92164069365456336  0.92745555031642390
  0.93379910058426874  0.94056898301708736  0.94892566173713744  0.95918639158974051
  0.96955701829732854  0.97930808911364309  0.98938879879961572  1.00000000000000000
 -0.00383423090995647  0.01411379985439439  0.02871955943899890  0.04225715558608418
  0.05520045264247155  0.06691994757284747  0.07792828221749543  0.08976043187146242
  0.10149448921911752  0.11376977984268431  0.12458997444079754  0.13263505355267158
  0.13954639951579487  0.14706688024418837  0.15459605433432794  0.16278564757036978
  0.17318397804944105  0.18636462567780962  0.20040039339535623  0.21261660758800413
  0.22268959064338373  0.23208043120091612  0.24186015496584018  0.25201386849866864
  0.26385904856130782  0.27632248828625250  0.29013640440174632  0.30278779763308017
  0.31465630501712261  0.32299217580067446  0.32991622697519180  0.33752838012619873
  0.34591400811810497  0.35415403454351502  0.36891037588969339  0.38153961524420887
  0.39448455192110543  0.40669912707573114  0.41883524409205930  0.43089847058329894
  0.44207545521846603  0.45186447641135125  0.46109387957672243  0.47038418165791412
  0.48022334415777490  0.49079480811007264  0.50062690292338907  0.51316414799557086
  0.52677230653202312  0.54153723211926930  0.55578248307649358  0.56654291006089474
  0.57484885158918164  0.58408561345798016  0.59350355583101111  0.60258456892516510
  0.61137311425884455  0.62005158670578620  0.63186957106829156  0.64371881607850467
  0.65229953136817598  0.66028072625512013  0.66887084655887041  0.67747035489917184
  0.68536884143474830  0.69325083881270644  0.70134688668088407  0.71095643268653619
  0.72344389266708897  0.73439780511465502  0.74415664661559178  0.75325190873889625
  0.76377793335217226  0.77722139235080179  0.79171914687223843  0.80428243073259642
  0.81481731210845787  0.82458985672111962  0.83368189823785877  0.84335753655782442
  0.85345769628146551  0.86553915329263675  0.88030012394939650  0.89677163180998787
  0.91183192237027855  0.92267060955861024  0.93006708938445526  0.93677429680913571
  0.94360637407516312  0.95073783854202643  0.95806322839638891  0.96524452044583509
  0.97222490462152689  0.97987655142356678  0.98945460926428985  1.00000000000000000
 -0.00424549929332728  0.02189064033419222  0.04452411108982605  0.06412863587560609
  0.08183607818195333  0.09921688215684424  0.11825616934149258  0.13710138755678916
  0.15430777332757034  0.16836150829005114  0.18210274066084428  0.19539079068380885
  0.20753539305516033  0.21923261397603935  0.22987759323642365  0.23978098309416612
  0.25001829300674561  0.26739985563376056  0.28492999239319450  0.30130058341827781
  0.31886649901836800  0.33676146327775980  0.35342572522457394  0.36574137774542242
  0.37841673061373826  0.38914639375726023  0.39908203613266974  0.40945725821372736
  0.42030826766485685  0.43323700302138024  0.44660258415695869  0.45840778263220411
  0.46830842089784025  0.47756700930449131  0.48721724972499203  0.49735666763891895
  0.50782089228162786  0.51894625459810750  0.53075052913682153  0.54280795829771156
  0.55386415301483938  0.56506759497022907  0.57607791010121023  0.58829878289586190
  0.59943400342799813  0.60888026627749814  0.61671846176308454  0.62347006929378090
  0.62976708151190508  0.63616040374143923  0.64373722522621180  0.65241362942113201
  0.66090755987895500  0.66955069500984221  0.67752310799974880  0.68490014510547481
  0.69318928005033997  0.70365924265817503  0.71560365705370499  0.72795241720144988
  0.73863841476812109  0.74766886074491201  0.75687830729433891  0.76604527690482327
  0.77519145170664205  0.78391539813592537  0.79172434882745857  0.79905517859117126
  0.80614118332859386  0.81141072838913408  0.81593819482321150  0.82029553075615635
  0.82482123221945103  0.83116340508021280  0.83813030381447662  0.84587479068907512
  0.85209743236976765  0.86101950570827956  0.87191094262309599  0.87966143022341758
  0.88649075082371098  0.89347220505797642  0.89983246264055317  0.90480014405433706
  0.90969399667799744  0.91444789018334705  0.92010451498378742  0.92720274289213722
  0.93482546827835067  0.94358526257460151  0.95304519733410575  0.96141976138882168
  0.97020009616944991  0.97932290275056233  0.98889016090139770  1.00000000000000000
 -0.00288716667342071  0.01031242204933326  0.02210024670915475  0.03468110734071184
  0.04673611857650231  0.05770228511465082  0.06916474609438637  0.08108759234929322
  0.09228996812207794  0.10206561117414566  0.11282023148277801  0.12442437215321629
  0.13430818784697945  0.14354783826184742  0.15310509530075581  0.16295129386148272
  0.17364929861483258  0.18370097396104695  0.19420595719225156  0.20401424253496786
  0.21433511318189025  0.22546160535749935  0.23730742029649302  0.24887929998285691
  0.26256825601959533  0.27777564737936605  0.29454710113507315  0.30884911409000254
  0.32131859058017676  0.33349471741753095  0.34646032303577734  0.35878672344708912
  0.36735724345944787  0.37474897880727659  0.38246689310917281  0.39186552599996349
  0.40263905632405722  0.41183479968856213  0.42177412364962175  0.43319456042604060
  0.44469969445024582  0.45562667939993895  0.46729100620078207  0.47913459708477729
  0.48816363137536706  0.49607323448981366  0.50347192811987973  0.51081609867101030
  0.52054299916044167  0.53021341967045832  0.53958465354053331  0.55147177215552845
  0.56561153597614666  0.58257924368302916  0.59658029258263112  0.60963452496536275
  0.61876381139869330  0.62713971978353766  0.63556784827582313  0.64336761463016312
  0.65099158682723346  0.65859593814132611  0.66668095909470493  0.67544189575943880
  0.68492120421415736  0.69563366346021938  0.70669598965894220  0.71815288994448956
  0.73087251742671211  0.74316018521716376  0.75717955195498532  0.77138492995299579
  0.78431906512212501  0.79739140269466724  0.80865391044231383  0.81770778222245244
  0.82504704374065174  0.83447958388333054  0.84467612761696864  0.85460801624177840
  0.86462528320155674  0.87415026355075420  0.88249701753229182  0.89100828818397693
  0.90017957113772884  0.90862844241561413  0.91840725824336278  0.93009167507556401
  0.94276152883439523  0.95514339145076466  0.96406111442830733  0.97114619592533435
  0.97876597633994844  0.98590248562470484  0.99309969994786340  1.00000000000000000
 -0.00398614580766695  0.05584945154422076  0.08641660227365788  0.11513728262132006
  0.14584489941988082  0.17911591070545860  0.20852851279406881  0.23325939249696745
  0.25726781730725706  0.27920378848364785  0.30108488233522884  0.32354921447237450
  0.34657483835588915  0.36920371866086593  0.39111496604852825  0.41242081845900036
  0.42502382889841545  0.43728598365242438  0.44948475710837832  0.46030420071872180
  0.46988314091292155  0.48047209997145579  0.49938341778941442  0.51985809378214687
  0.53960779948979032  0.55922186484800396  0.57762797813282152  0.59503833577367982
  0.61170451487042687  0.62909475696901840  0.64751216292450819  0.66595321375090344
  0.68415263124909298  0.70308526960163387  0.71976090315645591  0.73438640920977827
  0.74678340203501659  0.75957082836831658  0.77377535383289275  0.78936597461324198
  0.80257543355472916  0.81594836990595310  0.83023299404069295  0.84433411457957608
  0.85474166124206963  0.86529944284424132  0.87433872069444563  0.88132344738714197
  0.88777009336821577  0.89438728035323323  0.90169556702625664  0.90877445134039692
  0.91569295530856132  0.92090674872528466  0.92615763822558939  0.93102334122163943
  0.93546756978144774  0.94118086080918684  0.94642030874924243  0.95130245843659034
  0.95587675327404797  0.95944259514614694  0.96166199938318575  0.96400130723575350
  0.96610450545816806  0.96789765027653352  0.96951289621526071  0.97107250663721656
  0.97253584663732495  0.97391127409824474  0.97525035101059887  0.97662472270822454
  0.97801150595619391  0.97937192625128811  0.98048488171488168  0.98151725427653935
  0.98250184433116827  0.98345802999563381  0.98415410355193034  0.98475422484180686
  0.98535492470332853  0.98592835472747253  0.98643566763588364  0.98692288959701646
  0.98739900029568839  0.98786571651954780  0.98832421224600220  0.98877573237583638
  0.98921438020416996  0.98963728735965528  0.99004128532153046  0.99044802482387750
  0.99085593409660866  0.99105541829578714  0.99122483041444376  1.00000000000000000
 -0.00821524763749580  0.04524475256584426  0.06858239224295427  0.08305277361778392
  0.09202207601946591  0.09952586425848874  0.10643973563784712  0.11285625333220119
  0.11832788453813280  0.12338766236458844  0.12830225524863978  0.13336232698760633
  0.13881677011762919  0.14441016717476210  0.15035820107346901  0.15685557800031397
  0.16271566245699265  0.16873571538521717  0.17453694702402844  0.18074191539469026
  0.18785103886328078  0.19578957196154895  0.20433048002287835  0.21260801542509056
  0.22152050799334286  0.22936686117540020  0.23468644392560789  0.23976848114987881
  0.24514100533428979  0.25118381377072002  0.25710581313561431  0.26268688503850257
  0.26814700029148497  0.27333809015262911  0.27891050132962886  0.28419546122360440
  0.28991528992479404  0.29642489427022684  0.30360445117796542  0.31106147619856311
  0.31829568555271104  0.32584680523571030  0.33339132826002904  0.34033837706136189
  0.34640758744460154  0.35237306891361431  0.35894051385462650  0.36638687975621703
  0.37412326591791722  0.38249841699613951  0.39074803232143085  0.39929422520315583
  0.40535046392861884  0.41225984156979589  0.41931091558258426  0.42534767639070503
  0.43120639277059503  0.43760469106587796  0.44401877993588540  0.45010586772614608
  0.45507242612942106  0.46186744286677561  0.47013983171614215  0.47926149211593155
  0.48928142782949280  0.49829615675613287  0.50696350731816486  0.51588908789831789
  0.52523261288777201  0.53639123169029101  0.54763306889237340  0.55874307372933807
  0.56689778455064888  0.57512350034041360  0.58341804768457883  0.59219623073435979
  0.60165033874194229  0.61209456400666384  0.62263764358519891  0.63350229278036596
  0.64512049575633779  0.65396706000801119  0.66241907843362258  0.67131334808480980
  0.68036142286462065  0.68961870273131198  0.69855284867182932  0.70744593920848964
  0.72503281609994652  0.74261275798354132  0.76004071958422526  0.78109716561869547
  0.80713053422064351  0.83734359348368337  0.88157151489317953  1.00000000000000000
   8.2536224511504317E-012  -1.0000000000000000     
 T F F F F F F F T F F F F F F F F F F F F F F F F F F F F F F F F F F F F F F F F F F F F F F F T F F F F F F F T F F F F F F F
