  0.00502822476705818  0.00524806030864856  0.00546366591012989  0.00573845315496243
  0.00608132577492759  0.00656188465333976  0.00704745066821154  0.00753658067460767
  0.00805468137375270  0.00857785070189683  0.00910266146183943  0.00961612513346475
  0.01014242199003530  0.01078291565118817  0.01145297404278676  0.01215273667005620
  0.01293300510330079  0.01374353195825471  0.01458826455571754  0.01549369457776393
  0.01648249788790177  0.01749015526342862  0.01850232427520954  0.01952883181755202
  0.02066876812371092  0.02196598492172886  0.02342173744334047  0.02501382372153279
  0.02678401818165456  0.02876985753135995  0.03106534571090373  0.03346260615776684
  0.03592502329632315  0.03841717841760465  0.04066251018846635  0.04390584311543157
  0.04773533284078815  0.05176083400459060  0.05606481233118416  0.06079759536441504
  0.06598033145705900  0.07145491405182103  0.07728628184293151  0.08369984382438041
  0.09076171836240585  0.09868648480977861  0.10728958555072753  0.11683673432470902
  0.12650085749723552  0.13594550561295321  0.14536335388743662  0.15522580325751070
  0.16551646414021792  0.17599470311043791  0.18666474452184512  0.19835929199626121
  0.21121542988764280  0.22429813898164747  0.23787495272920089  0.25232601352130340
  0.26683022420183977  0.28044410158801125  0.29398153267012839  0.30758755954821626
  0.32159375360251513  0.33614651078938140  0.35132305878660691  0.36620932520981808
  0.38113031684163495  0.39692431566288283  0.41361579110258345  0.42981256754604663
  0.44595514272515380  0.46262797195365218  0.47997752232928359  0.49725240798265929
  0.51391395483078639  0.53071230658679025  0.54814414449106286  0.56661729340627842
  0.58562734684552387  0.60532978451014174  0.62454435249028317  0.64272593469206429
  0.66171336255248803  0.68303414853952327  0.70665355971400090  0.73133114637492602
  0.75545949374327492  0.77936959581316612  0.80438417699746956  0.83097593242908108
  0.85896508520559023  0.88840654907988470  0.92715082176523589  1.00000000000000000
  0.30354437179128391  0.35610801319841484  0.39949237021169548  0.40092723598026409
  0.40277652903921074  0.40527933597803961  0.40868145770505243  0.41202770566923125
  0.41675832941464369  0.42613598105434203  0.43591017450007069  0.44910614741935445
  0.46276086202066985  0.47093791406373081  0.47449018193023274  0.47793544889195139
  0.48211399629524149  0.48795749155514989  0.49480519328880246  0.49992667370264954
  0.50503492418721552  0.50908069863000149  0.51166616872926229  0.51515493507330790
  0.51845117690971954  0.52234851061940735  0.52525718424920720  0.52724284912161590
  0.52898582283290263  0.53016121072527977  0.54223164117635381  0.55419187444330054
  0.56583466247314207  0.57122981546311358  0.57546469374115083  0.57953179790809362
  0.58352340269706526  0.58823921550226821  0.59502075982734404  0.59975925591244850
  0.60417017103876691  0.60839621861838578  0.61231167872067038  0.61584712528312435
  0.61925825510029398  0.62284066440508024  0.62674242282259673  0.62974402961898912
  0.63205523223781179  0.63430788569114593  0.63645530402219919  0.63900720423247315
  0.64223803323123274  0.64554891433584916  0.64892660659793366  0.65242733510025408
  0.65606107163078864  0.65972926360641948  0.66505685965117090  0.67044026846257798
  0.67534749144260520  0.67986718796069812  0.68451417442240303  0.68925086597781116
  0.69367574804683696  0.69979093992054120  0.70590356291569745  0.71159001882958584
  0.71676140542061206  0.72118290344213487  0.72608233550377610  0.73040375985791273
  0.73452348358568187  0.73932739425673877  0.74388516678607364  0.74842521709512699
  0.75350790446134297  0.75892422114264857  0.76689997860723569  0.77585268469033630
  0.78593525241169038  0.79755019419033624  0.80909307642518358  0.82029407253562325
  0.83137466436456287  0.84282917716238837  0.85410019580195518  0.86475050729949032
  0.87547979298767187  0.88629232850859041  0.89785581915370516  0.90942946694305271
  0.92245981093982965  0.93856272919141959  0.96120398947795815  1.00000000000000000
 -0.00318306652456533  0.01058019758370221  0.02416728742063596  0.03891800800252530
  0.05371298164155188  0.06686602991302372  0.07910030229937365  0.09142377376035786
  0.10451590345662221  0.11860564719285292  0.13265283958032406  0.14586453439283592
  0.15779430345626733  0.16919958722344128  0.18000705172585371  0.19094477199964827
  0.20219759890799485  0.21328346208540519  0.22414919615088641  0.23538308315799100
  0.24623348500126432  0.25670791860693942  0.26762119741963125  0.27976950971773007
  0.29217323032116671  0.30233847986396784  0.31217491103489786  0.31894898954417322
  0.32559638864305729  0.33227403946129475  0.34076360295872082  0.34894572276204711
  0.35746916336937073  0.36640258213776661  0.37556645307195813  0.38639353660654424
  0.39915100145786137  0.41206675929648445  0.42410608053239290  0.43592035144604546
  0.44878547379558026  0.46226029265123053  0.47427283769248985  0.48498367926456420
  0.49546403993799476  0.50620735461192523  0.51823338872008107  0.53043107910745457
  0.54234763164136190  0.55293807389496941  0.56316160648879376  0.57353658988606138
  0.58363017370630543  0.59333881517808662  0.60302792928799909  0.61232586218659379
  0.62147995429665293  0.63047992291644006  0.63907591893419191  0.64862541500296456
  0.65928335020778417  0.67078919649176816  0.68271145133211797  0.69218775628416185
  0.70098222046072300  0.71019353965566234  0.72055152067405970  0.73072971140707943
  0.74005037149246444  0.74955786353583187  0.75855631448354555  0.76816765010324628
  0.77867006699377639  0.78880609140968738  0.79796963355139927  0.80650869456552787
  0.81536851591321680  0.82420069545137831  0.83270455224506013  0.84161760763099014
  0.85093939674171915  0.86093234174235511  0.87100532851242662  0.88039308298324215
  0.89024792724851087  0.90064626675351322  0.91176873357263688  0.92269533099082912
  0.93310850775737109  0.94361355695471327  0.95290444328290569  0.96171998999588981
  0.97079195333770330  0.98020585252700221  0.98996878264591837  1.00000000000000000
 -0.00171439280812110  0.00659341523763699  0.01498213002379526  0.02331289458721003
  0.03319542540863152  0.04432137042572765  0.05583042057387477  0.06656125905889142
  0.07731845492740015  0.08698596447532855  0.09627237645355981  0.10591069918250498
  0.11539936470532955  0.12479308483535291  0.13478293432399693  0.14484454179596531
  0.15528479251710392  0.16658674779170884  0.17810794966973814  0.19166622296133615
  0.20576746725090966  0.21784163695665298  0.22823971092686868  0.23775920241393664
  0.24747250699515080  0.25750232582101112  0.26769766443436099  0.27814568442677690
  0.28987977472313053  0.30083514800540812  0.31142362683902985  0.32044919214171080
  0.32963453822359101  0.34094865088273618  0.35361226342389274  0.36589587981442878
  0.37693641631038005  0.38737746033164222  0.39764184464522762  0.40791087134615300
  0.41814255707849896  0.42959830381533415  0.44210975037024436  0.45534922969250530
  0.46809044214107931  0.47983987024020530  0.49115693291860807  0.50224553264703198
  0.51324663299829021  0.52458255238262430  0.53586515288787839  0.54712992367523572
  0.55940646174338449  0.57213257969419229  0.58381487568096901  0.59415523972314321
  0.60418927234418052  0.61473694139444945  0.62536802183803619  0.63591454747232856
  0.64650959604129465  0.65723367794255605  0.66790653152367940  0.67754679982678945
  0.68702091057035364  0.69641491150083090  0.70709112665572238  0.71911208950721406
  0.73086896883121699  0.74238825196939617  0.75400267375468311  0.76519967232735553
  0.77514595609762971  0.78452943763836991  0.79398547579073930  0.80384865823711427
  0.81460342516932049  0.82528294265212565  0.83547538131706378  0.84518596668079993
  0.85463099265039810  0.86505569879898503  0.87412897333971851  0.88215570675912769
  0.88983492321016089  0.89752675668936632  0.90525350388392467  0.91275294898415560
  0.92005656846773487  0.92818457256032749  0.93737947691406176  0.94883688793832355
  0.96088103808725012  0.97341677030977336  0.98668977107829714  1.00000000000000000
 -0.00277064085656288  0.00866921742969656  0.01986025527140845  0.03145034857692624
  0.04389069477932830  0.05634736275744794  0.06829110498205423  0.08067947014291864
  0.09323664004559307  0.10477436402405362  0.11535830046119598  0.12569840189747625
  0.13737422995075146  0.14979174383550273  0.16262751888900298  0.17410418924366083
  0.18388087337947726  0.19387481569293480  0.20420605633345071  0.21449186956929395
  0.22469614817953018  0.23458858748552489  0.24512139565368232  0.25587771142859944
  0.26683082771382699  0.27768889820173437  0.28870984560043844  0.30067556819288266
  0.31346803233750875  0.32603324865259681  0.33842687219759199  0.35038384506469011
  0.36093836008449598  0.37000110024919003  0.37831272969342566  0.38685311324476074
  0.39616968215915704  0.40644578301617723  0.41765420358179522  0.43094135983088500
  0.44402519956221209  0.45764282616710267  0.47052587196477585  0.48231574132966570
  0.49395960584209592  0.50505537030646974  0.51660961799328486  0.52934461410354272
  0.54081928480658070  0.55140432459535305  0.56145304099831828  0.57191303586874165
  0.58230363280540876  0.59223228688960428  0.60267441693195023  0.61395618244799288
  0.62530107931105994  0.63413980464229369  0.64210802700441838  0.65068616715435390
  0.65964539730536831  0.66827253648357798  0.67655250292070845  0.68453021906782829
  0.69452526171215090  0.70760207834781041  0.72141540886908750  0.73349101498103142
  0.74445288723593961  0.75496256926889427  0.76562186762207218  0.77658100483473891
  0.78769341076067700  0.79928898155559003  0.81009810136885574  0.82066998433808269
  0.83111647451611870  0.84156813708109768  0.85177991185612478  0.86260382580265382
  0.87302647766214792  0.88159926743872985  0.88957517358935612  0.89662376812076594
  0.90423116475593379  0.91154551360639835  0.91979768531003425  0.92777608885031104
  0.93627466928989578  0.94563836079619712  0.95601783810218832  0.96566812522520951
  0.97502146859175254  0.98341147018611719  0.99178884895737540  1.00000000000000000
 -0.00228720014810916  0.00882673103684657  0.01811972394603169  0.02803829418713346
  0.03838664614415393  0.04940011880555555  0.06080700004392336  0.07388618235064057
  0.08720882613017780  0.10117590218739615  0.11637804490026082  0.12909679198177099
  0.13894094830035528  0.14872059262077819  0.15902339037201335  0.16889152842868885
  0.17764887833280796  0.18657950839113041  0.19785840883858075  0.20886281120219152
  0.21851130910353675  0.22734327866138879  0.23712729979404532  0.24808419151959368
  0.25952029210461486  0.27140278984097865  0.28385788590522498  0.29620263746284736
  0.30746569742501689  0.31834902104095170  0.33009178857923788  0.34179094331496956
  0.35301516553763940  0.36412786144004450  0.37612078003125898  0.38538090736530156
  0.39453130383623697  0.40243286628160641  0.41092565067380854  0.42025608435295159
  0.42907497709540321  0.43902244746726848  0.44914712471887147  0.45939442421132443
  0.47057506144318051  0.48226437684927415  0.49417358999199246  0.50644871882990405
  0.51902185321639083  0.53067577043154379  0.54111217804578127  0.55159944512531989
  0.56184040756387543  0.57276448075939279  0.58511934201120230  0.59798901550500227
  0.60998124188185265  0.62093844235266138  0.63175820021323204  0.64279590372864848
  0.65291728229230328  0.66342950363588882  0.67285137106203696  0.68240338314432591
  0.69239879143116212  0.70261770619737418  0.71281196479728737  0.72282547223511129
  0.73287047995047061  0.74327656038584444  0.75426887979775337  0.76465283524922478
  0.77423694451636316  0.78373369064970633  0.79342276557165237  0.80372384154082166
  0.81373235193715554  0.82243453937229638  0.83228333544000688  0.84148223146150214
  0.84996545564975345  0.85817704237854864  0.86616458001949515  0.87458633004426534
  0.88503831575463932  0.89727654098211862  0.90929291585900818  0.92061505326257664
  0.93120432731557978  0.94083398723158707  0.95006744734121407  0.95931037479364312
  0.96839398425403977  0.97856097314964308  0.98921861657445942  1.00000000000000000
 -0.00370694897497006  0.01251697984748218  0.02579377597469536  0.03768541806245910
  0.05113853086401499  0.06465499307131717  0.07513784641153688  0.08449931201859909
  0.09309895951250934  0.10223102152428667  0.11164402550672463  0.11974963615405894
  0.12818287769992917  0.13955790931121650  0.14971294199043270  0.15978791466381290
  0.16934618658117559  0.17913222447656191  0.19120001145720691  0.20397941900965402
  0.21860271754555791  0.23527012780093259  0.25085646890864888  0.26467498446343357
  0.27641789623012469  0.28712636811834313  0.29776953091458125  0.30841607218145090
  0.31776627642796118  0.32656926529711167  0.33614937885713803  0.34581044446514497
  0.35594516953999006  0.36568382612908074  0.37598903205599687  0.38719807673594203
  0.39817933262015642  0.40874812878705985  0.41878576471954942  0.42885130449739828
  0.43804917076999256  0.44808385227321762  0.45717922394857868  0.46652227248705536
  0.47489173075412722  0.48535486719076903  0.49721864996662046  0.50977265959559737
  0.52308256439310963  0.53560575461142790  0.54873011788423554  0.55941038418835587
  0.56860882967888948  0.57679288853592248  0.58621418089057109  0.59546432864185728
  0.60478131158646642  0.61329289301326040  0.62229341958304352  0.63199137306068531
  0.64189776863656389  0.65238579600270008  0.66380390762677133  0.67636123481672294
  0.68957492229458350  0.70265090063138913  0.71540165769530639  0.72697380247607057
  0.73686872264724490  0.74597048529645260  0.75494959736289169  0.76371434959928819
  0.77196700273657803  0.78005927006038311  0.78862621501736296  0.79975259250328634
  0.81090238610105969  0.82148305400855126  0.83182340575903091  0.84216751090446917
  0.85282066376245191  0.86385518351430379  0.87453248064716416  0.88472096936753020
  0.89411662002822190  0.90269347866285821  0.91092779848461025  0.91911076969177685
  0.92706535947889657  0.93635307489462716  0.94698202182883928  0.95722667045902909
  0.96715321287859968  0.97738932270182999  0.98802067028197804  1.00000000000000000
 -0.00283783088579205  0.00874970012547563  0.01919971827491087  0.02954720077163154
  0.03984998461935214  0.05014638423859784  0.06048671334224517  0.07089292706344033
  0.08066867120206626  0.08877883700756152  0.09573257871007389  0.10239431770353849
  0.10940327075755457  0.11780308935892445  0.12736170516290285  0.13696379522496160
  0.14751784305775892  0.16035614679175850  0.17453986654864431  0.18872389498460179
  0.20074226811514104  0.21125920043551238  0.22192910234728513  0.23222461104196668
  0.24315379183106367  0.25463753572135828  0.26678154057013526  0.27844299468942119
  0.28853513229336647  0.29775264575150856  0.30717857909247037  0.31840579798016527
  0.33046730833990984  0.34233146340611975  0.35395644943676730  0.36573577835854343
  0.37824693161345396  0.39136409623397383  0.40490664846855989  0.41640173345824355
  0.42687954213288387  0.43721203718708412  0.44735092275999155  0.45985941779922690
  0.47286128975629454  0.48695865525684040  0.50078306336191403  0.51025767842266589
  0.51945361884434094  0.52831717765060238  0.53784173749574782  0.54732480045872833
  0.55662127086312185  0.56604485042596930  0.57617001110544397  0.58712577557541512
  0.59960771923600931  0.61241769827924397  0.62410682700050546  0.63475315073718430
  0.64432208158253346  0.65437186473332731  0.66410716560492034  0.67470429492349115
  0.68499402257826136  0.69534247186076203  0.70545456276585350  0.71443246701525265
  0.72283669818850060  0.73114575885892086  0.74035905130181912  0.75040960181054084
  0.76046464641757028  0.77035324273848993  0.78115817608916915  0.79189513107917076
  0.80072240606923872  0.80890715367807764  0.81667962537322236  0.82391441340067129
  0.83143655508278569  0.83951941505971572  0.84764425766176166  0.85601528343677757
  0.86642659386923093  0.87776188024581980  0.89009683846782384  0.90136889819691490
  0.91247265175252268  0.92464875705648752  0.93814658836063303  0.95121117606330263
  0.96298145374347910  0.97455110763294173  0.98680174887487115  1.00000000000000000
   3.8135202538591316E-037  -1.0000000000000000     
  <DiscreteSampler_grid>
  Helicity
  1 # 1 for a reference and 2 for a running grid.
  20 # Attribute 'min_bin_probing_points' of the grid.
  1 # Attribute 'grid_mode' of the grid. 1=='default',2=='initialization'
  0.0000000000000000 # Attribute 'small_contrib_threshold' of the grid.
  0.5000000000000000 # Attribute 'damping_power' of the grid.
 # binID   n_entries weight   weight_sqr   abs_weight
    1   5515   4.850908433127364E-037   1.627334318183919E-071   4.850908433127364E-037
    2   30   8.190602179299643E-040   1.085732179698254E-076   8.190602179299643E-040
    9   20   4.646403874846438E-049   1.493256529931890E-095   4.646403874846438E-049
    10   20   5.398395230383800E-052   1.986196304803736E-101   5.398395230383800E-052
    17   4815   4.366802416097500E-037   1.391872128367356E-071   4.366802416097500E-037
    18   25   7.423703520961989E-040   5.260908429733716E-077   7.423703520961989E-040
    25   20   4.915672636832375E-049   1.653194725762295E-095   4.915672636832375E-049
    26   20   2.772826835732535E-052   4.583815711976955E-102   2.772826835732535E-052
    33   3650   3.499082441171131E-037   3.382281893235618E-072   3.499082441171131E-037
    34   26   8.601575395410486E-040   8.280770089325995E-077   8.601575395410486E-040
    41   20   4.072781270499764E-049   8.418964752208188E-096   4.072781270499764E-049
    42   20   4.412514803386177E-052   1.826052809966098E-101   4.412514803386177E-052
  </DiscreteSampler_grid>
