 -0.00000000974832412  0.00000318155687021  0.00000884078473859  0.00001762904175938
  0.00002891366727606  0.00003569381448756  0.00004041588025568  0.00004435524409206
  0.00004805797704572  0.00005261260698921  0.00005788739878287  0.00006759975102810
  0.00007886942513327  0.00008094134164222  0.00008263544686035  0.00008424153716384
  0.00008577914032723  0.00008759885128383  0.00008955138877268  0.00009172614003679
  0.00009407945390573  0.00009699649701818  0.00010063873619399  0.00010464569087572
  0.00010991033089781  0.00011586194523593  0.00012281248666472  0.00013861401080425
  0.00016377475451765  0.00019990471132232  0.00025746342965068  0.00034060900092749
  0.00047517653318331  0.00066426455390548  0.00093643717547857  0.00129985363490047
  0.00166190241391441  0.00208863755465361  0.00252244877564846  0.00314570426918955
  0.00394347296940339  0.00484470445633050  0.00597271691748764  0.00729018360111786
  0.00916538534059412  0.01137512187915797  0.01382554994981110  0.01656755669949582
  0.01943516454096982  0.02268962682811828  0.02679419065316435  0.03082432420275212
  0.03578525363691879  0.04220451720360756  0.04975748821742650  0.05730245283764447
  0.06546246162607729  0.07391777914117099  0.08316379971610058  0.09386261276991895
  0.10221501949510269  0.11063625195571718  0.11894435805888694  0.12841973368140003
  0.14012769955035945  0.15409533119709856  0.17281636642701995  0.19527827576827464
  0.21104194243049940  0.22735457629136185  0.24156894265168774  0.25538590786467991
  0.27218839742577200  0.29607987009441677  0.32926900903276241  0.34975848909833679
  0.36375616657501558  0.37742062262554155  0.39261928110411226  0.40883722056031452
  0.42601099999335129  0.44393785206442626  0.46268410019852851  0.48603706966393662
  0.51189035133329486  0.54421559960279775  0.57266007384561579  0.59830545564310200
  0.62325527014072180  0.65096485869335785  0.68339481278594161  0.71816630939041992
  0.75020408577339437  0.82849685151980446  0.95914041145316531  1.00000000000000000
  0.00008367607482651  0.00030701317999281  0.00042152737500086  0.00055241467602546
  0.00068300555214701  0.00082966067159388  0.00099568240025441  0.00116426040835390
  0.00137525546899346  0.00158675000707829  0.00176726899935521  0.00195643550614253
  0.00225509332991025  0.00279999099994373  0.00313912465820218  0.00347090642171474
  0.00385348764326564  0.00428077235659933  0.00485817808744154  0.00549191213911500
  0.00609909825981103  0.00676022284185415  0.00741922630762777  0.00834223557061260
  0.00987490047236816  0.01183153327155991  0.01340030026088077  0.01488468955181462
  0.01669763641068469  0.01963675946543982  0.02299143690191047  0.02632363589675714
  0.03058404503907959  0.03574012401609266  0.04122788130146659  0.04658108745655170
  0.05202954516764525  0.05785963191446862  0.06461140526929532  0.07203216332836700
  0.07995016282506295  0.08958509700930892  0.09919082790153519  0.11343263025117258
  0.12932513036397644  0.14617500657594967  0.15767979727991019  0.17474412297634817
  0.19229388469932593  0.21292168111353621  0.23870757158740163  0.26309969535672195
  0.28773957046955417  0.30636312110967406  0.32875269485198605  0.35487225672983774
  0.38315726639798803  0.40865850938781184  0.43358766495593548  0.45863136837938867
  0.49209609237412155  0.52637585429683698  0.55939742217158916  0.59172010619239646
  0.62366034459429243  0.64333646888224516  0.65378458617836144  0.66184631488067602
  0.66888670245045345  0.67581916555579802  0.68365495509525065  0.69402686154756699
  0.70507193027218384  0.71512948820867106  0.72499935101808632  0.73264527616860398
  0.73966496348555011  0.74628521815320215  0.75214290221344937  0.75827518301766494
  0.76619605524983270  0.78572046801942053  0.80353411307335265  0.82025057702716575
  0.83642785853144963  0.85540798255461503  0.87520966162374403  0.89016057821191874
  0.90387370118050225  0.92191251352841952  0.93864601555484939  0.95170866461608261
  0.96477131367731583  0.97675686161401565  0.98837843080700782  1.00000000000000000
 -0.00000009623528542  0.00000006981051268  0.00000023585631079  0.00000059384265163
  0.00000108695372150  0.00000182743029321  0.00000311592928585  0.00000533280395882
  0.00000814802516359  0.00001162983723756  0.00001790351618005  0.00002489485516153
  0.00003189412576783  0.00003995575852153  0.00005392451243646  0.00007070588509405
  0.00009245612274325  0.00011337716766121  0.00014497468844950  0.00020202953208543
  0.00025808398728047  0.00032971141160404  0.00042642998964386  0.00054825273400673
  0.00070011439918756  0.00087957140517304  0.00101046431008641  0.00111735013533431
  0.00123619265479993  0.00136820116971343  0.00160175432179108  0.00204828713340895
  0.00259000221578094  0.00315848750312616  0.00377122854102412  0.00449880759675590
  0.00523675594577939  0.00606718787376165  0.00696999647114007  0.00792420512617482
  0.00854396427602536  0.00901570225684606  0.00949465693526402  0.01010259618378258
  0.01088766880841863  0.01221178710636188  0.01400518668058923  0.01582083779148245
  0.01772760387778630  0.01965973823175794  0.02240624483621297  0.02590727478571164
  0.02998997897947861  0.03397095618316386  0.03859755406740023  0.04262332106093849
  0.04463469560728989  0.04630433788985799  0.04836907119292511  0.05078870824067665
  0.05251079183775643  0.05480013856444968  0.05760597385856996  0.05984752082428652
  0.06348823456865649  0.06772425828783681  0.07150340834469428  0.07555244866767812
  0.07985639779545958  0.08429432953561335  0.08963808615846611  0.09416295489094151
  0.10080006482912940  0.11087517494415416  0.12226386940986453  0.13128611156138756
  0.14270080965121593  0.15816739721696657  0.18389325236781295  0.23251545419556915
  0.28991507926880300  0.35394322482971724  0.43741077740184686  0.52239193088091940
  0.57677849792233704  0.63116506496375480  0.68115039486365203  0.72821003414903041
  0.77297015501622646  0.79631383476948558  0.81965751452274460  0.84097622696908059
  0.87809798031990982  0.91129838231543769  0.95106663028345895  1.00000000000000000
 -0.00566528642149546  0.03478330596604382  0.07613747189431011  0.09825627854240022
  0.11512708404734349  0.12793361778274523  0.14162506739329447  0.15124574595516846
  0.16574110998079891  0.17684300813428824  0.18992566439815634  0.20501749914539491
  0.22385679546192669  0.24220713352694448  0.26028494563842908  0.28032854115285155
  0.30116564359153414  0.31753102775243430  0.32684276788783684  0.33561315889437399
  0.34424122580849392  0.35270089812183292  0.36936450344295746  0.38931555291580672
  0.40842979438784560  0.42616883402107897  0.44162483229483224  0.45705662701216337
  0.47265055200696970  0.48838807963895947  0.50771312832850279  0.51917981699108051
  0.52806255540977787  0.53574038313701922  0.54267482301381209  0.55066261652584136
  0.55796194190795445  0.56721229560855235  0.57719254282502108  0.58785359669352688
  0.59780365697798310  0.60324813044064396  0.60671059011808648  0.60983474684726535
  0.61287128779338651  0.61628923461932261  0.61902294039606665  0.62159713619710399
  0.62777344040529981  0.63776214233169370  0.64940317190409902  0.66200609724366688
  0.67629391727384258  0.69131445852815576  0.70621441331332191  0.72107638638936311
  0.73685110020617495  0.75117980961349773  0.76248905525827226  0.77093304435649512
  0.77915451451379103  0.78700047602026380  0.79374582837942864  0.80017049863071232
  0.80567976281846287  0.81093589945974853  0.81827989038899063  0.82425009914495551
  0.83076015248099166  0.83823448788706534  0.84688632114368523  0.85762897543253702
  0.86855403016297239  0.87804902573022736  0.88632647605730919  0.89407957322021037
  0.90123736482000860  0.90775289083222521  0.91486300039120594  0.92186607868694315
  0.92963501718632424  0.93759835717907103  0.94404237283614356  0.95028030165015054
  0.95612017754937628  0.96169015226256516  0.96681102851786715  0.97112031248818820
  0.97575088634591711  0.97997153308692520  0.98358257314568576  0.98690230316601879
  0.99045495491679314  0.99392105465918001  0.99714210583151164  1.00000000000000000
 -0.00360141857960036  0.01123083046940275  0.02054832142700400  0.02856836515623254
  0.03824853181914291  0.04872136009999115  0.05990167656838558  0.07094919123174041
  0.07973844803817826  0.08794316285522147  0.09665454851761181  0.10583371889253446
  0.11396821198320656  0.12273191272288556  0.13577745098320679  0.15084607252049198
  0.16489540758595933  0.17873294153221003  0.19125784473088336  0.20284073189554411
  0.21787574521717828  0.23147118345400880  0.24663859708479302  0.26447390293806272
  0.28496838883442110  0.30241752062971100  0.31742690839253157  0.33053317182260800
  0.34280832996047406  0.35497291555690580  0.36732259516401827  0.37968463024200844
  0.39377798484809162  0.40859081598255764  0.42495718421984369  0.43876792500509526
  0.45098851390735373  0.45803786655525713  0.46489773755574160  0.47163775834271737
  0.47993375799418109  0.49251021887456820  0.50183117918546005  0.50837472799866656
  0.51475598744420181  0.52138340411631767  0.52574714872502160  0.52818275391552605
  0.53063373938265024  0.53280513281083275  0.53893359591076706  0.54467865428705275
  0.55223504238736076  0.55931879381127070  0.57025931993606371  0.58271463700169002
  0.59879674249749748  0.61247408112278567  0.62592589662520115  0.64024665706455530
  0.65608589132048112  0.67494783572781769  0.69372826412463384  0.70638278976976598
  0.71728335191980952  0.72733489532483286  0.74087030347943561  0.75380628130194860
  0.76081735105905246  0.76468967490552531  0.76915363747766596  0.77556958239440588
  0.78385939211285094  0.79008470008993992  0.79633171169987449  0.80746569100278220
  0.82067342353716477  0.83178976043217678  0.84181695307650939  0.85024513979223093
  0.85876412006423175  0.86881442095418682  0.88308151016896830  0.89543610708772503
  0.90788487302701981  0.91973717808088640  0.93260542563946958  0.94396888441727955
  0.95388712956301702  0.96173956884452261  0.96874536203449702  0.97356275882200671
  0.97813799975590754  0.98260140221122860  0.98680614501860053  1.00000000000000000
 -0.00339508004694995  0.01572328696719038  0.02234399627876001  0.02893892017720740
  0.03535620719356326  0.04125431658311179  0.04901096754239151  0.05802529534585714
  0.06551823066563611  0.07002242056756365  0.07413919957974080  0.07839287173234777
  0.08131268268046787  0.08465085414503054  0.08903790172729467  0.09511266755115282
  0.10082035864519798  0.10548907548796300  0.11011223251444466  0.11430218521831254
  0.11860305097521508  0.12663526649787504  0.14515456511993280  0.16435575734777358
  0.17992732704431408  0.19412253553868503  0.20964817022287557  0.22721041755406091
  0.24379845167963721  0.26001938807987479  0.27331515002192286  0.28543128799805451
  0.29533505923791220  0.30693320591113493  0.31874080324692605  0.33696915419743839
  0.35606977594569900  0.37321001449144214  0.38807371741652497  0.40494291453608394
  0.42097734599602765  0.43632620813767875  0.46219147014722067  0.49284383362945022
  0.52271789605547214  0.54461006702196313  0.56514957232196861  0.57973793660643136
  0.59411439596066606  0.60629115950344259  0.61804966351253943  0.62944731860564795
  0.64026038884808489  0.65260026363325319  0.66728508887788229  0.68364793478154007
  0.69872467854635323  0.71143407165892314  0.72359185994322905  0.73617982297888851
  0.75136431510593027  0.76911257399050192  0.78262929918897906  0.79357881796419405
  0.80325045755416880  0.81135491582029529  0.82027144650651806  0.82923857940810197
  0.84074304519297238  0.85449115067154979  0.86798490585333354  0.87971660643938021
  0.88961057566302471  0.89924714934120242  0.90802498211587734  0.91577083680351035
  0.92295133978792088  0.92897854098338650  0.93577152995702095  0.94376727278704919
  0.95333559224807907  0.96058816415268622  0.96441831190291061  0.96846432246697645
  0.97260331518735788  0.97656906917276765  0.98045689869951047  0.98435250350601733
  0.98817992172939118  0.99021504235230640  0.99230851252867169  0.99426417740547812
  0.99594079457045592  0.99732827960945591  0.99867545289689796  1.00000000000000000
 -0.00293978873544075  0.01390830607546241  0.02393834006403005  0.03123203403242263
  0.04035787954588886  0.04997941378416628  0.05845392990627212  0.06530777422697392
  0.07145114578019988  0.07705481728322190  0.08376672764380058  0.09215521967088523
  0.09970124581566034  0.10669608166586449  0.11404028700761037  0.12384654933200261
  0.13910268970045753  0.15291524570853535  0.16492605028228291  0.17575919224824749
  0.18630774464350927  0.19890066843456611  0.21242579363664810  0.22100015616275442
  0.22939149938199915  0.23728494093567379  0.24535544295096276  0.25569831241695451
  0.26637078759922544  0.27773644275876908  0.28880340036838670  0.29936167655938944
  0.31065628400481826  0.32290164554175133  0.33853769352104396  0.35555806898757492
  0.37060367913017750  0.38525268782921490  0.39700614826646968  0.40864855374115494
  0.42050790468604471  0.43057908273916440  0.44009522164323694  0.44909982744600979
  0.45897073386488846  0.47073635501677774  0.48746741021724443  0.50560449051633460
  0.52206362144444773  0.53999611590730734  0.55956315929167921  0.58016906606661589
  0.59398262350127284  0.60666484881215788  0.61971835897724281  0.63476790123697768
  0.65033471288273448  0.65797201663502247  0.66505825180288003  0.67225567142571907
  0.67987307301742761  0.68654717383630104  0.69324973477113716  0.69973036505348352
  0.71024461233669767  0.72815486576983368  0.74845004308243968  0.76596660293819940
  0.77629222899977757  0.78327387389729608  0.79109758114691331  0.80091848441362723
  0.80838033091360606  0.81549114524976918  0.82254099173027073  0.83003397927790168
  0.83965776585015073  0.85024617343471376  0.86049223251488827  0.87076296496852434
  0.87821708208085691  0.88395876922105410  0.88980918527032904  0.89571417633404393
  0.90189371410783248  0.90795129503836502  0.91363174220020249  0.92099131373130860
  0.93658259103807684  0.94721628721678242  0.95568155409915911  0.96371480513419661
  0.97115011401237716  0.97852074654298382  0.98735807497869466  1.00000000000000000
 -0.00448409318059374  0.01106286720377891  0.02353554155284708  0.03284361739395433
  0.04311191369855098  0.05405671458978417  0.06564584596609038  0.07858156411681413
  0.09109386070380836  0.10096947336979060  0.11018190750723525  0.11866744937647365
  0.12672846333599339  0.13354579228590324  0.13978608905772599  0.14687796680076412
  0.15659753092818110  0.16912638959604129  0.18066003298102623  0.19086505095921444
  0.20161391752731797  0.21189881552997564  0.22029433918715463  0.22994052502847664
  0.24132727548140881  0.25299936036700782  0.26307682020218132  0.27114592867219078
  0.27867581066624203  0.28682930711656024  0.29632520548534630  0.30653207157360191
  0.31768115935594554  0.32989593894126334  0.34179355636955155  0.35735882587010875
  0.37264524770756435  0.38608506671152115  0.40318282846356418  0.42263471946358910
  0.43735609899330968  0.44895752554416957  0.45995741621816078  0.47181876594113986
  0.48517387255703248  0.49941077939892820  0.51147344383540394  0.52400147351756587
  0.53567875689853106  0.54673662919713073  0.56056621085356195  0.57313677958597997
  0.58476581803042760  0.59667712181660038  0.61086129148427204  0.62609107914323892
  0.64095503532540199  0.65075582100591078  0.65801846998020874  0.66563374543374565
  0.67576256444352334  0.68708129583305622  0.70698938005405942  0.72371225762596281
  0.73595398598903239  0.74749543887799896  0.75910751785757280  0.77143071050351719
  0.78450599994125381  0.79744497886348686  0.80778613825462786  0.81367843791763872
  0.82162150478152707  0.82975581736618209  0.83616747593473328  0.84231582207140687
  0.84866842545760102  0.85626415856469418  0.86867011086457790  0.88660575752701565
  0.90120794173107988  0.90953438523074082  0.91630901524617525  0.92095905612576490
  0.92697159628279879  0.93360004408386754  0.94027939016909923  0.94707965337005706
  0.95434641516244678  0.96088972155229913  0.96704043680579432  0.97298183522985093
  0.97892469723315723  0.98423340929093162  0.99153159438613270  1.00000000000000000
   8.5035270375848544E-012  -1.0000000000000000     
 T T T F F F T T T F F F T T T F F F T T T F F F T T T F F F F T F F F F T T T F F F T T T F F F T T F F F F F F F F F F T F F F F F F F F F F F F T T F F F T T T F F F T T T F F F T T T F F F T T T F F F T T T F F F T T T F F F T T T F F F T T T F F F T T T F F F T T F F F F T T T F F F
