  0.00004988046540742  0.00013539397918488  0.00017216689927756  0.00020073162660463
  0.00022889627234288  0.00025719446454233  0.00028969323631196  0.00032847687890735
  0.00037600632160984  0.00042317587047481  0.00047148564316703  0.00051388802114017
  0.00055981784673777  0.00060602863422772  0.00065977848857929  0.00072312669900757
  0.00079100613713142  0.00085744990684878  0.00091542315611194  0.00097187633193516
  0.00102615519690975  0.00108177377894221  0.00113418430951692  0.00119791323855284
  0.00127558424601777  0.00136122034570381  0.00146268621693308  0.00156582471046574
  0.00165166123108998  0.00173265096479681  0.00181868907247778  0.00191041741955413
  0.00202352741931202  0.00218055144175576  0.00236637828469921  0.00256044376793964
  0.00274729079537983  0.00291892860388086  0.00310569331881428  0.00333111035770477
  0.00357474009766644  0.00379664659114968  0.00402780472546885  0.00419531728459660
  0.00431413363895689  0.00445482230984588  0.00464485247237586  0.00492850945913663
  0.00523968665395413  0.00553053776112219  0.00589053525024972  0.00630853154513915
  0.00672046389540524  0.00718110014345722  0.00761528620659296  0.00815166902491131
  0.00879221716878017  0.00958167779989521  0.01056603042086350  0.01160056177960843
  0.01252500762753361  0.01344523247710916  0.01453191966177745  0.01569221164662546
  0.01724357733470241  0.01912320931308626  0.02115367701387730  0.02290740852840541
  0.02500271827293420  0.02723420246679983  0.02977201611794874  0.03254360023004356
  0.03490467206529271  0.03814836331975128  0.04177716971408555  0.04621566242629595
  0.05275975732952883  0.06099315110113863  0.07111769167397816  0.08262304154208580
  0.09307427105231286  0.09905342426315045  0.10439003877930034  0.10984972802072709
  0.11469684860939493  0.12161245431400847  0.13183341237992136  0.14090181211406677
  0.14654716275707208  0.15419927861232216  0.16485398805507492  0.18009662040346880
  0.21054226449726135  0.27526305214907654  0.43451472849389383  1.00000000000000000
  0.00009406836698441  0.00030691009245152  0.00042353300604874  0.00053398949139318
  0.00063084653966644  0.00072918256205670  0.00081940604298147  0.00089390149243485
  0.00096493123513870  0.00104449780305693  0.00112325974804890  0.00120127441498810
  0.00128244180318093  0.00136656634633065  0.00146882471770922  0.00158341303061915
  0.00170447167743423  0.00183134067032598  0.00197632045002624  0.00213731499733422
  0.00231814701720532  0.00251369192935580  0.00269112152928570  0.00288057465889307
  0.00309048589858683  0.00331262936869963  0.00355342402959407  0.00376961348801281
  0.00397887456329159  0.00416360870774710  0.00432806176291023  0.00454684656851855
  0.00479220609596469  0.00505696179887318  0.00530345782426804  0.00561289531065141
  0.00598605696594382  0.00634305526458922  0.00664939154474701  0.00695028758174214
  0.00727507107603371  0.00773031517457631  0.00830295128090507  0.00882420374811130
  0.00931655227996468  0.00985521535276595  0.01050716098917965  0.01134418556907611
  0.01235351987337033  0.01327248993775200  0.01428506091391508  0.01547449683418118
  0.01661975462068187  0.01774027756792600  0.01895218279862059  0.02025379121405939
  0.02182112642833237  0.02362382660233957  0.02548986122013662  0.02727801364102776
  0.02902971481400025  0.03088622799600952  0.03299370140074955  0.03571040095303703
  0.03901834897765590  0.04292446205859781  0.04746911827635598  0.05199450263617848
  0.05626733781934329  0.06077647914472100  0.06616449378212978  0.07298612153441605
  0.08122409806053368  0.09080282318058090  0.09983614379611923  0.10865101033462013
  0.12039137878729229  0.13515987332665788  0.15370426680764313  0.17500965382862263
  0.20094358968058998  0.22922166650836986  0.25882861380523664  0.28882816907116904
  0.32342477398125818  0.35911596851233119  0.39768380448284651  0.43448403762891719
  0.47018655530376907  0.51055578484170294  0.55503448962555468  0.60090404086306604
  0.66014161608624444  0.74482149170695022  0.85325388785313216  1.00000000000000000
 -0.00139554036134871  0.00644994545260501  0.01416874416448374  0.02367660546408132
  0.03386439013206023  0.04350338590226444  0.05246762485075672  0.06186385445287458
  0.07252781201189289  0.08435827968218129  0.09617718445265314  0.10867373617869655
  0.12012343848794392  0.13105160177899550  0.14176948973660955  0.15216071076002677
  0.16228849050392236  0.17148248255224732  0.18176362314570238  0.19181389976682067
  0.20280049535243985  0.21437947687974201  0.22453335966468174  0.23567320511569773
  0.24643104751200209  0.26101805946887047  0.27505779221525295  0.28835146489452185
  0.29985032107452170  0.31284732144823652  0.32726373788230606  0.34420476650463316
  0.35921540659276852  0.37216472692577923  0.38243738915715203  0.39362599637656542
  0.40615881265764342  0.42152710520379488  0.43732980559352747  0.45117648153567608
  0.46399918117819172  0.47900255315104584  0.49751903289482063  0.51564458682243686
  0.53238264139702107  0.54834628738075974  0.56314891134865430  0.57907618322808163
  0.59420810080186903  0.60931112945520471  0.62615047181263739  0.64871991659094363
  0.66877559271145037  0.68843429881612239  0.70257095589175989  0.71464702337575570
  0.72604855713358785  0.73762141233651135  0.74956096196861888  0.76144793557491264
  0.77390077196103679  0.78823998974452969  0.80309928757868243  0.81714644528458802
  0.83169042131317972  0.84482644483209557  0.85684126656601456  0.86842971379906764
  0.88120433765319461  0.89552328056760133  0.90908722180248747  0.92032036270148998
  0.92977098655154733  0.93791085064189150  0.94520771998379549  0.95150516812323216
  0.95632361290023560  0.96150071431816586  0.96617062206723137  0.97060966426502060
  0.97611177371040092  0.98001223708442176  0.98315547343495413  0.98564447845745229
  0.98797954659327158  0.99012137288590840  0.99200492311106558  0.99345498044687819
  0.99444366801489625  0.99547684013664939  0.99632723257293909  0.99716386146238289
  0.99795759769887926  0.99868553841140761  0.99936001068067315  1.00000000000000000
 -0.00323970156612693  0.01022231917725380  0.02102827472140627  0.03033437890001325
  0.03940907798141226  0.04860777891141527  0.05944265867629973  0.06948553195813242
  0.07596812608518458  0.08181221929303768  0.08683424782750183  0.09313281720973571
  0.10415391025980057  0.11821780259819968  0.13246345505258300  0.14351856939739471
  0.15239583474186247  0.16092913025148320  0.17096732276113302  0.17987276178049708
  0.18725985252690056  0.19433892235790728  0.20044869012955108  0.20601513182524395
  0.21284983063716539  0.22080213923840397  0.23025145381198092  0.24203037721472523
  0.25636843013141386  0.27160088008523381  0.28615820272503845  0.29938786813692120
  0.31116750188101522  0.32168720603603002  0.33297448885552067  0.34499291182196840
  0.35815466928258144  0.37274939913916283  0.38571703255368212  0.39873634882448172
  0.41300378408064359  0.42733654170450391  0.43999718847754388  0.45073587831957579
  0.46003412044715974  0.46958385887785098  0.48025373731122384  0.49028926963481223
  0.50014663332326548  0.51051834021277542  0.51970672366623094  0.52861951881312352
  0.53812013064056319  0.54870678777935267  0.55996747766686195  0.57159862411081352
  0.58269580765802997  0.59325128425145557  0.60457695355983720  0.61431586073873201
  0.62406329613765565  0.63420515301576619  0.64481410044255494  0.65648887637948816
  0.66915947850213109  0.67957563075582150  0.68848101385166949  0.69756021784541755
  0.70901924011186579  0.72349797190093135  0.73809464705994332  0.74932869388591672
  0.75921631978839477  0.76844946888845145  0.77686699924409008  0.78446650140917773
  0.79287523205257204  0.80112779144708124  0.81094251830742148  0.82293586447519640
  0.83599100386872682  0.84923590849069908  0.86184533329972313  0.87324033442713145
  0.88419672080143785  0.89613239902816788  0.90797981080401469  0.92004862623803707
  0.93373959276106833  0.94560986743797604  0.95328249917156016  0.96089921712191284
  0.96867649738143169  0.97582726507869755  0.98496946462532675  1.00000000000000000
 -0.00571652189643111  0.02909909499943965  0.06189121915328168  0.10078964346601427
  0.13538950800280489  0.16636277865626953  0.20767908003525279  0.23887426390929142
  0.27038546004097297  0.30328020758847563  0.33500205145451439  0.36333884138703593
  0.38684116834630528  0.40210200804062290  0.41232615517494992  0.42536629076123816
  0.44139630768089205  0.46438196242345242  0.49015932456919314  0.51530920255324164
  0.53798256808307299  0.55630711397379917  0.57141319624847364  0.58513889161983490
  0.60062630172591247  0.61436980819197706  0.62878238902736650  0.64520178793489835
  0.65906420630981766  0.67094310533935497  0.68337838580018040  0.69605972879317024
  0.70915191119587184  0.72292293346320058  0.73518407784408069  0.74774355832955330
  0.76039737839499777  0.77074253648167634  0.77904807883076199  0.78630483545228702
  0.79567283236632780  0.80461097106772628  0.81191250446856977  0.81875237813755586
  0.82640349463620277  0.83313729188919095  0.83995143736000244  0.84605051743517024
  0.85000547352752698  0.85339753091522719  0.85712338054647352  0.86095859012424647
  0.86414145673884224  0.86900449525226542  0.87467557162570142  0.87966349171717551
  0.88387859323206286  0.88806063978872551  0.89216687886589119  0.89631448401338853
  0.89967331368917536  0.90286923737502878  0.90501582382982282  0.90693407796272385
  0.90930466062581983  0.91176279759338497  0.91480329818817596  0.91907733274556336
  0.92307317966157254  0.92687718845444644  0.93044285757776501  0.93412730730057336
  0.93801833259815315  0.94189256090699214  0.94569429918097370  0.94960440376983757
  0.95359147200708350  0.95736213982450169  0.96110638430194140  0.96476958220315079
  0.96825024765276213  0.97147634641171998  0.97418703416392927  0.97641855526035271
  0.97848179312893235  0.98055719691007215  0.98252615254301678  0.98452538379788923
  0.98660711903212706  0.98880258468912630  0.99090250556981907  0.99296118337533923
  0.99482888498965627  0.99658294281871085  0.99831759469323589  1.00000000000000000
 -0.00434528139692609  0.01370549377061164  0.03017672234103748  0.04601553908161560
  0.06014859376860587  0.07238414286344950  0.08353418938576478  0.09357244938309056
  0.10366954969706911  0.11513394272094596  0.12706580111368282  0.13775188971653085
  0.14927651859723348  0.15988301151788550  0.16934916955771281  0.17904825666714716
  0.18705194576183273  0.19437455440314122  0.20179007561278967  0.20959181381093231
  0.21880084779005818  0.22687962539903450  0.23555291372771658  0.24576954719968416
  0.26075943811453500  0.27741185072501784  0.29207729423978940  0.30352741447974230
  0.31542083904634477  0.32583245378586240  0.33502098710705880  0.34343934223955364
  0.35169398983300609  0.35974249058896940  0.36932991258258874  0.37939925872755464
  0.39120751063904624  0.40258340631043221  0.41361070376235043  0.42387389274184617
  0.43345064783455950  0.44418305086708193  0.45523640915502461  0.46548939869774136
  0.47559257951827366  0.48465729840208033  0.49334440418596426  0.50171892482411085
  0.51213435357321513  0.52418192691501031  0.53426179117629835  0.54608738819769920
  0.55900014939610532  0.56909263488107664  0.57787205120116136  0.58735099338971331
  0.59900889316643890  0.61115795695058150  0.62368163429606360  0.63396028177766295
  0.64201922080814899  0.64976056634110668  0.65748014559511958  0.66842589877536951
  0.67871958504925367  0.68737549457179925  0.69465017191735279  0.70150115768216370
  0.70872238303197355  0.71978352720370109  0.73393352824229074  0.74426592738235497
  0.75285047394269222  0.76133367366055882  0.77130974942167907  0.78094136747991383
  0.78979856575239749  0.79937942662916250  0.80914015018890606  0.81880256737751467
  0.83037307827095519  0.84288506093041260  0.85211116153014765  0.86176426282341789
  0.87167553183127122  0.88219200930373587  0.89393946459738671  0.90663971522574416
  0.91998015533143651  0.93492759526010283  0.94736940850597662  0.95809259540943714
  0.96927252398448061  0.97944508378503359  0.98890914114560646  1.00000000000000000
 -0.00000971506602241  0.00000489189473489  0.00002152712254530  0.00004883148514786
  0.00011542621439488  0.00025071843585649  0.00046795610645173  0.00073758956728553
  0.00107888676209986  0.00153695987646945  0.00223028865730727  0.00321803521102201
  0.00485587078863775  0.00733834660227098  0.01069898443051174  0.01930797908621406
  0.04275906258233503  0.11484866749551784  0.19203505112031352  0.23572871868520714
  0.27996794592887697  0.34342799583883915  0.38076773005926057  0.42793426694025938
  0.51969506295017298  0.56599400551901724  0.60844550457312319  0.66784767731691252
  0.69993546335982937  0.72298325034715372  0.75090192137713241  0.78446354945572483
  0.82131609252480586  0.84174445773470630  0.85540504355946145  0.86636580767733584
  0.87769278610006085  0.89165338924727167  0.90040322616210500  0.90878934627985786
  0.91827209229612705  0.93120965878704665  0.94151107690783487  0.94985968091265882
  0.95705575928186160  0.96152217106423732  0.96510453385725237  0.96869777971999904
  0.97146006240232663  0.97406410173311875  0.97693028495400347  0.97973732479422293
  0.98220403650099086  0.98444169266528203  0.98644067849703143  0.98825314065458469
  0.98984824385938763  0.99128106920009018  0.99244006657292838  0.99336358947693937
  0.99414967213419614  0.99476155481428563  0.99533731007124382  0.99587937295799500
  0.99639131201034981  0.99682356397625405  0.99714756988545894  0.99742583323829825
  0.99769255143921465  0.99793784370138394  0.99816589591193816  0.99838005650876405
  0.99858358808159264  0.99877287364606115  0.99894384930664226  0.99909216536453271
  0.99922543090304738  0.99933945313266237  0.99942845745927000  0.99950554092662969
  0.99957828728413045  0.99964304974999230  0.99970234129589597  0.99974434713902149
  0.99978472903907212  0.99981842526466258  0.99984533508699835  0.99987071310841480
  0.99989461377704059  0.99991622856714713  0.99993495784067488  0.99994972218867939
  0.99996338646009630  0.99997610396168746  0.99998805198084373  1.00000000000000000
 -0.00123412872083147  0.00620124898061499  0.01424217426145662  0.02274385235389064
  0.03305585186292603  0.04538185231989518  0.05756247945496532  0.06828817125455866
  0.07682500095298697  0.08624488055822593  0.09703322099637540  0.10794710529942311
  0.11935159066938464  0.13162447845466585  0.14397981990339098  0.15680649336060062
  0.17140277324892153  0.18781790116203012  0.19511075191786972  0.20457081573749536
  0.21456935069247704  0.22548222791925951  0.23630026211790550  0.24696832676174316
  0.25770839891919900  0.26920588008008822  0.28188969607553221  0.29534844823289841
  0.30791792431934062  0.31798281718211246  0.32747366070454975  0.33682962295690411
  0.34332324959574334  0.34830421454579302  0.35386556778332096  0.35939872560066033
  0.36680389245083633  0.37692686504131462  0.38712970634604160  0.39589539755286335
  0.40272487830014836  0.41060768555896721  0.41830697345553713  0.42672334518180233
  0.43489444148452183  0.44541453225182231  0.45802212230807043  0.47114699549136241
  0.48349412481220644  0.49648938262941106  0.50960857409809412  0.52215746559813769
  0.53450920370594057  0.54640131753806498  0.55724538536732937  0.56667376886353660
  0.57567366976424295  0.58586605406933623  0.59784838661554285  0.61027775742915091
  0.62197846291001535  0.63281479952937780  0.64309059531705148  0.65277821626436450
  0.66136410671465118  0.67012902186961876  0.68027494048661530  0.69035382586654159
  0.69963789224394002  0.70885593872162123  0.71769061051083172  0.72843228849972441
  0.73931206532651961  0.75078870665118369  0.76395380619755504  0.77768863751276096
  0.79187860656609810  0.80420361805565688  0.81397160175304828  0.82304911312453355
  0.83286748802445543  0.84381486875956668  0.85432345469953885  0.86500783962179639
  0.87613590790229234  0.88732702314905432  0.89778090575139247  0.90979400778457020
  0.92395652155029595  0.93700570367371450  0.94784481737372384  0.95858236097080152
  0.96924089302559457  0.97985988925944245  0.99029869299500528  1.00000000000000000
   3.8772453302580102E-020  -1.0000000000000000     
 T T T F F F T T T F F F T T T F F F T T T F F F T T T F F F T T T F F F T T T F F F T T T F F F T T T F F F F F F F F F F T F F F F F F F F F F F T T F F F T T T F F F T T T F F F T T T F F F T T T F F F T T T F F F T T T F F F T T T F F F T T T F F F T T T F F F T T T F F F T T T F F F
