  0.00005420180433964  0.00023488448262863  0.00035382172883386  0.00049457644232324
  0.00066289492605584  0.00083591339870999  0.00105471025991061  0.00129766757828304
  0.00153706412097785  0.00179865580871764  0.00208126034262603  0.00236762180765383
  0.00272109494632747  0.00316224906254977  0.00363013140160385  0.00407531077777741
  0.00454747911637127  0.00507211241451800  0.00562533791407755  0.00615683994098600
  0.00667671192657028  0.00722184161531255  0.00786618399568458  0.00862098146986373
  0.00945133708807234  0.01016179318574913  0.01071412880923872  0.01129813471317330
  0.01202649563622036  0.01270757235999557  0.01331418832778637  0.01398377884387404
  0.01464847776865410  0.01533881625760150  0.01616387162698850  0.01712377864418179
  0.01818598596943381  0.01960123979926565  0.02108580550732972  0.02236904683522593
  0.02336538808735211  0.02418506983881687  0.02500509689033625  0.02583523189635274
  0.02676213988767807  0.02794232590048353  0.02905419603118362  0.02997855801224313
  0.03113680790605748  0.03239993342433874  0.03359939089196774  0.03497937499186754
  0.03649443066413927  0.03839880917666491  0.04071742971393725  0.04336623165433188
  0.04562388022622682  0.04796166482838105  0.05035726407706648  0.05278739816621139
  0.05525971135348298  0.05778855444409103  0.06057169678380289  0.06418916248308303
  0.06818666913819664  0.07260928309629883  0.07704983838035787  0.08321833837711003
  0.08886414810745152  0.09286266244365771  0.09598012320385305  0.09902627499222905
  0.10167040782534020  0.10447033707984961  0.10799778447645900  0.11136967059636441
  0.11484383652098190  0.11852083122215507  0.12238660407549991  0.12638052838156530
  0.13047905837567209  0.13477928153075924  0.13947705755571307  0.14436233851029409
  0.14957402913826387  0.15658715225681419  0.16829831490833572  0.18453597358207038
  0.20244642735803398  0.22520973637537536  0.25457623003463592  0.29931486268972918
  0.35710597348018835  0.56055367783693777  0.80314673184134455  1.00000000000000000
  0.00000781411125592  0.00000905274444933  0.00001066051860882  0.00001407943363738
  0.00001836223955909  0.00002164437401858  0.00002495087583092  0.00002922457681253
  0.00003347829132138  0.00003815973796440  0.00004311177389138  0.00004803946394292
  0.00005534849562635  0.00006498904716202  0.00007475166641445  0.00008310291516310
  0.00009082713220846  0.00009822104825682  0.00010588971126158  0.00011457853831884
  0.00012344678381455  0.00013231222859851  0.00014244555303003  0.00015399913124550
  0.00016677821728004  0.00017901217058935  0.00019461485414442  0.00021110516757599
  0.00022786683803061  0.00024467352900356  0.00026098645259315  0.00027563317418722
  0.00029013284326138  0.00030520418633064  0.00032302828299036  0.00034424918791881
  0.00036884409214230  0.00039471223342535  0.00042087739781219  0.00044524874914884
  0.00047133438117625  0.00050228325968408  0.00053484943274743  0.00057083432855964
  0.00060866189903985  0.00064775981799062  0.00068689124707555  0.00071688392083845
  0.00074557134371977  0.00077736030674476  0.00081065240252223  0.00084595349204204
  0.00088169853485022  0.00091572813399093  0.00095337405116589  0.00099616081044608
  0.00104140509971673  0.00108356836309315  0.00113998942754115  0.00120203911126264
  0.00126849837123488  0.00134290509288301  0.00142744664012453  0.00146159506010016
  0.00150932399680781  0.00155570661033681  0.00159758680023745  0.00163967559099648
  0.00168004618945433  0.00172042485710792  0.00176408645167837  0.00183396354743933
  0.00194096839727061  0.00204512474394282  0.00215674441150491  0.00228903969775392
  0.00244729566074184  0.00262242983273056  0.00280206896625004  0.00300147733818292
  0.00323680807407214  0.00351140303681152  0.00384850725710651  0.00428424390376684
  0.00481059989598384  0.00524216172529007  0.00581402049693587  0.00662632524832001
  0.00779040716760723  0.00937886551328320  0.01181132811009754  0.01475739144564209
  0.01989051896973415  0.03223325884442035  0.97898320989537757  1.00000000000000000
 -0.00000080047272059  0.00000302489452859  0.00000652999106525  0.00000958361434870
  0.00001287332492792  0.00001622667299742  0.00001964961494571  0.00002316569327090
  0.00002665079916759  0.00002988172551981  0.00003261640977211  0.00003494518582253
  0.00003739806222632  0.00003986865399839  0.00004236662352919  0.00004541104578894
  0.00004889068715866  0.00005272289188553  0.00005678635323083  0.00006093994564953
  0.00006488722035495  0.00006848902327650  0.00007187388646415  0.00007467296978785
  0.00007658005786824  0.00007838725675105  0.00008029979217075  0.00008222844153929
  0.00008408342479169  0.00008603592633303  0.00008768345157911  0.00009015583686815
  0.00009426084316171  0.00009765088134416  0.00010124651095689  0.00010516188397723
  0.00010936968089548  0.00011398766285734  0.00011885858593207  0.00012378007359150
  0.00012838566225725  0.00013319485912096  0.00013885391362537  0.00014499367260590
  0.00015121805786698  0.00015821805012482  0.00016591059367751  0.00017427778577221
  0.00018324973547727  0.00019144814191136  0.00019932393050507  0.00020726792602574
  0.00021628820919999  0.00022802565805370  0.00024044518741169  0.00025264911704801
  0.00026468397220958  0.00027758769691581  0.00029160114709093  0.00030604030062143
  0.00031988679263706  0.00033200757209723  0.00034437522410919  0.00035736948492678
  0.00037113723820620  0.00038653387634551  0.00040403368890944  0.00042534131591333
  0.00044786766813358  0.00046891466049939  0.00048653158470601  0.00050047179971168
  0.00051293046597600  0.00052683151955199  0.00054879123272828  0.00057453707013924
  0.00060094770110966  0.00063359696086952  0.00067342964767652  0.00071817343927104
  0.00076909733939665  0.00082246755758673  0.00088166569963279  0.00096064932436732
  0.00107493806786666  0.00124630237523821  0.00140274823204027  0.00158348177713457
  0.00177762002014362  0.00206645985132062  0.00250030798245572  0.00356782001988335
  0.00582780497991470  0.01741776505783169  0.83725339159250978  1.00000000000000000
 -0.01194766844144886  0.03684246822092439  0.07152367135549696  0.09034836769883953
  0.10191501989771659  0.11283996220080723  0.12293334710148246  0.13330222788171367
  0.14157002218684583  0.15230833159668944  0.17131825067351322  0.19347858899763570
  0.20986725178775364  0.22745454106424473  0.24749248661803006  0.27588976340695892
  0.31052649606411409  0.34412935025776470  0.37412645337892381  0.40548533700033329
  0.43591018991692743  0.46311306628487214  0.49152230532454322  0.52501331228342318
  0.55848382462500457  0.58873203219355630  0.61851323168103256  0.64933426573826580
  0.68308476878535240  0.71291596586505235  0.73668933855856467  0.75650495039748034
  0.77508505800758798  0.79406680637981764  0.81247078892155311  0.82978773361900227
  0.84520087252104359  0.85954290039745096  0.87263107662678074  0.88483591548496399
  0.89583602992620914  0.90486133281879755  0.91272006294984187  0.91970019110614110
  0.92639515443399312  0.93267886657965005  0.93828436043258023  0.94320440352115431
  0.94732989517205279  0.95124744889935586  0.95492811492445973  0.95793812931329070
  0.96079680083347041  0.96370547533574769  0.96660981732274964  0.96926115286271097
  0.97178422873120829  0.97421960161381838  0.97651322253411366  0.97844183935058970
  0.98009770221796111  0.98164686522559985  0.98310354795758426  0.98434104068065797
  0.98567103356513219  0.98675407799452186  0.98772402165783302  0.98865512565604419
  0.98956845767156687  0.99044872478752011  0.99124649591707092  0.99199368131240873
  0.99273800055922978  0.99345140397858278  0.99409295534962328  0.99471176181707055
  0.99532760504981099  0.99595019144759800  0.99625941974182886  0.99659192614417480
  0.99689063572871073  0.99715101951419161  0.99738763959266852  0.99761740736354332
  0.99784885710800175  0.99807732088481338  0.99830842929663011  0.99851680996094005
  0.99872420913678528  0.99892204810874607  0.99911092039253679  0.99929804341476136
  0.99948288873161262  0.99964898884587583  0.99982336117158888  1.00000000000000000
 -0.00445088634326248  0.01268810902115469  0.02660786018477701  0.03884655626242686
  0.05097672714078134  0.06344200303298378  0.07590654968652892  0.08912595556364157
  0.10234380279557334  0.11492040802892885  0.12735667782231791  0.13958930244432594
  0.15076484112012584  0.16109181541791986  0.17160322837075850  0.18311012893605647
  0.19574568739544515  0.20971341777213368  0.22551039654938568  0.23799130687259651
  0.24946255613118049  0.25915544196847146  0.26677692769624517  0.27367048386886966
  0.28189170917724105  0.29179570968341506  0.30360111315167387  0.31562906749025937
  0.32608947090034052  0.33582959253677697  0.34545945761836677  0.35610631586010588
  0.36929973944012806  0.38515394397908287  0.40084926949647032  0.41324757625026387
  0.42389263818056305  0.43475563189160005  0.44646180401520874  0.45911517158231135
  0.47197274032085923  0.48446261237707244  0.49662420433059684  0.50809330642556116
  0.51935623915923279  0.53030950171420155  0.54234656302108297  0.55366474274064637
  0.56476934839501325  0.57670156926575711  0.58948371814921252  0.60213367869754542
  0.61499795574043070  0.62653759372128970  0.63788874316744582  0.64977886762271708
  0.66186028851030543  0.67398870847611780  0.68536812288071491  0.69359962744401271
  0.69881406284205794  0.70406153519436943  0.70922025054262849  0.71463635571399808
  0.72036700801519149  0.72636603374610220  0.73191350292559820  0.73739671937667317
  0.74842088690329489  0.76381438720282269  0.77675637426190480  0.78728562518143674
  0.79774714738628316  0.80699999965037839  0.81622090361289656  0.82543406301641720
  0.83337795914881718  0.84213676367615842  0.85045618269202561  0.86008132441101948
  0.87139098390161784  0.88196762349418345  0.89249718572275727  0.90271809154220917
  0.91151407416651087  0.91930642823155773  0.92803013579256177  0.93707993508029874
  0.94351872063112896  0.94989825428168517  0.95743907603716416  0.96824838047701500
  0.97807187357926029  0.98620771557699549  0.99319570123733891  1.00000000000000000
 -0.00306056282115873  0.01384535816570442  0.02373156197542076  0.03354144633175025
  0.04214066808929470  0.05037489541767982  0.05911422287077957  0.06859267834178250
  0.07775815398171242  0.08482287386728048  0.09146956814316327  0.09872206707145804
  0.10690693178866564  0.11612143764064567  0.12519166656417896  0.13465303071208087
  0.14635169321173430  0.15778331653694522  0.16961698042942447  0.18293230267675128
  0.19708236747281019  0.21047191941810198  0.22263931998179259  0.23498106915243372
  0.24869208851014615  0.26425616159586296  0.28159209842351829  0.29840124929595285
  0.31265462254988186  0.32584349968315990  0.33839104018864052  0.35080373034810319
  0.36220452573714379  0.37367897872494543  0.38629359404762764  0.39924199437285018
  0.41155937880484050  0.42333794659092427  0.43464327827418076  0.44547605683924607
  0.45617859099079083  0.46792475514676579  0.48118099575105172  0.49477900418454523
  0.50984917220534820  0.52458418531283935  0.53798747709390571  0.55010647323785267
  0.55988501076410635  0.56945372755741874  0.57919685821848532  0.58842146192502276
  0.59894149409793385  0.61061876983780650  0.62180230262188130  0.63227552015398714
  0.64311434368994069  0.65421343466529924  0.66513767052820061  0.67537277227130066
  0.68474234088537400  0.69347405369078796  0.70216364510346818  0.71146584392774337
  0.71720299676866717  0.72099218360829398  0.72532396970136415  0.72977206680708318
  0.73443828913280140  0.73985046022151757  0.74546240818248621  0.74955329739275101
  0.75779360512983940  0.76973680023619950  0.78336256195943232  0.79719465711867832
  0.80978487532331744  0.82087251821583440  0.83157799242023511  0.84194778771615830
  0.85172901954338676  0.86229759033986597  0.87239846708358326  0.88111405019201328
  0.89027939448384563  0.90006845680734671  0.90952619027630155  0.91949459080595308
  0.93091913233471379  0.94232173553773879  0.95275322471330626  0.96350502710030594
  0.97348930484335294  0.98269021892985187  0.99149794086879972  1.00000000000000000
 -0.00008881843467729  0.00060830687573502  0.00135357269350361  0.00204120762236559
  0.00267139302998252  0.00326917045638904  0.00384468722338782  0.00438577970453302
  0.00492746415801543  0.00551384784614484  0.00614762370041744  0.00676904159123856
  0.00735218098009761  0.00794803675697774  0.00859323735243474  0.00927385161462304
  0.01005118535587618  0.01112956852334664  0.01237811614709680  0.01372704267423509
  0.01497450894581605  0.01618850245849946  0.01742363405156708  0.01870789382756076
  0.02040238518799785  0.02211286071661989  0.02381353421043757  0.02552943053303890
  0.02738447462954543  0.02944613975982296  0.03153810908267535  0.03376200959541706
  0.03602733301111945  0.03832514064169198  0.04066560346659733  0.04305363004413579
  0.04549527779763511  0.04823371275780087  0.05112167184050031  0.05352546458272642
  0.05577719303630689  0.05808185997278345  0.06087523502382817  0.06416131270907595
  0.06749473905784355  0.07107009138661062  0.07470058117892267  0.07867631847693875
  0.08286173002681317  0.08683259186859851  0.09055897120881293  0.09454477048450599
  0.09855545714499452  0.10206428092426288  0.10576366219506789  0.10968898907627794
  0.11376774639691289  0.11784195283911363  0.12209387350685084  0.12669683099498794
  0.13199681114494582  0.13714554005598192  0.14194584908066990  0.14700076065095435
  0.15296274237921700  0.15884572731360835  0.16470974732170221  0.17143358018685195
  0.17866114242187958  0.18612734444250570  0.19383115320612376  0.20158031428765702
  0.21006737739690343  0.21906942367243556  0.22992760013239316  0.24123409899741699
  0.25309710596619117  0.26496461858959386  0.27675225411508564  0.28987693379256579
  0.30414371624841363  0.31874058496735636  0.33441649195077849  0.35145630675761835
  0.36906669017918697  0.38936966306058407  0.40985565198887125  0.43133531164966504
  0.45692416785551837  0.48685949926352129  0.52296706308147911  0.56875619005788502
  0.62656761451505505  0.69796700606226447  0.79162467253588920  1.00000000000000000
 -0.00043688686657194  0.00156403609176141  0.00417912007421774  0.00707189979635815
  0.00986624285938362  0.01240722761908250  0.01510107230743117  0.01793603059893552
  0.02109326640425092  0.02452948455115036  0.02830526065260396  0.03231108344451157
  0.03631779544910928  0.04030411910673259  0.04433910866601571  0.04847851426150290
  0.05258629619819714  0.05645832722187984  0.06019052431503681  0.06393646999999925
  0.06826974579849024  0.07269383825055696  0.07746735419890387  0.08230125357262760
  0.08812902092593621  0.09533082061835577  0.10266632818876140  0.10981942720616306
  0.11698713637939823  0.12527234041951824  0.13517024870043018  0.14660078394369266
  0.15963762084357755  0.17443238131934152  0.19147009709602825  0.20924176952407747
  0.22749767829297024  0.24537648954309693  0.26087492429779036  0.27831447465679515
  0.28888495642569001  0.29848660443091551  0.30724027929782599  0.31551099839259039
  0.32450052164919035  0.33402286516996033  0.34581861674015740  0.37135626465879151
  0.39969102660267747  0.42872880733170565  0.46198747244824329  0.49695063651169052
  0.53821740049340849  0.57941008760919421  0.61078059205091373  0.64279906398503939
  0.67437233962300291  0.69752999629868484  0.71686628189400248  0.73549977743942130
  0.75273718234585574  0.76802366766591423  0.78312948666157933  0.79824963502244406
  0.81293114423757795  0.82616936632810989  0.83667805711400900  0.84537102076410398
  0.85348447278638906  0.86175563563391233  0.87024754891815681  0.87903520337636654
  0.88730854746559840  0.89419463733397253  0.90035953206742758  0.90565332006457755
  0.91098622600179646  0.91761390509264096  0.92450569676472261  0.93136789066115944
  0.93742368154396039  0.94297608686659506  0.94752720686434733  0.95167790952093989
  0.95569346092577179  0.95939728145741199  0.96297174122326468  0.96652840468446732
  0.97088589427006444  0.97512259488964481  0.97949896630914179  0.98383611398366400
  0.98808904664989627  0.99223831437072640  0.99622062704627024  1.00000000000000000
   4.5704273158573384E-010  -1.0000000000000000     
 T T T F F F T T T F F F T T T F F F T T T F F F T T T F F F T T F F F F T T T F F F T T T F F F T T F F F F F F F F F F F F F F F F F F F F F F T T T F F F T T T F F F T T T F F F T T T F F F T T T F F F T T T F F F T T T F F F T T T F F F T T T F F F T T T F F F T T T F F F T T T F F F
