  0.00004257975820368  0.00014197972853061  0.00021347238202133  0.00026442275349696
  0.00030942192831487  0.00036153679114953  0.00041664510527233  0.00047164197546766
  0.00052461309709023  0.00057247750247707  0.00062865009551821  0.00069965617419133
  0.00077359366759491  0.00084438360143634  0.00093493335996224  0.00103038471286374
  0.00112677678324922  0.00123074042851847  0.00134620578880843  0.00144687345546969
  0.00153212524710647  0.00160961824355248  0.00167937568183690  0.00174362468625169
  0.00179808601118909  0.00185955486733947  0.00192565303723030  0.00199222640296761
  0.00203735745557720  0.00206864715082828  0.00211443868342819  0.00217639201308283
  0.00223651383140386  0.00230163378674199  0.00239741313877344  0.00249735955469298
  0.00259526282648583  0.00269953411468637  0.00281415223105278  0.00294062659699439
  0.00307359849382106  0.00321439546183962  0.00337509464815786  0.00354096821548897
  0.00370492735168703  0.00387726590152671  0.00406653138970182  0.00426833041151662
  0.00444844333754688  0.00461991704303846  0.00479479026666747  0.00498046569882210
  0.00516118725516703  0.00534898604702887  0.00554881101401490  0.00574531051875945
  0.00593514255996203  0.00612622423504302  0.00630762457793441  0.00648759724789487
  0.00668469317659378  0.00690654370489018  0.00715365952283236  0.00746011167881807
  0.00763744762173082  0.00782366223001387  0.00802318756953851  0.00825106325664773
  0.00854083136365751  0.00891836087856667  0.00933809333880161  0.00976603855522168
  0.01021707206796934  0.01072984574225744  0.01132192117303906  0.01195976884644401
  0.01260157061604725  0.01320598189418952  0.01384046374393614  0.01444243443177337
  0.01505746598170414  0.01567441456788768  0.01651672716798143  0.01747963759333153
  0.01849322123132005  0.02003003131863479  0.02165451277164627  0.02340713632579484
  0.02572215269104214  0.02894349598133724  0.03280550467541719  0.03822919861956384
  0.04796435678917041  0.05657513562041632  0.10143213566427366  1.00000000000000000
  0.00000000000002090  0.00000000000003090  0.00000000000004090  0.00000000000005090
  0.00000000000006090  0.00000000000007090  0.00000000000008090  0.00000000000009090
  0.00000000000010090  0.00000000000011090  0.00000000000012090  0.00000000000013090
  0.00000000000014090  0.00000000000015090  0.00000000000016090  0.00000000000017090
  0.00000000000018090  0.00000000000019090  0.00000000000020090  0.00000000000021090
  0.00000000000022090  0.00000000000023090  0.00000000000024090  0.00000000000025090
  0.00000000000026090  0.00000000000027090  0.00000000000028090  0.00000000000029090
  0.00000000000030090  0.00000000000031090  0.00000000000032090  0.00000000000033090
  0.00000000000034090  0.00000000000035090  0.00000000000036090  0.00000000000037090
  0.00000000000038090  0.00000000000039090  0.00000000000040090  0.00000000000041090
  0.00000000000042090  0.00000000000043090  0.00000000000044090  0.00000000000045090
  0.00000000000046090  0.00000000000047090  0.00000000000048090  0.00000000000049090
  0.00000000000050090  0.00000000000051090  0.00000000000052090  0.00000000000053090
  0.00000000000054090  0.00000000000055090  0.00000000000056090  0.00000000000057090
  0.00000000000058090  0.00000000000059090  0.00000000000060090  0.00000000000061090
  0.00000000000062090  0.00000000000063090  0.00000000000064090  0.00000000000065090
  0.00000000000066090  0.00000000000067090  0.00000000000068090  0.00000000000069090
  0.00000000000070090  0.00000000000071090  0.00000000000072090  0.00000000000073090
  0.00000000000074090  0.00000000000075090  0.00000000000076090  0.00000000000077090
  0.00000000000078090  0.00000000000079090  0.00000000000080090  0.00000000000081090
  0.00000000000082090  0.00000000000083090  0.00000000000090490  0.00000000000101446
  0.00000000000112227  0.00000000000132650  0.00000000000161077  0.00000000000194164
  0.00000000000230601  0.00000000000271278  0.00000000000361855  0.00000000000602003
  0.00000000001009701  0.00000000003151080  0.00901075920216288  1.00000000000000000
 -0.00003407461450960  0.00014927675106447  0.00026564909493288  0.00036307980267690
  0.00045850319337985  0.00055678194941256  0.00065888077338954  0.00076654124937571
  0.00086720518202145  0.00099482692027290  0.00111462870237991  0.00121902602335496
  0.00131671795081100  0.00140499691613844  0.00149644042649159  0.00157761389580681
  0.00165753369488788  0.00174466615758676  0.00183592659063899  0.00193484581780679
  0.00206868436852646  0.00222042974689946  0.00238839906865574  0.00254139577428249
  0.00267707028984985  0.00280635496530816  0.00290068818358051  0.00298922815964589
  0.00308459782054780  0.00319519511282904  0.00331538086873330  0.00346440176525225
  0.00365618763347449  0.00388144993555358  0.00412279510564270  0.00435123827874940
  0.00453661110589539  0.00468087234614068  0.00479890671060997  0.00493961198718201
  0.00509338037485886  0.00525620336133971  0.00541854960351231  0.00557515570405948
  0.00573016118512897  0.00588096223021940  0.00607213553610184  0.00632569110830034
  0.00649730811008471  0.00666182156289305  0.00686143150123270  0.00707049834765240
  0.00728650626638162  0.00750346476236664  0.00780168033847082  0.00813858417181712
  0.00847555714308444  0.00881030653198784  0.00922406697727265  0.00967451209981680
  0.01011123180347269  0.01050306405542342  0.01089080097204434  0.01129886792783278
  0.01176958784086605  0.01216908188002318  0.01256183773953057  0.01302704363357621
  0.01352072738052409  0.01402345727086320  0.01448635503061964  0.01496138935366449
  0.01553614349984462  0.01612890849481181  0.01685285735792098  0.01793043527468603
  0.01925280586212027  0.02072183973637850  0.02250271454864611  0.02458175239546203
  0.02690746335633943  0.02936835444032290  0.03089775454202676  0.03237928840027558
  0.03344342164843297  0.03466399581070251  0.03680313583809552  0.03993917271950161
  0.04369500788429853  0.04746091685159125  0.05171788791351294  0.05937467831600222
  0.08245118240011755  0.13488660311593492  0.92544902599936940  1.00000000000000000
 -0.00008067068836631  0.00043209859099071  0.00090352757245531  0.00138776202695430
  0.00192430048627752  0.00270120094177304  0.00360551434862206  0.00452083409460667
  0.00533108103170199  0.00602372523880342  0.00675606837711685  0.00738804516267894
  0.00810019463065899  0.00886751274780328  0.00964130230960593  0.01019290354956274
  0.01075659782281261  0.01133879662840905  0.01185196462001165  0.01242777344038875
  0.01338757256126832  0.01471495868534329  0.01621390745487477  0.01787708965668252
  0.01964256825409821  0.02084862563847520  0.02155945479158861  0.02244252653780573
  0.02357430035088898  0.02460114946766613  0.02567910293914989  0.02700956807006141
  0.02890372727522843  0.03110910759085985  0.03323321603004908  0.03527161494306794
  0.03737795308357183  0.03984123964220459  0.04303072482991570  0.04616677016123485
  0.04872263113902682  0.05096212943671038  0.05330520377247115  0.05545054517590502
  0.05728892938095057  0.05902316567172557  0.06174788784411653  0.06574100371567711
  0.06960342914865891  0.07351466686139997  0.07814589061772588  0.08330757991144169
  0.08884707238527649  0.09487356879497535  0.10113058010872220  0.10735404955231286
  0.11354754515082559  0.11971983673618666  0.12598277420069356  0.13233254117168147
  0.13904931222486866  0.14491542782061956  0.14858753250261400  0.15207837331775229
  0.15712819606611755  0.16549561673065372  0.17595845937360816  0.18709805342528557
  0.19811796039902224  0.20872383109590339  0.22182853079085590  0.23676468682413940
  0.25178786480236481  0.26508127120787367  0.27688257716062997  0.28858823316286142
  0.30120121837023583  0.31404345764723701  0.32699605956923045  0.34529878735902386
  0.37259476795173452  0.39081403696653771  0.40670778498858312  0.42537838697800545
  0.44609631136598216  0.46365222798513112  0.49978168325088018  0.54760095268477094
  0.58965690236070334  0.63062940961020275  0.66876465820090247  0.70064985025418169
  0.74197108144144819  0.79682901099099601  0.87481010925399094  1.00000000000000000
 -0.00189597537660903  0.00795953250034507  0.02003087742270957  0.03042382956323729
  0.04078327257203541  0.05053157723298983  0.05955735552165779  0.06823998676866155
  0.07616998126719468  0.08358934942520671  0.09152479137109140  0.09977069572586095
  0.10887730272596337  0.11941384381262943  0.13004911993635110  0.14034925249459085
  0.15510964916310588  0.17222716136031416  0.18635999953065355  0.19512604844650622
  0.20299112200171351  0.21211436080099019  0.22135179608527003  0.23020709419299604
  0.24224635474754685  0.25198951341090003  0.25960600673999962  0.26644636058291532
  0.27198340835442281  0.27834729259145585  0.28618857478143322  0.29535847923195468
  0.30409960869053138  0.31609001745762694  0.33036080630504666  0.34364389332783024
  0.35687092020284666  0.36997263766896527  0.38190862332537362  0.39274481872529621
  0.40404578689374776  0.41671960111454021  0.42941046307500119  0.44227438323412055
  0.45516591592687300  0.46875273290582870  0.48294135931616622  0.49432753947218760
  0.50374405160453195  0.51120672042461102  0.51875794237658279  0.52723681851131032
  0.53577783781463795  0.54469411087914954  0.55471455755681365  0.56566046218303223
  0.57721005724986807  0.59053659602237929  0.60190897338263183  0.61359346556680738
  0.62893967379058591  0.64180860214372837  0.65164468027988176  0.66142088407612742
  0.67278054650640107  0.68518835841402892  0.69785646061017348  0.71101786029504566
  0.72387152299086188  0.73504848044530036  0.74560697405993548  0.75512819715548496
  0.76399367442996391  0.77508010606233746  0.78917840101341907  0.80209078594068428
  0.81186046397782041  0.82284563815740974  0.83157923571655323  0.83976497032574327
  0.84808927275268786  0.85441676190392701  0.86056371984921354  0.86758623505363908
  0.87544322216149195  0.88331578036108593  0.89204240214677499  0.90320942897578105
  0.91776658887993667  0.93137293196358639  0.94387938559785034  0.95542853198916367
  0.96573650331183880  0.97562430212155193  0.98714766941089227  1.00000000000000000
 -0.00457736435345859  0.01385354936199715  0.02620639574088028  0.03539644857421181
  0.04401005076561209  0.05296551644805444  0.06111526331350183  0.06744118846411166
  0.07287566121649312  0.07916687355582519  0.08650981800927461  0.09430180069374819
  0.10631824989119071  0.12077830902881437  0.13491893982584408  0.14706455166874799
  0.15709886652738950  0.16688667715135511  0.17693036111004953  0.18578250475756780
  0.20100164734511694  0.21120661349242437  0.21978867961013945  0.22632516953418003
  0.23462227218930759  0.24540979106621930  0.25829270896410927  0.27203034374943230
  0.28554208959061955  0.29795709686870681  0.30893590405402865  0.32001263805033486
  0.33106621402265329  0.34186355764845283  0.35243379861954988  0.36258458131552834
  0.37295105044319299  0.38445588478838066  0.39791868784794893  0.41217235609858621
  0.42890014702673812  0.44385786777140906  0.45442649412277725  0.46280863345088546
  0.47117077866617479  0.47810756131486032  0.48619918371293014  0.49347048747560185
  0.50189475459997435  0.51214435622288934  0.52068694144991368  0.52876324000430297
  0.53601361275150095  0.54194452899028212  0.54528388758936830  0.55122585930933088
  0.55771617077994551  0.56525659802541539  0.57317488819233964  0.58105773169979691
  0.59064475099869640  0.60330387487267967  0.61439017372011340  0.62487371305853068
  0.63518346427114991  0.64671262817681507  0.66041606127526786  0.67531540169660531
  0.68919397064752597  0.70011638650451202  0.71033260478520033  0.72131581865505290
  0.73464515805348196  0.74972236445048313  0.76434606342049927  0.77446709598248153
  0.78100193668182050  0.78833254708531197  0.79579243305461245  0.80395024080384414
  0.81443592499039563  0.82846838768790798  0.84381534442475170  0.86021443199053693
  0.87481811408500387  0.88614558920935160  0.89465005133715725  0.90368601258574532
  0.91209907130221157  0.92300113505665982  0.93692769013300570  0.95007789049013236
  0.96186781937347543  0.97330570444585407  0.98549570015248500  1.00000000000000000
  0.00033966350507335  0.00045034234891558  0.00057648909661730  0.00068290468819827
  0.00077140684508286  0.00083076345717541  0.00089031313740827  0.00095041455028231
  0.00101061102085878  0.00107095789050342  0.00113932916374814  0.00121274060042213
  0.00128494251680940  0.00135603288632485  0.00142642279452417  0.00151214056180961
  0.00160340032717153  0.00170305233427038  0.00181413998459277  0.00193686282745614
  0.00206323487650131  0.00218747958239285  0.00231499284466870  0.00244682234681069
  0.00257412765180794  0.00269750887794346  0.00281977676970609  0.00294493852827275
  0.00308189045265478  0.00322845515903377  0.00337947454492207  0.00354976407056164
  0.00375103521853943  0.00394229613946966  0.00414299812120291  0.00435644316579433
  0.00457763798964542  0.00478841313458889  0.00497010089600855  0.00512144588720538
  0.00529992921343014  0.00550494324090945  0.00572242365865888  0.00593845838131509
  0.00615691502787979  0.00636554629857892  0.00656557126296937  0.00674785613061726
  0.00690854544932396  0.00707798077563854  0.00723675399307126  0.00738716039904309
  0.00756404079153085  0.00775891092886963  0.00795894562076650  0.00818910488305455
  0.00842752508276798  0.00866430870724281  0.00895563598316261  0.00923437361043551
  0.00945971534226735  0.00970537677307789  0.00995044266107344  0.01017621073222678
  0.01038221209463532  0.01068917930175123  0.01101010441099914  0.01131586266989218
  0.01165036323189491  0.01198198226780071  0.01229712904888786  0.01255644578770251
  0.01280975751229146  0.01311451082894782  0.01362166677347948  0.01421285023143651
  0.01475914886558714  0.01529518031787906  0.01581594488630089  0.01637400213707655
  0.01703279869782235  0.01801024704536370  0.01937415487106308  0.02114269539003702
  0.02301139881674594  0.02504902076500679  0.02687199670069778  0.02826657953389932
  0.03021765039391476  0.03250954673888292  0.03699586470900860  0.04274655700962002
  0.05458945171111317  0.06683075227837022  0.08490149470724237  1.00000000000000000
 -0.00246521528336177  0.00963797192204960  0.01677012963499609  0.02283596428952136
  0.03005069155146326  0.03814373503037511  0.04798761247566032  0.05979391119945100
  0.07226876287844143  0.08375815749322854  0.09573363680611822  0.10886185394597883
  0.12297841353921418  0.13562011055876169  0.14704780336608672  0.15685050224897795
  0.16474056287225036  0.17181869268901329  0.18089253233072267  0.18961264422453405
  0.19683289846328417  0.20546003367237789  0.21408374661494897  0.22538056151414421
  0.23907311968062381  0.25103989482640526  0.26065626058588709  0.26761000526732953
  0.27380191411580757  0.27996108037358286  0.28650879412057401  0.29513408726815232
  0.30318154071137615  0.31339954093068784  0.32435220756174793  0.33518705042880947
  0.34670317642950355  0.35942915082322396  0.37129942830843254  0.38209564955951320
  0.39330241689006817  0.40376433575237847  0.41428196240404153  0.42453504063938990
  0.43316386269358509  0.44187532013466724  0.45247350349387594  0.46437651714105549
  0.47614142644302559  0.48589497487474731  0.49375943333299294  0.50160484248610471
  0.51024882127353710  0.52200013755349595  0.53725476071999045  0.55270511251955512
  0.56603258639436793  0.57849584932949616  0.59313427324290247  0.60923204438101053
  0.62384962060112159  0.63544140055640730  0.64591134193946609  0.65642259458056051
  0.66790713896425824  0.68094101571889287  0.69215782503265733  0.69722442163346510
  0.70213101071212547  0.71139348579616246  0.72041023630293999  0.73077463596325376
  0.74467853195439015  0.76049301057377316  0.77874685299116564  0.79577605134204477
  0.80893334336012912  0.81703369272214321  0.82459431677160233  0.83341816539534952
  0.84187566306128425  0.85174230309412313  0.86394814887893412  0.88541170840500272
  0.89766607592217651  0.90903218252150531  0.92085847546837518  0.93180063162488314
  0.94195047610427973  0.95030668815958963  0.95758416863668483  0.96573994690568066
  0.97532687607018875  0.98446152517493013  0.99226022679784398  1.00000000000000000
   1.5522064482698225E-005  -1.0000000000000000     
 T T T F F F T T T F F F T T T F F F T T T F F F T T T F F F T T T F F F T T T F F F T T T F F F T T T F F F T T F F F F T F F F F F F F F F F F T T T F F F T T T F F F T T T F F F T T T F F F T T T F F F T T T F F F T T T F F F T T T F F F T T T F F F T T T F F F T T T F F F T T T F F F
