 -0.00003768427676057  0.00347143463236306  0.01001746947059568  0.01705455640199739
  0.02410206651977104  0.03114197449114589  0.03796033158127705  0.04468553160540294
  0.05132867656227116  0.05784251858603859  0.06423222071592370  0.07054093954176339
  0.07671271022587335  0.08278471726337706  0.08868586960183315  0.09465273229496676
  0.10053361001905194  0.10633907175499485  0.11215532790312623  0.11791112156421678
  0.12362452039061904  0.12936153237764103  0.13502690360094954  0.14059378061534711
  0.14615153162933153  0.15170327391881785  0.15724934302315263  0.16271956781376501
  0.16817998591358979  0.17372954708810640  0.17934959007729312  0.18497124034395263
  0.19057885009563461  0.19619878414556019  0.20184543011196918  0.20754753602992237
  0.21326713113392798  0.21893153884104744  0.22450995256480050  0.23009000258194107
  0.23566263087759154  0.24133132198880311  0.24709378988711200  0.25282825414907928
  0.25856963005034966  0.26436759777215929  0.27009771650918252  0.27588719602242562
  0.28187913450313784  0.28796133906077115  0.29404440039337743  0.30017018509014337
  0.30638436344934050  0.31257104011114084  0.31881451254507137  0.32505808051163593
  0.33157709995446966  0.33826063832760678  0.34493816332484861  0.35164763577497987
  0.35847195368731216  0.36531662300481449  0.37216912519475404  0.37916986990351198
  0.38641548891793071  0.39392627273785380  0.40161443355149623  0.40926278990748394
  0.41695929094857370  0.42474362091791873  0.43254447179470357  0.44055108899501777
  0.44883757190875601  0.45751865249705959  0.46682018099045403  0.47624604386525721
  0.48582373844773885  0.49578006475685038  0.50590177487910071  0.51613803497097455
  0.52703980299440989  0.53924126521615745  0.55181753497317132  0.56490576643557988
  0.57847317777105012  0.59246492020182229  0.60745396484144987  0.62391386014691774
  0.64277784648463643  0.66409902715134250  0.68690173224798945  0.71255029932606728
  0.74585380651576405  0.79124760834088514  0.86031676748302499  1.00000000000000000
 -0.00307354438964271  0.01088548177631484  0.02207149073117375  0.03224331530727542
  0.04242374604242256  0.05267693335955364  0.06290039759261352  0.07180366455377946
  0.08046984082206420  0.08964154838075841  0.09958231997712309  0.10976164002639606
  0.12023396710367748  0.13073728930053269  0.14214498434041128  0.15338838042086173
  0.16452158120374602  0.17519950700418349  0.18602368083456061  0.19615325233598715
  0.20682353258574587  0.21741132070376767  0.22746026716410969  0.23735803895776700
  0.24750355684681261  0.25840693240995177  0.27022474959264414  0.28194727823904242
  0.29358310112085462  0.30369464221016329  0.31385780822168280  0.32354746428624542
  0.33345923484008294  0.34334623839173561  0.35313119979677632  0.36295333428531873
  0.37290323041442525  0.38309636118021428  0.39355544465444736  0.40452780369687463
  0.41553709398335970  0.42607464073274171  0.43631657762747350  0.44665369445599656
  0.45710700757950201  0.46706012216030257  0.47674533497243093  0.48674838637437329
  0.49713366853060326  0.50740329759821834  0.51769246537218383  0.52824984492079763
  0.53907965895191756  0.55004355716853981  0.56116605123278285  0.57263022607352532
  0.58458540389555380  0.59656020896362350  0.60863411316770244  0.62065440137315031
  0.63250371244101533  0.64443001355033036  0.65619739520488163  0.66775538247985489
  0.67945834326075183  0.69069754133988281  0.70131598237868853  0.71209983495287243
  0.72277028277684696  0.73330658002530824  0.74362042664649752  0.75428789850568378
  0.76539524032132478  0.77617492297214674  0.78646647135261016  0.79662348846338482
  0.80667648589441721  0.81668010286490544  0.82673000043810063  0.83699491099401313
  0.84723317183787505  0.85710906507960660  0.86663188636437283  0.87601890373874514
  0.88553064357170419  0.89567368242564083  0.90639894086535677  0.91709101933823034
  0.92736520954011081  0.93775090670811390  0.94864525213965956  0.95939638159010243
  0.96962554213426000  0.97954467139491452  0.98975429587413277  1.00000000000000000
 -0.00230878637673597  0.00946974630405194  0.01935098801435838  0.02954631511986917
  0.04003413624809483  0.05046157275697054  0.06065459997142068  0.07085483338574462
  0.08064485622615039  0.09068346411374253  0.10071720020462165  0.11118208333351301
  0.12185285092620887  0.13281150772480718  0.14347422128598630  0.15387500604549081
  0.16375297421345006  0.17333517624281145  0.18271692822963756  0.19224016683062128
  0.20174776887970763  0.21143493258354928  0.22130838593143123  0.23136696241764643
  0.24164264902252275  0.25256968711697692  0.26438946002869890  0.27630542274465575
  0.28754732303349811  0.29850771725956426  0.30952276345546570  0.32069075973008243
  0.33201815685046743  0.34373154685189417  0.35537947267687464  0.36655743175283717
  0.37745817540120086  0.38830520032876997  0.39865871398850050  0.40853345402539526
  0.41813775943054488  0.42799884344241829  0.43828088884563654  0.44887902232313753
  0.45997377782145565  0.47132011976534438  0.48218249522201723  0.49166668772829880
  0.50171163508619743  0.51215349601270821  0.52263992079062027  0.53284788155805451
  0.54315049859304654  0.55417173279376508  0.56515188216058954  0.57602789235752050
  0.58668657088294773  0.59741207042793598  0.60819474561182552  0.61886960657742118
  0.62924387589253095  0.63946150949004799  0.64978257943052697  0.66036062085713509
  0.67092833828272247  0.68131358153407373  0.69189187371791461  0.70277619410107317
  0.71380242261836901  0.72479430456025418  0.73576525213385657  0.74660556930838418
  0.75780092179627434  0.76896506638098583  0.77969667202374093  0.79052954707425194
  0.80160819992075483  0.81298520921626438  0.82420242092381890  0.83521879809803612
  0.84577718942774660  0.85627571418353332  0.86658187614245774  0.87666068962322230
  0.88638004420765970  0.89630889680762837  0.90638070654788516  0.91652634937019539
  0.92688217440941911  0.93761787642091210  0.94924709477614755  0.96020737127931133
  0.97049989537572290  0.98051020977563552  0.99040684425271031  1.00000000000000000
 -0.00233666994516768  0.00900877356201341  0.01898827678274511  0.02959628901618789
  0.04006250255694360  0.05104010837575245  0.06212894945192109  0.07266985857175241
  0.08356487090936585  0.09476236442841866  0.10579997218204648  0.11644172450056722
  0.12724115721418117  0.13843410678097601  0.14934608884520781  0.15987714782450499
  0.17020817198528462  0.18056842295511272  0.19137000510185850  0.20199398305926375
  0.21210277941971795  0.22219419590319364  0.23278614356250737  0.24348924556082463
  0.25364384225486042  0.26331731636258987  0.27314253958716511  0.28368512961692610
  0.29425245771525910  0.30470134114474268  0.31551179203117985  0.32681288309608758
  0.33753597860088119  0.34809704590045365  0.35925123523319491  0.37131972442278582
  0.38294255347581058  0.39428246938493922  0.40549260928904213  0.41661215289066322
  0.42758919578298127  0.43858564744553780  0.44946167775056139  0.45996464895995348
  0.47021628555703732  0.48028199875969602  0.49009057778210119  0.49957757527168861
  0.50886332106299337  0.51831184181917855  0.52850526453306201  0.53864865018398955
  0.54938127142394844  0.56043231523519987  0.57133751357639351  0.58237091219290005
  0.59251866601428438  0.60311205901935350  0.61332399323416043  0.62386177726477898
  0.63414312213928847  0.64448994334729204  0.65500627060098093  0.66597059275245030
  0.67668109245513586  0.68738719508697954  0.69754128586748199  0.70787176690425657
  0.71816271286246125  0.72840147425410129  0.73894716751186074  0.74937336872349347
  0.76029131233985670  0.77128590552628518  0.78249710257288130  0.79369224018712548
  0.80488662612064443  0.81541222898183474  0.82534765045581593  0.83553155154054881
  0.84626430099810779  0.85686665595001521  0.86641888125077471  0.87587725423964902
  0.88601750340694507  0.89617520847944798  0.90615703686427296  0.91603727187639927
  0.92655855526802289  0.93724804241432991  0.94778710021251844  0.95803955404114294
  0.96855716183559359  0.97910821604677634  0.98972648625907367  1.00000000000000000
 -0.00178610488188305  0.00901923602152939  0.01836619762872145  0.02810255075785069
  0.03821513787383742  0.04834623968069982  0.05820925091064319  0.06851333570919378
  0.07920951069660342  0.09083719268318739  0.10233901557919638  0.11398386043234152
  0.12501304640810526  0.13589831399530353  0.14662130937025980  0.15736551361979528
  0.16809211054516668  0.17863833584411237  0.18929273229823884  0.20013419601371335
  0.21110743736835602  0.22217845418785623  0.23319685484353334  0.24435615189692139
  0.25493963676980891  0.26499989699614773  0.27523418896504298  0.28513738759727952
  0.29541922309952151  0.30585746842850081  0.31629439422729333  0.32665499007890075
  0.33723111428261032  0.34809827866453735  0.35864888406239925  0.36873793253882864
  0.37955699043039864  0.39095674896686167  0.40199468141351219  0.41260810234769574
  0.42342622867185026  0.43418470431051231  0.44423396064745402  0.45391919624727084
  0.46392274056054328  0.47456921552849890  0.48502435323575877  0.49514212010445918
  0.50592517034722240  0.51754571177378494  0.52914074345941664  0.53982075024534648
  0.55036119194461741  0.56068402183117472  0.57076886119157300  0.58107316680458887
  0.59143916572480371  0.60175054123155802  0.61175814229364200  0.62200429055242057
  0.63264721538960289  0.64349582189318699  0.65421911885847850  0.66506332699565995
  0.67630583338459715  0.68801638898545781  0.69987338141203681  0.71093492552578141
  0.72130784730279807  0.73127941118461781  0.74102746101255268  0.75085747166269434
  0.76079903928501380  0.77080834564885548  0.78074912866888091  0.79054623470488017
  0.80047604408849615  0.81079468583378378  0.82119832011407423  0.83157589871554238
  0.84194586562102214  0.85222280142144902  0.86271527492554489  0.87309168921103653
  0.88363196392867882  0.89466672961647831  0.90634006426599145  0.91777457880971880
  0.92842560984309330  0.93889777321686396  0.94901070395067644  0.95937106698953933
  0.96958132938788710  0.97997305228703291  0.98993968539433386  1.00000000000000000
   6.9593852156696064E-028  -1.0000000000000000     
 T T T T T T T T T T T T T T T T T T T T T T T T
