  0.00330077223008708  0.01293985606836285  0.02379235156160972  0.03493223939300739
  0.04604328577108849  0.05735685021257109  0.06898783632236839  0.08013769621945045
  0.09004874253660437  0.09993134680861493  0.11048289292610396  0.12181881550910903
  0.13289765525902367  0.14339555264333331  0.15353457936592713  0.16367618735817688
  0.17472069495364723  0.18644571377558419  0.19847665743219842  0.21000429926509279
  0.22010916403294425  0.23010534940451002  0.24012086826371948  0.24998190460368469
  0.25984628877987259  0.26954888159316925  0.27899442739948177  0.28762360414849175
  0.29659614021442920  0.30533189093241375  0.31452325110090446  0.32481631475334927
  0.33541903415247737  0.34775251583997990  0.35936201848313715  0.37060760585232561
  0.38198309153285553  0.39246496524542984  0.40179194120120204  0.40989251784888997
  0.41799739883667902  0.42599749817161064  0.43497157955976673  0.44417087304657366
  0.45370884217172419  0.46424771278057997  0.47553959580057914  0.48718093152363701
  0.49796450217730770  0.50928759034249360  0.52013801547726435  0.53047291698294474
  0.54088667706089899  0.55110468432954429  0.56208548367685029  0.57211941544251821
  0.58189127759640091  0.59162687516154766  0.60160702219628825  0.61119068727313053
  0.62036514352162897  0.63010270956656100  0.64104391594577592  0.65252141369805328
  0.66332993597322365  0.67368792427825452  0.68433484811378920  0.69422684777409760
  0.70362186797966164  0.71266280629298395  0.72214344137899722  0.73212467318635999
  0.74200614994857206  0.75202657338296530  0.76298065707486751  0.77353653906373687
  0.78324866745459754  0.79258799228099686  0.80215160945521946  0.81197100579619086
  0.82201809136371773  0.83232912478624699  0.84381600115385791  0.85624157048584171
  0.86878579482293583  0.88129036774619807  0.89316262647989531  0.90478746654375863
  0.91544128145662929  0.92655053971913426  0.93728259083139442  0.94880126097159811
  0.96020842565493181  0.97109101732308623  0.98127791502494821  1.00000000000000000
 -0.00025762425611986  0.02947041710969691  0.04743162498467626  0.06065599446827560
  0.07213866057735263  0.08306166538670531  0.09426924737043355  0.10573421642277640
  0.11808428472657120  0.12905459879501477  0.13949265373398928  0.14978562807858042
  0.15976903109184268  0.16976834691418741  0.17897663633018857  0.18841245987172076
  0.19794092980331135  0.20774629623861138  0.21760902996334103  0.22784143836067439
  0.23924927565234805  0.25205735751605457  0.26510042784902499  0.27731052214072199
  0.28825431160156106  0.29817486543406113  0.30746069352216238  0.31740608264561260
  0.32795814746509711  0.33824834898931916  0.34877487244579231  0.35952688449760684
  0.37070527233989781  0.38114700619141406  0.39153360512032992  0.40219423555316952
  0.41329950187289644  0.42421148225610444  0.43495512096895167  0.44621282096845549
  0.45843645333237248  0.47023045321095008  0.48210500478548457  0.49263566988889052
  0.50361902751203791  0.51460220101313003  0.52454994276540778  0.53368538748106076
  0.54282612371437222  0.55242885663782526  0.56266787073168001  0.57193168546136919
  0.58147257037950439  0.58962678019424164  0.59758171969235330  0.60561143413089735
  0.61400230979855841  0.62193382120496432  0.62979213836023518  0.63801311986520493
  0.64655289850875253  0.65695786825282376  0.66769440692014215  0.67808653805019647
  0.68904333434326193  0.69906318247386878  0.70891565433457426  0.71822714564899426
  0.72874445860503656  0.73994594758898180  0.75044503268874563  0.76025638483027713
  0.76982371413902739  0.77983293800245257  0.79030473949380697  0.80034500165192990
  0.80970570643288320  0.81839025491850004  0.82698381972362900  0.83635409579842201
  0.84611549484032011  0.85685638509555728  0.86844628086453746  0.88069737141514659
  0.89272096298253889  0.90435749119209730  0.91506892212847224  0.92470380657841011
  0.93387969875380084  0.94349436980680090  0.95414547195131627  0.96388960017774028
  0.97285117811848121  0.98139834008310955  0.99075909896856740  1.00000000000000000
 -0.00152561346900500  0.00646641964982781  0.01338084614165018  0.02008527280450728
  0.02692088384528431  0.03341899264212765  0.04007547815952580  0.04713733857885140
  0.05478153462430913  0.06195698065396860  0.07075633076585459  0.07857267383345558
  0.08689588235913784  0.09488043497696816  0.10283555049291497  0.11093921423201683
  0.11881541529669813  0.12700177446327848  0.13510387209679880  0.14327481803674827
  0.15159307131790908  0.16011808682757661  0.16844702944366824  0.17623974795239367
  0.18396069166209841  0.19075829878071843  0.19753906444036307  0.20464735126764147
  0.21182715247817110  0.21877531472027209  0.22587564740094848  0.23334364344830488
  0.24079035432856144  0.24816278944472958  0.25559211309887936  0.26344270130544573
  0.27108864331659815  0.27866505671959346  0.28746477588972835  0.29622871915572208
  0.30489302069945151  0.31324156125199443  0.32167294682937658  0.33021243340254708
  0.33876735405149522  0.34736413665696581  0.35611068701731402  0.36534554099178757
  0.37466998939063767  0.38348807834682780  0.39223779169994133  0.40035786472125329
  0.40829350050641733  0.41647481573118222  0.42451167769540099  0.43238018014555635
  0.44079543919469050  0.44991461854649145  0.46022944065617433  0.47137502188141717
  0.48255560420642940  0.49360644773795531  0.50458413375951749  0.51581744814091501
  0.52623445022670723  0.53654392441121956  0.54700692877167367  0.55828300667929021
  0.56936377589734499  0.58057354510840520  0.59188062475468639  0.60328436461785417
  0.61504703808021333  0.62767693370475952  0.64002538255763819  0.65209804102400759
  0.66409760954202524  0.67642164157819318  0.68935996557814894  0.70203126247017067
  0.71490352125905998  0.72857420510508142  0.74200295911667680  0.75485888404525225
  0.76646969489541661  0.77936889606866577  0.79395600292876167  0.81000058903249716
  0.82748608088912967  0.84681828644535684  0.86804112237995912  0.88974505601174314
  0.91056370632260997  0.93255194658697249  0.96194820657758406  1.00000000000000000
 -0.00168055011754856  0.00822819616356262  0.01697125144150760  0.02619921884414974
  0.03575184702340480  0.04551236897508796  0.05524423131213058  0.06513790890180553
  0.07569414961031087  0.08595893362150386  0.09524560224843229  0.10478401263223394
  0.11560505705377107  0.12688809893538033  0.13787727584512127  0.14819347678435640
  0.15784816374038874  0.16776472122910494  0.17731843414220885  0.18618270853927871
  0.19441993933718335  0.20282168694232797  0.21308333017462749  0.22454245339016507
  0.23507074302950454  0.24481096492540619  0.25458940868112823  0.26480267312851080
  0.27520958627539555  0.28591916031258341  0.29753986349994721  0.30932116829105183
  0.32042831838032088  0.33056750921997463  0.34119953358462046  0.35182553205943429
  0.36331921929082234  0.37512862703929578  0.38500212740527401  0.39463203109624356
  0.40487357959864501  0.41446670678205444  0.42336456492118646  0.43244734201614521
  0.44362228116271063  0.45713040509625835  0.46978471911338837  0.48090732327099817
  0.49191360237716991  0.50188381924348047  0.51164179153484490  0.52145535689896916
  0.53200535026073137  0.54215382480770857  0.55177224252433699  0.56200625705516627
  0.57347066508634847  0.58634337278682280  0.59926857785525778  0.61147315733470919
  0.62281767850420611  0.63305468883013682  0.64405272497519839  0.65367163940947914
  0.66369197523955070  0.67365627006760209  0.68358120876297135  0.69397353260213668
  0.70392407586145611  0.71351230637870644  0.72326321808551308  0.73294183313858752
  0.74266972073333215  0.75284984267863209  0.76396512229170033  0.77497546703838327
  0.78562017159326913  0.79598551511471893  0.80651757522686285  0.81728159170343673
  0.82809638408832542  0.83883109473080819  0.84945073896838252  0.86061566588078564
  0.87268749493378006  0.88511455044906362  0.89774193923905854  0.91037876730932554
  0.92245440089347042  0.93401128707642422  0.94575295375071811  0.95824928652129571
  0.97100755908473402  0.98213210744641921  0.99152063759202813  1.00000000000000000
 -0.00624576072684279  0.03986521710730882  0.06824493745394120  0.09143625041038247
  0.11209180851859628  0.13029222352447115  0.14809185466551961  0.16491932394440439
  0.18125780738139591  0.19491757575818355  0.20943665328749311  0.22553206949000254
  0.24114448718249668  0.25726064453004605  0.27343302724301244  0.28693497372721699
  0.29925403647749627  0.31111527973318326  0.32285860329427324  0.33477345703810313
  0.34685088348409748  0.35900410546412254  0.37045966772488770  0.38103634467866543
  0.39053432751425576  0.39994873263922281  0.40969378443259741  0.41972217982281063
  0.42929033427164087  0.43867893546778508  0.44854349402403909  0.45840298932147694
  0.46774825128607189  0.47662262751556300  0.48542640420447214  0.49434795303673090
  0.50342041901265355  0.51276686912065306  0.52230148692110934  0.53172906086938210
  0.54065645099490678  0.54905517601231313  0.55783640111490174  0.56729437542506844
  0.57618083656694585  0.58483210021176946  0.59440737626559204  0.60401760885404343
  0.61319517422622016  0.62219863592248736  0.63161400259904266  0.64182488590797637
  0.65194136229634014  0.66147541278809308  0.66996973248351177  0.67827164850208099
  0.68574452245787010  0.69302924448010250  0.70047931571233446  0.70832963561226636
  0.71683285820654719  0.72588602917578593  0.73488672812743228  0.74399855574631224
  0.75321219106625437  0.76183752999492904  0.77016299528022891  0.77812692655686111
  0.78605621971310680  0.79388941181341610  0.80186433706067706  0.81045350610694478
  0.81993653140028688  0.82955989473716796  0.83843781272201834  0.84676015496887969
  0.85433768774737362  0.86214358073594555  0.86988470761073866  0.87754361754550658
  0.88513899212677394  0.89260322446750695  0.89994823775159027  0.90718402757866023
  0.91454859768106100  0.92262000034561675  0.93079174951980825  0.93856802566952302
  0.94593245855590768  0.95295544216267025  0.96011054286283148  0.96735130104428979
  0.97571158314257445  0.98390340648058050  0.99222604752579080  1.00000000000000000
 -0.00252451193797723  0.00949235184602021  0.02128956299869732  0.03393561063525209
  0.04573115828994764  0.05650495090397117  0.06700373948875558  0.07811210537525254
  0.08934624116864948  0.09953970670610375  0.10906709446399067  0.11895591969849079
  0.12978097705141314  0.14134007105178059  0.15218206756966496  0.16263493495364847
  0.17306441555968316  0.18357286570511297  0.19428263155328621  0.20504575827124230
  0.21390528250372384  0.22282239566728698  0.23109140374440104  0.24021263343193863
  0.24948423251384116  0.25908017386626181  0.26895070140738742  0.27985966126719619
  0.29107891089866533  0.30207152075086569  0.31300519658334469  0.32412658292560143
  0.33582969270299384  0.34786514454143841  0.35942442439968858  0.37025493034441220
  0.38016388753577773  0.38948688048978419  0.39948817734418607  0.41014810229663656
  0.42105977023865732  0.43117312282937659  0.44137024966122812  0.45189528778881560
  0.46262421159181261  0.47330136124562139  0.48398029359938644  0.49423279489198796
  0.50449017900859727  0.51522636641160080  0.52582589289042703  0.53628323741693340
  0.54685740580742781  0.55741662833963557  0.56763752127785283  0.57748462305887560
  0.58760836631160474  0.59822228712031733  0.60778831484490825  0.61722962105877144
  0.62719077829495584  0.63751114663994179  0.64761067714669385  0.65742951757278312
  0.66689432519836822  0.67710938489984540  0.68774748820078879  0.69909162537442826
  0.71011978476906945  0.72074238015362690  0.73202499112360775  0.74400917923499488
  0.75603451337229499  0.76746088267839985  0.77833826800880312  0.78936199350035874
  0.79985630951037323  0.81039753988409835  0.82063868115047145  0.83125409950813900
  0.84280569114304882  0.85538209003411625  0.86638043664819064  0.87715601138452748
  0.88745199597809665  0.89840786693797481  0.90807252121791904  0.91709932713598308
  0.92701870402447695  0.93671910300479888  0.94745304171904199  0.95823235381636185
  0.96886213750443462  0.97932703344537009  0.98943681237848180  1.00000000000000000
 -0.00492029703001100  0.03040951571403092  0.06344651456994768  0.09462554624445091
  0.12361751383572121  0.15139197470195412  0.17792106909519487  0.20230873678803868
  0.22412686855899711  0.24605155868855416  0.26927948640498184  0.29314241017330328
  0.31589130748069938  0.33644166158803868  0.35548548936188040  0.37542054949789999
  0.39410293244892836  0.41253888389359550  0.43146591826345160  0.44997709360528682
  0.46628647052130368  0.48173128407589205  0.49660509328856939  0.51079422878769287
  0.52558583357167177  0.54064836380864534  0.55478682921205014  0.56779444509058408
  0.58070683844460069  0.59308532459462815  0.60523421223862706  0.61703333676429828
  0.62858371451842843  0.64048034848869273  0.65156674639474121  0.66247481655806217
  0.67290071120852979  0.68362226443502538  0.69330406331059646  0.70309277384916480
  0.71239532622841573  0.72191607857159512  0.73124847840246754  0.74038775267146750
  0.74896098564512348  0.75719162273896334  0.76524477136794422  0.77379466291312327
  0.78170371365189695  0.78988609264362208  0.79783345874334866  0.80579546830396132
  0.81408597214142797  0.82266786485597754  0.83136914531893391  0.83977132415808453
  0.84766017807539495  0.85493113453425262  0.86134874000174488  0.86722901385160678
  0.87285291234119200  0.87834085073976520  0.88380054352879145  0.88921672979704935
  0.89462355077251532  0.89947455884467786  0.90431967026415949  0.90912038492806024
  0.91388241673158699  0.91829487061846415  0.92235108231247609  0.92627111148525898
  0.93013455645497656  0.93421607500783210  0.93826566608446782  0.94233284114766502
  0.94614082468687344  0.94972756824753501  0.95325020334088595  0.95664635909720652
  0.95996446680780068  0.96335425624566440  0.96659373806375437  0.96971133053134750
  0.97286610169100274  0.97578961296603439  0.97851657802666836  0.98115881510319713
  0.98376758614242732  0.98620780474539604  0.98869160472639894  0.99114656937271872
  0.99353706660971775  0.99577663068592659  0.99791362312754117  1.00000000000000000
 -0.00220142007929911  0.00951492774040126  0.01989344787369930  0.02974717367338464
  0.04039528637485791  0.05202204107099383  0.06431056225883745  0.07637362480752974
  0.08733200789690626  0.09817162579528382  0.10905804379130074  0.12015419998211192
  0.13063162969638628  0.14097447291693310  0.15122804098910736  0.16135176302429666
  0.17102265947863884  0.18102155203498238  0.19154858820000886  0.20227343760023897
  0.21270874345660409  0.22314139241139203  0.23425601859118891  0.24581600303514034
  0.25700239261886049  0.26746283856725772  0.27769520983578488  0.28771772442418531
  0.29871432549978605  0.31006449603499164  0.32089022500331404  0.33132595905505280
  0.34139960642033951  0.35060866187581780  0.35969708210496593  0.36892513949270989
  0.37955166160466175  0.39096966134210609  0.40203907931431881  0.41203848780047631
  0.42225085835873860  0.43306593982246427  0.44439167801137508  0.45453684161324581
  0.46405280709833002  0.47366521665722477  0.48370232291542520  0.49458504194290104
  0.50715271838272058  0.51926361467616633  0.53121403658398270  0.54256020144981709
  0.55357235382352643  0.56435122911787272  0.57278864842659949  0.58029373107009596
  0.58805167178585360  0.59608314332644263  0.60447827888909589  0.61335723726593616
  0.62176811301092749  0.63155809788460693  0.64173747965685690  0.65231310878744297
  0.66189360548023335  0.67185838470006554  0.68263527356285336  0.69299320603408332
  0.70319561565315847  0.71361389401615394  0.72401737551838752  0.73436027007503168
  0.74398343720949012  0.75392464964308259  0.76463214787573530  0.77583047405710870
  0.78752199695840308  0.79885716726382372  0.81001946511225231  0.82041800139252141
  0.83033042809830093  0.84062388134837396  0.85162505780659381  0.86376663253027219
  0.87653613322002699  0.88871475069386963  0.90025252936676980  0.91124683684395635
  0.92266252480349742  0.93395495823433794  0.94474705653970592  0.95528552702751401
  0.96640869466897261  0.97804897371119748  0.98897465877963797  1.00000000000000000
  0.06635781344845618  0.52731532042723672  0.57744269757422229  0.61140948752064495
  0.62813566952337463  0.64094580733492912  0.65054098726249787  0.65744892337866734
  0.66371622039447553  0.66927063015079247  0.67439931287311949  0.67940376164464711
  0.68424563733063182  0.68889528224704277  0.69347742809488599  0.69807247090722635
  0.70272911531882709  0.70718476835190280  0.71118887920829688  0.71491244923752306
  0.71859058703201528  0.72241816412634063  0.72627736164331347  0.73003813994748346
  0.73371604985675931  0.73728229098277964  0.74081402752701364  0.74433353792191015
  0.74765236626565912  0.75100828717118728  0.75423167745397135  0.75735473180030877
  0.76063372475987800  0.76395078849067588  0.76724318331849550  0.77058557364037361
  0.77391446492889970  0.77731975991496949  0.78054905470993652  0.78368122167047594
  0.78681233168886588  0.78984727563625301  0.79281430511345263  0.79582781621498255
  0.79896426187112191  0.80213966163711836  0.80530512232624041  0.80842215528022277
  0.81136721670847156  0.81462306508683591  0.81794760040281045  0.82125157341978028
  0.82458854866173248  0.82795127941637159  0.83115073327830835  0.83446158086541466
  0.83779993880102765  0.84108040790074790  0.84437419852960127  0.84775210419161007
  0.85118602890014994  0.85447969428211212  0.85761487838327566  0.86079087785266717
  0.86404522791647043  0.86727884339026040  0.87049055707111811  0.87375421144939081
  0.87698549806080450  0.88017779774814531  0.88347630494966234  0.88676286387943115
  0.88987201968290575  0.89294930798017402  0.89602391186920916  0.89926303904222515
  0.90283249746140914  0.90648120779181929  0.90998801496061310  0.91346720465199627
  0.91708053453731642  0.92115003079373492  0.92543686751924181  0.93002114405125935
  0.93451116888397223  0.93894128297114698  0.94323685257247480  0.94790419814297588
  0.95298245349885569  0.95782898017613005  0.96278324704128448  0.96780438530617752
  0.97359293444764083  0.98005752820972614  0.98841944449426145  1.00000000000000000
 -0.01627570858728980  0.09742637297873719  0.13533320969753393  0.15877215760677296
  0.17661283787631135  0.19176085004013457  0.20553036379274969  0.21849458963518659
  0.23017407084889788  0.24073419063801479  0.25043729881141769  0.26002588378829850
  0.26980688997655350  0.27938018708987411  0.28856522358003706  0.29713713326313473
  0.30491321641512609  0.31227177948555107  0.31942239865431105  0.32666056056764081
  0.33446667434952404  0.34183962249800443  0.34890956643684973  0.35583349951893861
  0.36270917960694304  0.36992690927418137  0.37734193593252879  0.38461378915753697
  0.39145212311146915  0.39786504172735110  0.40412403228118593  0.41043914441057089
  0.41674517135026140  0.42298221464106839  0.42931054893562259  0.43525228880602962
  0.44130314307269880  0.44676718527020631  0.45221804361287221  0.45786548827418505
  0.46352757940773121  0.46915897406839896  0.47477748012517457  0.47982497124175283
  0.48489106197110604  0.48994101901190479  0.49501685795991052  0.50023991346054009
  0.50533195975438006  0.51052600847297436  0.51552411023102485  0.52090298210462005
  0.52624700274146918  0.53163154442520755  0.53722550724884266  0.54335220781639049
  0.54998648458054755  0.55656851369793159  0.56256098447233693  0.56818569075993419
  0.57383809801511976  0.57952734880574341  0.58501319261233731  0.59020517480536649
  0.59561884950346999  0.60120589981173900  0.60686966529655151  0.61261401620977918
  0.61836539564660542  0.62416567878633011  0.62997225969478154  0.63554000507944153
  0.64072681753323601  0.64617158295034782  0.65249516649360417  0.65970388200113750
  0.66734718991459030  0.67477342413753438  0.68222460114711891  0.69015045662045593
  0.69839763716033998  0.70666471044441181  0.71527772313415061  0.72461677618000953
  0.73511606910498639  0.74651903191823410  0.75824735223003814  0.76946799348661166
  0.78173645441070772  0.79504944645144771  0.80903741969619547  0.82347946496537661
  0.84085527507810465  0.86483127955782990  0.90076213823640094  1.00000000000000000
   4.9280182436760374E-007  -1.0000000000000000     
 T F T F F F F F F F F F F F F F F F F F F F F F F F F F F F F F F F F F F F F F F F F F F F F F T F T F F F F F T F F F F F F F
