 -0.00005531709057271  0.00073670180796888  0.00102253354960090  0.00125565756088192
  0.00146896111721564  0.00163602366565358  0.00183436829785739  0.00197788130323222
  0.00213547246573909  0.00236830308964081  0.00268378904560424  0.00295757896824507
  0.00325061930219005  0.00362781280676008  0.00394353132047900  0.00426941347387985
  0.00461482070835420  0.00495223250787669  0.00527374357059201  0.00560879856819375
  0.00587179943023758  0.00608215050484973  0.00638781195148823  0.00674961266375333
  0.00709383340897160  0.00744841041523868  0.00783518204486704  0.00831537593636793
  0.00896614026686337  0.00981328647181114  0.01062237719513528  0.01132240204116258
  0.01190621817174268  0.01237455606314856  0.01292983408840592  0.01347503696476199
  0.01390564996834010  0.01427403042749291  0.01478341137666328  0.01549588006654768
  0.01635299326470467  0.01734019076340954  0.01836858666410569  0.01954423934213971
  0.02076257399142774  0.02204426023680851  0.02357918171804186  0.02608559909609372
  0.02844875719911411  0.03084611728724412  0.03336576931780559  0.03599573435155909
  0.03870730503881526  0.04141352180722083  0.04392923303726017  0.04633459947879718
  0.04873946337940720  0.05036069491984034  0.05187507686501131  0.05321903377530764
  0.05443369939298317  0.05582039101110989  0.05790037635227857  0.06062280655421275
  0.06363478423271947  0.06697537529277597  0.07006373253999920  0.07354648375033351
  0.07690471952741686  0.08101879681582873  0.08640730620373559  0.09145098205754379
  0.09562610864971670  0.09898395336942054  0.10210307300479943  0.10624217109999870
  0.11187175123438182  0.11865323843987481  0.12562528255814720  0.13252932944686333
  0.14052818022279029  0.14950307063248375  0.15924663250807966  0.17110744101557709
  0.18462660026253458  0.20136219364288399  0.23081219697930841  0.25845088558092794
  0.27565998641987211  0.29310960936911551  0.31916432826127761  0.35049323124941584
  0.40207958440872710  0.48886380925737732  0.66232488882036422  1.00000000000000000
 -0.00001911059884588  0.00054005627015601  0.00104497519109033  0.00146966374601404
  0.00199569984405384  0.00244585968010100  0.00277399885218452  0.00333460280559934
  0.00422352130053855  0.00503381390785969  0.00576004284217459  0.00646167151585672
  0.00712112877446081  0.00782113629638267  0.00870575032576150  0.00957534686809977
  0.01030073667465586  0.01095062078548495  0.01158968587510450  0.01232571902187101
  0.01315392877485481  0.01403553172749041  0.01495807680062601  0.01598419108521540
  0.01709313137322960  0.01851849724858557  0.01995965310653841  0.02128034740742906
  0.02221984253222565  0.02305661636067103  0.02388954009912874  0.02479287066902341
  0.02574989640428369  0.02669625228373596  0.02795846603546185  0.02923334760328669
  0.03053824527436056  0.03163587255379041  0.03276622165171294  0.03402974925958691
  0.03587398690853123  0.03779771564836903  0.03976487448737250  0.04168504150614678
  0.04367212832984319  0.04589690223931256  0.04835611486216195  0.05043814983630736
  0.05264097626251788  0.05528681769589834  0.05804808616300350  0.06105800712496776
  0.06413800847422273  0.06763336991328424  0.07117038667284709  0.07379607412310563
  0.07610942458179069  0.07888501863394647  0.08214283025091128  0.08593230203282402
  0.08984995021728542  0.09379121947570480  0.09715691104340772  0.10088121946000862
  0.10677389098304980  0.11480127733279612  0.12093795504280129  0.12630600666272057
  0.13215343972034962  0.13821830821661027  0.14423183350150409  0.15136193667755637
  0.15731955428109351  0.16274745273133839  0.17024017172415765  0.18089454753552697
  0.19209230834255725  0.20314891411377928  0.21395751806900073  0.22525892192148278
  0.23793011948166123  0.25482272724212574  0.27356725305702412  0.28772771102645900
  0.30361256965284195  0.32223292676212389  0.34009462780221583  0.35848794102846893
  0.38621311981458567  0.42468246858027064  0.47143447887736029  0.53159260750716630
  0.59910266411356816  0.68683186471026558  0.80844038307040988  1.00000000000000000
 -0.00007749129958355  0.00011302773058031  0.00034191104988271  0.00060725472457599
  0.00096733621019223  0.00130291572062624  0.00160047270015623  0.00180224712178181
  0.00198403877555710  0.00214927731870906  0.00230320199650852  0.00247370451005155
  0.00265212107041388  0.00284456048775579  0.00305711119474200  0.00328644895119957
  0.00353496863403187  0.00379100775971314  0.00402472518733391  0.00421963132546698
  0.00441632599130783  0.00461527229265806  0.00481790405479065  0.00511504502240489
  0.00545408943153679  0.00582377101538788  0.00620866232842346  0.00657084040434985
  0.00691270132391083  0.00725997887352087  0.00762750742799374  0.00802071417262148
  0.00844718255205658  0.00889229065612207  0.00929188435229806  0.00961779992421664
  0.00995061917023489  0.01028764570683785  0.01062516508134584  0.01107360938834641
  0.01161750007864894  0.01217279106086270  0.01273397088807629  0.01330386235598021
  0.01397155069411601  0.01472523360310678  0.01546919517203401  0.01622348100809836
  0.01706299098751744  0.01797824957555711  0.01881721407280036  0.01956544515359149
  0.02034009786258336  0.02125345583103098  0.02210482198183122  0.02301385016294818
  0.02407412263321025  0.02507695982350463  0.02595998771177147  0.02688701458867649
  0.02794653846517193  0.02907066695331604  0.03009561819818363  0.03076877676266478
  0.03166321605630550  0.03268923865826033  0.03376966448058875  0.03498253523200756
  0.03625635499018722  0.03815275229303125  0.04054909397678556  0.04292449730331731
  0.04517329117017996  0.04841469959907888  0.05138644116284391  0.05432089381043086
  0.05744689401289362  0.06073745018445434  0.06557652056419899  0.07215960486408357
  0.07883849234101332  0.08430554587761037  0.08993602268996191  0.09850581092593858
  0.10819641659602507  0.11834058529316716  0.13110698778766949  0.14957386774114770
  0.17411770448943595  0.19822486371499173  0.23125986092702377  0.28521803001043744
  0.35624291539336284  0.42962371818724754  0.66286978544708175  1.00000000000000000
 -0.00641908573394562  0.01229457889255855  0.03064175727666135  0.04830090272677456
  0.06299839344489526  0.07691996344275706  0.09040570683546188  0.10375139242175888
  0.11699850027667970  0.13034434610189885  0.14577305975152713  0.15934520091290630
  0.17235216623090102  0.18473804806883565  0.19536593044678463  0.20496699472344235
  0.21336829686323661  0.22058933387377083  0.22783609229983459  0.23632106716596166
  0.24469604040215223  0.24952726175146922  0.25318287957998159  0.25871325754098112
  0.26551847755372537  0.27459803058675275  0.28660333927364862  0.29597778069332070
  0.30522223626204792  0.31621666433440071  0.32696715382915320  0.33643434806868994
  0.34384406200232714  0.35007490634057759  0.35688355314477799  0.36610619556627605
  0.37670368176683827  0.38536635593692975  0.39156061952082594  0.39806148699067645
  0.40592546170652988  0.41461600066897264  0.42342918647927541  0.43024739909133625
  0.43955251176859833  0.45047447843535160  0.46441976856163669  0.48157463001967932
  0.49919213280556674  0.51436231050901504  0.52772158791248902  0.53884347498053164
  0.54735855111754173  0.55348791711499157  0.55962090600665448  0.56984873483038179
  0.57940264317586576  0.59084281226673696  0.60356857953157184  0.61634365419039105
  0.62801641590680068  0.63697722911200350  0.64466423877026247  0.65288090030395740
  0.65971490323504889  0.66618016315651718  0.67368914378133649  0.68270881892359170
  0.69136377814788319  0.70085448037275522  0.71098905184968086  0.72177610101833689
  0.73324593414757544  0.74529962901152835  0.75788244788107362  0.76815824468786975
  0.77746217533567918  0.78583103784191721  0.79659041643663153  0.81031903091319368
  0.82318172991554017  0.83518173847759103  0.84901406332678364  0.86213648209225258
  0.87271605694664622  0.88130408341706090  0.89058629591847283  0.90059017654570428
  0.91002061406738111  0.91878927828688184  0.92785234055613386  0.93992211208067677
  0.95298175018513309  0.96702387703428982  0.98232231053213592  1.00000000000000000
 -0.03529403215104136  0.29028955356858932  0.43060407032849179  0.49597181764761200
  0.56865650550375224  0.67311935653481114  0.74293645469474934  0.79214672675497833
  0.81529602346896557  0.83638398927962598  0.85441114735131141  0.86751897594443517
  0.88588173903076273  0.90173840107824577  0.91773265514416102  0.93186824127507151
  0.94288987395891288  0.94879281726068432  0.95381550877226418  0.95724235069536667
  0.95962703915994463  0.96150191348111569  0.96311410615899873  0.96514261317047945
  0.96773683461906923  0.96990001771616163  0.97180720822564992  0.97359935182323354
  0.97550154904164954  0.97740428680195635  0.97904816494453284  0.98027524050025960
  0.98133717056884218  0.98217972187208491  0.98293987985133935  0.98367746399133049
  0.98445845313341018  0.98524517620397234  0.98599714876878652  0.98664217526669074
  0.98716945995303917  0.98754059384924842  0.98781221318154799  0.98815780059444014
  0.98861162249460310  0.98908430203066056  0.98947258462388954  0.98980075491541786
  0.99007377292963150  0.99037144182772907  0.99066157028247526  0.99099935924445304
  0.99136001162543208  0.99176338554820975  0.99213196821334249  0.99239331348581072
  0.99260336148718775  0.99281236611369750  0.99300255057531961  0.99319036553201168
  0.99334872357477744  0.99364207827933348  0.99384595556775501  0.99402829847925678
  0.99423671776091205  0.99446559749058039  0.99470308572291244  0.99495108171901825
  0.99519250389610359  0.99541890307498693  0.99562589415990932  0.99581258537518935
  0.99598579063585602  0.99617324731856949  0.99635866371073278  0.99655122601430279
  0.99675703576567132  0.99696419883656751  0.99716184482699344  0.99734827682526250
  0.99753149244485306  0.99772170217906220  0.99792410113352337  0.99813209940306902
  0.99832984702985383  0.99852840092683004  0.99868853950072023  0.99884678848510844
  0.99899577965847364  0.99913514910964507  0.99927738981813208  0.99942781298489503
  0.99958174132501498  0.99973152655373676  0.99986945673985184  1.00000000000000000
 -0.00385888550130870  0.01494909420707960  0.02578417209583451  0.03265495911832491
  0.04005382069293929  0.05038812173293832  0.06647915038507334  0.08439128490164149
  0.10165972328857344  0.11569717170074990  0.12776987572669879  0.14170732992920232
  0.14839814841429944  0.15193931477471764  0.15610219633441336  0.16190006387656822
  0.17048721695211067  0.18085770610868970  0.19186916588224867  0.20293037873723008
  0.21509253349194501  0.22679254688872622  0.24385144781622622  0.26225536649577885
  0.27565084101674731  0.28412922322780920  0.29544469912521826  0.30638117590822883
  0.31633512586946233  0.32731151959745547  0.33469741455106244  0.34335309275557174
  0.35261567560963802  0.36399838459797929  0.37475506685934712  0.38526984418173921
  0.39613190659663644  0.40702492971868554  0.41890767946245200  0.43296591689293046
  0.44888258437211365  0.46549810237527867  0.48192754251763292  0.49216581832066925
  0.50068757665935404  0.51050253059906392  0.52233485024544524  0.53537595601318455
  0.54687192130301132  0.55572907402947425  0.56313559578414030  0.57098729230319167
  0.57761962265715605  0.58473611288913108  0.59204041880865899  0.60079403369615747
  0.61059022963165743  0.62134632831294456  0.63589978704587358  0.64635538052681618
  0.65523739176277762  0.66280672632340332  0.66984174793275453  0.67707188033536592
  0.68585565056037157  0.69567312807459947  0.70446469510360021  0.71616270594842313
  0.73001951100523244  0.74447679150588975  0.75951752360595803  0.77424353315926664
  0.78713114449023291  0.79917905676256473  0.81135366681082322  0.82319161538966112
  0.83506278894070107  0.84676000664076301  0.85932163830872343  0.87175901014846757
  0.88307862428597361  0.89283293228561134  0.90176147526250028  0.91200649518377008
  0.91963819703427296  0.92702708114932253  0.93481431731389564  0.94559589348797579
  0.95664550419177419  0.96507312300340897  0.97197932809370291  0.97843464155595694
  0.98408912004005722  0.98927330433229854  0.99410030424876172  1.00000000000000000
 -0.01508055436530418  0.11339863569884256  0.22200370656418136  0.33279491621771495
  0.47816214049171385  0.60597409082835196  0.66265571493689179  0.71264059844769345
  0.75601503259913982  0.80815588919930115  0.87293777731639821  0.91026119689112306
  0.92590105708179671  0.93302050261495273  0.93866974076670484  0.94424196689307671
  0.95392249241378479  0.96105721460942495  0.96510634313401700  0.96741567582064869
  0.96978167233540324  0.97193710833671054  0.97364824913636128  0.97523226451703382
  0.97694494125625264  0.97849019667808179  0.97979317846944691  0.98104414948562635
  0.98200304917916947  0.98305656709514078  0.98422740150213328  0.98537448009775175
  0.98644469143753721  0.98744853020799417  0.98829518629806878  0.98900831563161717
  0.98964593224517527  0.99019787341972509  0.99072274722449460  0.99122455698399936
  0.99165725750837674  0.99207171803929750  0.99243794035641719  0.99277333922599553
  0.99306969918926846  0.99328617886222514  0.99342834574204952  0.99356145579920052
  0.99369567804418346  0.99383183649534890  0.99395622960473440  0.99407752847544251
  0.99419119260858724  0.99430567925140656  0.99445869349449745  0.99459681280871459
  0.99472900812752496  0.99486285208082015  0.99500361843021168  0.99515222730883646
  0.99531655015016418  0.99547804706584675  0.99564742377790783  0.99580187534048625
  0.99595211970852793  0.99609934402670164  0.99624087292214036  0.99638096483165350
  0.99653213937689589  0.99668297241005865  0.99683988116667055  0.99698248867451977
  0.99710456638403711  0.99722006030771693  0.99733761675866994  0.99745176510113909
  0.99756211647289594  0.99766670400466428  0.99777533813798958  0.99788177353470142
  0.99798822406272680  0.99810122721433669  0.99821335020615221  0.99832805520653678
  0.99843868507430089  0.99854100012168834  0.99863984867544708  0.99875198617148653
  0.99887731899537902  0.99901337867010065  0.99915832195614751  0.99929925325895586
  0.99943623720915553  0.99959502113965737  0.99977316972839436  1.00000000000000000
 -0.00261142673068015  0.00948278595837290  0.02291410818849622  0.03448361557225391
  0.04548189263310752  0.05496247364714835  0.06361416040944307  0.07281977224786149
  0.08232581788181638  0.09376682964637352  0.10455193200091153  0.11504831302956714
  0.12706999005990055  0.14016847045014608  0.15198574171211118  0.16263502713178002
  0.17351017787181000  0.18446106072372920  0.19520221816520211  0.20532483574815003
  0.21396530648681014  0.22191654412845341  0.22994981129854944  0.23933661695746189
  0.25001129686134355  0.26051054675915325  0.27048800480122154  0.27989561966428073
  0.28994999821327522  0.30268537995935696  0.31828714902639416  0.33280829785582366
  0.34325092357556514  0.35365744034288676  0.36410221354390027  0.37547628550510348
  0.38761770794456973  0.40109317876104794  0.41715450731295922  0.42702390201481677
  0.43947978947306010  0.45077346374091681  0.46007279294415876  0.46791088611088072
  0.47528407542737661  0.48244961904863654  0.49619910209335705  0.51148348978076319
  0.52493948596180484  0.53760021805419456  0.54988482736100042  0.56232489125901675
  0.57241612532785480  0.58167052404511588  0.59300056921540434  0.60673016367641019
  0.62084291677315673  0.63349536739886447  0.64580352199198143  0.65952877448450475
  0.67083726478799910  0.68386690129388361  0.69409670580492278  0.70276147702785341
  0.71073956332132271  0.71845629326377503  0.72687749845053651  0.73428233736068949
  0.73890655401452610  0.74339728055012377  0.75003909937847346  0.75694636810152616
  0.76281274776392693  0.76790461168636881  0.77226847087403649  0.77902583423462146
  0.78919739516304532  0.79926673823901195  0.81106283546435531  0.82617288396384336
  0.84346799624908819  0.86037353104268377  0.87453809164631402  0.88745539438089582
  0.89757294308952973  0.90811343046966841  0.91555360061335700  0.92190639716096312
  0.92882358626506656  0.93632919932183234  0.94389036604220278  0.95167558043082012
  0.96102241272011735  0.97308451433713505  0.98646886625402819  1.00000000000000000
   2.6637688161375172E-016  -1.0000000000000000     
 T T T F F F T T T F F F T T T F F F T T T F F F T T T F F F T T F F F F T T T F F F T T T F F F T T F F F F T F F F F F T T F F F F F F F F F F F T T F F F T T T F F F T T T F F F T T T F F F T T T F F F T T T F F F T T T F F F T T T F F F T T T F F F T T T F F F T T T F F F T T T F F F
