  0.00002912685630365  0.00035011575024799  0.00044005366633973  0.00049986190256752
  0.00056054398116846  0.00062898171512131  0.00069687953246525  0.00077164671979924
  0.00084245424460492  0.00092633711346012  0.00117324877175019  0.00153108694374762
  0.00197548086447786  0.00258062329391992  0.00318290303933578  0.00364712236110206
  0.00412144048581879  0.00473375434207510  0.00559351905586410  0.00648376310604212
  0.00725194833876735  0.00825836273555434  0.00939849595315430  0.01066530421288667
  0.01207222120943024  0.01367380543966805  0.01536558928881857  0.01687042699732484
  0.01813226615591719  0.01919525530524308  0.02041000272360458  0.02227499136980107
  0.02442523969426952  0.02670692568470238  0.02872332540292341  0.03050378033558481
  0.03220373586589005  0.03435238553025170  0.03643417189626818  0.03854834950836322
  0.04098173924047218  0.04375124330824773  0.04660492674677642  0.04946118462624784
  0.05244434723715081  0.05554217538719317  0.05919061991601347  0.06407815230858588
  0.06829503993260044  0.07197758640044394  0.07621656432417466  0.08092944952489919
  0.08551998203768994  0.08986060056320860  0.09412048889041490  0.10093052617461988
  0.10803925642999228  0.11557133110671343  0.12391844024974123  0.13320249622953353
  0.14281211751978953  0.15253908259138441  0.16113576205838198  0.16723503618908353
  0.17429125940485482  0.18070016252205146  0.18736775690244997  0.19513507838471306
  0.20343806563511210  0.21048220221055014  0.21482250080137399  0.22469594579356772
  0.24130500118401876  0.25819971492920146  0.27124623291238387  0.28080601251074472
  0.29202377680437919  0.30792570312568601  0.32899369810906154  0.35387715420938726
  0.38394084280117619  0.41330489198426013  0.43799643495063734  0.46282523711462975
  0.48324606501843143  0.50577974877867093  0.53512590554688499  0.56896541238064935
  0.61353406288731760  0.65948101874633536  0.70287765577341277  0.74551522966119432
  0.78413705081840479  0.83323233566442323  0.90822838025477637  1.00000000000000000
  0.00003206232434539  0.00045668999238266  0.00074061604584976  0.00103742286760349
  0.00130874770018546  0.00156651395030204  0.00190536031826689  0.00236462599590435
  0.00293257683820200  0.00359928530729938  0.00441050854704218  0.00526089049521576
  0.00644029075750178  0.00824860125996143  0.01047424552328702  0.01288770942953152
  0.01555519559747531  0.01859961643366690  0.02161071948308829  0.02585155165246721
  0.03139402544185935  0.03697930525181860  0.04250973349435529  0.04821710599166876
  0.05431260393192264  0.05999680323705354  0.06762657682581581  0.07639885747270524
  0.08608392563044939  0.09710823316462017  0.10684059388457007  0.11583158940305820
  0.12190195360896301  0.12604088218369233  0.12985797675506061  0.13397581335642283
  0.14046894145946615  0.14888279716925790  0.15824351136696560  0.16713105083232560
  0.17436357021402751  0.17980237677712838  0.18699008988803378  0.19394047119078964
  0.20144809838020192  0.20806996506581998  0.21380239592222711  0.21953181083349246
  0.22547100359563441  0.23192852490820101  0.23761480259881657  0.24347448933006818
  0.24922048433552521  0.25592988483827495  0.27705180963707443  0.30258948846017247
  0.32572484536357316  0.34388425420910956  0.35795330703345041  0.36986123084220374
  0.37857341035624131  0.38666264451887833  0.39801808667962807  0.40772122015839984
  0.41636215424590090  0.42807053751049440  0.44096880934671212  0.45106487261077416
  0.45851401310296064  0.46525054396939081  0.47448382449893489  0.48608085560875464
  0.49674760623552638  0.50800013490254337  0.51831432244648978  0.53618112705296450
  0.56220132643624154  0.58648285694557101  0.60470557130352032  0.61799461927088428
  0.62984068406030536  0.64429278476229712  0.66323547822245998  0.68693649771765219
  0.71160378844807126  0.73662540237688223  0.76039905575453759  0.78533410688623118
  0.81984705657416201  0.85750332391238793  0.88636852460417404  0.91190573109188022
  0.93576304353509643  0.95748676468700700  0.97808459223394728  1.00000000000000000
 -0.00000774694472106  0.00007361013829242  0.00027080233666542  0.00062852248116768
  0.00117125124481377  0.00214117573791676  0.00358702824095744  0.00561958924617378
  0.00841533232701157  0.01285270799788297  0.01798756973367628  0.02371454487821593
  0.02942060337467054  0.03402545786115410  0.03846482409904937  0.04376235543278086
  0.04957432962007875  0.05520569053831884  0.06214787859753878  0.07123346670340223
  0.08094319198705491  0.09146685274040119  0.10516189141710906  0.11819542270752401
  0.13356726841523450  0.14432140173352040  0.15502051049794507  0.16653465549770324
  0.17963821667055027  0.19574266076037145  0.21389284172714446  0.23206268095471727
  0.24725802203835767  0.26174447514207144  0.27623758288942557  0.29010682001756710
  0.29882366144302813  0.30829865127496275  0.31635637963780278  0.32599504840704718
  0.33469828849042627  0.35386839444826174  0.37269085888239367  0.38919648885657671
  0.40302452017517904  0.41304621788605228  0.41851381220639772  0.42282336869484638
  0.42805654191947412  0.43412141547221572  0.44203690020800329  0.45305787987895557
  0.46010393194706389  0.46730667818996841  0.47539709393492507  0.48203789623472482
  0.49109722381716131  0.50049897797750986  0.50985608984727038  0.51913493852743797
  0.52798762559907453  0.53555030679557913  0.54171166747203259  0.54888505685384859
  0.55848817124344530  0.56356059996462560  0.56530027831950025  0.56701318435777626
  0.56884922664764337  0.57047958411804656  0.57167497650448273  0.57916520835937302
  0.58980418724859174  0.60071745408619726  0.60981947741245413  0.61833753427288041
  0.62640960054209838  0.63455033443023723  0.64274307617751480  0.65252611818003348
  0.66404003152439284  0.68096799833385402  0.69699430999923551  0.70791681988750765
  0.71771271632976452  0.72694226241210169  0.73631740362133213  0.74576186607077233
  0.75670234570907402  0.76839273206320580  0.78140940729496611  0.79417674985053988
  0.80717674182304966  0.82101968700582206  0.85886837182376297  1.00000000000000000
 -0.00189681990765293  0.01544975283226246  0.07016972758542254  0.15087548681774188
  0.22883825770811075  0.29011086395700092  0.35413346556504965  0.41243081595822434
  0.44910667539230004  0.47356915620075857  0.47899358164974687  0.48464009226980193
  0.48942590313111978  0.49538609390823191  0.50143053755755917  0.50425378295798806
  0.50708034025969362  0.50990888834801840  0.51273945898276185  0.51655147467268325
  0.52015527633795422  0.52289232442893063  0.52813701524576329  0.53404992182424182
  0.54541234800968197  0.59559528076837009  0.63258186376448244  0.65838974175596932
  0.67673794428098155  0.69090650964449130  0.70449469877492021  0.71932191443453497
  0.73846217658588131  0.76251649662034993  0.78790058117169659  0.80539973471376858
  0.81628959847742721  0.82763106429056532  0.83929257099831234  0.84894788894051543
  0.85670855646073107  0.86411865042603409  0.87377686197165483  0.88186655637490097
  0.89101214460802092  0.90065466784410408  0.90784480974591364  0.91324646508311114
  0.91839990294864382  0.92322218929455180  0.92734432378370724  0.93089456260280223
  0.93414993140640079  0.93714517717280343  0.94108150320640915  0.94525277803289154
  0.94896327490090049  0.95202216230160164  0.95487969258785876  0.95783260662765912
  0.96086841954617963  0.96382417858078850  0.96639637262793887  0.96856920307657690
  0.97080513777828337  0.97213350398637188  0.97328225240567068  0.97440994976892670
  0.97557360374987545  0.97686099504738377  0.97804575869680899  0.97956151516133882
  0.98125655565735848  0.98273428753961900  0.98406217400829454  0.98537007750630201
  0.98679610488091196  0.98836005841626628  0.98976894342019095  0.99107237740330179
  0.99226054228887639  0.99332818094368336  0.99443289148780012  0.99547660735209187
  0.99633687221208944  0.99701656881468204  0.99756016962629279  0.99803666479316899
  0.99845314746486169  0.99878051851269489  0.99899774619299708  0.99920809909086994
  0.99941301952550798  0.99961081989034839  0.99980400666780656  1.00000000000000000
 -0.00338051387055724  0.00965728200813712  0.02046306075820239  0.03041280082284562
  0.04041802451167248  0.04962427234024604  0.05919436009754440  0.06912574149936015
  0.07940360269911943  0.09188012493339559  0.10294794592057795  0.11354214661762292
  0.12450590886164753  0.13477851721101680  0.14571533433575279  0.15680023229377632
  0.16786672028306865  0.17913704030496289  0.18903433033518058  0.19847656678496767
  0.20825235000576453  0.21930779315260071  0.23162025944845085  0.24197165019470199
  0.24921894720674875  0.25679579731004004  0.26527937862146478  0.27387839184774043
  0.28619177775492827  0.30199658043549676  0.31839276971361352  0.33175062631859326
  0.34244239604668336  0.35026521354407203  0.35264317488865715  0.35446258650056267
  0.35626667182959509  0.35861687891325572  0.36118988971917487  0.36411257500283756
  0.36704395889109093  0.37045452683956309  0.38026817649178069  0.39029009738036669
  0.39892711213992493  0.40693206781778052  0.41548585089942547  0.42555125818986844
  0.43553041106522516  0.44511403084246798  0.45457374200872053  0.46582687936057804
  0.47858681473799591  0.49047962297538134  0.49848088588865691  0.50662847848847348
  0.51581101431035636  0.52595856210774961  0.53965865545879754  0.55401065404671734
  0.56377084020777446  0.56975738248173569  0.57401534471771642  0.57976117040846809
  0.58623604902653526  0.59180721650137824  0.60178211139303350  0.61625260465020426
  0.63498182584343066  0.65349626373213510  0.66737003897843394  0.67819994907851766
  0.68855025657177926  0.69850335582135981  0.71081219132761919  0.72468524743421747
  0.74366708130500092  0.76429165694195300  0.78189951395871637  0.79932504214735711
  0.81703712336449863  0.83502166927513233  0.84974639888345727  0.85744105343458854
  0.86293850928117288  0.86906123066499819  0.87572621479458257  0.88306806320010034
  0.89110754852153051  0.89970249558864379  0.91405404289576875  0.93281090307691106
  0.95293444573246444  0.96972664678043896  0.98551242976475617  1.00000000000000000
 -0.00132615783863264  0.00298623613812027  0.00739145770417814  0.01201081989326979
  0.01769272488556737  0.02322288719904099  0.02824549877757586  0.03392257441920956
  0.04179709507361978  0.05092091192860988  0.05621892863721972  0.06151578873143032
  0.06605691395026086  0.07035763668319646  0.07518076126229994  0.08055640525396637
  0.08673568426483992  0.09479488357153780  0.11007169364767212  0.12466197443742308
  0.13315573508170939  0.14244179352318648  0.15191486136689028  0.16049385058883420
  0.16991311596519815  0.18210253144349961  0.19319234132572372  0.20234999093546016
  0.21115574086007308  0.22270638843980395  0.23627332760923653  0.25215356800977562
  0.26897843042542163  0.28570371410183942  0.30167575193048568  0.31517089386078823
  0.32470237254014073  0.33367237922112752  0.34259304938645363  0.35407589548212454
  0.36961166507158538  0.38706916682953468  0.40186568735804096  0.41580170033125885
  0.43048793828968868  0.44894502018816501  0.46783436336798701  0.48564595807375266
  0.50214514460624615  0.51716207954879978  0.53274242369266001  0.55503072838483503
  0.58362357409045418  0.60383619148170919  0.61723935860570234  0.63359286327735742
  0.65202697057717984  0.67084493797764666  0.68951664547369218  0.70691819166769754
  0.72316106061583907  0.73939969422771878  0.75160918572624424  0.76048710301159761
  0.77134751579482563  0.78010000978655203  0.78852496265734739  0.79775733997876408
  0.80714353904969915  0.81519895845412504  0.82295367123397822  0.83075112342180335
  0.83989028580676461  0.85140621254946902  0.85769613840856851  0.86123598998746476
  0.86527110208554980  0.86917458418687488  0.87300925349291725  0.87704906482472378
  0.88101034889977703  0.88477535254872031  0.88877495201582923  0.89895696478047715
  0.91451929218471917  0.93052439681008947  0.94272379956463670  0.95053883453561694
  0.95807809515187359  0.96472651541790633  0.97137979885876136  0.97962055396663561
  0.98745575921753603  0.99234898397948657  0.99646877207656959  1.00000000000000000
 -0.00353423980015218  0.01247987817621616  0.02551715550922188  0.03873041884978026
  0.04914189681221114  0.05538375077698916  0.06093154809917289  0.06619163530598256
  0.07219805821775678  0.07772013459121255  0.08801194570465271  0.09849175116112216
  0.10763876626833607  0.11635581487621936  0.12515382445668877  0.13528471113658708
  0.14792118367106294  0.16299679999419969  0.17157520785879724  0.17916431719755649
  0.18625574825622179  0.19330672081164968  0.19929396639260921  0.20485970099569778
  0.21292136417980134  0.22112539406743070  0.23043871494883278  0.24640910504421057
  0.26632668229429923  0.28331510624313339  0.29437840625233980  0.30414647437511344
  0.31445190744238138  0.32406390045601646  0.33346588869805338  0.34433936881415206
  0.35644284354889327  0.36972573672192566  0.38424548517504475  0.39970285733280636
  0.41508115874634466  0.43009062327744152  0.44132286980674540  0.45209939552633255
  0.46110852782436990  0.46637923097307127  0.47399875492761723  0.48318048556860066
  0.49410174630901166  0.50469072804183845  0.51932966956161253  0.53145698776491956
  0.54126899047194366  0.54843344439264008  0.55845920909186386  0.56840713053770597
  0.57900398474636217  0.58978246329129658  0.60152091071807423  0.61332171917672818
  0.62524424937963896  0.63780353905426845  0.65125536984155230  0.66537204544064521
  0.68139757740837859  0.69929752962497993  0.71782125350147219  0.73483585986064759
  0.74955522621903159  0.76357904605295746  0.77649852718214651  0.78411850275990425
  0.79251684169775216  0.80174426055357129  0.81082130279681142  0.81808482803426830
  0.82406855178075866  0.83014069109117705  0.83669557622052382  0.84383974522572724
  0.85083765331113481  0.85808890912531344  0.86556853430177838  0.87256356750494257
  0.87949053717728953  0.88599926845704879  0.89660628794651653  0.91619769782203697
  0.92938930891606830  0.94550637655282233  0.95599099819599886  0.96372877276668523
  0.97033445564593757  0.97756379188595210  0.98541482924323986  1.00000000000000000
 -0.00204946380071228  0.00665509722391202  0.01589839234100354  0.02528560663161016
  0.03774372878281654  0.05183270090408753  0.06489887132616821  0.07610185261444213
  0.08652038846392719  0.09439632761313285  0.10193293392557350  0.11027836096308533
  0.11920363611298510  0.12966848920631682  0.14314500316338513  0.15966684194439409
  0.17480819605640363  0.18598065289357188  0.19542642599595719  0.20514916491956034
  0.21750650645333769  0.23197850201602502  0.24589887103537458  0.25675162865919099
  0.26767614029383802  0.27875644708409403  0.28989865078988097  0.30395977604394525
  0.31886867287589366  0.33443411686233759  0.34430669153555010  0.34926271822901511
  0.35477466169482369  0.35877861645165227  0.36233598485568386  0.36555253821220096
  0.36971412736913212  0.37443667426030847  0.37869208433578405  0.38268246344465923
  0.38699255302500196  0.39462558650794960  0.40686223010334854  0.41800475300932183
  0.42746026908941087  0.43759703634186842  0.44965183244888424  0.46403456816876704
  0.47991196009514914  0.49568653974685978  0.51039286545476614  0.52593131000649951
  0.54195968337991907  0.54974195572498308  0.55754663254050674  0.56621284208172373
  0.57453254204349402  0.58488069113739316  0.60226634964953851  0.61259830372679858
  0.62152822093349336  0.63130820179308755  0.64290388380066643  0.65691590621660845
  0.66845386011521768  0.67973165092399512  0.69117181788781734  0.70634126757173155
  0.72089767982041120  0.73669898304205828  0.74960613598020764  0.76068031137969039
  0.77041690690361897  0.77722296971931248  0.78551283182743292  0.79078497894674893
  0.79613292043975148  0.80406708836377316  0.81322104296923403  0.82649180444901982
  0.84015664713572957  0.85211246892652426  0.86447012892007113  0.87930212214227121
  0.89091621138061283  0.89723034509601851  0.90316364417092387  0.90894238954891515
  0.91501017836617771  0.92172120137417990  0.93630248240208502  0.95611882326791553
  0.97373092745922629  0.98307789793727518  0.99188780301936463  1.00000000000000000
   3.9799859604330307E-012  -1.0000000000000000     
 T T T F F F T T T F F F T T T F F F T T F F F F T T T F F F T T F F F F T T F F F F T T T F F F T T F F F F F F F F F F F F F F F F F F F F F F F T T F F F T T T F F F T T T F F F T T T F F F T T T F F F T T T F F F T T T F F F T T T F F F T T T F F F T T T F F F T T T F F F T T T F F F
