  0.00504522762536530  0.00518677224755750  0.00539714427949385  0.00567652566521972
  0.00609333966468743  0.00652888799739514  0.00695235815001128  0.00738362878393083
  0.00783077231614193  0.00828080585868850  0.00873290204451318  0.00920496122144760
  0.00968722884541804  0.01020068563978545  0.01071702596881137  0.01123555244871934
  0.01184775973112365  0.01248315326333562  0.01314391052425707  0.01387335356914263
  0.01463247111915213  0.01545952086849984  0.01641423951713698  0.01745525573240797
  0.01852854617238771  0.01967989405215465  0.02096135692094552  0.02244151852352572
  0.02422319327820060  0.02616447139250173  0.02822484089961042  0.03038733482631720
  0.03256629530061748  0.03477314952448596  0.03713843000784185  0.03971181810815510
  0.04278459955304618  0.04668542425569813  0.05111089168958485  0.05559812719520307
  0.06033843583947032  0.06569543331067165  0.07172147568926615  0.07832808759305691
  0.08532389114478360  0.09248030979149918  0.09986081117630066  0.10780023750231843
  0.11667367541403645  0.12541030010158419  0.13480579306416121  0.14439692507957413
  0.15504503908202533  0.16546797437994218  0.17654651012792003  0.18799847155950414
  0.20020729753311708  0.21301974360794712  0.22640204207038767  0.24087985269223466
  0.25608855265902547  0.27122514132925024  0.28609531264684879  0.30041617304402801
  0.31431298341442782  0.32888013130958577  0.34496903942559948  0.36092299927808774
  0.37634027887384602  0.39198184133504349  0.40778561799784319  0.42396184946748761
  0.44009903618179724  0.45643591092942820  0.47286961103977720  0.49007387460865232
  0.50744779961815012  0.52564640642471483  0.54503322955086109  0.56497578362370759
  0.58470565983755951  0.60429751610550753  0.62433787928904994  0.64548699952922184
  0.66711956145857021  0.68904107771309175  0.71072256139096546  0.73267923870035379
  0.75536385442444920  0.77880938384362719  0.80409712178276949  0.83084250022806438
  0.85807915951442792  0.88795203628914743  0.92694419703202313  1.00000000000000000
  0.28325325219019332  0.39598986194517699  0.41603801255408407  0.42110078779222365
  0.42443956799334021  0.42723210170934989  0.42965265265476732  0.43218237438655976
  0.43434303566737004  0.43641394406834116  0.43897406481367868  0.44076966177157201
  0.44687720817454313  0.45832992398152045  0.47249119453059069  0.48216419338511507
  0.48950148105948121  0.49186487828723230  0.49553296260165031  0.50038337385696108
  0.50522796631577038  0.51071664956693852  0.51740416266268996  0.52446302141127255
  0.52877365109097785  0.53206639290593294  0.53506319386766776  0.53822943833641301
  0.54141032397181554  0.54447418639562295  0.54709435456395739  0.54903939654325440
  0.55139097230496570  0.55422774134662667  0.55785960155860492  0.56175275158991755
  0.56500856776711883  0.56786776994827193  0.57080207799780447  0.57711226006808869
  0.58365767115756506  0.58883534691716510  0.59632133022384815  0.60360962876941338
  0.60973920438362073  0.61562265518329196  0.62074152660483517  0.62495403956639894
  0.62851430627036797  0.63214989861148707  0.63599990989687416  0.63949543430821520
  0.64272164037468260  0.64576863871329315  0.64870830135768265  0.65164830980581312
  0.65511768407435900  0.65886045035979612  0.66208931732591658  0.66532940561249354
  0.66908409005313785  0.67318210060342021  0.67707519770520797  0.68077089265870483
  0.68381935889532697  0.68757643422667425  0.69122385834291833  0.69586119687907610
  0.70148396781413003  0.70726986989200158  0.71341304577705922  0.71956562586390582
  0.72466515534399256  0.72934531415053228  0.73442851038674484  0.73965156880626337
  0.74481319717187677  0.75032544298350579  0.75711357324899253  0.76568123576725888
  0.77525790679234041  0.78535389490762531  0.79573875407653549  0.80640886289727920
  0.81767975284704086  0.82894663736596808  0.84081872925640855  0.85299548804929703
  0.86498540321801298  0.87788550548601663  0.89097244033936007  0.90457760182598357
  0.91945199730631599  0.93691274327856522  0.96076167517092315  1.00000000000000000
 -0.00339310299316374  0.01129014228985726  0.02441577023332367  0.03729371018996744
  0.04918661046335905  0.06020892397695823  0.07097997611978162  0.08211662902376093
  0.09323988105509906  0.10344795619128994  0.11215736392163174  0.12070233193952014
  0.13009523202705223  0.13937323060664170  0.14842330995251143  0.15721744276682140
  0.16686968292385676  0.17768162706513951  0.18847207965646587  0.19883357794668621
  0.20905547620550285  0.21959604343366279  0.23069712400927722  0.24215285349494611
  0.25424827029146424  0.26697384635842936  0.28045853891977462  0.29374968847732114
  0.30631163132951045  0.31766104143465490  0.32798907986968762  0.33717790589755253
  0.34583621097544076  0.35473055733493730  0.36282503745273814  0.37055470642587229
  0.37840430336080255  0.38696794773973797  0.39541342412334923  0.40455748220476745
  0.41464816647946667  0.42565678866374407  0.43578399522257855  0.44412654607370255
  0.45240438750104245  0.46206995144164359  0.47276617344718186  0.48426111916845627
  0.49537880891319691  0.50733115307132171  0.51913552394286078  0.53043978096379518
  0.54173695765483376  0.55188502567924946  0.56091695816376241  0.57056723844745738
  0.58040376861767873  0.59116811572030870  0.60149140585285810  0.61153393998779182
  0.62168113977780681  0.63156260296568345  0.64162831891122740  0.65185653346568129
  0.66209377349603349  0.67201806270043862  0.68183365989355227  0.69188536964473391
  0.70217051051588419  0.71334805304917470  0.72373473691118917  0.73477046818270153
  0.74526097280222137  0.75699105413102774  0.76887029469066859  0.77978209440836288
  0.78909017399303427  0.79947534734767500  0.81049602579019464  0.82142445973503442
  0.83023781811164099  0.83950083073099191  0.85002969649839977  0.86114555006933380
  0.87125102588061565  0.88169834198464681  0.89280054409735421  0.90456842781375757
  0.91715762377554200  0.92994919971458201  0.94257645174793536  0.95416664856625899
  0.96544479334061029  0.97655164439119102  0.98812729019146373  1.00000000000000000
 -0.00353654158477548  0.01259285933423820  0.02581022039655939  0.03732700207084604
  0.04784104659592248  0.05795270357689966  0.06764435973326648  0.07775086497762136
  0.08855335552475685  0.10039097963478566  0.11440920208104591  0.12876084256353354
  0.14126907291250607  0.15322899845467189  0.16508828631166128  0.17756118492262010
  0.18982679756202112  0.20280312772289566  0.21454550728980656  0.22410783514849736
  0.23253657162485544  0.24051652743931284  0.24910203580634366  0.25862772498260106
  0.26905235057892563  0.28087446525033893  0.29411026621148739  0.30673143814679288
  0.31787195210541386  0.32682605455827474  0.33593713685966431  0.34533069535400901
  0.35485547808717355  0.36516714473455253  0.37502139141957530  0.38548845011496108
  0.39516160855409493  0.40397511876624870  0.41190056391568175  0.42009254094703025
  0.42867314370974596  0.43863438956304418  0.44938026866228609  0.45997465583991437
  0.46986187167703231  0.48032857692133546  0.49113315341078106  0.50208507141484793
  0.51318585389200200  0.52350427164593449  0.53315789594236385  0.54259785790241788
  0.55210209685328393  0.56203047696294961  0.57212130047623422  0.58215704871020924
  0.59357612882627120  0.60549843500746303  0.61594899365510514  0.62562823761134900
  0.63516267759256761  0.64502048110755328  0.65475775405924719  0.66510344707741631
  0.67731576472410437  0.69015678043730966  0.70197912977998866  0.71368767349829310
  0.72547616675377247  0.73769634139577045  0.74911355061082874  0.75886247044283606
  0.76731098926771535  0.77531796910736417  0.78313377830580055  0.79188846930513890
  0.80154985098761689  0.81262414394441007  0.82379279288199481  0.83331026012989873
  0.84297650671344293  0.85317512761279024  0.86393663597205328  0.87530063612009990
  0.88664396227498732  0.89715750276093231  0.90694590040059264  0.91664313455291779
  0.92607489759274542  0.93542281648196568  0.94519514104837932  0.95577917522757905
  0.96714246959935934  0.97784725153180807  0.98867298199810172  1.00000000000000000
 -0.00301270354510375  0.00881481549658329  0.01929743336335504  0.02965751270538031
  0.04044832019216332  0.05124995430645654  0.06230509194358611  0.07372282236103102
  0.08635367184501992  0.09928034963266610  0.11103780880142221  0.12152720299518759
  0.13203723191694083  0.14323453262123995  0.15472357918361862  0.16633931122935586
  0.17585789796414783  0.18549468379198242  0.19411751214949080  0.20226342398863351
  0.20967772485211791  0.21754331710017852  0.22579888246272833  0.23695603318835104
  0.25035420893352039  0.26468911035387044  0.27749530811575057  0.28864968516424522
  0.29926893095464263  0.31084704310147371  0.32400079293475004  0.33642782984772229
  0.34718010415899070  0.35793298706183968  0.36807683478740089  0.37762831666695484
  0.38702721081249342  0.39652764115723221  0.40669660398991037  0.41843284311059326
  0.43158888946980228  0.44516891817108017  0.45889156043466384  0.47229086252403968
  0.48440269946895548  0.49545406420604388  0.50659292649105325  0.51818602894340426
  0.52957252853054060  0.54036151675699684  0.55149537926001291  0.56363659953191148
  0.57610587101921018  0.58848790416255259  0.60089519413032599  0.61340168629403891
  0.62562468905091662  0.63747516875943733  0.64958296142814387  0.66047088764072670
  0.67012269058713259  0.68047981673455360  0.69040354147432004  0.70025427980650246
  0.71188033234787862  0.72216772618384539  0.73051098588309826  0.73841376715331508
  0.74623836177365921  0.75511501474232112  0.76521838490137084  0.77568354820105867
  0.78655235166583715  0.79682619098147878  0.80647272627709954  0.81468003444439474
  0.82265902043268746  0.83087363626826793  0.83858372332168163  0.84545240584476455
  0.85312903115676908  0.86169722157747308  0.87073577400392843  0.87973548069617369
  0.89031480189344514  0.90071952073264483  0.91039533465146405  0.91972702355548897
  0.92887637317214267  0.93861549895762175  0.94863810347201405  0.95873293411088878
  0.97102935925231659  0.98119443915349591  0.99088441202912514  1.00000000000000000
 -0.00292271003508889  0.01109642837717424  0.02331217503516739  0.03533722521838906
  0.04780110039907186  0.06044040777674812  0.07313499504596206  0.08609612845753369
  0.09858087769269237  0.11116515156639249  0.12324800343166487  0.13405914238441632
  0.14391600856371420  0.15360181504940340  0.16331959923613407  0.17356424401623310
  0.18358730513486438  0.19511832704233356  0.20736042704516477  0.21605455606425986
  0.22493354323287412  0.23326478045016380  0.24197057259711080  0.25058581455164458
  0.25913397634535756  0.26768513989904830  0.27634671398472826  0.28483761352229342
  0.29328797259344602  0.30252135180055539  0.31237643231670059  0.32209868345245152
  0.33084455145638930  0.33887018896890164  0.34719125039549309  0.35626087188550826
  0.36722087531807313  0.37713227890171924  0.38639356886714149  0.39637192964960999
  0.40642745117584800  0.41634476771861079  0.42564439883270622  0.43525905602055770
  0.44531325761497309  0.45556375305174990  0.46527225427343155  0.47554405222825596
  0.48720618630142648  0.49898620529609733  0.51021216780695233  0.52152292225009744
  0.53188346697851008  0.54086617468631748  0.55010329319104234  0.55965576653505889
  0.57074870924109233  0.58251467769887300  0.59147774379655449  0.59953396068975384
  0.60805487214206000  0.61768910624911566  0.62777067727001268  0.63680606959749886
  0.64509208139093333  0.65379124879780226  0.66342476262261652  0.67330954914368002
  0.68406679147882432  0.69557734560269224  0.70740513382696113  0.71860022438484650
  0.72860376284548523  0.73851322350049320  0.74902494416775078  0.76092925572537351
  0.77324209527580745  0.78584952838269306  0.79812672133245754  0.81133951602638787
  0.82386570870421616  0.83666249845325180  0.84777524707443275  0.85818903668338387
  0.86839110247674600  0.87863024392842881  0.88943014012802490  0.90058956876581897
  0.91206100570984039  0.92353166009081211  0.93503168106209533  0.94670538742669752
  0.95888096183443072  0.97196099407405601  0.98545733541270686  1.00000000000000000
 -0.00251329470746181  0.00892326839043198  0.01977488149985725  0.03115056129288887
  0.04243160235114950  0.05242825381478182  0.06282349182093147  0.07391817653917208
  0.08533184899070165  0.09484260535279984  0.10399148048486101  0.11293551424610042
  0.12330664231286344  0.13242187059687635  0.14199031070719573  0.15196984339140890
  0.16255712356856672  0.17311408227000244  0.18370257836165579  0.19512515631290933
  0.20800607817759378  0.21947769351709293  0.22864490345350014  0.23686977227170730
  0.24584327005618176  0.25649260569974636  0.26692616586560036  0.27657443390752007
  0.28564219532571111  0.29508633241662890  0.30447304589331570  0.31417448020021110
  0.32388799559070908  0.33464446028745543  0.34671501806027222  0.35835547155265607
  0.36913203088140134  0.37994850253413670  0.38947997008185509  0.39957789731230087
  0.41025142447987445  0.42367330774070633  0.43766461796116590  0.44956191242312282
  0.46063060092659963  0.46942411614327417  0.47837141809790917  0.48742132698186691
  0.49613306020237030  0.50544450130387064  0.51416630414388753  0.52367644970234417
  0.53515242440123389  0.54682659364793595  0.55770215118646893  0.56807783729708161
  0.57803048959055392  0.58814220148658436  0.59776904613565085  0.60643584959292762
  0.61445549831868718  0.62294288669121445  0.63264941756110638  0.64375763542637121
  0.65543205465614462  0.66640640327191258  0.67847975948726946  0.69054171561356836
  0.70265820116897759  0.71475079827694610  0.72671017554187711  0.73880688241817094
  0.75181566615386652  0.76553997077759406  0.77842554361003113  0.79030328075999801
  0.80077349699846834  0.81121282831135688  0.82141375058771804  0.83283816755279583
  0.84243967084494276  0.85176230451564483  0.86120711702667485  0.87009144075312850
  0.87845131389806264  0.88655303749505454  0.89542104207257767  0.90667871221209961
  0.92065603708544252  0.93504822033975754  0.94877540110033143  0.96004691446398538
  0.97023410287966272  0.98000307429408517  0.98998815890580827  1.00000000000000000
 -0.00200481298779267  0.00894798306724717  0.01830781439175557  0.02767014256727091
  0.03734384679680543  0.04708294419173388  0.05755594453535614  0.06890763420212184
  0.08142291075579328  0.09327160947130211  0.10501876702338878  0.11830649992440485
  0.13111641833709739  0.14401786679771189  0.15681045644789041  0.17012935539913135
  0.18294944032345670  0.19468367748798973  0.20572090153925518  0.21722912047107479
  0.22904134280227639  0.23991160205519393  0.24955733447951273  0.25922566561721466
  0.26918516758488115  0.27923881177349025  0.28803007413457637  0.29683381483596116
  0.30613802561656933  0.31612903326899044  0.32638266885586792  0.33649356324357454
  0.34631937903612603  0.35724481473698405  0.36770629371688685  0.37815096543225568
  0.39002853290086459  0.40248087043179043  0.41513566886960979  0.42660861950917295
  0.43768786843943702  0.44867347845933786  0.45947563631078708  0.47008685681120899
  0.48097442039182869  0.49119936294178823  0.50148242972336232  0.51188798506975430
  0.52264487851870689  0.53320041469304180  0.54313974653505970  0.55277962979793416
  0.56211002957955514  0.57126274173210068  0.58027674010433195  0.59031381247466952
  0.60011895376538871  0.60955730901232541  0.61840752827821588  0.62731102398467475
  0.63868505592583102  0.64855032237605714  0.66027448957811929  0.67130017707975265
  0.68270956652808990  0.69294102734303231  0.70256863119347590  0.71254477348729750
  0.72326795434024382  0.73525490340194954  0.74793747984185488  0.75966471218634912
  0.77127268735087795  0.78222550700385796  0.79170047627306883  0.80063849098369855
  0.80963424922653859  0.81945016041224228  0.83072383144253503  0.83991747390365179
  0.84779370244092722  0.85501189398680022  0.86247722808310356  0.87010353659551920
  0.87817815309807401  0.88695666546404950  0.89591036010654124  0.90644468942676026
  0.91656952976993289  0.92647232868619733  0.93639348992449634  0.94726282597573841
  0.95914485191039311  0.97073599904291608  0.98480328975437348  1.00000000000000000
   5.7421876268142980E-015  -1.0000000000000000     
  <DiscreteSampler_grid>
  Helicity
  1 # 1 for a reference and 2 for a running grid.
  20 # Attribute 'min_bin_probing_points' of the grid.
  1 # Attribute 'grid_mode' of the grid. 1=='default',2=='initialization'
  0.0000000000000000 # Attribute 'small_contrib_threshold' of the grid.
  0.5000000000000000 # Attribute 'damping_power' of the grid.
 # binID   n_entries weight   weight_sqr   abs_weight
    1   4024   5.916599924613435E-015   1.351226813813083E-027   5.916599924613435E-015
    2   20   1.772872827476549E-018   2.210754526683674E-034   1.772872827476549E-018
    9   20   8.288616178580774E-027   2.479921238036663E-051   8.288616178580774E-027
    10   20   2.889634225000502E-030   6.212486371422215E-058   2.889634225000502E-030
    17   4943   6.791613683975383E-015   2.266279832103578E-027   6.791613683975383E-015
    18   23   8.367075921556260E-018   4.189681161759332E-033   8.367075921556260E-018
    25   20   5.985406032005116E-027   2.087141478400835E-051   5.985406032005116E-027
    26   20   6.331984720164631E-030   2.114141925332073E-057   6.331984720164631E-030
    33   5013   6.649457532862322E-015   2.335853112526791E-027   6.649457532862322E-015
    34   32   1.892304569702407E-017   4.787604941331456E-032   1.892304569702407E-017
    41   20   7.429936898240010E-027   1.952635135428119E-051   7.429936898240010E-027
    42   20   6.148847219751366E-030   1.819097741875435E-057   6.148847219751366E-030
  </DiscreteSampler_grid>
