  0.00505159712513215  0.00524054810104547  0.00540959462999775  0.00557710620739052
  0.00587518992927496  0.00620175368595661  0.00656756846504246  0.00694449342659573
  0.00732922246325338  0.00773538326232276  0.00815506291660609  0.00865938246916171
  0.00916825242335174  0.00969040045483585  0.01032126020595452  0.01095679112413528
  0.01159799844220654  0.01228543401341071  0.01299979884227713  0.01374503924709769
  0.01459508035170246  0.01548200592490246  0.01640541757271931  0.01737353145820945
  0.01842359971892913  0.01948758688365196  0.02070212185429064  0.02209816512108460
  0.02355222014578419  0.02513986044051944  0.02682712965096536  0.02861048685071946
  0.03049227083192746  0.03246650463920719  0.03457304116103477  0.03696620811097236
  0.03938543192885820  0.04162173918977543  0.04577798206281041  0.05010409588676954
  0.05494639037050129  0.06025791353797914  0.06601298576494445  0.07253479242492339
  0.07910121489846866  0.08632753353318515  0.09420828544709942  0.10239964819455519
  0.11092969137744843  0.11980061567871836  0.12875183752819622  0.13838142417391477
  0.14838054208684459  0.15920364747211699  0.17029262308647089  0.18227414433632169
  0.19511825145903189  0.20850206267322990  0.22185765562233647  0.23499354594400956
  0.24790509670608807  0.26126921606744280  0.27522053176677469  0.28939224626813681
  0.30406098772595386  0.31999845314300118  0.33679805903126669  0.35329607518541239
  0.36989093212662982  0.38646229339236005  0.40322426748469414  0.42032668455859978
  0.43764744158150737  0.45383571507884518  0.47027871091997864  0.48817219362279618
  0.50774560548030412  0.52808335891674019  0.54698765441361652  0.56479393480848439
  0.58368506766774397  0.60362677417519162  0.62344956666130991  0.64378171438885534
  0.66450574946605201  0.68519013196993495  0.70642103515388999  0.72832538652527457
  0.75092517696211225  0.77393628832090366  0.79856573333950898  0.82545123611263449
  0.85321235913471205  0.88586615946498892  0.92735051913597999  1.00000000000000000
  0.45611021042016503  0.46355193922922622  0.46885049250853922  0.46947687729001375
  0.47028010102909978  0.47149437876871092  0.47269253514230525  0.47398202184570237
  0.47529294772656411  0.47662179791000014  0.47821372173442278  0.47992978448210133
  0.48229676792879628  0.48488914055314702  0.48744327105072410  0.48998267327468192
  0.49226248911299564  0.49444545327773659  0.49686894148635458  0.49926193295319826
  0.50137745660975463  0.50327505636686987  0.50478708847385290  0.50587930839079909
  0.50788249909667738  0.51118376547090827  0.51690646903816950  0.52268418750347256
  0.52858860729835966  0.53273815511406253  0.53574667524966935  0.53854595776307657
  0.54157719316973441  0.54603883889370608  0.54871243472330022  0.55079576709940059
  0.55314056081367569  0.55574606517131420  0.55827110158502857  0.56071519431404415
  0.56307971175108928  0.56544178242699605  0.56770788410369255  0.56988460534850216
  0.57325634179522600  0.57681767946576112  0.58029401322176455  0.58374107988747292
  0.58864134442895466  0.59402740870408932  0.59873131002611490  0.60211255753804116
  0.60494370266491326  0.60751049234180898  0.61029473409464674  0.61329550019458345
  0.61629014636142854  0.61914159614825914  0.62202682794664221  0.62606778466034585
  0.63009310884363146  0.63327049335174879  0.63611287895366464  0.63863270214053491
  0.64118823236858247  0.64389904806979914  0.64696911438232163  0.65044492379037311
  0.65407076760632787  0.65763918659322262  0.66712770980666725  0.67104178002825265
  0.67487470574385544  0.67912882889040138  0.68432916495657747  0.68935855416210301
  0.69432482799848994  0.70015849533280428  0.70706514588729219  0.71437799270718083
  0.72204062472070141  0.73035860067511671  0.73914232120961232  0.74840029956290255
  0.75889955573191836  0.77153840609119984  0.78665374273453037  0.80476586581059451
  0.82353283439397373  0.84113392744209381  0.85901078874178138  0.87771509603794040
  0.89702978586738502  0.91870461527510217  0.94770723973918636  1.00000000000000000
 -0.00257477442265311  0.01043166562230521  0.01953032644765180  0.02948387620669872
  0.03946284759622267  0.04874998502049558  0.05658519777658843  0.06411536587962889
  0.07169509258885565  0.08029894616100096  0.08878918919245034  0.09752572879210049
  0.10633758356201566  0.11500830384499686  0.12337817854282909  0.13178534111915527
  0.14020278865229255  0.15036360064286966  0.16187058201232074  0.17238531937956708
  0.18233049619714523  0.19202431808655618  0.20240014693386224  0.21401389873038051
  0.22655299144006197  0.23947582754725116  0.25201099261404059  0.26309900617930643
  0.27384122250115100  0.28409416920654990  0.29438198455712300  0.30515956468781658
  0.31634661614689946  0.32783819226211747  0.33792943044077817  0.34510313831869865
  0.35199765121028787  0.35887169580269984  0.36752938479327635  0.37696421307861816
  0.38636163927164324  0.39559309229292688  0.40772184599178796  0.41925496203392520
  0.42955338522446357  0.43983987273159253  0.45050136066179997  0.46145742760694647
  0.47201073278239564  0.48199628529894106  0.49181823400957414  0.50154821078413603
  0.51177421680848345  0.52212543581348503  0.53356035865049778  0.54537207778554764
  0.55708020462312358  0.56934266612781437  0.58140319428036336  0.59316140058961375
  0.60454239736701976  0.61487532588304339  0.62490415724256221  0.63510724539094565
  0.64545123655548919  0.65577623354490366  0.66742170066367390  0.67875335980542517
  0.69263533011898970  0.70652356725961940  0.71901105105105001  0.73093262085474053
  0.74100298218417326  0.75234932104124697  0.76226905122229649  0.77222992532889290
  0.78231255068897421  0.79330016956270799  0.80646175219098537  0.82000714394409635
  0.83285469943459611  0.84379615126643726  0.85400689242580774  0.86404465031779720
  0.87466241257953437  0.88486500473666785  0.89501218484428646  0.90543595002827448
  0.91668060646368277  0.92845083176596011  0.94040691058621850  0.95252964220358083
  0.96451393368560201  0.97672787884880197  0.98850483051539917  1.00000000000000000
 -0.00218350194851710  0.00862554023548961  0.01811441886541024  0.02804853015625977
  0.03867422350172554  0.05052348679715515  0.06291518439123027  0.07434095004474614
  0.08521938046278568  0.09597208190009154  0.10718981219430807  0.11913171796813732
  0.13175887173930534  0.14521038374489265  0.15768580436393023  0.16872259987835508
  0.17892442675808432  0.18913874065535929  0.19911290494132691  0.20873866229574814
  0.21863622404111038  0.22884131760332205  0.24036761341345289  0.25162729318560612
  0.26233355673776249  0.27264801134075017  0.28278587856277848  0.29273323100045051
  0.30305028144750440  0.31405571487558404  0.32649624739787408  0.33859451483521180
  0.34921818997500997  0.35767126564352858  0.36368014443018776  0.36983599350826479
  0.37624644465750440  0.38370504789637866  0.39300359644855098  0.40196526594031445
  0.41059428554324107  0.42124291608193681  0.43270540393120061  0.44390214135735995
  0.45452753862902240  0.46531650254033236  0.47569804502355617  0.48568224498720025
  0.49596785936763871  0.50583991169066067  0.51648267167114414  0.52743122677803389
  0.53765620013852067  0.54826501934336114  0.55933822856455861  0.57115584838180489
  0.58336415869966696  0.59474211572360436  0.60548707252907619  0.61635125470580421
  0.62807928730856399  0.63964592597598369  0.65034840966650242  0.66133821891496891
  0.67277651625986212  0.68599357350374446  0.69837628261262275  0.70941772034530381
  0.71958758691926139  0.73027388586448161  0.74180546996161545  0.75412272941932590
  0.76637039743937707  0.77753816634009210  0.78855390201606912  0.79985960926604105
  0.81227581259235104  0.82513141854113448  0.83758569171908159  0.84901031070885380
  0.86027576350702561  0.87126733737966222  0.88199914628234555  0.89210285173880643
  0.90131934085570276  0.91047998392966412  0.91961618634867914  0.92805096144109456
  0.93545875854243032  0.94319869522873245  0.95072275837971920  0.95804118739357003
  0.96716809149670835  0.97585921910609530  0.98812576847952172  1.00000000000000000
 -0.00222077246378261  0.01036641171438680  0.02152309404577678  0.03314193075390991
  0.04493525203930238  0.05463194537917752  0.06419645789800710  0.07385708695516349
  0.08327933874032965  0.09256271510189081  0.10137813648623623  0.11184270507547195
  0.12350452128614697  0.13531952883976428  0.14675518083880176  0.15802473487371524
  0.16929290652637455  0.18076713987767765  0.19246604250289978  0.20405503135239170
  0.21548312729145289  0.22724609547338168  0.24050123986200211  0.25366364167721067
  0.26546285436840222  0.27708120973487727  0.28888753202313822  0.29998107670656182
  0.31016892200559831  0.32059081420276225  0.33124791757302685  0.34194377051374797
  0.35199441449729385  0.36174775320981983  0.37221809303767811  0.38383679687286698
  0.39540468432300802  0.40654308363670927  0.41715722067105110  0.42845676344705991
  0.43870887471646641  0.44749825934433668  0.45624660121501975  0.46450779160451255
  0.47395468900232818  0.48399058597052563  0.49524521122679693  0.50534707112896127
  0.51389233031623605  0.52259593282031469  0.53104178863216644  0.53930788793145412
  0.54751103690744929  0.55689219925535560  0.56571554838303040  0.57758346463276267
  0.58867535449711494  0.60095417628642767  0.61308841934260416  0.62522962959232442
  0.63663285838765504  0.64634441812361421  0.65579146876477623  0.66513896561589592
  0.67457971571361319  0.68547610552768667  0.69523364832321100  0.70466451356787363
  0.71478412471224284  0.72436367448054517  0.73306261214593604  0.74081023539411639
  0.74899807834840293  0.75812761155911157  0.76832347091850495  0.77879585894814241
  0.78912978169277803  0.80037894182232006  0.81176101529411782  0.82304347324570770
  0.83488345653371043  0.84693107662379052  0.85860977583966236  0.86965061025227630
  0.88034386280813848  0.89167433826298892  0.90336969588621718  0.91358439430788696
  0.92409521426160657  0.93399512747435764  0.94476860765303317  0.95421580928948757
  0.96468211597436693  0.97583811294167611  0.98747022009882157  1.00000000000000000
 -0.00286401678682271  0.01073214178113758  0.02277452071423518  0.03402691059511360
  0.04524123727722721  0.05623521876135022  0.06880543085937871  0.08206422902696205
  0.09396736684501177  0.10680296951528903  0.11929177880709280  0.13100991808534762
  0.14219423754332908  0.15338526090947702  0.16434748671671015  0.17393051393865971
  0.18260185664169629  0.19190978082024251  0.20195413990313368  0.21242323129468607
  0.22321577650094734  0.23451029945129120  0.24656332120566815  0.25893023128318465
  0.27113851368458358  0.28267831986804598  0.29280017352001464  0.30220370874002633
  0.31187169835821937  0.32196893977817226  0.33167935805359383  0.34012531051992101
  0.34829028894227626  0.35702592084657808  0.36675077595689382  0.37649768826388530
  0.38629038740769328  0.39635899577942629  0.40644560361716914  0.41774474932380823
  0.42979467595679521  0.44293481421299463  0.45492347460706378  0.46580488112616431
  0.47531078390366605  0.48529566177336031  0.49572277821274380  0.50603592726047586
  0.51700396052237230  0.52840323097133457  0.54042016853138874  0.55227275653422503
  0.56281028356365792  0.57245666691308061  0.58216987759716188  0.59258820925529010
  0.60396663217580038  0.61604817369243958  0.62896892207229349  0.64236065226891848
  0.65529218626880770  0.66732859228945141  0.67861810453713867  0.68957266014104490
  0.70010780838171693  0.70991939221276967  0.71853486666265498  0.72691327701493791
  0.73467345166871745  0.74255966510791938  0.75109742536836988  0.75936349002042791
  0.76724640402697630  0.77559719186969678  0.78446493680788631  0.79477142597609429
  0.80664484255845781  0.81875296544264387  0.83045164027045504  0.84249003717914583
  0.85341004414624533  0.86391859899285117  0.87388927962805163  0.88442081215926005
  0.89327039732117131  0.90146923255981937  0.90973723685229801  0.91836287149212004
  0.92798357804728127  0.93726240811366857  0.94662055801150280  0.95669487093217864
  0.96761908291317855  0.97893727959424737  0.98968031676035428  1.00000000000000000
 -0.00282393848797783  0.01283070354061800  0.02573263082381357  0.03747899302763402
  0.04865814961293978  0.06020323778759250  0.07367397794718107  0.08809713164341318
  0.10058434812811680  0.11182841514561143  0.12278165318933090  0.13421509539732768
  0.14644009111085729  0.15899767186424171  0.17155961131021036  0.18334755487966992
  0.19444695385793839  0.20544688687819579  0.21607237221107536  0.22665305961598919
  0.23597981125080003  0.24576930834913005  0.25417824117603804  0.26158768307854219
  0.27003346156864738  0.27852337319808601  0.28791743713136325  0.29621934511713882
  0.30442347079451770  0.31322433255348298  0.32602628846799186  0.33860724415908527
  0.34981216202955984  0.36054592008315411  0.37123216045583901  0.38334751447814341
  0.39664746970344611  0.40990973272984610  0.42200819858144761  0.43365578535930016
  0.44509662048983178  0.45703295111274572  0.46919759206210970  0.48125704981530659
  0.49353581265166946  0.50477619107793315  0.51478551248796167  0.52453617494166960
  0.53456284803681431  0.54507605506246559  0.55551251846047300  0.56594301843311212
  0.57665342429335975  0.58641513834184777  0.59480632222327012  0.60310966119476150
  0.61126646242993621  0.61924582382649840  0.62743560198973503  0.63618247786730509
  0.64453337966685564  0.65477570972074783  0.66388606011591533  0.67399167684398820
  0.68331973426039450  0.69248476763803890  0.70124482578868208  0.71053744986532996
  0.72065481121243502  0.73073190943626731  0.74065294441331120  0.75112671558026689
  0.76227546428650017  0.77327627853690573  0.78430324006950602  0.79583164096887971
  0.80698242561097733  0.81764697226118277  0.82919538078077748  0.84042294982125054
  0.85164929446387161  0.86251405067345110  0.87293352591715345  0.88159930933851560
  0.88931744715651573  0.89803317483165990  0.90737667386753518  0.91865273245781187
  0.92886067252105198  0.93783766276125935  0.94691885582921698  0.95647907379415975
  0.96684584491221370  0.97823408637079512  0.98898346268131843  1.00000000000000000
 -0.00318609033324570  0.01354932563150101  0.02448739904950226  0.03536053105503666
  0.04520587633056981  0.05575967792002837  0.06630935608826180  0.07615113063779937
  0.08627568705090637  0.09594938481019107  0.10569344574333941  0.11606869486963185
  0.12709408337986228  0.13947776982626539  0.15260460974021384  0.16632398996928735
  0.17836116944029792  0.18909797654011987  0.19946559485749960  0.20972896494783244
  0.22041185294975643  0.23020880281399045  0.24085208718872522  0.25123031759432879
  0.26196875821488030  0.27350817672394667  0.28541234736870941  0.29710212252416751
  0.30875229308060481  0.32072186684876708  0.33284677691894832  0.34392151071029303
  0.35410238310471759  0.36360570333823278  0.37305889159649047  0.38366929205239692
  0.39519849015169844  0.40675263175124088  0.41814829275750376  0.42814559573625643
  0.43751082201060720  0.44688851509507194  0.45706234243317362  0.46813334666114170
  0.47875773703983010  0.48942325011471133  0.49959569930702741  0.50963315225623174
  0.52027622401523843  0.53154735716342238  0.54241513968193122  0.55285724865609676
  0.56256901182579089  0.57291742454582217  0.58434404698193465  0.59630745607727831
  0.60751738898903274  0.61867698708550822  0.62941224865969392  0.64137568071023121
  0.65282711913668134  0.66333699029528492  0.67302565064453324  0.68279221851387906
  0.69304966094554699  0.70417779926640978  0.71370085570690611  0.72107063646319691
  0.72834248098995746  0.73533609510573839  0.74346400879424757  0.75257115187612356
  0.76129739497837801  0.76945568796994968  0.77751843391443320  0.78611247843567522
  0.79525936788916296  0.80599239536450706  0.81820808157662595  0.83055872950663190
  0.84308903969281435  0.85559569515729306  0.86719049994350106  0.87755303652784400
  0.88746861499970708  0.89744349120246947  0.90870528255047966  0.92007634186067022
  0.92973881643310052  0.93924134808838633  0.94853920963787453  0.95784945715000314
  0.96730119042473284  0.97722758124323306  0.98809675646378725  1.00000000000000000
   7.2445375954414919E-043  -1.0000000000000000     
  <DiscreteSampler_grid>
  Helicity
  1 # 1 for a reference and 2 for a running grid.
  20 # Attribute 'min_bin_probing_points' of the grid.
  1 # Attribute 'grid_mode' of the grid. 1=='default',2=='initialization'
  0.0000000000000000 # Attribute 'small_contrib_threshold' of the grid.
  0.5000000000000000 # Attribute 'damping_power' of the grid.
 # binID   n_entries weight   weight_sqr   abs_weight
    1   3737   7.153500643986743E-043   8.527486252258865E-084   7.153500643986743E-043
    2   31   2.267240352385129E-045   1.009570721022322E-087   2.267240352385129E-045
    9   20   7.052774156896579E-055   2.476200134296110E-107   7.052774156896579E-055
    10   20   1.691161142871798E-057   1.535061727518757E-112   1.691161142871798E-057
    17   5216   8.963330888174850E-043   5.648000321964084E-083   8.963330888174850E-043
    18   22   2.429109606305369E-045   4.140624651884718E-088   2.429109606305369E-045
    25   20   4.598883527244790E-055   1.679433559048318E-107   4.598883527244790E-055
    26   20   1.379249930398325E-057   1.254342873057629E-112   1.379249930398325E-057
    33   5027   9.092282578630078E-043   4.856668062728397E-083   9.092282578630078E-043
    34   21   2.023267200384203E-045   2.591510483464404E-088   2.023267200384203E-045
    41   20   8.562396627282854E-055   3.086773050169329E-107   8.562396627282854E-055
    42   20   1.344686537310297E-057   9.413905886796466E-113   1.344686537310297E-057
  </DiscreteSampler_grid>
