  0.00482415357028685  0.00518691544647314  0.00557436547396795  0.00599522278048949
  0.00718527017550290  0.00852220144178782  0.00984037796200136  0.01126914422159680
  0.01273518625467529  0.01423324183911843  0.01606664397869195  0.01825389495611488
  0.02110283491641354  0.02456571783895191  0.02842509009045185  0.03252502632855057
  0.03675144730356271  0.04138747097059141  0.04674908343108622  0.05268872743217692
  0.05878180755784026  0.06533940923003137  0.07241490167759133  0.07984024521172292
  0.08849915161920216  0.09798207568559615  0.10759577817136869  0.11736912407240506
  0.12771250414067589  0.13865707293204332  0.14934121058286828  0.15899457023215732
  0.16856079999702145  0.17869881991159933  0.18867225834241638  0.19810310499139247
  0.20705368280337763  0.21704408507688336  0.22752097945954228  0.24009964523390304
  0.25096497053295835  0.26246779074283949  0.27356041129300362  0.28441862212980651
  0.29471425934194362  0.30418085315272564  0.31406745963384536  0.32332055235127682
  0.33317060906846674  0.34243030874674768  0.35189423432276334  0.36122169770989121
  0.36959999900189239  0.37689393685778116  0.38534263028422511  0.39427232763157483
  0.40304014208561995  0.41187380878650404  0.42221077883226465  0.43520505484398897
  0.44808606850053490  0.46282200490970088  0.47765347746866693  0.49075390248596590
  0.50228659567431133  0.51438286631523911  0.52584442949341093  0.53613905923432570
  0.54600367948095652  0.55613300411811606  0.56759107137252918  0.58041151722078588
  0.59222615786839417  0.60279823680335987  0.61471840063605632  0.62696975476480055
  0.64017990424860061  0.65609284107294208  0.67274710025242601  0.68823371503150932
  0.70278161093848412  0.71586086633690016  0.72928251202376537  0.74545139496804991
  0.76242935385476762  0.77705497935408019  0.79011517074728321  0.80281236960438007
  0.81950157924970124  0.83967292224211498  0.86180125315870426  0.88228608966669675
  0.90351834987972768  0.92729538739559558  0.95745172550735924  1.00000000000000000
  0.00001542218937759  0.00002079304108941  0.00002445442669521  0.00002520636311075
  0.00002606728367563  0.00002686310868960  0.00002749555720256  0.00002804343264650
  0.00002853586630305  0.00002912996392465  0.00002981392676371  0.00003045835519902
  0.00003117179573385  0.00003189657374030  0.00003277146634982  0.00003381310278415
  0.00003458194066926  0.00003537770583649  0.00003633550943165  0.00003820347726824
  0.00004034169688868  0.00004244815270766  0.00004438774445010  0.00004618307834890
  0.00004783334466438  0.00004936550199436  0.00005062019017178  0.00005165843465682
  0.00005238914940903  0.00005289827596218  0.00005336344948178  0.00005383844853761
  0.00005433016135038  0.00005486279978381  0.00005542294070524  0.00005596928939887
  0.00005647918830088  0.00005687273817940  0.00005719012602666  0.00005746918945961
  0.00005773080694080  0.00005801773514236  0.00005837361410598  0.00005869519867792
  0.00005902586010290  0.00005935754615035  0.00005974647946284  0.00006017273280457
  0.00006054872279119  0.00006090885688245  0.00006127219864041  0.00006164353299455
  0.00006202516248107  0.00006242146818484  0.00006286305564018  0.00006325259413054
  0.00006366993077990  0.00006410259885794  0.00006456571785311  0.00006503102557335
  0.00006542445893331  0.00006581044464726  0.00006618483817489  0.00006651710409332
  0.00006685144243471  0.00006714427613918  0.00006735049267997  0.00006757393322941
  0.00006781318505580  0.00006803706460938  0.00006826643888818  0.00006848305370476
  0.00006869816108539  0.00006903161382349  0.00006947766390671  0.00006992811199874
  0.00007033058275138  0.00007070593316972  0.00007105794853069  0.00007138528038535
  0.00007169936426240  0.00007203827884966  0.00007238597636868  0.00007267322328773
  0.00007294215675009  0.00007323663834577  0.00007363066717127  0.00007402915670383
  0.00007448568071806  0.00007497491563617  0.00007547152630324  0.00007591197355670
  0.00007626139822394  0.00007783394527112  0.00009359707502239  1.00000000000000000
 -0.00437462617602900  0.01858470067498991  0.03917438080371311  0.05873076515902580
  0.07999508801132285  0.10051614229236977  0.12242224293962981  0.14459236078834584
  0.16203602652901963  0.17745040257714911  0.19145888763597538  0.20499898486076570
  0.21924426359058777  0.23421792002593533  0.24661951889475864  0.25855726960014669
  0.26940264469008440  0.27954024813453415  0.28929283790238136  0.30203725245608209
  0.31519825186768130  0.32822624294452091  0.33995738100521639  0.35114909585246229
  0.36159781298750532  0.37163416177466396  0.38106938409300345  0.39074062959130951
  0.39941060384188265  0.40795248517923821  0.41606945370662080  0.42626687683098935
  0.43749614217274696  0.45074024196746570  0.46073036621133429  0.47031850174915690
  0.48034359179392261  0.49140640683048536  0.50543681258627771  0.52119713018455582
  0.53610285598369001  0.55058216309161123  0.56547112313686898  0.57890310032962056
  0.59050812130882990  0.60152310486663152  0.61197570836095394  0.62228073058481648
  0.63141808304437030  0.64049198009902164  0.64911855887362213  0.65760863905141809
  0.66620386148937727  0.67434409904444004  0.68194006785188410  0.68942101992716887
  0.69757039243375052  0.70506241574573880  0.71422529377790589  0.72368953827315530
  0.73222091581638271  0.74020795448597443  0.74833117266227722  0.75686537896527162
  0.76470746647985155  0.77270685183752919  0.78121007316203550  0.79073040076971324
  0.80135531014415884  0.81093487688813626  0.81940560505002047  0.82687425064297404
  0.83370806910739204  0.84027301484300243  0.84685147462719002  0.85360915628565470
  0.86055135936829596  0.86749302388771476  0.87439802018441670  0.88172138389855159
  0.88948872990322292  0.89731840987591294  0.90584876761147004  0.91484254882794103
  0.92467689102011719  0.93353758532392428  0.94099911644046397  0.94766603717929088
  0.95414486024225464  0.96044139521279992  0.96726559217811281  0.97500367165457869
  0.98217454395227610  0.98865561682973013  0.99432330042933015  1.00000000000000000
 -0.00123872740568253  0.00838939703561543  0.01714457777633176  0.02783132776672554
  0.03976571938544672  0.05107608361065095  0.06082326406042858  0.06913486819303787
  0.07727627769891429  0.08600583824747141  0.09695912136971375  0.11012152617605410
  0.12068709103292095  0.12981821200313842  0.13906713288476041  0.14922335384679991
  0.16129638348156253  0.17214983091390801  0.18315293717883688  0.19487797885518557
  0.20523334574194627  0.21393376478431492  0.22257278175623449  0.23148665597997808
  0.24289305631747493  0.25381344083190033  0.26428061306485839  0.27285284354962724
  0.28215656545036799  0.29202000297319447  0.30282120343337493  0.31520605669212953
  0.32744480721286129  0.34035696731661336  0.35523474434655644  0.37173035675008648
  0.38914851245754301  0.40427660733463688  0.41658257380101421  0.42867277163159434
  0.44077869067887437  0.45230137879336174  0.46545013238425165  0.47669384902906708
  0.48723577582826677  0.49658728274689917  0.50432391694133083  0.51165832213988005
  0.52020785870546637  0.52901055268124053  0.53784004830618359  0.54627812376799589
  0.55376245575853189  0.56148352682026315  0.57265200591986276  0.58669464399406102
  0.59897938999537381  0.61081376679019239  0.62158998780003671  0.63236898351443682
  0.64388366870139091  0.65493918288624708  0.66712653804027788  0.67910158098536888
  0.69076388526684407  0.70145941468483863  0.71177876507229232  0.72223241855654474
  0.73492196529816090  0.74783796095331623  0.76071291783759154  0.77379521584067446
  0.78645880129053769  0.79737174540494504  0.80631818331312477  0.81412883895355326
  0.82187970276078171  0.82972189011724928  0.83762494876983407  0.84552719438190682
  0.85313084213202128  0.86113538855868654  0.86886937211287529  0.87628044836129637
  0.88332845612770605  0.89170400623359503  0.90091792681802985  0.91067635457937368
  0.92127700315017447  0.93260289893987269  0.94377169333493949  0.95517036693270208
  0.96600116192359853  0.97716755639962627  0.98837870054270904  1.00000000000000000
 -0.00319321610154957  0.01493270747999273  0.03022403399958678  0.04607404971385003
  0.06150705490002127  0.07701408111208992  0.09115984506997798  0.10434653401774305
  0.11589769144514579  0.12826681175797275  0.14314984764073610  0.15779937920482220
  0.17313185616264640  0.18677914555251671  0.19844745983297932  0.20961689782200540
  0.22315483505271205  0.23925092522962532  0.25576097723311758  0.27110401033470666
  0.28520986505713919  0.29860728272696824  0.31125956775827879  0.32332728478915695
  0.33470175192577178  0.34579035730590585  0.35762136392755245  0.37020186343224359
  0.38265406758267545  0.39701691276687862  0.41270510176140157  0.42829493278014369
  0.44193977482444802  0.45086470723554950  0.46099413191818672  0.47032841301822009
  0.47998918398462881  0.48928225131217390  0.49920886973228196  0.51081559967231072
  0.52299292917566753  0.53759265797370570  0.55153037311598119  0.56571978102033704
  0.57931580322763099  0.59071573406376465  0.60131748357665304  0.61236885463525481
  0.62414836195789969  0.63574348112945167  0.64598917018082702  0.65542147725791633
  0.66488944813573692  0.67309500649850906  0.67995027813042375  0.68639601127486827
  0.69273811040273003  0.69948647232427041  0.70654213450644188  0.71427626747882456
  0.72090310949357228  0.72711925115275977  0.73375740366372155  0.74233632558146845
  0.74996770131863011  0.75822563777902674  0.76651025247879978  0.77478004101952547
  0.78324893492176706  0.79164583013725620  0.80029451436953991  0.81003384621062435
  0.82159334625457325  0.83076534118049139  0.83882829633114930  0.84616601023880011
  0.85306010808386146  0.86145397977283156  0.87032866546891263  0.88153609402543631
  0.89370927538912570  0.90419608123508799  0.91340270646164590  0.92193369877388343
  0.92958784847853893  0.93652964863453758  0.94300719794555354  0.94891012694790600
  0.95458616823521891  0.96063768831285479  0.96625576589675422  0.97200578991167053
  0.97801373562804661  0.98486911640760888  0.99258232688588155  1.00000000000000000
 -0.00132833410876694  0.00518878157322466  0.01337121002343227  0.02139823250786720
  0.03183096768190770  0.04304237117829309  0.05364402139227938  0.06468693847365491
  0.07421741198941634  0.08340359167675543  0.09143126071278494  0.09954415602712124
  0.10866955754062381  0.11852933264529521  0.12835689902577638  0.13842107824534294
  0.14943940351796273  0.16240030897818650  0.17798986959881605  0.19290024199718098
  0.20662369051107274  0.21941314516250765  0.23180244709105552  0.24288711520950876
  0.25379646573589948  0.26535260121910681  0.27595821167241641  0.28874858858710040
  0.30239481156336506  0.31668777922026581  0.32879386887137912  0.34281452492338654
  0.35581216562781542  0.36967439695787219  0.38094843792042654  0.39084852757533312
  0.40139049394251064  0.41138150953215746  0.42086429437149492  0.43092889914776150
  0.44434611006657909  0.46023302175360042  0.47356627292327591  0.48478712389693723
  0.49528009595081363  0.50524055161977011  0.51535447111065313  0.52572700517194371
  0.53657988921883126  0.54816977813571821  0.55888910017613991  0.56979058407477778
  0.58096379962025579  0.59217742911478921  0.60264721695333767  0.61262420688009855
  0.62315060614836848  0.63391618631435098  0.64673809953021444  0.65857862640641784
  0.67167064020027345  0.68493804434754979  0.69569431946710614  0.70394160406567485
  0.71155594571962488  0.71910984639510944  0.72762976782407252  0.73633114475156713
  0.74661474453112786  0.75799687736708332  0.77167059795376092  0.78530744957563181
  0.79595747465266298  0.80401447808558701  0.81272208069579743  0.82140323105799529
  0.83006023194242773  0.83868892814146889  0.84761262652648539  0.85882820105709801
  0.87238501892138409  0.88590872670288456  0.89814911638215045  0.90706657180080097
  0.91590705898565250  0.92298759518756279  0.92997624788035560  0.93636323176604597
  0.94236803992810370  0.94847944327950717  0.95567191646312355  0.96455258021754431
  0.97357024195816000  0.98219305822506175  0.99088235966973537  1.00000000000000000
 -0.00421313195146947  0.02353179347090230  0.04162577306248456  0.05865866019087388
  0.07455671931839455  0.09043078742714383  0.10776432767680873  0.12407054132049403
  0.13827523700500344  0.15058805606171694  0.16289596578110779  0.17552334886923529
  0.19023701015410255  0.20393915785789529  0.21695170775062170  0.22956666598081388
  0.24317334203131011  0.25925423716145651  0.27685616419365211  0.29599565516651410
  0.31301665248462301  0.32766032022720198  0.33961506034010758  0.35162797729420253
  0.36514379757068227  0.37653247368271175  0.38818692377875402  0.39965426433939866
  0.41406950035025264  0.42717889514306595  0.43875394105381271  0.44859487340078924
  0.45806417492132506  0.46776489129964394  0.47653047341825150  0.48571271099799962
  0.49612428217401566  0.50935285745600423  0.52120824503596297  0.53289361752980102
  0.54431910688505125  0.55494258711883548  0.56445696761081809  0.57263321124699695
  0.57999291012465570  0.58716735571061152  0.59416360827186554  0.60071608612550043
  0.60735010463030492  0.61422605783134621  0.62168997785376534  0.62962734338800819
  0.63958586650316784  0.64956856569352739  0.65856755851499915  0.66787924675661070
  0.67738321416313763  0.68739410760079622  0.69417883555436899  0.70132011306050579
  0.70792174675657493  0.71449350700431380  0.72136585809454001  0.72946403196340770
  0.73749213766135191  0.74441877296269088  0.75224375755521888  0.76093440973668813
  0.76958137301128160  0.77822097292488335  0.78721284115879164  0.79702242102138299
  0.80733593136504422  0.81671774672789976  0.82503782861127850  0.83323774943852125
  0.84112409098181662  0.84983158523167912  0.86073866371055674  0.87270352879323321
  0.88453585130374524  0.89492675997760485  0.90384927135512461  0.91352640586136657
  0.92070436834925795  0.92711925575235798  0.93318811266835289  0.93922468772474255
  0.94595646940216371  0.95405099785940928  0.96171762010661443  0.96944317246882006
  0.97706868658183910  0.98449160443908967  0.99212017068448277  1.00000000000000000
 -0.00280536512529618  0.00848261543377903  0.01916118243616804  0.03055322866062113
  0.04336580746956947  0.05733268889099134  0.07187711567727934  0.08573589066252837
  0.09747762594776180  0.10708551010914472  0.11622396250210562  0.12557635959581717
  0.13575216083911223  0.14679158469548298  0.15589450258277956  0.16499269862631311
  0.17336006599046233  0.18137625526800077  0.18971412383076514  0.19750677088695859
  0.20420997821113332  0.21101607004655926  0.21893594449114040  0.22865948738890601
  0.24102259091916065  0.25408611529143071  0.26754488916364250  0.28097782631942159
  0.29327650610578798  0.30536081284428379  0.31682872851256649  0.32775862834686681
  0.33925133608659197  0.35126805114668380  0.36238402059643549  0.37346643421277320
  0.38315100339245245  0.39252023555961119  0.40149508678169726  0.41048505069617952
  0.42269156321514667  0.43492218779437813  0.44681460312869187  0.45842892824532522
  0.47034752190632823  0.48093065945492885  0.48905128859807695  0.49636481778017810
  0.50296404733205946  0.50936461162537006  0.51502304246484154  0.52170266138123500
  0.52888396868713350  0.53586454143593587  0.54422676719911922  0.55531730521352607
  0.56832552131801639  0.58018138583306222  0.58996253644799990  0.59916155918843639
  0.60904806475598716  0.61903001386970657  0.62766014367178147  0.63634491122058401
  0.64552975492925591  0.65739434430313370  0.67175162770118324  0.68492393620571768
  0.69795310784152842  0.70891779596303306  0.71767049065613875  0.72638134917767228
  0.73466886646202567  0.74309638089439856  0.75210491837675075  0.76116850175328832
  0.77120945762768434  0.78242951043976761  0.79298359017642128  0.80417151809018383
  0.81394829746139208  0.82354657246727514  0.83355111298306694  0.84473742841111499
  0.85772641946012484  0.87129061084009107  0.88475106290285943  0.89896921941983321
  0.91382150860972511  0.92919446159603647  0.94423609901313943  0.95777007505161049
  0.96983084431349298  0.98144153690088254  0.99035007177013290  1.00000000000000000
 -0.00733698272899241  0.07892199125484681  0.11013455934680409  0.14360944071840362
  0.17697915477514209  0.20099505203781307  0.22248786166293982  0.24224510645104064
  0.26086168858939174  0.28107001228726430  0.30207431290053149  0.32015036811079617
  0.33418452385674724  0.34814642117724359  0.36674092494466853  0.38897227167866383
  0.40696547932988897  0.42518050805537855  0.44566126266200673  0.46416895098263039
  0.48116634482112242  0.49772731975580076  0.51658791553085315  0.53633005378313070
  0.55366013602417952  0.56892656049070833  0.58261719215228513  0.59583131070852824
  0.61074080290993193  0.62640940325044336  0.63994881265807091  0.65315665291080360
  0.66718097352697736  0.68093856042701717  0.69468728316232653  0.70593585028829475
  0.71610757808713210  0.72673280306774823  0.73746300985670654  0.75004757124638444
  0.76350727900275239  0.77614718097489233  0.78850872469835165  0.80183109929520713
  0.81494322020363441  0.82798688668810283  0.84025273909841758  0.85211797575678616
  0.86383008280838691  0.87530710482989416  0.88491377927866699  0.89313954045346611
  0.90077971746453700  0.90767923372962367  0.91412075933064496  0.92001828788367468
  0.92581647041165749  0.93167422532029731  0.93685058394858667  0.94128384328312686
  0.94550664617581126  0.94961635963762647  0.95385757012439942  0.95769928402819182
  0.96076466268293648  0.96344584801401634  0.96572004981830473  0.96782334567002970
  0.96967253004778786  0.97117031188728808  0.97247278180213881  0.97371996002199590
  0.97495637896176912  0.97619809153011994  0.97753171669147887  0.97880291321749957
  0.97999848735487260  0.98108054797268329  0.98195418820053271  0.98280720078897821
  0.98363606602922260  0.98443322325697558  0.98528049778877724  0.98606682153807212
  0.98676387582919300  0.98742724095069168  0.98805277020961124  0.98860142290016995
  0.98912028596405910  0.98959795351065460  0.99005794966881067  0.99049333772964310
  0.99087733450430393  0.99108111797154985  0.99127322189986811  1.00000000000000000
 -0.02175503817499201  0.11990251542591873  0.16984137010195469  0.20396537294293957
  0.22885501319550328  0.24937070068868941  0.26434205890711765  0.27882929497784481
  0.29445997390201806  0.30860568367122182  0.32294952788543724  0.33652211101711621
  0.34899183499115061  0.36062881078018622  0.37265742101461408  0.38482964097783973
  0.39791263254582693  0.41066520101406390  0.42392945218360623  0.43674519712976101
  0.44731865145150190  0.45614730251268648  0.46483888295211301  0.47419312533896579
  0.48373260503571747  0.49226329320917395  0.50067403827458601  0.50773517083983144
  0.51473301236428981  0.52202221350928490  0.53008316648201381  0.54000736938949334
  0.55052816287245165  0.56022428489247933  0.56908931580774214  0.57616559822218238
  0.58233738625415887  0.58859875259257433  0.59534186354600793  0.60323381710029544
  0.61154154050166565  0.61939848550020671  0.62710706656215509  0.63503107979343498
  0.64360894249815714  0.65199042989415623  0.66070927702703053  0.66762907654871062
  0.67289765584490324  0.67799575334053852  0.68322829735776591  0.68814427153703173
  0.69295237720776115  0.69821472678197138  0.70359367886571078  0.70882874342002966
  0.71333473037623762  0.71821696381971978  0.72350947290047751  0.72951444966340950
  0.73559768388414704  0.74102454169137844  0.74580736631748612  0.75028771500040126
  0.75487770631359219  0.75960799826073988  0.76464965232485305  0.76982281119617801
  0.77553854802618849  0.78173116511890672  0.78804491361157503  0.79485035316773278
  0.80135757146070408  0.80747705928432034  0.81308288013224495  0.81838250771718601
  0.82352815609643137  0.82873616830196328  0.83431537078763018  0.83886907860227755
  0.84320714927815066  0.84742043452254434  0.85144335117085423  0.85654980547768866
  0.86229609697537257  0.86788228646685162  0.87325941208616265  0.87904183171443362
  0.88589683368922445  0.89297759185053882  0.90114875648647941  0.90977294332782188
  0.92079784921676089  0.93520352245234806  0.95697764290827780  1.00000000000000000
   1.6304225239166189E-012  -1.0000000000000000     
 T F F F F F F F T F F F F F F F F F F F F F F F F F F F F F F F F F F F F F F F F F F F F F F F T F F F F F F F T F F F F F F F
