  0.00301947369460956  0.01251226644439086  0.02384992437166702  0.03540293674872712
  0.04688098053584124  0.05750129565501513  0.06702611308916838  0.07597079729559127
  0.08520000498456501  0.09512589025289435  0.10551599570656103  0.11625332396194321
  0.12707424438446172  0.13775674054865614  0.14770349321648396  0.15674367020773347
  0.16522494569021293  0.17474803864272265  0.18479984791528814  0.19611161934634763
  0.20632955955848520  0.21730477030863524  0.22876763966192257  0.24068576635712199
  0.25279264896824416  0.26522853538846175  0.27778383258877681  0.28970499711879510
  0.30061536759342500  0.31072085141318023  0.32072442279595342  0.33135762215409142
  0.34312054952567839  0.35498539225221060  0.36627797893025577  0.37787390279485189
  0.38968725551119210  0.40076452425101705  0.41116973008543678  0.42144995976414135
  0.43166654856359299  0.44173068142615468  0.45154191342398509  0.46112039333183785
  0.47038269618892015  0.47973737748954798  0.48966984737906105  0.50030809828768630
  0.51122318495444763  0.52300392296941689  0.53571439989936853  0.54828297517330349
  0.56051737131848334  0.57288717012577761  0.58477873974074390  0.59613982148158229
  0.60722805895172738  0.61803220545944504  0.62825810559032091  0.63801966008552635
  0.64767760179977407  0.65710435293096525  0.66658138619632068  0.67631748814628057
  0.68726338046153901  0.70041629359180468  0.71217578079943999  0.72239281658948218
  0.73207627157656774  0.74209683000882043  0.75221454245084196  0.76217467711062481
  0.77224284895091255  0.78289888514266981  0.79399078258473943  0.80514588078877447
  0.81647013409788194  0.82773956995950804  0.83882410361106752  0.84996411036004715
  0.86138975233893234  0.87272665788999948  0.88283500746393417  0.89178180409028818
  0.90091159499806583  0.91011678273263685  0.91945149353737610  0.92834040686977015
  0.93719184039391668  0.94702880090931352  0.95808604475915582  0.97028724894302176
  0.97997174391910979  0.98756016520895595  0.99215544441378589  1.00000000000000000
  0.00138801556529584  0.02248196592207602  0.04006003763673069  0.05399978098237744
  0.06681019961682981  0.07935503381750063  0.09234007031678158  0.10489129924376962
  0.11613434745115570  0.12635837586539606  0.13481915937818795  0.14317689068114151
  0.15190996051946656  0.16134431790166753  0.17047049503293971  0.17887947797468542
  0.18727851140752272  0.19616547046866176  0.20446943851285804  0.21238016933263346
  0.21982529747320892  0.22865032610141059  0.23817560715130387  0.24780530801664316
  0.25728375327143782  0.26640695661080543  0.27597965267307578  0.28599119126554823
  0.29703099850677828  0.30871508930812602  0.32046505883832355  0.33175202351409838
  0.34221845809388363  0.35291825695119478  0.36374568213875341  0.37462626829330187
  0.38507257617015050  0.39543874382107819  0.40605200904071420  0.41680377954892500
  0.42792435134930568  0.43920523245503662  0.45039921810984401  0.46141585850284750
  0.47242466100162928  0.48310406956932267  0.49328383588381497  0.50340281404627507
  0.51331978652627464  0.52260406839620177  0.53136954679636128  0.54021125990411822
  0.54983109438307931  0.55991810269889553  0.57008520740372814  0.58010203494935875
  0.59026888651167320  0.60085124733135908  0.61182219032677854  0.62299069664777940
  0.63416723533384178  0.64471824326606919  0.65468540285734467  0.66484901570524135
  0.67554635049754796  0.68685423291189773  0.69732027792669449  0.70750707922030864
  0.71806902941105855  0.72849325120388342  0.73856707509673702  0.74924252173254724
  0.76035909872956697  0.77191015626183590  0.78283271099468377  0.79312828212254349
  0.80293206427186292  0.81299332048326067  0.82298260772613974  0.83289645776427301
  0.84248994541722966  0.85206580036802571  0.86198700815217710  0.87214191515300798
  0.88310982738306365  0.89384951677087332  0.90382818726786074  0.91395138911669949
  0.92457862602793361  0.93546711063780708  0.94630403702985932  0.95746174842805865
  0.96836904077530039  0.97843990946891501  0.98908514645318790  1.00000000000000000
 -0.00190251999035472  0.00699503585510866  0.01448686139269518  0.02257145545311062
  0.03081216575235262  0.03897390440295791  0.04676606786380705  0.05447226228419604
  0.06222038190622196  0.07029764224592196  0.07887548857227908  0.08783484240078140
  0.09776015208350886  0.10676552777523791  0.11492486437907147  0.12241528131045219
  0.13001275944084281  0.13827223164415145  0.14710347761677312  0.15561234865319054
  0.16360061501631445  0.17165443373527617  0.17971623107809764  0.18783456722639147
  0.19588375273406511  0.20415055592372214  0.21279394726637227  0.22134841815027465
  0.22982719925239806  0.23825789950066098  0.24620507911252110  0.25397024048784567
  0.26119391043191525  0.26811444812318480  0.27481040118758954  0.28156263492991151
  0.28874644812235062  0.29659440318226199  0.30438675076465355  0.31235400248976641
  0.32019199303159424  0.32820046742498521  0.33728537750349752  0.34750819014557188
  0.35785687960352852  0.36726567844532770  0.37679832508317429  0.38645285320659384
  0.39583251355834387  0.40475734031174437  0.41375535448864287  0.42366772708008760
  0.43435334035115564  0.44481626407693942  0.45557494278152738  0.46595050785277847
  0.47594341191776113  0.48542624945523216  0.49459700514214938  0.50381605366181881
  0.51359996383629491  0.52371008016304854  0.53411165714658515  0.54390776195020218
  0.55290717045527360  0.56179357905941585  0.57091702973062586  0.58021933422455241
  0.58929315668199911  0.59887455727035832  0.60980637881381228  0.62141714697626649
  0.63329801912029704  0.64500449628909107  0.65668911328730051  0.66799844340918801
  0.67972119599390157  0.69293486781542912  0.70705097570840614  0.72149181105642091
  0.73623135248979787  0.75066849918474565  0.76419315510109631  0.77671041291896692
  0.78922331008462843  0.80226251195261256  0.81565234138944176  0.82996322281089385
  0.84536831003648949  0.86052146356054149  0.87544329712012181  0.89281246404422065
  0.91475746061505503  0.93765773466376678  0.96434285056210534  1.00000000000000000
 -0.00193994240205900  0.00739499314663707  0.01682830869018677  0.02616089108358165
  0.03644638135842242  0.04706617565910480  0.05691115019081166  0.06759921835902301
  0.07837189433541622  0.08770754030161486  0.09630541961566204  0.10571979270174722
  0.11706788338607388  0.12893029847092388  0.13888529319290993  0.14863072512777703
  0.15806679596680692  0.16874045855268743  0.17925223873340249  0.19082187777006090
  0.20281226539274777  0.21476790237436139  0.22630136916745319  0.23637395685681653
  0.24630505017383514  0.25608495108356366  0.26722584507653752  0.27884088211566033
  0.29125262185621137  0.30336821582994644  0.31461550189602472  0.32395119815677059
  0.33310499835171459  0.34212267429481330  0.35086611633102838  0.35976406804916561
  0.36928360315516218  0.37959728272283449  0.39052613796094132  0.40090854570842349
  0.41078876772023976  0.42105653105443719  0.43139873742447954  0.44182121688714499
  0.45220979479120715  0.46258892151725090  0.47331935155922922  0.48294005020973912
  0.49215452647282831  0.50198598649527493  0.51273450902933770  0.52397420493167490
  0.53508617885589138  0.54749856604331171  0.56080546120782515  0.57342129506473960
  0.58472556694522304  0.59548514473095782  0.60645771073713217  0.61769395285307804
  0.62832028964374798  0.63789316027863241  0.64695628718334386  0.65579847751800624
  0.66492341817432032  0.67451520133434606  0.68458617963584867  0.69563833363285210
  0.70724592402949427  0.71825827291836797  0.72955904019973283  0.74106943729918506
  0.75222553792554769  0.76224760474463571  0.77170551429354317  0.78137504746553577
  0.79114705975467048  0.80116157635062835  0.81195767927953166  0.82301181008727498
  0.83435459978317594  0.84529198293376095  0.85587200837076161  0.86586675673493962
  0.87594974861995500  0.88680658187065342  0.89773431688741379  0.90903499606753047
  0.92028081173692866  0.93278978342749341  0.94464886227672085  0.95637919548462824
  0.96690758130506482  0.97812636783138063  0.98906584090078520  1.00000000000000000
 -0.00579331807314996  0.03272537807565605  0.06136900203806246  0.08543060792057743
  0.10655378850490484  0.12615424828315105  0.14391174725065706  0.16159548323738990
  0.17823583794399145  0.19431331910582167  0.20982592429113600  0.22470916580754521
  0.23730873493638016  0.24850392706958938  0.25926897547199784  0.26999328920738674
  0.28014660334082342  0.29014956979521594  0.30099975914251165  0.31288759118406095
  0.32530867007383851  0.33714141383035667  0.34834442356845086  0.35938929897491650
  0.37004074955665706  0.37993772094291389  0.38960590822803787  0.39939483623852179
  0.40917286578769196  0.41916558125140352  0.42948209629183959  0.44005451845051596
  0.45051647651597615  0.46024688159815708  0.46984976747502660  0.47937476378517813
  0.48944758046983100  0.50023604890900530  0.51180835288373694  0.52210153429935857
  0.53082029242117357  0.53918678754781768  0.54717976545684455  0.55536175798220677
  0.56359856997951330  0.57217168538423713  0.58003346999715755  0.58938157111547762
  0.59978727963982326  0.60990294816768464  0.62031305103694701  0.62947802311872580
  0.63803110139343056  0.64608742397614560  0.65381809857663509  0.66187291917446667
  0.67061728724993308  0.67999906175058111  0.68974953377355530  0.69923267379298237
  0.70809693828619347  0.71703875253110105  0.72613407955458464  0.73479599142512508
  0.74340147930456368  0.75226595635633919  0.76106732098103602  0.76993864324664096
  0.77863815903322775  0.78731880535921617  0.79559705607420173  0.80463794856993320
  0.81343308566683625  0.82219595830333347  0.83112396532342203  0.84007341225540544
  0.84907569758160095  0.85814328709245657  0.86698279574356207  0.87522886258590682
  0.88327955033469852  0.89129296467395835  0.89916741831205982  0.90637045080990397
  0.91330755602384817  0.92057336036754933  0.92861504511692061  0.93749883428391800
  0.94647024163811511  0.95530677615098358  0.96379074466940040  0.97122003056074502
  0.97858038549498638  0.98542863482660292  0.99278572540654131  1.00000000000000000
 -0.00204477451695235  0.00862432863399332  0.01874793195931138  0.03163425916097096
  0.04371712085957988  0.05600418582872661  0.06683803300703749  0.07759048381394226
  0.08881586677694159  0.10077054522957382  0.11245259454671659  0.12375277320884406
  0.13416269340286105  0.14487356776231106  0.15489263597459044  0.16480782055770202
  0.17457145830047960  0.18423383804910701  0.19365347971826299  0.20279103111217003
  0.21161502360733958  0.22073728452607300  0.23017199334303962  0.24016626260900259
  0.25138373292035554  0.26364956872496248  0.27613707667695947  0.28886168203655560
  0.30122635315645135  0.31328201161235070  0.32513853117145480  0.33611970032782429
  0.34651770681497468  0.35693388094022432  0.36840724492693172  0.38034562102486252
  0.39195977590973546  0.40329123750192897  0.41466699270595980  0.42643905466415649
  0.43893198803378913  0.45179275234821908  0.46386880892919696  0.47446484950702450
  0.48430315013342401  0.49397080262931004  0.50307149253548877  0.51175769642401081
  0.51941542117362416  0.52792016200763925  0.53683023859170853  0.54565028493779000
  0.55434599919388583  0.56360726184648957  0.57378564122270281  0.58528135964732497
  0.59694651066055293  0.60823081503720788  0.61966330423082561  0.63082863356363539
  0.64139801879348624  0.65094478347538542  0.65973805217557624  0.66814299505051133
  0.67657026398390507  0.68499476602652576  0.69465485490349188  0.70482287311238601
  0.71480285707752078  0.72478535203126293  0.73496550202540256  0.74568015184324254
  0.75671221237660513  0.76836110898037668  0.78004285185243827  0.79184847251655699
  0.80355237436522786  0.81560502759276543  0.82762370827962084  0.83858869370117672
  0.84831823139201157  0.85772582806647579  0.86740594285576400  0.87722944932821567
  0.88636163491808739  0.89554632679045343  0.90618953911631128  0.91765818095752805
  0.92883548133769334  0.93914529542575598  0.94873565772895807  0.95811097253224597
  0.96762331990941264  0.97769931133781895  0.98886584113551612  1.00000000000000000
 -0.00062403521987593  0.00096270445549463  0.00289513868438892  0.00512915566327896
  0.00719844989940579  0.00932539980147743  0.01153917709020839  0.01374662209308705
  0.01595205961209801  0.01822869454205278  0.02073295400175159  0.02361885321303732
  0.02673509345153356  0.02995757090355292  0.03320961342858035  0.03646117446302685
  0.03955389178659623  0.04298246060787780  0.04677311957899142  0.05074511183618579
  0.05477988000692378  0.05906603924294879  0.06375174718691712  0.06849629589181257
  0.07336206511272114  0.07828717889327770  0.08310132261182294  0.08803531768629609
  0.09304652720263759  0.09784885384712536  0.10289556345248765  0.10794623790256759
  0.11321797129359845  0.11904247240195609  0.12518628508228999  0.13155741151424996
  0.13817887836679252  0.14510854090669417  0.15232640631878661  0.15915723791414182
  0.16555715827727346  0.17191163655763755  0.17845265090655535  0.18551482734947930
  0.19300668817226702  0.20054127676324676  0.20835441036282543  0.21680229898810868
  0.22573639756304906  0.23422980425964737  0.24272355824493430  0.25116519817481875
  0.26054698069846838  0.27063574609014357  0.28110562683152129  0.29171444057711571
  0.30237086763054710  0.31316906602479105  0.32491160534687680  0.33668791157957340
  0.34872491233844610  0.36094138349542743  0.37420537219284478  0.38692892130883555
  0.39992218222961101  0.41408635965836621  0.42825652365643824  0.44192355673737799
  0.45507659358953156  0.46815279947067806  0.48195691109168676  0.49527264173499430
  0.50863486788010304  0.52245830131759452  0.53836073257343953  0.55620697559260202
  0.57496926676072924  0.59253364531130315  0.60935582151414691  0.62632417484993230
  0.64298090651819773  0.66025085857345089  0.67916376800607137  0.70053203908655060
  0.72429413455742231  0.74711956479072872  0.76867730251991018  0.79072939115519125
  0.81439514445792838  0.83820630915639283  0.86301851300592813  0.88961683193666319
  0.91711302734667854  0.94448976902876403  0.97176738708474697  1.00000000000000000
 -0.00218852166858687  0.01088020530745432  0.02210718362895371  0.03315251716030725
  0.04399781082111139  0.05387820256144846  0.06447905094842973  0.07683452844078288
  0.08982197686411300  0.10280917017348588  0.11465410774946744  0.12671552073989825
  0.13842317700038337  0.15111880286340323  0.16362599722643908  0.17607581987363241
  0.18829375464464498  0.20034060190135627  0.21132732942470697  0.22152096515631195
  0.23130351133998703  0.24099052473417212  0.25149087935703562  0.26288498423549950
  0.27482766521691021  0.28672413785189671  0.29823442000307815  0.30930819006352883
  0.31988135347747376  0.33044244056825034  0.34146611321236658  0.35219033818755130
  0.36247614491007263  0.37208137256176071  0.38096687423201442  0.38963706069447562
  0.39840010640760570  0.40775849644789458  0.41731038815325666  0.42690103070247593
  0.43639207530316682  0.44554539599497139  0.45531737784618070  0.46495935160873547
  0.47445894249494114  0.48399530232635368  0.49393699365798616  0.50483523354271398
  0.51632990236455523  0.52820424843208269  0.54012708601186077  0.55178649727123030
  0.56231884860464654  0.57136172105634253  0.58077461832143307  0.58983369306056721
  0.59900471280920975  0.60881628072471872  0.61821261468674371  0.62746192463035599
  0.63748826561312910  0.64841470261313905  0.66135520558481586  0.67442079483211226
  0.68760702218922942  0.69940601621776211  0.71047447789818663  0.72038234828105274
  0.73113290180274215  0.74216189318406545  0.75216147376880282  0.76139349998105577
  0.77019586750230895  0.77908773232438722  0.78818628057674667  0.79730643345908769
  0.80708261734968423  0.81753900800784418  0.82848162982565299  0.83947834845428837
  0.84981026219800737  0.85965674079377741  0.86951148518342203  0.87968880122973048
  0.88944137575085702  0.89847056261791769  0.90769479088390070  0.91737678074208706
  0.92835574443733515  0.93849877976153162  0.94850852069926239  0.95848833947641754
  0.96810076195973838  0.97891667485223854  0.98958019595690461  1.00000000000000000
  0.20482373220830291  0.49865614805322273  0.55546941424461527  0.59758315800751594
  0.61871905622582835  0.63132295269056105  0.64117767997886488  0.64918295656613456
  0.65577389361649208  0.66162989495267266  0.66699045847755356  0.67204361209093300
  0.67704313047461595  0.68204012167196382  0.68700379125675404  0.69188703744767921
  0.69667331533912680  0.70139753385028847  0.70583593236203979  0.70999342482335215
  0.71382792857156552  0.71755378647763635  0.72144000712618939  0.72538889310527876
  0.72924961378433284  0.73254478074670726  0.73564353036780361  0.73876704561218653
  0.74185025783202629  0.74493735610900347  0.74801324228000177  0.75104050732712901
  0.75405195591227270  0.75694418245578865  0.75967705526633456  0.76235672923443865
  0.76499938886071595  0.76766728578628030  0.77032838183687447  0.77306584812078916
  0.77587289869857656  0.77860792023211323  0.78136235485581229  0.78416373150995300
  0.78696063938619754  0.78989603063804115  0.79295106925424541  0.79613820347012976
  0.79938791032995760  0.80272083430119279  0.80605851030955999  0.80927247632220933
  0.81246588836104794  0.81581298554328374  0.81930436905302162  0.82279944303500729
  0.82622881566091733  0.82949657313433856  0.83265205220044824  0.83576745210342096
  0.83884012302491484  0.84205678250224347  0.84545711006132918  0.84875035956384881
  0.85212312249576572  0.85547668660547593  0.85882294041289886  0.86250219373615922
  0.86608388506065259  0.86950207260134338  0.87291075559486986  0.87633258078740084
  0.87985548749312603  0.88335629703584273  0.88690505548346821  0.89056306715571798
  0.89431698501748602  0.89836364992019102  0.90256420867109877  0.90669125367878389
  0.91085024827688921  0.91516318997147184  0.91940904214590957  0.92332197714481379
  0.92720833903458555  0.93118684615403902  0.93545017624965954  0.94023140842867403
  0.94559441293391044  0.95187815881111559  0.95872416013250783  0.96553269072458336
  0.97166725426602163  0.97783829282467993  0.98654228241381969  1.00000000000000000
 -0.01531799105848466  0.09548563485601723  0.13649490644801224  0.16015654929778811
  0.17913088986396491  0.19430591748536760  0.20763444520868979  0.22061143224607310
  0.23305797061857245  0.24452063306591801  0.25492686913282164  0.26472324553523130
  0.27391715131281180  0.28270363101590090  0.29149453917350149  0.29995321288147153
  0.30830828661918114  0.31641153978973868  0.32430506863477598  0.33196524138559336
  0.33957355577779968  0.34677871610006727  0.35347302293239086  0.35998522883526990
  0.36637529479895947  0.37296387275779708  0.37974569772713052  0.38627056281595190
  0.39271136176762383  0.39863874414646761  0.40434146892393225  0.41040582510013845
  0.41629617419957882  0.42193608648736969  0.42730672454031998  0.43278621538952983
  0.43812426103039409  0.44341295395990871  0.44892116055552744  0.45451160233392390
  0.46001788304553504  0.46544182098079018  0.47094774194901812  0.47656820417321188
  0.48222262216015660  0.48778711112207473  0.49322320263621705  0.49887237577583493
  0.50498845164251827  0.51139412132287565  0.51754115172152981  0.52327779549658893
  0.52867774257067446  0.53400299952204044  0.53956903780398724  0.54508593636691194
  0.55043789002556709  0.55561324372388543  0.56070548073960558  0.56579682926345376
  0.57104528754813544  0.57652940265804242  0.58236652898445762  0.58860575573773488
  0.59522982868553553  0.60204831250480173  0.60871494664500947  0.61534902308519057
  0.62219808601621285  0.62899750459992665  0.63596060676277766  0.64286012002945303
  0.64990115957456818  0.65683724315652436  0.66412153835995269  0.67116781893809285
  0.67846703435811229  0.68555195792027035  0.69405385451255697  0.70272958901657046
  0.71176506291888197  0.72036041126465000  0.72915152932645133  0.73825280382183633
  0.74756868491047002  0.75672994930481030  0.76596257981800420  0.77603868641714735
  0.78599205038793307  0.79584902979607453  0.80658300383835113  0.82033620270777274
  0.83844104979592737  0.86256132196929292  0.89909731733950604  1.00000000000000000
   2.8122419618625148E-007  -1.0000000000000000     
 T F T F F F F F F F F F F F F F F F F F F F F F F F F F F F F F F F F F F F F F F F F F F F F F T F T F F F F F T F F F F F F F
