 -0.00247335299807247  0.01050547970080914  0.02123266056640533  0.03238562612985132
  0.04306952400653231  0.05339776815153410  0.06342462793718762  0.07355883559422273
  0.08386547444083242  0.09436783362332436  0.10496939162064563  0.11577982150707945
  0.12648289169038629  0.13722724467914543  0.14791364116895236  0.15861963973954871
  0.16915908087844250  0.17964469904212174  0.19015157965195828  0.20070274230491389
  0.21124696739919285  0.22177951148704519  0.23229689377366625  0.24284261130516419
  0.25337765258459277  0.26393612236371566  0.27451745671066430  0.28508485388167187
  0.29554106409455849  0.30601994927086901  0.31656398541060043  0.32731461730467487
  0.33786745940379703  0.34833801934382569  0.35866019728329707  0.36907555137631864
  0.37965424886734983  0.39026277102303086  0.40090334704878544  0.41154935599405823
  0.42223856745133920  0.43289522345219061  0.44346606380749626  0.45403503291798430
  0.46456263093926770  0.47507720856242441  0.48559591107355932  0.49613994624179114
  0.50641534732342619  0.51660937619130443  0.52692805218288330  0.53723095768032270
  0.54757849655118318  0.55787416649843935  0.56837278001846325  0.57893127838840419
  0.58918009901630630  0.59959205755041334  0.61002759173783772  0.62063361381514559
  0.63102388724992808  0.64132441381130478  0.65167574506149695  0.66205324782646224
  0.67245474106918335  0.68281129396543361  0.69321914722097722  0.70375722986362144
  0.71437778995893730  0.72496366153877723  0.73551646362240986  0.74603669862469024
  0.75657204877516160  0.76709449277910613  0.77763171744970760  0.78816818149160817
  0.79870520514306687  0.80923453056976002  0.81973073111276185  0.83023059213105310
  0.84068881737606482  0.85116488709411053  0.86160033401873548  0.87212146439696103
  0.88257910605000423  0.89308359296441042  0.90356742351944985  0.91417760554330318
  0.92506987712841870  0.93628628499072253  0.94774557183020325  0.95889066716857640
  0.96924391855590664  0.97932650760282058  0.98939364514489836  1.00000000000000000
 -0.00272956095530607  0.01047084637280402  0.02140333826477319  0.03253603117979874
  0.04346050227782994  0.05391908245168591  0.06414947099447488  0.07425549053291176
  0.08455234982611626  0.09490254697839207  0.10529607181068332  0.11572004596579616
  0.12627740445070418  0.13686164385263877  0.14743929730122021  0.15796129234142192
  0.16844095851491347  0.17895375909766797  0.18934922144989355  0.19997501981120011
  0.21060296086760216  0.22157513328913125  0.23251186097168974  0.24342340388172418
  0.25414039912256214  0.26488313700722943  0.27563422307293878  0.28640115581443876
  0.29695071041944598  0.30753211428248062  0.31826740453398505  0.32908307706439388
  0.33965313548421683  0.35003833923876809  0.36037922819745155  0.37084608429878613
  0.38133327614363832  0.39195427582595244  0.40237820445215150  0.41281900043648040
  0.42315674846643764  0.43370696348356347  0.44419075200308333  0.45462098664310319
  0.46499202868992490  0.47549579190255303  0.48611369577101976  0.49687738422235900
  0.50770450526109212  0.51817017401073528  0.52869674426001523  0.53911587307180764
  0.54963339282072443  0.55988616781880429  0.57029886287871034  0.58081944652433903
  0.59156754576961457  0.60202544609709829  0.61253378964300209  0.62294504486690105
  0.63345924264340570  0.64404436162432610  0.65461928159113969  0.66512143509942490
  0.67532790762092421  0.68547587907801155  0.69569606179721577  0.70610436510804364
  0.71642436101238449  0.72657174573275185  0.73697247778776132  0.74738124101025716
  0.75809974678237890  0.76878909826636443  0.77958515978063125  0.79030357194159762
  0.80085186683259080  0.81142013071241637  0.82170243324192205  0.83200701908036989
  0.84256106818705367  0.85322900114371425  0.86374426477277133  0.87414383533679174
  0.88452005809648582  0.89515462269147295  0.90565357485470310  0.91633683703202307
  0.92682169187372510  0.93719504701252088  0.94759502408429708  0.95794456902958847
  0.96831378918196331  0.97875532963999212  0.98926727212275856  1.00000000000000000
   1.1862752906547889E-012  -1.0000000000000000     
  <DiscreteSampler_grid>
  Helicity
  1 # 1 for a reference and 2 for a running grid.
  20 # Attribute 'min_bin_probing_points' of the grid.
  1 # Attribute 'grid_mode' of the grid. 1=='default',2=='initialization'
  0.0000000000000000 # Attribute 'small_contrib_threshold' of the grid.
  0.5000000000000000 # Attribute 'damping_power' of the grid.
 # binID   n_entries weight   weight_sqr   abs_weight
    1   22   1.277900098355253E-015   2.953055920620249E-030   1.277900098355253E-015
    2   2332   6.690178887487903E-013   7.357292423143107E-025   6.690178887487903E-013
    3   2323   6.870338595316853E-013   7.672549768500500E-025   6.870338595316853E-013
    4   23   8.660029625240538E-016   1.668510992469620E-030   8.660029625240538E-016
    5   24   1.125619971693957E-015   1.673815759530429E-030   1.125619971693957E-015
    6   2249   6.579169927196046E-013   1.075365596603950E-024   6.579169927196046E-013
    7   2273   6.645000612349951E-013   1.065986265915715E-024   6.645000612349951E-013
    8   22   1.177902461147767E-015   1.805753858069385E-030   1.177902461147767E-015
    9   22   8.674447885796623E-016   1.712021234169892E-030   8.674447885796623E-016
    10   2381   6.970356886211050E-013   7.890276744175492E-025   6.970356886211050E-013
    11   2406   6.936315670437166E-013   7.827538531064852E-025   6.936315670437166E-013
    12   23   1.310112273988165E-015   2.947430753117383E-030   1.310112273988165E-015
  </DiscreteSampler_grid>
