 -0.00566251928677333  0.02385629962052994  0.04435890351410086  0.06125380451846573
  0.07728017794798894  0.09300570999784731  0.10884397606839670  0.12476960778013435
  0.14136522921895475  0.15795146199081350  0.17274902477647994  0.18526477763679297
  0.19570506843003885  0.20537045259227085  0.21482872910739670  0.22702574169233083
  0.23981224291974379  0.25305471510239097  0.26556989638891104  0.27740745849609932
  0.28858701404354042  0.29863750837889030  0.30900964546229825  0.31984300648136910
  0.33186340932494374  0.34595801855009667  0.35919433351954366  0.37247116402995739
  0.38338581609234446  0.39221332771563078  0.40030132864493911  0.40790007986915522
  0.41865036746431128  0.43069450774252055  0.44298791094268902  0.45503684073183870
  0.46505017314673525  0.47466650351377360  0.48378119042068546  0.49241513057634967
  0.50014566672937544  0.50808228312763226  0.51614747925603432  0.52242376585236583
  0.52768765854916166  0.53362552511821171  0.54019668830643031  0.54731570686563691
  0.55568352383982955  0.56532087830570377  0.57421938295956820  0.58284346631255202
  0.59164567601494611  0.60098506956646602  0.61141237633630940  0.62325094079109289
  0.63845367159869870  0.65472585770026659  0.66539926071501376  0.67406227659629481
  0.68208681981169472  0.69010290545269892  0.69776985488733279  0.70662158420476751
  0.71365505978109456  0.72220991078308805  0.72943110380245313  0.73613031226494186
  0.74229065129396798  0.74836914768898199  0.75478899741801153  0.76199769772467763
  0.77083193875842082  0.78050564771245845  0.79008198788271278  0.80330464431361426
  0.81701209456907176  0.82855586171103668  0.83918996737169571  0.84925219835445387
  0.85909988937792481  0.86926116575895473  0.87953206329552358  0.88976255832255435
  0.89930245920474960  0.90584409880017824  0.91161536347930416  0.91743116676321013
  0.92357208043678274  0.92996816403034777  0.94282495477638606  0.95453550735504156
  0.96524242299119212  0.97571836750831165  0.98713407176825829  1.00000000000000000
  0.00000087350744348  0.00000099569151713  0.00000109811485344  0.00000119102501661
  0.00000129369072556  0.00000141163779690  0.00000159850384183  0.00000185007930998
  0.00000221433423566  0.00000254654529217  0.00000285246402397  0.00000310968737278
  0.00000339272312489  0.00000371033451704  0.00000410690196959  0.00000448687596386
  0.00000488359119684  0.00000530521638930  0.00000575008917785  0.00000623798321021
  0.00000666394469703  0.00000706089851597  0.00000753127110492  0.00000805642527846
  0.00000865341993023  0.00000950137766953  0.00001040710348872  0.00001138984020666
  0.00001224821042846  0.00001305467159464  0.00001382579006937  0.00001476175492724
  0.00001586644242666  0.00001714080765972  0.00001888171617388  0.00002112672764831
  0.00002357602540696  0.00002642307226305  0.00002931902861355  0.00003179725530802
  0.00003394075914978  0.00003601946626913  0.00003814652320795  0.00004063230960595
  0.00004389937475739  0.00004800989574321  0.00005124993252850  0.00005458869870593
  0.00005834688169187  0.00006272033816272  0.00006709237886639  0.00007348290277088
  0.00008200518666281  0.00009169054573336  0.00010164108532075  0.00011030733142468
  0.00012048030009894  0.00013190769772686  0.00014500639662896  0.00016197434231321
  0.00018715159198275  0.00021980090967529  0.00025936200377766  0.00030578591354438
  0.00035588943697654  0.00041244499916399  0.00047484349340011  0.00053835545373151
  0.00061398216274386  0.00071291400595391  0.00080872217944559  0.00091484227617458
  0.00103665230482345  0.00118287900382958  0.00139098332168035  0.00164622568906214
  0.00188683767691186  0.00215923628009809  0.00247378100406040  0.00280762520317757
  0.00314794809870378  0.00346662572841507  0.00375124439573887  0.00408179686288494
  0.00443061576472957  0.00473140576495412  0.00506255971794990  0.00545412775834081
  0.00587099142414953  0.00638269016686084  0.00685041502100714  0.00737582393544637
  0.00813833209657934  0.00960737836318462  0.89570075964083051  1.00000000000000000
  0.00000001530743829  0.00000004422629592  0.00000011564373483  0.00000020870263381
  0.00000030624104673  0.00000045126460506  0.00000067421349739  0.00000090503769139
  0.00000118675478576  0.00000157248384227  0.00000206630235545  0.00000271754822171
  0.00000358603148816  0.00000474818969687  0.00000617073510240  0.00000790989760054
  0.00001009420940742  0.00001272299296771  0.00001618168216519  0.00002144183677010
  0.00002820663633701  0.00003717577884042  0.00004841174838265  0.00005982829057488
  0.00007564271671326  0.00009926655574836  0.00012584727413362  0.00017155379538182
  0.00023549795564515  0.00031425338382663  0.00042022322879512  0.00058798262634083
  0.00079604096674854  0.00108529221074214  0.00142986190699777  0.00187149675656184
  0.00246116356190601  0.00315862880983000  0.00384040412537152  0.00471601754080855
  0.00570903558978484  0.00639580942559778  0.00711261443923556  0.00779385655311792
  0.00947463455428949  0.01108081670403134  0.01277817758423726  0.01478181153597510
  0.01704366261131398  0.02056632020816723  0.02627623264504381  0.03639683905401959
  0.05143301625218195  0.06610587798868665  0.07898107306312216  0.09061675949076618
  0.10828437084190008  0.13699839456654958  0.15908133694305399  0.18074652033206567
  0.20928305719341167  0.23802437591240810  0.26730233460630393  0.29670631076508519
  0.32630377690727186  0.34422085367916461  0.36045226664866770  0.37788187318126654
  0.40068711442888799  0.42343672153372708  0.44625766120023341  0.47086987989280904
  0.49925077081540942  0.53335994210768856  0.57727346198353047  0.60874120150071553
  0.62626855295176065  0.64248244516607922  0.65564297370159552  0.66857877745681304
  0.68029985419992256  0.69465253827911577  0.70907933008462487  0.71747802214313261
  0.72451698744487136  0.73470324367541118  0.74805019047518051  0.76305732857146380
  0.77815944622154543  0.79109064805552498  0.80303077061732020  0.81516416992901586
  0.82711922180165653  0.83788746340078557  0.91324619075549884  1.00000000000000000
 -0.01185024149584491  0.08434484122356926  0.12919720876087729  0.17187861378947147
  0.21111464156377449  0.24822232323104762  0.28085617633746124  0.30065377087008699
  0.31842445677131836  0.33964795102151496  0.36500599356966051  0.39045277713152116
  0.41247084622658703  0.42843128866697383  0.43929455855609495  0.44835683261131781
  0.45925349954187566  0.46869225322239583  0.47700759996245806  0.48634334346781727
  0.49636896657512852  0.50795272397467495  0.52106816858502547  0.53440662710545872
  0.54605902260154027  0.55742878665399820  0.56757399577047463  0.57663218380176440
  0.58381354590109580  0.59042034379190445  0.59739560319467122  0.60481632460051260
  0.61397342080131667  0.62353163415108170  0.63324828224880580  0.64317416280992268
  0.65092703113056882  0.65726495820337338  0.66353420383645778  0.66951931097933315
  0.67500651113955512  0.68238519583289658  0.68961507031920710  0.69751783437826265
  0.70541530432275623  0.71215590856438737  0.71863057938760699  0.72593163400243843
  0.73469045713962011  0.74138727027364293  0.74778895439642912  0.75380533556240581
  0.76037181203704496  0.76786406681817665  0.77668220365409968  0.78497699864997206
  0.79268897945022410  0.80026270263034804  0.80800258281429238  0.81600576696025706
  0.82400326811338509  0.83154303854199629  0.83815616924033365  0.84364899520225600
  0.84845566980204623  0.85320320995607579  0.85786942757326623  0.86344231029249408
  0.86916917209655220  0.87469523949855954  0.88017095116590127  0.88549508986765846
  0.89066635802521488  0.89567115001986797  0.89997014504424355  0.90433485643650435
  0.90898358606639318  0.91393914818138466  0.91983533092511371  0.92572819209751045
  0.93127930103826018  0.93680984524889077  0.94216492849603539  0.94546910638103165
  0.94899925511288930  0.95202463634155987  0.95552469223638270  0.95883674053698298
  0.96238580840502530  0.96576409451555878  0.96874868091113553  0.97332864500919358
  0.97900076646539136  0.98592019943035003  0.99301834972552894  1.00000000000000000
 -0.00247113084625338  0.00467392370600149  0.01153724500529129  0.01825369882467673
  0.02525108306821234  0.03259433998569278  0.04598230381167531  0.05790110496178724
  0.06819905535098129  0.07918155440079487  0.09052870921035147  0.10219827307205251
  0.11214312931317996  0.12148060673324504  0.13004615215523110  0.13867392626184266
  0.14599265649872969  0.15360175490397265  0.16219696824331772  0.17028291515556401
  0.17993813036311040  0.19077445491166728  0.20162956416216174  0.21210222879651885
  0.22076834721379282  0.22921806618795620  0.23913963552178585  0.24944703846935146
  0.26193814757179185  0.27268304323972931  0.28222803784428541  0.29179796901834171
  0.30204904402181781  0.31230600929181285  0.32213242817870374  0.33242925631468517
  0.34231330516936725  0.35213549645556935  0.36360586796486860  0.37641447327135324
  0.38878603724154281  0.40426459932470665  0.41907545110025979  0.43346936989525692
  0.44739729410221157  0.45979831088930512  0.47044544636472774  0.48061953737620133
  0.49041448866097087  0.50018948938829055  0.50853504906976155  0.51614071138703133
  0.52436234415741667  0.53318750624148625  0.54246854171743264  0.55256521745489784
  0.56485783571084469  0.57813316984665530  0.58748691684510568  0.59507623066391668
  0.60216562486380243  0.60850563310031702  0.61431269348917183  0.62270411084379862
  0.63764101181219446  0.65262511240442400  0.66586361984358045  0.67680080878455373
  0.68701662781305739  0.69727394678004140  0.70660295666454698  0.71596764995687268
  0.72479094054938009  0.73398849133981436  0.74460549122928021  0.75530433342030501
  0.76760619577914080  0.78018963049373846  0.79082088099576875  0.80162542825741545
  0.81243142374794519  0.82463171846336480  0.83990234339745984  0.85353110751382122
  0.86565029670479654  0.87619476186222445  0.88585170785671696  0.89598071901132004
  0.90708727232919284  0.92183293669537802  0.93560349368808937  0.94911202607879352
  0.96154366245425582  0.97480399339046453  0.98695605475390713  1.00000000000000000
 -0.00382992913845463  0.01341414824409220  0.02653918353016059  0.03811328973513860
  0.04959344252753993  0.06034387000268761  0.07063254531196050  0.08061435111343042
  0.09199286636447146  0.10394183400454590  0.11423317763108677  0.12488966346278871
  0.13582099030660386  0.14889581489805367  0.16353728408725762  0.17249357296776605
  0.17874384198223531  0.18570149488130264  0.19548719381332730  0.20461406153108491
  0.21174720579098208  0.21854873080184081  0.22676127740379018  0.23702761665439312
  0.24860330439602324  0.25958033348598364  0.27024863122953480  0.28101320967260690
  0.29321890729227601  0.30401116630222946  0.31427614921599201  0.32415954517084206
  0.33545484897333805  0.34888990524047292  0.36272256597183172  0.37732006880256902
  0.39024628311132570  0.40364659667684016  0.41601493282636914  0.42819420773324329
  0.43939768647482347  0.45045530561317554  0.46132878896229423  0.47125779289105202
  0.48248740702865373  0.49426385328701233  0.50791017858945575  0.52322845271001017
  0.53788059710426506  0.55035124256246981  0.56119617921235654  0.57148084056317794
  0.58263400956625155  0.59534743566762138  0.60635059415379289  0.61590294553992231
  0.62615110334491619  0.63587088265980973  0.64487334599023372  0.65617346413726196
  0.66770748547087200  0.67922084912714242  0.69163007219549888  0.70170593295829009
  0.71046824222809957  0.71915407007534338  0.73058123746294268  0.74643125177068470
  0.75998318934531672  0.77162766886817802  0.77917693539130661  0.78730870094067784
  0.79522630747928713  0.80182223334827551  0.81050578478905977  0.81791961999649232
  0.82572572379969378  0.83482233187731847  0.84344553671125955  0.85204009493892552
  0.86158234650769561  0.87244363602462494  0.88261725501980959  0.89334156824070177
  0.90161301444070019  0.90719410035356141  0.91255255737051622  0.91819326591924422
  0.92468916274025237  0.93167452194407097  0.94014716104443286  0.95108203343669262
  0.96397448345018888  0.97817262106956182  0.98912190059382565  1.00000000000000000
  0.00019612045153572  0.00052738756953186  0.00088437687546484  0.00127253644020014
  0.00171078017430966  0.00217703868802128  0.00267020438992115  0.00318264212630352
  0.00370793685480676  0.00427288072372421  0.00488813654170487  0.00553760515819437
  0.00620768604661889  0.00687661438439041  0.00757926866698414  0.00839699506851570
  0.00931041601164959  0.01022765442697588  0.01112577311177560  0.01207774597038928
  0.01319663716423062  0.01439301106393867  0.01580756065113454  0.01736114509157880
  0.01896814900420287  0.02063270703944553  0.02253085003415070  0.02504796285444729
  0.02774075570486535  0.03051191132254898  0.03352896540857424  0.03704831038817212
  0.04075238460113487  0.04448677495451462  0.04807956316879237  0.05185830468878268
  0.05600728851352461  0.06095193934007787  0.06579305175718785  0.07104215082710434
  0.07599357368385565  0.08126312123582029  0.08579941823368954  0.09027534572501061
  0.09488350152265103  0.10012440528916898  0.10710464627241521  0.11552102962415906
  0.12446068573515032  0.13402526803781023  0.14362819790541836  0.15344930166840004
  0.16476000779908445  0.17841766484530611  0.18868450580583021  0.19781887934348102
  0.20673622392929969  0.21510506030812751  0.22690599044582752  0.24275731156654745
  0.25646918704797367  0.27051339722290185  0.28713933387414281  0.30507318528086486
  0.32229024379171467  0.33690778264809251  0.34883955807625638  0.35956706562387308
  0.36876480167941306  0.38317978241199946  0.40175233332100041  0.42440395612740395
  0.44037910717017903  0.45511181647557886  0.47261771471773617  0.49586353220916696
  0.52292927344721307  0.55139376084510971  0.58265103776360805  0.61421781636033512
  0.64262341375324128  0.66414736780023942  0.68702137987949263  0.70947037122566725
  0.73344260735315636  0.75108065471190810  0.76646265716957984  0.78335405103953515
  0.80080455080796953  0.82871538162804981  0.85758056708197572  0.89329432740071268
  0.91444314952738048  0.93165654163562550  0.98489177485636636  1.00000000000000000
 -0.00357808140110190  0.01273627735596441  0.02608597546593572  0.03796504600384695
  0.05017808306002460  0.06295432561445599  0.07531406225718405  0.08864074226339855
  0.10312632996864786  0.11895672671869942  0.13579151302360870  0.15116995291018276
  0.16667089391560463  0.18229345547300063  0.19713013428046117  0.20955026380044944
  0.21750007083281969  0.22351446201100680  0.22982928496643754  0.23647328333572765
  0.24315750669756003  0.25243785231653759  0.26373422689792364  0.27579237494577746
  0.28947418249864426  0.30426310318721000  0.31790270019684419  0.32877746746508063
  0.33897868840533979  0.34886542153638689  0.35979371030468221  0.37239110787793350
  0.38682548405975747  0.39939776393172505  0.40770566881568227  0.41655571084271115
  0.42437174101084069  0.43012092686931697  0.43579075021093688  0.44142302224457192
  0.44695624591420402  0.45261700444057051  0.46120332186457530  0.47238680735256350
  0.48273333627364717  0.49051907912616038  0.49743437211434044  0.50394567565432347
  0.50967418183663726  0.51475670023629116  0.52009467351126148  0.52604205030702700
  0.53372493215948591  0.54066878990134781  0.54813053151955315  0.55626270822552393
  0.56215307612882859  0.57079069965580087  0.57999772658636761  0.58780080708050475
  0.59605501715658393  0.60476627553917728  0.61450914721801819  0.62596656639796289
  0.63539513274375714  0.64156257914353276  0.64898828768716688  0.65684294377101637
  0.66447756613152065  0.67352756071030462  0.68481461222148310  0.69666084326428168
  0.71032233648017329  0.72465655433552101  0.73887775190067251  0.75225389511181506
  0.76434640890272476  0.77515605289875500  0.78617835251923285  0.79785119064223231
  0.80935301416981331  0.82086867090188176  0.83216570168883541  0.84409252161244552
  0.85602147804749684  0.86778849685980508  0.88097010478872673  0.89484721989811000
  0.90943785921954423  0.92346006926134472  0.93588127893969153  0.94806798543466253
  0.96068137810230303  0.97417563877551272  0.98735044792710425  1.00000000000000000
   2.0741048954126465E-010  -1.0000000000000000     
 T T T F F F T T T F F F T T T F F F T T T F F F T T T F F F F T F F F F T T T F F F T T T F F F T T F F F F F F F F F F F F F F F F F F F F F F F T T F F F T T T F F F T T T F F F T T T F F F T T T F F F T T T F F F T T T F F F T T T F F F T T T F F F T T T F F F T T T F F F T T F F F F
