  0.00289418656247242  0.01476589718231481  0.02609981812383123  0.03760538156186959
  0.04902969111251685  0.06132791224546631  0.07347884644030676  0.08467759938323810
  0.09540328148248063  0.10637365099492366  0.11762640365614868  0.12816673423622701
  0.13866388521469988  0.14897447827831040  0.15925123259056995  0.16984477167167913
  0.17976921423746950  0.18949763798345384  0.19898657921221288  0.20837022485154721
  0.21850620205588631  0.22940473258002789  0.24074121709721222  0.25257873640548134
  0.26424614446319566  0.27520783004425819  0.28546891200255747  0.29599233292660099
  0.30706740963163254  0.31793571513624935  0.32838646007400313  0.33914662261626166
  0.35030614500283797  0.36140593691089168  0.37174821477943537  0.38154066018133725
  0.39144983929151372  0.40161737975520789  0.41137822624178100  0.42149543989891330
  0.43180893485784011  0.44353610796954834  0.45618151855544958  0.46802255864053871
  0.47920905006423598  0.49077094326277687  0.50255864404040529  0.51385481583626380
  0.52505657000665962  0.53805985616935548  0.54874776331602881  0.55952134547790555
  0.56972347357716424  0.58126287722627279  0.59227341852735582  0.60227096445483697
  0.61171188570684765  0.62154987961643404  0.63239317995405053  0.64361300671438060
  0.65493416113896163  0.66707471068386270  0.67913906677820424  0.69129639211194538
  0.70214337359103807  0.71309513495134580  0.72319488388759301  0.73303313361957567
  0.74218180682416202  0.75157449585701741  0.76124932383777555  0.77145089124809918
  0.78187981199976531  0.79195542719347456  0.80154897713407669  0.81099422411182109
  0.82108441088443496  0.83197853509530517  0.84144510139051343  0.84996484189979715
  0.85899460559512952  0.86874672892481741  0.87814340788344991  0.88710291458026569
  0.89711427968702950  0.90867405146067626  0.91998813848699257  0.93074622578231603
  0.94074405142981044  0.95121499020577394  0.96164297584604552  0.97236042738180606
  0.98174615642603291  0.98855560232090445  0.99198609208975563  1.00000000000000000
  0.00161028636039870  0.02260053385701132  0.03911985520095300  0.05248145785023171
  0.06439654222856597  0.07622324384835194  0.08755928522875725  0.09869731718189262
  0.10943958910139101  0.12076191500706253  0.13173638689159689  0.14416893697643754
  0.15549411915137576  0.16657604983327670  0.17705307478473517  0.18797696449492310
  0.19824440716594591  0.20820399621762403  0.21746278743686284  0.22690762099279596
  0.23682391493051014  0.24734579838535464  0.25732799258844458  0.26747902045588973
  0.27824656135209891  0.28975969599099449  0.30141217445119800  0.31265376232872122
  0.32361925487080900  0.33370371777619162  0.34400168592613328  0.35423266981259727
  0.36505153044389871  0.37633315750224905  0.38767923428207496  0.39848251691105557
  0.40885871313757355  0.41912503769524467  0.42911503383935556  0.43862204449950248
  0.44750866854063032  0.45655208647735734  0.46678768929809744  0.47821824084996745
  0.48970938857814178  0.49977206933306068  0.50860529680538336  0.51730499058623136
  0.52620874251010963  0.53524429354957193  0.54408301626097277  0.55278617749506009
  0.56154365143588669  0.57167367647324130  0.58250196585919145  0.59266543599646526
  0.60256359922936187  0.61263733336531989  0.62207939041014404  0.63145898574904125
  0.64036066871312669  0.65031047743356507  0.66068066764386779  0.67021452520413283
  0.68044355442621896  0.69119479504382331  0.70288946776768402  0.71454488981304298
  0.72499308033071541  0.73517664070143840  0.74411896492216123  0.75421343114814476
  0.76550200789313594  0.77675226485480342  0.78619902121071539  0.79491567156795440
  0.80402673131571367  0.81369555073605082  0.82330249848434223  0.83333081883865445
  0.84316157186974716  0.85324659998753205  0.86312094108328075  0.87366029418962599
  0.88438364481046616  0.89434110202644479  0.90379890797889384  0.91325216920727192
  0.92335750572447595  0.93440515669875424  0.94504583892888494  0.95549783226966523
  0.96649284032893690  0.97788466422822884  0.98905287066702441  1.00000000000000000
 -0.00188123070311176  0.00883070222358290  0.01894526605731712  0.02966356376047496
  0.04085043697049495  0.05140131153829042  0.06165513608702831  0.07231862233164942
  0.08363463727485418  0.09516095999141762  0.10731737969099987  0.11887109620204933
  0.13098664979752628  0.14270274423916793  0.15422054902274210  0.16562363391326743
  0.17721739321727614  0.18877863412934998  0.19966495224028905  0.20994649511360222
  0.22010384004336803  0.23020722186225254  0.24037691978886347  0.25087821475249361
  0.26197698508848360  0.27322271073759624  0.28427981340284003  0.29541859577876367
  0.30508231913689232  0.31411454512547021  0.32206879228328000  0.33021343540945397
  0.33833703111070679  0.34596813437911728  0.35366830981536218  0.36169876663293771
  0.37023646246178987  0.37960981544603883  0.38971444432022873  0.40035570871071391
  0.41126026897157741  0.42172989603934152  0.43181779054996167  0.44156998462188912
  0.45119778994042214  0.46131108689262806  0.47219060943822383  0.48366759486318972
  0.49511003065332032  0.50619969228709683  0.51701290355926521  0.52719982453343006
  0.53730806917978702  0.54738173273517476  0.55682276932882191  0.56627790905093534
  0.57558158404011406  0.58568303839664493  0.59531696448741078  0.60417953150712445
  0.61326862891056733  0.62235025492188745  0.63311630284164322  0.64269145521665116
  0.65270775705054174  0.66232979790462476  0.67361823162542911  0.68540570830488556
  0.69609795916822048  0.70504675765375535  0.71373598723766896  0.72227229190607833
  0.73070949932208129  0.73923329790523773  0.74808877067622992  0.75681111898440967
  0.76657674168754875  0.77633028217608868  0.78638264888210185  0.79574562472704502
  0.80501194681311672  0.81478968473020141  0.82501703655143810  0.83561332208211392
  0.84659900569418722  0.85808721225625639  0.87012969515741878  0.88237130070464542
  0.89480104775802549  0.90716418157130496  0.91978782629054356  0.93303078842220633
  0.94763593060447315  0.96352624692362110  0.98100974242849337  1.00000000000000000
 -0.00199870416908941  0.00818412145582579  0.01818235284757463  0.02778863501252466
  0.03832703949259125  0.05031237721515897  0.06253431249341213  0.07460749193424361
  0.08549318740549082  0.09572626672588022  0.10567111912223473  0.11585006618478180
  0.12744734242613115  0.14011589331544724  0.15302938979834638  0.16428092169488204
  0.17495305077647835  0.18487400103232063  0.19578811966455703  0.20681346557524041
  0.21710734248275379  0.22703062056039769  0.23720237535469565  0.24865762236190839
  0.25908030109401992  0.26915349839097352  0.27867856218351672  0.28838932642961213
  0.29832455896068000  0.30897534651111708  0.32044570701407143  0.33187937523037075
  0.34276597893787530  0.35283539293173249  0.36265683477650290  0.37212963238041485
  0.38157936748384291  0.39146016331221306  0.40227613264072865  0.41395764144488867
  0.42497252916817246  0.43520207250741416  0.44447172129884821  0.45301633674516967
  0.46106865049702389  0.46896484189735860  0.47721026876291534  0.48611375261909895
  0.49535618361680234  0.50536442118843050  0.51663903155384783  0.52826329716544962
  0.53930510800506892  0.54920142886744916  0.55861371550755357  0.56776275335540505
  0.57764489943355024  0.58756239169553137  0.59809388329080881  0.60983273806551286
  0.62297025280468266  0.63476225194354685  0.64525114879054724  0.65542729555095469
  0.66521070785068348  0.67534336429910613  0.68580769947874509  0.69688235066941051
  0.70806883597030956  0.71802626789468482  0.72811267398054913  0.73849599582204428
  0.74939897654116838  0.76086848094095627  0.77167935539289578  0.78202415407164594
  0.79214931649193099  0.80291431051337758  0.81374363847023334  0.82467302466319581
  0.83545639410956685  0.84792429430465432  0.85943162950425256  0.87042614300506249
  0.88115353306035271  0.89138204727470494  0.90153451633422099  0.91225716581371774
  0.92320453297279292  0.93395977577732914  0.94456733607888665  0.95560208408930070
  0.96610335615689613  0.97666665110097373  0.98796888336796707  1.00000000000000000
 -0.00412264321999895  0.01850442081813397  0.03506221181899400  0.04988664010201579
  0.06258853720376893  0.07498666066406046  0.08832572646348581  0.10120038086354084
  0.11303655293473248  0.12382295339746996  0.13429196656832651  0.14467938666182845
  0.15481165759261833  0.16473905756281668  0.17478207733701426  0.18546282617839804
  0.19697780047585572  0.20964085653104339  0.22274968167610062  0.23487220728464653
  0.24569618550473402  0.25590781327292339  0.26601382982480654  0.27576633796880062
  0.28501707347684885  0.29424334768159072  0.30334584920920449  0.31252861596029163
  0.32235870384096660  0.33225693462034961  0.34244241563668715  0.35228541941551061
  0.36182084361514943  0.37133674699107949  0.38092411189188236  0.39053842106336245
  0.40033232093167426  0.40992181044916626  0.41896221030381497  0.42740399988970745
  0.43594926435963399  0.44483861787813295  0.45392869946293035  0.46248549999803712
  0.47099085770354432  0.47987176773367413  0.48917247527707131  0.49873091194968661
  0.50841370482209536  0.51823149998935925  0.52727560432425757  0.53577228439972435
  0.54449471828611373  0.55394930870148928  0.56316285214672812  0.57222686571007331
  0.58071138113977128  0.59074257058509361  0.60122107175663542  0.61168259727990526
  0.62216392795539788  0.63272497772026048  0.64314161999983388  0.65338046025208840
  0.66385245569469309  0.67417543247342393  0.68453263811076481  0.69472998860798807
  0.70421883644534478  0.71363884806749500  0.72326807894662437  0.73317710808249859
  0.74349856477174014  0.75379476949315993  0.76467239481469651  0.77545358817282395
  0.78586474320420874  0.79607649461438756  0.80635098403734140  0.81672547758969871
  0.82731321660884505  0.83805592570153642  0.84864879394530590  0.85918171388782638
  0.87002898093817105  0.88135786891902268  0.89270282928915057  0.90445790566072692
  0.91638202427967519  0.92893640532888910  0.94148845678527093  0.95392464807040322
  0.96494502831296580  0.97599568493444588  0.98753375433254553  1.00000000000000000
 -0.00262283393247174  0.00850549458398088  0.01835710669246279  0.02844195347372121
  0.03937249057073951  0.05063416662307124  0.06234404432996404  0.07409971271168554
  0.08576605253900110  0.09710597468965722  0.10807696988496708  0.11906197218412490
  0.13034338061015330  0.14138350235577191  0.15245647839177631  0.16436901785726984
  0.17673486785696224  0.18951196385646660  0.20180961180851906  0.21413992037710963
  0.22603161543645467  0.23636350143250887  0.24600078184496441  0.25515329647542989
  0.26439006822725269  0.27353019987726773  0.28233806329305267  0.29173272252284815
  0.30158369738082308  0.31065379274366650  0.31938953303767154  0.32833647576825253
  0.33844940732380457  0.34979458403913005  0.36075316690657461  0.37151151389087955
  0.38259661211034468  0.39395543925879767  0.40490309163487043  0.41562219495249109
  0.42645762635325857  0.43669306815778086  0.44715948154451024  0.45781060273637408
  0.46905595263910743  0.48053924309466423  0.49137568060603365  0.50208635714134675
  0.51320893884123986  0.52498142796975233  0.53756948724935416  0.55076186530587556
  0.56340159052085714  0.57506463090358428  0.58603513679482222  0.59704969707264177
  0.60703280564956852  0.61640777972907757  0.62605415445573265  0.63585174765714614
  0.64545443013224135  0.65479694629349550  0.66457255481314281  0.67433055876080672
  0.68439052699177683  0.69393181025203654  0.70307506444168000  0.71221206712390339
  0.72203796344033200  0.73234641610049100  0.74286501884905576  0.75300415924032438
  0.76261354843199747  0.77140127387796364  0.77939197585818853  0.78771074452624634
  0.79675702171824681  0.80651621801020157  0.81642774300326848  0.82568869585062676
  0.83604178090462211  0.84776533885464789  0.85934602860609988  0.87052752631266872
  0.88143362455365082  0.89226072538455503  0.90294709087957981  0.91329458027513155
  0.92407161067454879  0.93558591070779418  0.94743842965294489  0.95919569885429379
  0.97040782442306961  0.98085933561165717  0.99057881745924892  1.00000000000000000
 -0.00621029635643514  0.03587922236588164  0.07190001091395645  0.10707241296883595
  0.13897984752126374  0.16845618981826072  0.19611267371834537  0.22239790744634871
  0.24699300521885767  0.26923330304765564  0.29027550838505201  0.30975865927831603
  0.32943899295161255  0.34952659328320701  0.36950072901687075  0.38916450534048730
  0.40736044502442054  0.42377994048575629  0.43949493087291819  0.45534645995931861
  0.47124436431476951  0.48747098237518199  0.50366372232198087  0.52041605777649780
  0.53666481271686350  0.55158749215295833  0.56531215506506360  0.57836904841867443
  0.59147944930351137  0.60467064910059287  0.61794959549667161  0.63073543165993584
  0.64269360843278089  0.65391790772559710  0.66457228816761627  0.67457246613418376
  0.68427696002436600  0.69380796637626196  0.70255986156184180  0.71064204271522968
  0.71847288552797106  0.72653443165992115  0.73517114142388540  0.74434483954963127
  0.75282417467755447  0.76021279013495557  0.76770813985964226  0.77537512465302849
  0.78351230395517235  0.79159222786838679  0.79902232436720366  0.80578704978663829
  0.81246342831441931  0.81955920004171834  0.82673874546637771  0.83362357895428996
  0.84042320419761807  0.84693447307110170  0.85360478498386494  0.85937005349793860
  0.86477493963194163  0.87019304007095744  0.87542466088155413  0.88073162373303360
  0.88645293053464480  0.89232090139257181  0.89804694947772679  0.90350156479412158
  0.90874807313727612  0.91401971638955204  0.91930298638798502  0.92408281179506957
  0.92909869027022163  0.93350239731883733  0.93769106379222344  0.94129598931463121
  0.94468425738428241  0.94829614066030132  0.95182827646679791  0.95555603768952613
  0.95928480419644557  0.96300046600353417  0.96657376180265620  0.96991490481412734
  0.97307649400139395  0.97583789831332424  0.97865256761289476  0.98136172551299883
  0.98408733619495203  0.98678773916452212  0.98935032412759694  0.99170849533463856
  0.99392100725492105  0.99597058202613531  0.99796675182767725  1.00000000000000000
 -0.00218574471719294  0.00691477557653613  0.01575136250091195  0.02525049509564178
  0.03548330740435019  0.04625786809204099  0.05752462794693702  0.06929991701086179
  0.08121180951995258  0.09223637846484253  0.10263163895673896  0.11303129248780264
  0.12379448086190496  0.13468873660546793  0.14598458199384401  0.15813666076123820
  0.17002663411524480  0.18075261599701156  0.19129618446936220  0.20293690845550022
  0.21536707358250801  0.22803056827729520  0.23994161221759927  0.25121558416679002
  0.26101057828523749  0.27145043611374980  0.28030071186880889  0.29044943181171495
  0.30097608071132753  0.31165600660441739  0.32264764526483247  0.33377482117591839
  0.34491692798392759  0.35611414835320232  0.36724829526019509  0.37831408067277567
  0.38886943165802418  0.39901124609726424  0.40919627718200474  0.41924351073088323
  0.42964103125350067  0.44055030301611414  0.45128434922441141  0.46187997036020823
  0.47156501777380561  0.48073666336540544  0.49008865150172881  0.50037381143854853
  0.51133339051839233  0.52164530229676354  0.53226612190762257  0.54444873065355859
  0.55860503613164469  0.57226184411196757  0.58465391485951468  0.59655547147246402
  0.60765149171007160  0.61840866136612982  0.62909829401466422  0.63987552877085818
  0.65087021317773908  0.66164491501140610  0.67207496738430172  0.68211830407338547
  0.69260134330044687  0.70344274680250296  0.71428158408796238  0.72480583958231293
  0.73506683467189948  0.74476861348870294  0.75445082892568793  0.76409996249250589
  0.77435598001078443  0.78555166852652303  0.79685989448348971  0.80793974222876297
  0.81832293012094437  0.82775562388093615  0.83774944756209602  0.84811845224748794
  0.85793891579152448  0.86702847824719875  0.87609009135471905  0.88615434770984758
  0.89645028424976692  0.90614310376662310  0.91558772358559493  0.92583957335193134
  0.93509530234976446  0.94312231114897871  0.95133428147145360  0.96048608777246047
  0.97081827753726513  0.98083739439707374  0.99059230834021461  1.00000000000000000
  0.30494812485213935  0.54642316949291170  0.60289954867123297  0.62744589376669391
  0.64137498514757307  0.65205527984481371  0.66060435319760957  0.66824707571625619
  0.67492883648157753  0.68130564307982644  0.68765313092047531  0.69352173523706928
  0.69915810420460900  0.70441848557362097  0.70946234168779154  0.71419372002381454
  0.71875137645849663  0.72336411788852639  0.72784065327938552  0.73235250692304277
  0.73661111175262262  0.74063643964584613  0.74443296601790199  0.74816097416002314
  0.75181276709985601  0.75559064845149593  0.75964645580281631  0.76383829122473046
  0.76804175039058031  0.77180444143386506  0.77523021474457410  0.77857422066025783
  0.78180778469957746  0.78495359612322979  0.78799688386198419  0.79097801064975815
  0.79400801870465421  0.79711761485013988  0.80029426441269580  0.80344414344639092
  0.80645841014397590  0.80936306589257867  0.81219818033570457  0.81500411719216637
  0.81791439323971038  0.82079263575927586  0.82381044947777682  0.82679842094335276
  0.82979875155704286  0.83277702112788876  0.83568629768437730  0.83859001493047858
  0.84143803516559701  0.84418865232308071  0.84693261743426174  0.84969505754958130
  0.85240822851489484  0.85527944952870749  0.85834399604590395  0.86139392252401648
  0.86432543358099434  0.86726015955970515  0.87003838651591880  0.87277131612436620
  0.87560189449279058  0.87834476872471112  0.88117021514348337  0.88395342785018061
  0.88667374370845342  0.88962120001337786  0.89269794195927332  0.89586715643141956
  0.89903780684020118  0.90223240096553581  0.90520872705669886  0.90823297169388706
  0.91150949762082145  0.91491967927636675  0.91889144989538762  0.92329826771946377
  0.92752601156315606  0.93090224465774218  0.93414107174232808  0.93739895247673799
  0.94058277646245547  0.94422292783721362  0.94762203417902469  0.95131007646586863
  0.95541724845131948  0.96018130160095838  0.96530667872260800  0.96993120277433920
  0.97483206591256777  0.98091977652013485  0.98944000959114697  1.00000000000000000
 -0.01631837698684521  0.10087481188862961  0.14009149826412498  0.16282911060276273
  0.18058460466130991  0.19553118323080942  0.20941233795515665  0.22223993156404739
  0.23357258306578343  0.24336300174116363  0.25264642280261795  0.26160318349507233
  0.27032161476275074  0.27868728867235398  0.28666847268476159  0.29447377307578415
  0.30239710919499407  0.31009053855263691  0.31748123270026013  0.32440173223219493
  0.33118876305735684  0.33781302514755041  0.34417524790716481  0.35068857592812636
  0.35687922605342154  0.36330184859207831  0.36971270179010512  0.37586665622593168
  0.38219242535053660  0.38835165686839779  0.39490143443018977  0.40090603691510623
  0.40681343317371205  0.41271399292442740  0.41864969221762932  0.42464419959781263
  0.43050869576407691  0.43610508511693935  0.44117411029722486  0.44572839929931374
  0.45036277316552514  0.45508199915018088  0.46040338328496810  0.46635243366139456
  0.47249233385748612  0.47870258261266802  0.48479584921652535  0.49097649660340065
  0.49686389552926269  0.50262098119926113  0.50834819207062465  0.51382226638365958
  0.51934606834736141  0.52513250670100931  0.53115117256170497  0.53729217334278967
  0.54337830944904342  0.54930272903196775  0.55502446824879292  0.56073069573871648
  0.56647622790791474  0.57249431861757505  0.57883235240334174  0.58524428652702354
  0.59130507579762548  0.59722495047011637  0.60337812007224090  0.60976084049108326
  0.61608974584437892  0.62209077435731164  0.62798711085158065  0.63438966441111277
  0.64120317229895973  0.64955208489663463  0.65829207890604047  0.66696766549355002
  0.67541927742662466  0.68424826189374521  0.69242328697571132  0.70069920664325558
  0.70900559254661799  0.71682465013238994  0.72468454284147787  0.73289351808067460
  0.74132854847498797  0.74998741103918332  0.75915063834289676  0.76957314659703668
  0.78075760896714652  0.79354790397265196  0.80623434793930671  0.82000915922014062
  0.83724192950090381  0.86152858972725999  0.89903052504064251  1.00000000000000000
   2.0980044953441624E-008  -1.0000000000000000     
 T F T F F F F F F F F F F F F F F F F F F F F F F F F F F F F F F F F F F F F F F F F F F F F F T F T F F F F F T F F F F F F F
