  0.00027929118179643  0.00036604573069012  0.00042169607797600  0.00047103606736569
  0.00051678660503990  0.00056071794962251  0.00060504587611642  0.00065241799924654
  0.00070007936315906  0.00074885315295386  0.00079995397529146  0.00085410889934486
  0.00092045041722294  0.00101651511687198  0.00113122257812766  0.00125008975788006
  0.00136686026431172  0.00149040851632319  0.00164261200679493  0.00181191405642732
  0.00200406033604244  0.00216880113466374  0.00230597943754822  0.00246684049790499
  0.00260764390736201  0.00275316101289607  0.00297239521207691  0.00329355871613059
  0.00363669601785852  0.00399200995033135  0.00439973209193975  0.00488506318500460
  0.00537031923334340  0.00583183104067730  0.00634045506788742  0.00683476655024278
  0.00734229998871603  0.00793721869339115  0.00844423684449540  0.00886232381832922
  0.00936166627462994  0.00993248079912477  0.01063109563049970  0.01139689912018517
  0.01212805082247496  0.01282862110173095  0.01352958682746615  0.01425208470240713
  0.01500469918683725  0.01588575724032479  0.01692832303061149  0.01819762719342619
  0.01964353566928524  0.02123428848181056  0.02305103323125858  0.02480317056026060
  0.02616083469734082  0.02764280788301047  0.02897573322878224  0.03037151513660961
  0.03140679761046534  0.03248306713233017  0.03350414963918975  0.03551386374877305
  0.03760015056957091  0.04032468848656809  0.04342467941400405  0.04684707462535093
  0.04997331978861191  0.05279909252369605  0.05535820713661262  0.05895403295586173
  0.06411559621833644  0.07069743100723387  0.07818746218702388  0.08459026213776731
  0.08911423237190889  0.09316352224998559  0.09753150232928388  0.10263058462899294
  0.10841534180951329  0.11558495085955185  0.12903318700180086  0.14467443505315394
  0.15783016365270000  0.17222745767842568  0.18705393429232031  0.20427997982637247
  0.22279355282248506  0.24693849291767553  0.27966330944417817  0.31218801179025168
  0.34903515824044645  0.39377637576850893  0.44894914465791558  1.00000000000000000
  0.02268237047908315  0.04092764495076494  0.05186606930836145  0.06381086927584383
  0.07456879972271775  0.08454683819549026  0.09525968816853218  0.10443737539866535
  0.11351725088582956  0.12284169564864270  0.13371607223386686  0.14424936799526136
  0.15443207217253252  0.16497285263921965  0.17543492703976835  0.18915874376525943
  0.20208135889457748  0.21308013457201094  0.22401478411668554  0.23517837347813034
  0.24694619944019144  0.25915805096884320  0.27058023548885302  0.28109491112936635
  0.29081633438541649  0.30075521816787215  0.31369590495657285  0.32837354556893839
  0.33848184923701458  0.34551317630362177  0.35242843060132190  0.35949005652866362
  0.36787906414277538  0.37605785701104477  0.38087550165524919  0.38567099292555784
  0.39040203825121411  0.39880216244125999  0.41085913318884804  0.42289302712770710
  0.43455204657336988  0.44403590839019719  0.45100520889719686  0.45767429207535104
  0.46430257811089526  0.47221676135090990  0.48083578389687121  0.48960075556790572
  0.49601215868642168  0.50205122112494871  0.51079609041506657  0.51989225749657952
  0.52856610218484790  0.53727923564842150  0.54661826026681293  0.55545147942345097
  0.56401581698117886  0.57415178891348140  0.58516670771508017  0.59688498756896680
  0.60896544471219938  0.61801127700682457  0.62737815500765370  0.63610449826613380
  0.64508403088677602  0.65368486783664892  0.66627218995777793  0.67541563166093721
  0.68338743044258143  0.69080480983940362  0.69808732242974014  0.70586157214686485
  0.71597604818167437  0.72707702012213560  0.73818517178467058  0.74956382908932173
  0.76212050867177616  0.77633755884704247  0.79017109149878362  0.80089110773397021
  0.81018109328001320  0.81848199805783561  0.82696342707793791  0.83592124838644088
  0.84429023277147863  0.85276549888273956  0.86143457106566679  0.87516748901884256
  0.89244806325151238  0.90988327470759989  0.92529212724521115  0.93840498805182648
  0.95173461706902640  0.96327369501289106  0.97223863047537817  1.00000000000000000
 -0.00007176820779371 -0.00002715600008113  0.00001745620763146  0.00010838003905089
  0.00027108338218965  0.00044245106587135  0.00068416938169998  0.00095084754513176
  0.00125786923802265  0.00163091784129675  0.00202828437345526  0.00243311520624087
  0.00284984962522851  0.00326437855966721  0.00368669666734170  0.00411301785507873
  0.00458049542592169  0.00512934442478280  0.00570653009667877  0.00629207111556231
  0.00688999065251244  0.00756946207221686  0.00835520452532582  0.00911213419363294
  0.01010998329254976  0.01143252363524453  0.01294017257255360  0.01454514589518896
  0.01643110542335517  0.01879481023843161  0.02137904955355927  0.02370857370647962
  0.02579863444637898  0.02773481435727976  0.03023267697339962  0.03348790541789790
  0.03726487520212645  0.04201205110058558  0.04904193209224816  0.05876404514233555
  0.07006068009493240  0.08137861927164299  0.09240781485650276  0.10325997357520909
  0.11958427471457185  0.13940901661843094  0.15824088043630344  0.17961236817844400
  0.20047916531252802  0.22450062584079136  0.25753616185591394  0.28520846458148807
  0.31661433237930325  0.35844126792530107  0.40519424316212371  0.44383184978571633
  0.47430989117837580  0.50966671748011039  0.55800673095494524  0.61033041929779508
  0.65813696352391737  0.70484901228622054  0.74825667607850410  0.78142788226928872
  0.81274097858350680  0.84067199898864575  0.86768232979593352  0.89057499061278644
  0.90806912865104616  0.92279116016147267  0.93436709686297137  0.94571833626643342
  0.95520573079734716  0.96222504504838136  0.96779915404826389  0.97252645912537716
  0.97593641068238479  0.97849456544355473  0.98061008145486561  0.98265767409769011
  0.98455059751919372  0.98635082062536417  0.98805452363553259  0.98970205142755419
  0.99124823244501925  0.99256834892704127  0.99360811946296368  0.99445701065019332
  0.99527478008616843  0.99606983360604728  0.99683510576613332  0.99752823411260760
  0.99818174722944153  0.99881323007549760  0.99940904034835676  1.00000000000000000
 -0.00318337223244055  0.01304848222851333  0.02560272262181743  0.03726169739115936
  0.04973479735740130  0.06265510878427627  0.07399408010145773  0.08467955402966536
  0.09553379823090646  0.10674091288049477  0.11885868487833866  0.13318398475743604
  0.14625717155686174  0.15761292597680029  0.16860963968166076  0.18081929435129560
  0.19572919288600460  0.20899559998936301  0.21805856704116186  0.22560600736013728
  0.23292294718944839  0.24057513779957876  0.25178609984254496  0.26164155416377877
  0.27053292270972396  0.27966917285763837  0.28990707367688168  0.30321118559048893
  0.31424722350091988  0.32123053080695280  0.33019673776579994  0.33843004324306553
  0.34649886438445193  0.35274943773549866  0.35741426029989454  0.36229959767892345
  0.36882864894357814  0.38140545770921414  0.39782137155609509  0.41463549994940224
  0.43090060179805528  0.44690753612238232  0.46117535779357038  0.47169252053154509
  0.47970917151689069  0.48782651477589456  0.49617518642623232  0.50641755327716320
  0.51651542061795730  0.52923462532754628  0.54266033864548346  0.55563094442251337
  0.56803739251377050  0.57908421545257527  0.58913455630267930  0.59707298875740322
  0.60310975363627872  0.60704793067702545  0.61036980280307884  0.61621250281742002
  0.62471396236072008  0.63355945528136914  0.64255191453925808  0.65122056710599452
  0.65888819974421109  0.66642279945664651  0.68073615134662380  0.69572629066451785
  0.71032660272728121  0.72486482423692766  0.73915682783010306  0.75522610195419615
  0.77063940314415535  0.78417032418896504  0.79656220852117732  0.80814973200177809
  0.81753424202132308  0.82493897940385752  0.83076389425615416  0.83666037426164019
  0.84227148087151271  0.84771170265550555  0.85381630001405873  0.86197565370246132
  0.87323232059835088  0.88600132939974063  0.89437402636360797  0.90275303601693324
  0.91058364142848303  0.91917194441495520  0.92974202121600347  0.94186111371346215
  0.95536102536240541  0.96967535970510399  0.98397462031291427  1.00000000000000000
 -0.02796954499703966  0.13872973024173263  0.18982039544619722  0.20847543441198235
  0.22308109856046326  0.23992626785545951  0.26235105271780729  0.28496253322841536
  0.30508415562686531  0.32331427885316688  0.33931432216280838  0.35364866472686118
  0.36599551411340198  0.37939466756088963  0.39696426533416168  0.41242374705395063
  0.42452496247968785  0.43685934337253268  0.44690904243235174  0.45721123928757185
  0.46751213603676783  0.47857796807523190  0.49038499364826504  0.50232716341771522
  0.51473279434223818  0.52673513713941444  0.53795740342735965  0.54889275715912722
  0.55926376892094609  0.56765352854373974  0.57455169430088260  0.58119038241834287
  0.58750071055452469  0.59355688937807949  0.60004832638994698  0.60704361078115066
  0.61371654550698618  0.61947194126759497  0.62541791064713048  0.63528972770976455
  0.64435507184294882  0.65347167717487520  0.66165329951304219  0.66840309543752352
  0.67569444020424685  0.68328640531690654  0.69057212575080607  0.69730902056454080
  0.70410937122403527  0.70948756007184177  0.71405250643146234  0.71851171659956403
  0.72362710412529552  0.72797413933499966  0.73130128047826992  0.73538450532317312
  0.74020613396988288  0.74407225024292356  0.74783933547960479  0.75260907796888743
  0.75798539088274330  0.76338590931781170  0.76921462493883752  0.77555490301357999
  0.78098741681309736  0.78590096689776190  0.79099433360181404  0.79639170070446719
  0.80218919025337332  0.80891935993142228  0.81694237172772688  0.82526824573472202
  0.83271281043895140  0.83939205933332328  0.84557934552341674  0.85155919598386731
  0.85740995498717643  0.86343143124668220  0.87025338430523935  0.87683451650166433
  0.88308768455765163  0.88910059553563092  0.89484122368083741  0.90078987028932889
  0.90657856478171184  0.91248531769291896  0.91947809393729163  0.92722610196401256
  0.93493747889712409  0.94081840173035247  0.94757055372798826  0.95386619177845133
  0.96037972400418037  0.96766402697650944  0.97829031896486374  1.00000000000000000
 -0.00214462261081042  0.00666684504968311  0.01748527195873283  0.02769395991382086
  0.03597737688702304  0.04367527019469265  0.05070342705447109  0.05904922647520024
  0.07008574504848888  0.08252276843911213  0.09507064730157444  0.10685636851323745
  0.11620161133754253  0.12506580788116786  0.13455651306574279  0.14632426223520234
  0.16376780014470163  0.17864209176451198  0.19099448219051865  0.20144915393736948
  0.21030404221992252  0.21962209490366591  0.22915864731292621  0.23943763963349501
  0.24964241098566189  0.25967948115092637  0.27033547653696643  0.28078987036900138
  0.28979849958702164  0.29669156314039402  0.30458718759415493  0.31303635248974054
  0.32229856870958612  0.33251738965440220  0.34299295783356354  0.35333070433754704
  0.36234919469859744  0.37106081588114082  0.38132795416327281  0.39139840447007557
  0.39990279924164979  0.40642940172133929  0.41274908009264905  0.42294026810447483
  0.43829910729406324  0.45381709611540932  0.46767187417876011  0.48013416218217864
  0.49219949508341565  0.50529306685076303  0.51851174074519957  0.53315769052653394
  0.54747956647645113  0.56127383777493134  0.57440815650472810  0.58699171299639341
  0.59912612549701871  0.61386027477690752  0.63095294700276006  0.64633127294328285
  0.65401438082542740  0.66084223584998503  0.66754557983201268  0.67457807348159127
  0.68174507852219712  0.68946864370790051  0.69781898830575495  0.70449754894948136
  0.71238807580989438  0.72348982800638972  0.73491043025424940  0.74448505170344648
  0.75454815478333725  0.76341924977245113  0.77329060821377071  0.78338997718681536
  0.79354682755355344  0.80148163107663040  0.80929793968193420  0.81715953734884439
  0.82560062874882267  0.83511806710266878  0.84582936363258021  0.85747141608237387
  0.86925177372692786  0.87968734408197347  0.89170449892196546  0.90686869655676217
  0.91938388284479400  0.93048153037499548  0.94158162108807764  0.95300564552072453
  0.96280634843153778  0.97351075961020406  0.98707001365922498  1.00000000000000000
 -0.00229662788602836  0.45038173421242134  0.98481203654739835  0.99031581253022205
  0.99155207808135915  0.99237177765925888  0.99292870237546649  0.99337027392253829
  0.99375660824070644  0.99413310175393477  0.99447116496460597  0.99475564344841383
  0.99501732994889069  0.99526244112997786  0.99549769763075058  0.99571374747976449
  0.99593100902437970  0.99615564018718117  0.99638733237802390  0.99659143071835421
  0.99677736831238128  0.99695118227014079  0.99712407449269580  0.99728124181681133
  0.99741342586058213  0.99753684026112166  0.99767084785651727  0.99779279689127343
  0.99789806572231710  0.99798952279742115  0.99807791314460015  0.99816129044780078
  0.99825341012556612  0.99834539936866540  0.99842518230817856  0.99850509267874099
  0.99858179162201288  0.99865460794099659  0.99872044012054073  0.99877895523856464
  0.99883613741789445  0.99888631574962661  0.99892774727494005  0.99896340103512249
  0.99900109450793406  0.99903878234911747  0.99907742613168316  0.99911511491805383
  0.99915099604453439  0.99918679700129232  0.99922078589585406  0.99925693091302392
  0.99929280069115489  0.99932713003727625  0.99935920999729799  0.99939146194874651
  0.99942365698194358  0.99945481432166661  0.99948178744337945  0.99950483019198422
  0.99952581733063128  0.99954609169675268  0.99956663221690711  0.99958862890682254
  0.99961125448074184  0.99963519017799740  0.99965262667098376  0.99966845859718734
  0.99968367794306456  0.99969956756119260  0.99971637023002413  0.99973280503020867
  0.99974810459562524  0.99976309340510383  0.99977822483287249  0.99979343469388449
  0.99980840988606368  0.99982334600647060  0.99983924753625986  0.99985626966835339
  0.99987369337762133  0.99988658746078463  0.99989790397447986  0.99990850653307650
  0.99991834589599060  0.99992724339920669  0.99993552866968050  0.99994403692678324
  0.99995271606313341  0.99996140169178727  0.99996877088950298  0.99997558069646508
  0.99998208686811907  0.99998828137561113  0.99999420251608817  1.00000000000000000
 -0.00418323538833644  0.01128793336417310  0.02473594516759840  0.03644732732247942
  0.04721688327256666  0.06049713866008177  0.07273419949752255  0.08447981988029597
  0.09503969582767488  0.10661906691254402  0.11813712645202759  0.12814165013502876
  0.13739970304443488  0.14652876135732384  0.15600277614237321  0.16601120042207179
  0.17810726516969019  0.19239606998598993  0.20681314557950217  0.21969566588602665
  0.23005191845878772  0.23838640680242854  0.24611929458225493  0.25496412268323776
  0.26668975708163972  0.28322806480240292  0.30100364851083272  0.31642905272786159
  0.32774950740111092  0.33376990664313799  0.34102976055261802  0.34865065721409277
  0.35640212048603304  0.36466810404395761  0.37545374325144287  0.38581924663059364
  0.39566327688734043  0.40712756420361274  0.41803680487847106  0.42900206942041830
  0.44025596660751898  0.45004945215279191  0.45953426707499068  0.46917917239921259
  0.48048180549408320  0.48725626088320967  0.49426531902149784  0.50191330512714727
  0.51185310630354719  0.52330498642435719  0.53400635535084517  0.54213554106304618
  0.55028240099299763  0.55798641641814806  0.56520924726884481  0.57445270981511543
  0.58629118618865672  0.59814817825228661  0.61110744200233591  0.62613372339283513
  0.64255872114673029  0.65896643071239014  0.67467111841692828  0.68954327687631456
  0.70371703975409716  0.71790150523147245  0.73142224672501366  0.74119851781334389
  0.74838204522048679  0.75587122252210726  0.76373170617449515  0.77402089806519125
  0.78700486208828302  0.80316309450307311  0.81630922264717742  0.82379555536495508
  0.82875334496821085  0.83299934813565379  0.83812444911572637  0.84410850350312738
  0.85157081302069726  0.85995106596948423  0.86635637291327516  0.87288264315917075
  0.88179191620281894  0.89209030864257111  0.90267065987279105  0.91400653671238685
  0.92590952818620942  0.93639999521145767  0.94669033482957266  0.95771522252618624
  0.96730660689266301  0.97696144085283121  0.98946741260933169  1.00000000000000000
   6.9180292081682836E-018  -1.0000000000000000     
 T T T F F F T T T F F F T T T F F F T T T F F F T T T F F F T T T F F F T T T F F F T T T F F F T T F F F F F T F F F F T T F F F F F T F F F F T T T F F F T T T F F F T T T F F F F T T F F F T T T F F F T T T F F F T T T F F F T T T F F F T T T F F F T T T F F F T T T F F F T T T F F F
