  0.00559121248334306  0.01084697586303012  0.01751556522385844  0.02503297426378481
  0.03289996626499631  0.04078547835404112  0.04784782420804443  0.05430654150677831
  0.06102190365882006  0.06794548064918279  0.07519616500272124  0.08254646013847081
  0.08971792711115621  0.09692337494480809  0.10446695434800740  0.11285503869419182
  0.12105848268788047  0.12948355810431711  0.13777626846876684  0.14669239638360906
  0.15719389024210259  0.16915955983202813  0.18072776290561496  0.19324612769161792
  0.20596610256636291  0.21896105753605249  0.23242274996829621  0.24574299455261089
  0.25806145368197236  0.26998203107773666  0.28246404993055357  0.29451469623816123
  0.30368746660592361  0.31284772687535095  0.32306903337251258  0.33326709700494611
  0.34432799452765478  0.35647122823549832  0.36872892705323052  0.38246035083194829
  0.39862938900850065  0.41613669367973444  0.43399859818799846  0.45194052617289326
  0.47047764861658797  0.48930974845991004  0.50820106845278212  0.52729523599825934
  0.54609827574046710  0.56411352144615312  0.58076406429544103  0.59582753453233450
  0.61049597858589200  0.62611150176047381  0.64069652863831228  0.65497392370075591
  0.66877348456157137  0.68211405552098403  0.69498820101778058  0.70766568721809930
  0.72041254298312607  0.73290006415851039  0.74507013431164604  0.75807124966273087
  0.77080135007846162  0.78170396334220094  0.79206600952788797  0.80247346922705554
  0.81284589333756707  0.82269134534430755  0.83197597930662226  0.84062597073117895
  0.84938449451158637  0.85816000258963554  0.86686353615953871  0.87530940019231807
  0.88310346447918631  0.89066469065636222  0.89812647384971900  0.90563475387111314
  0.91284307300131984  0.92005744069608653  0.92782801547996341  0.93565575798006884
  0.94128895457463491  0.94686355031056757  0.95241025080462061  0.95779998998181726
  0.96344684458569818  0.96894396119936077  0.97418046126305802  0.97955393565577586
  0.98473279062581054  0.98966185457464717  0.99424266912740022  1.00000000000000000
 -0.00367432443019219  0.01186262378130711  0.02321389737496447  0.03234981438318046
  0.04186822074886765  0.05163759159405828  0.06157554407462656  0.07150904899403453
  0.08156493911338450  0.09196135255871633  0.10263033828090141  0.11273926399267081
  0.12128189457095991  0.12984542286894399  0.13796044210370548  0.14824211143843477
  0.16167630728951135  0.17493534355981924  0.18779639205310375  0.20054187260106257
  0.21260477567361163  0.22410608664736514  0.23457311339985226  0.24483138772011237
  0.25536389254206654  0.26560494761645481  0.27534666287448101  0.28459511742501764
  0.29407383727401676  0.30410823205242221  0.31394681224693360  0.32298678835645839
  0.33207715328740195  0.34178793619462200  0.35219336312853072  0.36267555495416520
  0.37306036032803896  0.38530364813306772  0.39739592014304836  0.41007521702128474
  0.42325831796407803  0.43678852617512742  0.45038768836081317  0.46372628920084946
  0.47657498464380482  0.48883478513638906  0.50055366395311396  0.51318933078815887
  0.52585299373100314  0.53819427059111458  0.55078128991624453  0.56348078825051584
  0.57623967926583608  0.58925537371143144  0.60268932021704613  0.61627233882517429
  0.62790470873886939  0.63378471940562175  0.64104697685799727  0.64803835899644757
  0.65463559044651809  0.66159218612496684  0.66870124279930376  0.67562882162332483
  0.68245000576502901  0.69062239281249527  0.70064924744087542  0.71047828742960795
  0.71951385028262738  0.72881734467934711  0.73832506262953768  0.74794679114674567
  0.75657235874422890  0.76509601605591959  0.77433538080179631  0.78438809282586142
  0.79361257474568714  0.80225127774263894  0.81118537615774078  0.82099042042608572
  0.83110729138316908  0.84144663959655397  0.85287524617545341  0.86611067530792074
  0.88038055933462567  0.89385773084645437  0.90709689249594527  0.91547081198192493
  0.92482053601486380  0.93435953432524677  0.94419618723666110  0.95368813291095567
  0.96381421742010820  0.97549034121814626  0.98785049318871787  1.00000000000000000
   2.3721087997131672E-011  -1.0000000000000000     
  <DiscreteSampler_grid>
  Helicity
  1 # 1 for a reference and 2 for a running grid.
  20 # Attribute 'min_bin_probing_points' of the grid.
  1 # Attribute 'grid_mode' of the grid. 1=='default',2=='initialization'
  0.0000000000000000 # Attribute 'small_contrib_threshold' of the grid.
  0.5000000000000000 # Attribute 'damping_power' of the grid.
 # binID   n_entries weight   weight_sqr   abs_weight
    1   20   1.031913906384686E-016   1.177655147437380E-032   1.031913906384686E-016
    2   24   3.527241784578935E-014   1.599726499024359E-027   3.527241784578935E-014
    3   9114   2.244980319678941E-011   1.273768752384102E-021   2.244980319678941E-011
    4   20   2.675865267971751E-021   1.140111394363511E-041   2.675865267971751E-021
    5   20   1.792892553633785E-020   4.052072773760541E-040   1.792892553633785E-020
    6   8024   2.464510536895203E-011   1.363230412939328E-021   2.464510536895203E-011
    7   3806   1.677941953909512E-011   4.489585479564301E-022   1.677941953909512E-011
    8   20   1.792892553633648E-020   4.052072773760082E-040   1.792892553633648E-020
    9   20   2.675865267971751E-021   1.140111394363511E-041   2.675865267971751E-021
    10   9064   2.172980715798683E-011   1.227539176671632E-021   2.172980715798683E-011
    11   28   2.997285757655291E-014   1.362844395638583E-027   2.997285757655291E-014
    12   20   1.031913906384686E-016   1.177655147437380E-032   1.031913906384686E-016
  </DiscreteSampler_grid>
