  0.02585766349070369  0.02592146916325026  0.02603482544416533  0.02615053469705577
  0.02631387648517124  0.02649898679669326  0.02668025638510922  0.02685741036832822
  0.02700786189261146  0.02716652322450677  0.02734544911980747  0.02755252979870765
  0.02778966983902296  0.02800544971974764  0.02817604676113978  0.02826739784802357
  0.02836138156305777  0.02845562562594776  0.02854140491709535  0.02862909404851496
  0.02872257593042457  0.02880544466810043  0.02888107115674262  0.02898808207472003
  0.02923351674780523  0.02955347828649566  0.02989258947662957  0.03020554271340408
  0.03049044021935876  0.03080072362407730  0.03105612494556647  0.03125696562267224
  0.03151346337174447  0.03174704755448007  0.03195415198377823  0.03213791942688730
  0.03233832824947606  0.03256686023542345  0.03284607441425461  0.03315816731749287
  0.03343510787270822  0.03381583643585789  0.03416243923925916  0.03449417308218845
  0.03482602078025306  0.03521819968546369  0.03569539851300248  0.03614243874690564
  0.03656153380862048  0.03692428825827786  0.03715737721923256  0.03727803915566565
  0.03744182809764857  0.03765868103302070  0.03791379235469267  0.03831605303075887
  0.03891467826819125  0.03939365906766532  0.03979419035895312  0.04016093024402078
  0.04053212190583908  0.04101072017997857  0.04164858627299182  0.04218792026589901
  0.04276752835552949  0.04350470094080990  0.04438600479378655  0.04542188736359151
  0.04656516266425723  0.04779105510904073  0.04845234383063747  0.04890486270081495
  0.04927313072549833  0.04981364294851290  0.05069571144943627  0.05159824110694745
  0.05241662713439323  0.05341301514970656  0.05453962134841801  0.05561175364004913
  0.05715172331395272  0.05886626891508144  0.05997328108183652  0.06061539787228609
  0.06136689058684075  0.06177231737442368  0.06223773419721648  0.06265873499037874
  0.06449594603457399  0.06697914494931716  0.06965503765555192  0.07206132447528289
  0.10794499774891869  0.18595082713957445  0.28426005941796850  1.00000000000000000
  0.00494869107657556  0.00496145302399729  0.00497859715594001  0.00499806563680000
  0.00501884109433795  0.00503865988327463  0.00505782374854676  0.00507691565908789
  0.00509772868403208  0.00511227648437773  0.00512486732023102  0.00513773718203321
  0.00515092975894652  0.00516732426976537  0.00518528531424965  0.00520243786137411
  0.00521856429878824  0.00523361029795886  0.00524742331521825  0.00526124354170670
  0.00527574153094975  0.00529185709240828  0.00530890035339430  0.00532486077953717
  0.00533858819306055  0.00535060809352990  0.00536285637725881  0.00537616589803802
  0.00539301462908643  0.00540783295086049  0.00542344041308649  0.00544200060884073
  0.00545860824955876  0.00547632671572830  0.00549749992774828  0.00551862088501434
  0.00553955401925634  0.00556470184299634  0.00558515991703057  0.00560394788766785
  0.00562691044577952  0.00565130802787829  0.00567633082683264  0.00570398541099997
  0.00573538895967468  0.00577084451971975  0.00581326369490759  0.00585923476224775
  0.00590692005520780  0.00595580803478677  0.00599230112814374  0.00602548907354917
  0.00605872880126071  0.00609077085693665  0.00612436145458038  0.00616181618516052
  0.00621334489248678  0.00627443884880374  0.00632248086450766  0.00636051745294703
  0.00639515249696312  0.00643057931212834  0.00647136237838211  0.00652055175742339
  0.00658684514110387  0.00667334717078395  0.00674803271725364  0.00678425023969433
  0.00681154520995790  0.00684202248236255  0.00688302908190407  0.00691892591222680
  0.00695866748552116  0.00699757670961311  0.00703388875928354  0.00706592173723539
  0.00708178858368345  0.00709691792783664  0.00712844980607769  0.00715134710028446
  0.00716262085556655  0.00717166740458398  0.00718367402838444  0.00721904420306068
  0.00724692366684878  0.00727303925856108  0.00731589756274844  0.00735534066377262
  0.00739379577092486  0.00749034449950396  0.00760856299024828  0.00776582221594462
  0.00804276565610901  0.00849859052800702  0.00904311824998634  1.00000000000000000
 -0.00505733367043977  0.00226489298027518  0.00958711963099013  0.02531676364504524
  0.04256818509855098  0.06413646011273752  0.08526188873474927  0.10442610166762295
  0.12214014379676824  0.13871914410879410  0.15498595176556584  0.16982638825326113
  0.17866731205192879  0.18587877688290921  0.19112839145198815  0.19846519698270257
  0.20820596104037653  0.21591163038414268  0.22166373017718893  0.22656957126217925
  0.23156007925833275  0.23783423170775700  0.24481116068291711  0.25041780073223152
  0.25772445081017153  0.26540689154786529  0.27536636666950470  0.28553387193352170
  0.29869310125898779  0.31298451689436091  0.32387714539928286  0.33341931793824003
  0.34242118810706113  0.34975572243901099  0.35951813439661512  0.36994458604395730
  0.37901427110774594  0.38530150503992344  0.39363387066400402  0.40427680523152038
  0.41763470230706257  0.43480281488660105  0.45246816632720865  0.47073236290763526
  0.49090127749842449  0.51032320654427177  0.52914415066583698  0.53898755963792155
  0.54938096108350243  0.56081333605704220  0.57279054828104803  0.58321049814046810
  0.59099125260235008  0.59914950941873135  0.60690144588564054  0.61152862670507346
  0.61438216714264882  0.61753777200192372  0.62518288330469285  0.63409797900332654
  0.64245201783795147  0.64921646456934945  0.65628274112529361  0.66343178461186181
  0.67218800526572153  0.68147311237626029  0.69229601389584550  0.70297598647865145
  0.71020739509808184  0.71509900096259782  0.72000594296252418  0.72452829880262248
  0.72745663488679091  0.72955440762738200  0.73281121686637174  0.73829170529246357
  0.74492592622802534  0.75000543554568200  0.75466288637320189  0.75917391133321532
  0.76360161879287647  0.76765107731866877  0.77046010589610059  0.77430658200354729
  0.78003620289808207  0.78502403426810741  0.79235941102737772  0.81183651289636638
  0.83743810737147295  0.87123048690476834  0.90973872166669389  0.93768854410598668
  0.95483018961318133  0.96589952463655793  0.97807638455324253  1.00000000000000000
 -0.00610236768955777  0.01644560514841504  0.03580074847125198  0.05302903053945210
  0.06949325132429193  0.08476431765168935  0.09942211630399227  0.11574511941708836
  0.12816442661419747  0.13518355572798585  0.13738776903650704  0.14007109478721344
  0.14201529455489967  0.14461679755862805  0.14760104064198565  0.15189018190665801
  0.15521599239095987  0.15813283509912651  0.16339162985797151  0.17255508266303932
  0.18309895465769624  0.20184224073172266  0.21818320430377949  0.23124997806851055
  0.24120313970594540  0.24837310141267227  0.25486887428897803  0.26270262856573751
  0.27482836543395617  0.28335405078869697  0.29408562311033176  0.30431997868515975
  0.31528123028153726  0.32199370127537508  0.32891776058179589  0.33533437458421789
  0.34135675299462087  0.34728576608531353  0.35377711947654111  0.35906882396699547
  0.36323611204212303  0.36731026212919338  0.37739353150144955  0.38313786984506482
  0.39082668808608662  0.39744600893249626  0.40325331596992720  0.40908908458845089
  0.41698016309806429  0.42546123703375532  0.43646832790484408  0.44547262682173228
  0.45591256003066460  0.47067649600694861  0.49081817975087011  0.51456008032384382
  0.53015236610321292  0.54677025005252466  0.56593333931905321  0.58851808452847887
  0.61204982950490572  0.63483156322318901  0.65628396110545106  0.67248723004172350
  0.68467327337760098  0.69316679367782430  0.69960702961425525  0.70640978647693253
  0.71257540974676858  0.71689575500090330  0.72321496257197204  0.72924651361190840
  0.73396123334926899  0.73769201803454676  0.74223509250240538  0.74901476174076631
  0.76265771973948282  0.78580979476737578  0.81086898462670398  0.83645062348206645
  0.85330664465983153  0.86580585447605629  0.87273925960377829  0.87634324338255165
  0.88177709540979332  0.88826036636586303  0.89830336168207114  0.90632986604772692
  0.92372923991723421  0.94013729392872092  0.95477836369466462  0.96818111786946082
  0.98093351927570238  0.99187053945523940  0.99896411943593377  1.00000000000000000
 -0.01160590033508281  0.06067127491644022  0.07674948348023591  0.08512922767216109
  0.10105215784793103  0.12146167007613985  0.15672599562504994  0.19534308612977522
  0.22543924216968145  0.25333945983750744  0.27809457102767016  0.28729462494272551
  0.29571318095021959  0.30839322241504613  0.31952118282489522  0.33221278647433738
  0.34312310069563029  0.35063514713126148  0.35974422785742283  0.37054034263263375
  0.38044507085532864  0.38787063137754013  0.39251143879001371  0.39662033200047325
  0.40147298533263365  0.40853702019930732  0.41523541826895743  0.42213773698026014
  0.43025386149267347  0.43885601537399266  0.44752698173785321  0.46059324772798294
  0.47404426677221251  0.48507229147195985  0.49695243561291774  0.50966698269393074
  0.52413366361489722  0.54136513246770901  0.55819234741160928  0.57359511559510545
  0.58155892957603983  0.58789037654915788  0.59327912704003460  0.59898636278910267
  0.60604921097224163  0.61373192846337454  0.62213647269134142  0.62877084149963569
  0.63667417775004209  0.64460198269052904  0.65263510036391836  0.66038386187894371
  0.66792964932996224  0.67576309291707060  0.68275486934973728  0.68869445204451929
  0.69323306773452320  0.69903834830104872  0.70724119270328045  0.71713203326296937
  0.72807020464636496  0.73945791692378426  0.74886897899593885  0.75812640550648702
  0.76581624313866759  0.77100457381675103  0.77433137024814502  0.77773385454169297
  0.78082718999724010  0.78330172853909608  0.78576764211572381  0.79005394976123755
  0.79287819420391759  0.79554677021652431  0.79885415031825613  0.80164030848897905
  0.80416343204672525  0.80568601526126726  0.80701320463224335  0.81217286709377157
  0.82147261895918466  0.83235823332735825  0.84217398158539269  0.85270467561659757
  0.86466521146245134  0.87753009720755049  0.89186301917031863  0.90754934519993391
  0.92213832472993318  0.93629770106259858  0.94952924233423264  0.96067531198070466
  0.97128556604787453  0.98157400570205811  0.99084130566292805  1.00000000000000000
 -0.00489897013406758  0.01420461377804983  0.02987627598857620  0.04550953357974370
  0.06344033766919160  0.07742635418208269  0.08941746340037282  0.10201313558316455
  0.10849062477724974  0.11225211006873992  0.11682391032586667  0.12109008975326395
  0.12614157995696160  0.12985870867977828  0.13347299014066455  0.13677457459901096
  0.14123284990141183  0.14555642390257495  0.14834749848391432  0.15109548207625464
  0.15466911549604573  0.16208482468406901  0.17037551522979263  0.17780381811587717
  0.18840061517907750  0.20762909975391905  0.24364351983165519  0.26351424800647982
  0.28099114506923634  0.29744981146756716  0.31161014149328226  0.32331627634921639
  0.33775110091457800  0.35305354360994934  0.36916868845305811  0.38657752767678683
  0.40317198786696007  0.41816795365532228  0.43266533530525741  0.44846781562577409
  0.46341011175725022  0.47481206939493636  0.48960633427122846  0.50713310751432106
  0.52492935751304792  0.54474234408863864  0.56577830581579791  0.58693672126081498
  0.60564092961855143  0.62411812080980289  0.64234706887549309  0.65993693904038453
  0.67507981606353562  0.68670634908321970  0.69745700600623739  0.70829191269969483
  0.71903368520897104  0.72934318882957516  0.73674402573413256  0.74673036529416958
  0.74977148488538359  0.75263498279938923  0.75588258604675473  0.76360458941046239
  0.77154620680183672  0.77844671862265236  0.78514631668644430  0.79187077266591188
  0.80037016022934171  0.81190572054786569  0.81547721966385200  0.81824786448998965
  0.82135510417257895  0.82491968415523154  0.83118059318233628  0.83684907053772317
  0.84346714160478842  0.85156761934710545  0.86110406721020094  0.87210516825577455
  0.88289609650098311  0.89419087359251415  0.90543483374007105  0.91370561825924024
  0.92191900027217777  0.93007833154594866  0.93809318479615966  0.94654141121158342
  0.95518012828232102  0.96362076324691204  0.97236008534185037  0.97958650135847958
  0.98513422488633795  0.99054705862744785  0.99531895977365403  1.00000000000000000
 -0.01521878387697323  0.00326716250498787  0.02175310888694899  0.04357276970803717
  0.07627293570674690  0.10897310170545660  0.14741763542015296  0.18753258742610285
  0.22399386286782569  0.26005267331425819  0.29447075698653125  0.32693498512506719
  0.34783458223700142  0.36947178265238045  0.39144145041436013  0.40651116768938234
  0.41648350312122651  0.42312521479963977  0.42958605674625322  0.43577069239309874
  0.44110128932158199  0.44796667179127614  0.45407783749071096  0.45931705106958165
  0.46519934851752931  0.47390009416146767  0.48375123654784763  0.49132831837336438
  0.49660147386069237  0.50049510018794141  0.50383817753907179  0.50826577403798245
  0.51372096254679234  0.51959823751182033  0.52718517084762206  0.53246281647253557
  0.53816103056510789  0.54315718372900801  0.54863551005865052  0.55696370122386252
  0.56558295030980943  0.57465117930697240  0.58398976201731467  0.59311578540312471
  0.60216391704420380  0.61181032587279394  0.62161261581172522  0.62867256579463748
  0.63178554320553715  0.63380997280310680  0.63604447666094854  0.63815215196323738
  0.64035863437361507  0.64265584624454031  0.64593330372392399  0.64965603260035698
  0.65353939247214787  0.65919626419163135  0.66675744430506312  0.67717070121530243
  0.68783006691623605  0.69296174532720356  0.69566692556047205  0.69862604783747317
  0.70260339325617205  0.70764794412012610  0.71664945109401346  0.72658124987464101
  0.73691179600659951  0.74675968611219279  0.75502951780671423  0.76085588667921200
  0.76524433177720763  0.76984023910165122  0.77209175168911515  0.77448986772062423
  0.77967784428156484  0.78678734013472718  0.79274343172992234  0.79675861938961323
  0.79998939548652148  0.80397942905455577  0.80715057071099805  0.81045929175991016
  0.81348389544543886  0.81496537535642133  0.81687773041075540  0.81932495413013684
  0.83015490144603676  0.84952190544577266  0.87796084940251740  0.91756967816085788
  0.95358690261506829  0.97119075337397898  0.98632242217237909  1.00000000000000000
 -0.00652992250327601  0.02034133453320984  0.03734242108300089  0.04045824037465958
  0.04618699561213925  0.05559088073066971  0.06812054789307759  0.08350901435457000
  0.10329725829697509  0.12628563303184268  0.14850586845751743  0.16276531736817493
  0.17167292253217359  0.17835928202814461  0.18398483042653518  0.18852941265747930
  0.19330631324714365  0.19913020806409293  0.20765615720393199  0.21614780672528669
  0.22370062487900186  0.23331547782036127  0.24397738831278509  0.25181742804595825
  0.26136822625195838  0.27186909139273391  0.28200062836797729  0.29111710762551990
  0.29949527712243157  0.30675145271432241  0.31377558803605227  0.32060802063175559
  0.32806961607140117  0.33564806021781307  0.34357318037090778  0.35128655534069936
  0.36206341940622822  0.37605509000092185  0.39092824816524224  0.40276808670972036
  0.41499940434767579  0.42727331899593246  0.43908168470330894  0.45034857821944169
  0.46021932726680365  0.46951624954423643  0.47756467559456517  0.48544798434611214
  0.49264656263726236  0.50122283001502255  0.50948789544376072  0.51702943218547281
  0.52422192364181830  0.53005036540899231  0.53455934961047191  0.53973691871925933
  0.54457976236091254  0.55356580739873607  0.56391350293802356  0.57381027407652163
  0.58904135277396352  0.60307987135418228  0.61072009585579601  0.61655773344324882
  0.62416118810789678  0.63059564560371173  0.63388477496435292  0.63540511867830340
  0.63765614208107024  0.64307909191577128  0.64667373813142304  0.64931695686103530
  0.65175115196733502  0.65502894169964965  0.65946475474429056  0.66318043499981882
  0.67017326966395918  0.68091006698247325  0.69334311620076416  0.70169060037681208
  0.70960174297571454  0.71625350862479842  0.71938066876663598  0.72708156871666740
  0.74313402015277108  0.76531654971464969  0.79069454178060206  0.81758668518360611
  0.84520656273630013  0.87350260616112696  0.90241117710763996  0.92870352468505601
  0.95454104494005709  0.97954518583584771  0.99230709619568280  1.00000000000000000
  0.98776820125209597  0.98810779354894840  0.98838347862326559  0.98881530199143175
  0.98898279826792712  0.98909796870218025  0.98922679463517937  0.98933282059620264
  0.98942856126400869  0.98948437689128088  0.98952656752112600  0.98956356105343746
  0.98960862049778486  0.98968375965852184  0.98975185334493221  0.98982021790890140
  0.98988284420059724  0.98994310090403514  0.99000250905536757  0.99004530745677244
  0.99009393697024950  0.99014227484267880  0.99018493459959656  0.99022709891508121
  0.99026717624542226  0.99030356163089006  0.99033818330215706  0.99037054143359671
  0.99039999434043224  0.99042337211063614  0.99044003598287833  0.99045455971040397
  0.99046958559423848  0.99048471519035541  0.99049919286575216  0.99050877396411163
  0.99051683522026346  0.99052605269916871  0.99053558960549504  0.99054498654121226
  0.99056064259155063  0.99058678414284784  0.99061051129218913  0.99062416396557806
  0.99063462542211567  0.99064253193580787  0.99065040191111331  0.99065826203875107
  0.99066705398539645  0.99067682972154869  0.99068744365493544  0.99069891556568024
  0.99071056486772258  0.99072333628783704  0.99074139456529120  0.99075805854037624
  0.99077427446439692  0.99078647491889882  0.99080093900124311  0.99081693178998853
  0.99083243180398284  0.99084592661253490  0.99085720534892707  0.99086775939535887
  0.99087740753683895  0.99088879132070617  0.99090154184843693  0.99091467548460166
  0.99092781336762170  0.99094078913258443  0.99095361927939363  0.99096641988844336
  0.99097908825432246  0.99099195993105715  0.99100597789567868  0.99101672377599692
  0.99102579252794376  0.99103319032366566  0.99103932684027385  0.99104578970713952
  0.99105169773401813  0.99105675187151965  0.99106170314512088  0.99106747891758140
  0.99107437877537019  0.99108167595216423  0.99108854310049577  0.99109479677335421
  0.99110031550418554  0.99110537523639752  0.99111050737535011  0.99111496963359436
  0.99111754729722590  0.99111963866840935  0.99112199212471885  1.00000000000000000
 -0.03638745724721350  0.15814111957000232  0.18180718096739745  0.19918893367123758
  0.21486206415361531  0.22413363050227961  0.23064496501896228  0.23979717525437988
  0.24905713264242890  0.25857882172428986  0.26911599133802538  0.28257089284578563
  0.29856218758943853  0.31472941144946337  0.33011516789129308  0.34282414392630628
  0.35661286805944631  0.37170606164753378  0.37796653786238477  0.38386899602513080
  0.39081074939685895  0.40008688483486227  0.41051098749532355  0.41826678350057911
  0.42922228137503809  0.44652784359010494  0.46565600837575832  0.48505031451695174
  0.50358858775189164  0.51435201374144679  0.52526005108723151  0.53562334877589257
  0.54495875331369126  0.55307186450517165  0.56204514727115928  0.57322598205783282
  0.58247450493150188  0.58964130892161448  0.59538317337249325  0.60421646298808396
  0.61113763948292799  0.61824223555948976  0.62446991819234798  0.63000284226867076
  0.63614719805224529  0.64281768117356919  0.64863145770774167  0.65265125968747040
  0.65620458098056667  0.65883624655373285  0.66111621651851316  0.66437985750891448
  0.66770467265773858  0.67012022225995949  0.67332114746107441  0.67719585062671950
  0.68029449547044163  0.68481062056883946  0.69022942627977912  0.69234278026179064
  0.69482125807553596  0.69733853343256247  0.70044517042302823  0.70391982615270898
  0.70842807097009564  0.71625484085499058  0.72428248497157299  0.73082021092165927
  0.73663231583229960  0.74232946342204176  0.74845799680801339  0.75506411162144094
  0.76187301120733264  0.76894188560335264  0.77351914129087107  0.77862843383481295
  0.78364443388985616  0.78791900595417341  0.79077211569063444  0.79466405814301888
  0.80065234930240647  0.80792753581112775  0.81497841265052973  0.82043023421654626
  0.82426134227497172  0.82763858781795796  0.83079731674493373  0.83508013740284137
  0.84253901184616442  0.85050619443498032  0.85818018929682593  0.87647777013211203
  0.89806695739098885  0.92201940485360745  0.95289713333271386  1.00000000000000000
   2.5202320983028446E-015  -1.0000000000000000     
 T F F F F F F F T F F F F F F F F F F F F F F F F F F F F F F F F F F F F F F F F F F F F F F F T F F F F F F F T F F F F F F F
