  0.00005154338576028  0.00027498591189975  0.00041719355170589  0.00053396314254324
  0.00064031452002404  0.00075097524163315  0.00086938148619176  0.00100255617190643
  0.00114240134218441  0.00128384475246222  0.00136286254259342  0.00141872189176348
  0.00147684314747466  0.00154873047739993  0.00162061780732520  0.00169037100634358
  0.00175840786401614  0.00182644472168870  0.00200288332429672  0.00221375045197229
  0.00241604612560138  0.00263584663216436  0.00290975207614314  0.00318879606213971
  0.00346791252220764  0.00374392599968053  0.00403410709264617  0.00437695244895573
  0.00476803804781201  0.00519495721435517  0.00564572238756200  0.00608392948156932
  0.00648268238741147  0.00690472873081484  0.00740295531254583  0.00788903682629514
  0.00844159492472382  0.00905041481152909  0.00967121992132025  0.01039922449061919
  0.01121780302249969  0.01211868949226404  0.01303017961856472  0.01388244953955326
  0.01474150842155013  0.01557954289130704  0.01638628544815161  0.01718608542738694
  0.01797504621968861  0.01868945384407931  0.01930285603951051  0.01992928779279927
  0.02059970922998601  0.02129108802152431  0.02202491342286545  0.02285355722841081
  0.02380662162775252  0.02489365035583426  0.02633870207285541  0.02813463480364465
  0.03003721092434406  0.03182151919396892  0.03351336630190534  0.03520123316896370
  0.03696236769302915  0.03873370421330713  0.04054783950535146  0.04246711341892052
  0.04467967112303409  0.04751804741974017  0.05039317676116323  0.05277720548365980
  0.05526940888468194  0.05816703948948286  0.06141336393507731  0.06473521564440074
  0.06792184677722785  0.07157112744341551  0.07496259843389586  0.07817178951235797
  0.08237095958566154  0.08706184492153682  0.09298105836629272  0.10780206253741004
  0.12143346868110920  0.13584261738994613  0.15178539359009913  0.16921620133449278
  0.18809533232524761  0.20864105791769838  0.23027759525297387  0.25154892374383725
  0.27802769310462894  0.31301189222806419  0.37587845554633592  1.00000000000000000
  0.00036767924371424  0.00068794610279735  0.00089831301731305  0.00107525438007282
  0.00118980335148931  0.00129008727999598  0.00137305067980162  0.00145713378269168
  0.00155429424265398  0.00168430142361371  0.00186516527069498  0.00203901812935331
  0.00218489768998985  0.00232516812440281  0.00247935264669303  0.00263443571413976
  0.00279746193912315  0.00297758143568024  0.00317066771293794  0.00337200759774597
  0.00356929030398129  0.00377046524006652  0.00397197438315016  0.00418903631308150
  0.00440775663630631  0.00466774923985278  0.00493031927375819  0.00518647507880590
  0.00548930209024270  0.00584788323428923  0.00624882696348327  0.00665909028624340
  0.00706292343295869  0.00745358632012974  0.00783293689443087  0.00820553348893794
  0.00863648589889388  0.00905898762910942  0.00945244355751188  0.00986288762641437
  0.01035226087687132  0.01087285756632526  0.01144583322270122  0.01213089473738945
  0.01290250533455777  0.01379983287148531  0.01478387359891499  0.01582887746615191
  0.01694401490466022  0.01812441379511765  0.01956795570381906  0.02125631505708758
  0.02308205932237305  0.02494269089628773  0.02669447595159083  0.02848193647781728
  0.02951321153354210  0.03077794632245617  0.03218935502553659  0.03390338865761900
  0.03578838945450001  0.03829193339919664  0.04101521262109231  0.04339304193245413
  0.04557606147520179  0.04788842155925979  0.05077962846807009  0.05380033237330020
  0.05775028576650237  0.06094238701282344  0.06332284851448503  0.06578585048983052
  0.06833519561023264  0.07108324576535241  0.07417893338029768  0.07812491121702397
  0.08504390274138769  0.09320586646563780  0.10286757694740588  0.11301622001796405
  0.12260759785934620  0.13298166138821160  0.14452387074507023  0.15861127636241565
  0.17701804776801799  0.20107027252434348  0.22709303498295361  0.25352455558971138
  0.28236652541494528  0.31641691798019300  0.35803402005621110  0.41291135383791661
  0.48569102783921625  0.57954696887743085  0.73301492971791482  1.00000000000000000
 -0.00364427585398598 -0.00136305723647598  0.00091816138103401  0.00319937999854401
  0.00548059861605400  0.00776181723356400  0.01004303585107399  0.01232425446858399
  0.01454603175298946  0.01665146393006783  0.01875689610714620  0.02086232828422456
  0.02296776046130293  0.02507319263838130  0.02727894293818438  0.02966981105553460
  0.03206067917288483  0.03445154729023505  0.03684241540758527  0.03923328352493549
  0.04916206008507743  0.06784203591939092  0.09855181189785096  0.14355065165244144
  0.18663489158293742  0.26655867457253996  0.35997092001989855  0.42504321404609480
  0.49182693992218929  0.55748216726863864  0.61412594135189758  0.65797146546567120
  0.70302790147832694  0.74943805239337269  0.78770117999737121  0.81525327207706444
  0.83683670993849291  0.85402899692094481  0.87023908161881169  0.88585792176515832
  0.89932741708497610  0.91081418106530754  0.92083912961015957  0.92921609021658336
  0.93678767746736258  0.94361854900672715  0.94923951503666859  0.95370165831663600
  0.95794015296423984  0.96184402073315600  0.96509576307205269  0.96824974102599148
  0.97122162095972531  0.97381606832405965  0.97600815471948166  0.97798012716681726
  0.97962105091558249  0.98108369996747680  0.98238990609458265  0.98358258517405206
  0.98469258749669375  0.98575872909907714  0.98685999925113566  0.98794495782141400
  0.98896990127927364  0.98974472645154876  0.99043420864116272  0.99108761587351801
  0.99169891205324878  0.99228280095601429  0.99278059900571614  0.99324189696940934
  0.99370803516114181  0.99417670987461360  0.99464767145645272  0.99512130363533102
  0.99555896496719798  0.99595727218102870  0.99633213269554388  0.99669865796532908
  0.99698230883960381  0.99719323590759912  0.99740167364124455  0.99759945828091756
  0.99781089705315995  0.99803271044257891  0.99824863274895281  0.99847337616968801
  0.99870973060077395  0.99892694505286461  0.99910926983881931  0.99927964684744242
  0.99944976309191791  0.99962893856515300  0.99981075211018644  1.00000000000000000
 -0.00321961920933430  0.01015777942793494  0.02303379964228904  0.03516027289704193
  0.04645769959523705  0.05634918882050959  0.06718174262069149  0.07395871040942560
  0.08092235900351528  0.08830800134343664  0.09601173784934913  0.10377603233148336
  0.11204464264519605  0.11902146470902782  0.12741766289058157  0.13598726422267288
  0.14521350273854527  0.15763281128302140  0.16948968224234756  0.17889055373546486
  0.18727067608445480  0.19500920887300266  0.20404870385112595  0.21422905213285914
  0.22401683485715726  0.23484536464998221  0.24410098132284519  0.24880049873848278
  0.25350001615412038  0.25783431089876502  0.26200991674016694  0.26618552258156886
  0.27045237127526983  0.27472389386243101  0.28019764099333538  0.29042707911122673
  0.30011713860586148  0.30712041521399330  0.31467962061280186  0.32222796199285669
  0.32988179986594524  0.33929540320085483  0.35097856222320567  0.36280709782992704
  0.37430219688249527  0.38703035461824808  0.40154007804379310  0.41671330005718982
  0.42852349612805740  0.43730934497946961  0.44528196905561324  0.45316665836837389
  0.46347535093924513  0.47700239310721160  0.48870633866412566  0.49857229088727251
  0.50952981645825524  0.52212790110607554  0.53708132274994536  0.55023411476189499
  0.56531810489573509  0.58027094002328783  0.59266857975410769  0.60475680020228850
  0.61624038647029800  0.62599170824318295  0.63828508378295634  0.65086016444213846
  0.66433833545030296  0.67947137616526265  0.69644034279918132  0.71445922289522801
  0.73251563755360549  0.74847329372875659  0.76208024281233999  0.77528704487787803
  0.78663576428491666  0.79669969980601274  0.80618151544239847  0.81836036192696127
  0.83067859039379610  0.84218896547668343  0.85277777661850385  0.86518597286143850
  0.87779588601341452  0.89120379745023859  0.90515455327886496  0.91976861230027773
  0.93452067917393189  0.94870387040476967  0.96150183533847577  0.97015983981714693
  0.97630912175828377  0.98330885855169714  0.99171281781008414  1.00000000000000000
 -0.00488059573514247  0.00232026642037905  0.00805497773927242  0.01378968905816578
  0.01952440037705914  0.02783638113459865  0.03711804754151338  0.04639971394842812
  0.07104438283616457  0.12462251336965093  0.16980419861818161  0.20548712520133303
  0.24392374467956524  0.28065837717572367  0.31060971358237921  0.33922107789006850
  0.36812893562543103  0.40051210017073635  0.42883745286087321  0.45090180764467636
  0.47156758244545377  0.48987185696829572  0.50576474214405254  0.52193527988924726
  0.53964902637195500  0.55704645365691152  0.57266050475062824  0.58901047878578716
  0.60664485768372911  0.62378672752253383  0.63969927497718870  0.65394786935442328
  0.66688896608962489  0.68078258807770375  0.69622586661537589  0.71200226482379625
  0.72588181881406921  0.73779244474259953  0.74899692793663752  0.76044346519694894
  0.77103642828689523  0.77968504603451738  0.78721358110299988  0.79550993879253862
  0.80404044529135577  0.81296382233339481  0.82248895043843795  0.83279110548555035
  0.84460048091227791  0.85489621194544496  0.86341923511846419  0.86991214379713255
  0.87574281731267301  0.88134874888340564  0.88681638537144858  0.89203605519031415
  0.89749609128893204  0.90321923560208306  0.90887467347363970  0.91426704559353444
  0.91929187082059971  0.92408446126384480  0.92831593121123612  0.93167046881220594
  0.93511658785006180  0.93851995787690268  0.94185939018326703  0.94574478650139315
  0.94988870402101389  0.95267726041524992  0.95552240485781481  0.95821277059823440
  0.96067714067330168  0.96328244187612599  0.96622327053288060  0.96884219743616129
  0.97129962830787198  0.97359265336578227  0.97623153664048146  0.97949877715093714
  0.98178632755129691  0.98358127454617739  0.98506123178194971  0.98668584747865462
  0.98825917337795155  0.98980406801326992  0.99122674891192275  0.99223053390041172
  0.99309454496227723  0.99395516209855672  0.99481925726684262  0.99573169401671513
  0.99672769512930670  0.99764886943091435  0.99874655301434545  1.00000000000000000
 -0.00337225913999677  0.01255776451540467  0.02150684630379662  0.03089701380534788
  0.03967123102304529  0.04730736909203892  0.05105070551314941  0.05479404193425989
  0.05866507479138196  0.06280017182244788  0.06693526885351378  0.07098231845491050
  0.07490690744794089  0.07883149644097127  0.08651962137249250  0.09837673420872989
  0.11030964111843466  0.12238194951174997  0.13293547995843927  0.14187049201820395
  0.15020932442695192  0.15682732644105740  0.16324122973039459  0.17026014430204500
  0.17864969437467002  0.18976097879623979  0.20240938510045889  0.21489986236536304
  0.22810451184660199  0.24090736658195885  0.25140057912258584  0.26212520118946081
  0.27358898429899514  0.28401290934166934  0.29357852889698943  0.30408450405794185
  0.31510657875471165  0.32675258716711386  0.33583035567387542  0.34264540787159004
  0.34764636563311968  0.35303049099595363  0.35948912195518995  0.36654417370010584
  0.37342405630383030  0.38220929934701531  0.39203079192192286  0.40584141285723341
  0.41761148423558336  0.42786325926857538  0.43620791570401563  0.44383360173241904
  0.45270798045141708  0.46281560322253390  0.47328182186290541  0.48162994621276750
  0.48881383017857882  0.49657867823424717  0.50449045612809873  0.51629401327326974
  0.53399883597001674  0.54843320616829672  0.56114372123772305  0.57305806950261884
  0.58301705389097080  0.59496468636602251  0.60813954901101719  0.61987947008323363
  0.63207394516874138  0.64489734234849805  0.65867692175723835  0.67161637466640089
  0.68301174878258697  0.69379500623111157  0.70485531533905565  0.71886510513943169
  0.73419579228999998  0.75022135866342576  0.76511747735334967  0.77904934117376223
  0.79283585565405157  0.80771066015959303  0.82270402966749145  0.83585104068102234
  0.84904154749869742  0.86110565234611736  0.87214312205367861  0.88555577828558307
  0.90164896678114637  0.91816034611612929  0.93406170303943359  0.94992462967722413
  0.96430925885882912  0.97710145750966149  0.98900566832369396  1.00000000000000000
 -0.00070679461101636 -0.00007014430440546  0.00055341222681191  0.00117696875802928
  0.00180052528924665  0.00242408182046402  0.00320535319204832  0.00449489167897737
  0.00578443016590643  0.00707396865283549  0.00836350713976454  0.01147748017821892
  0.01541658898539890  0.01935569779257889  0.02329480659975887  0.04685377924582495
  0.19301707026647949  0.46793272317434853  0.59466182061524675  0.66887175363405893
  0.71106773365277798  0.76693844428411317  0.80546936514248180  0.83736394863522345
  0.85494746871022531  0.87319333297229418  0.88815317880891909  0.89976921272491261
  0.91318173004364489  0.92329896397377864  0.92947411506155553  0.93478974569239381
  0.94048979741071514  0.94570375557011233  0.95072327352924990  0.95576968792594685
  0.96046959688724409  0.96461018669113485  0.96819728498751334  0.97082201153910830
  0.97312374863704709  0.97533469512259274  0.97727858367633846  0.97910728408011016
  0.98065598769213747  0.98214647514159281  0.98350979096818447  0.98460281779733660
  0.98548409413905080  0.98626387114730663  0.98697222234451898  0.98768213396845328
  0.98842039275686433  0.98917647859719826  0.98991185563028095  0.99057203389308746
  0.99116918098944617  0.99165442055193698  0.99201838881267601  0.99229594361797446
  0.99251341094116918  0.99273777053504508  0.99302739950420704  0.99330146718341483
  0.99353718369043453  0.99373917795407229  0.99392889346724145  0.99412421950532115
  0.99432941460654822  0.99455397369627885  0.99477129363461558  0.99498594717071687
  0.99520068480791157  0.99542158664751412  0.99563775937680798  0.99584523204515907
  0.99603240668524218  0.99622149013640804  0.99642646913266009  0.99662579426718367
  0.99683282398716666  0.99704956270515066  0.99726348725394598  0.99748682693678969
  0.99771046848307932  0.99792077143769531  0.99811908660687498  0.99831492105537845
  0.99851585528712306  0.99871930048949931  0.99892723546474815  0.99914298219207376
  0.99934967302326094  0.99955522200248004  0.99977195579461586  1.00000000000000000
 -0.00327024088434297  0.01427250675185246  0.02573525311269737  0.03245136279491487
  0.03525980907472302  0.03806825535453117  0.04114249647534335  0.04437667842190114
  0.04761086036845894  0.05087383429590663  0.05414079614322233  0.05832721439686505
  0.06868355201391529  0.07961048158384675  0.09272094576415645  0.10455546794043356
  0.11070275047136896  0.11572463090813961  0.12076803523025892  0.12566137013681267
  0.13340996467970026  0.14147333694580666  0.14901470964101290  0.15645090372125975
  0.16540260889197156  0.17557032723808375  0.18623667374336936  0.19805598857475987
  0.21039201896803722  0.22150104906321388  0.23256241126252508  0.24349017209260884
  0.25491946362791912  0.26697396153492881  0.27720803690622625  0.28557697337152693
  0.29196293390969480  0.29815863740370657  0.30457816433906049  0.31376755984993265
  0.32431047123953821  0.33381103118879446  0.34292315767146370  0.35251256193138497
  0.36198264345387537  0.36926686402122427  0.37694815531326575  0.38504538656413767
  0.39506963246802745  0.40509896324059091  0.41399191486692866  0.42259911083995061
  0.43165811371553975  0.44305130713911617  0.45741515984987247  0.47227407859154896
  0.48575437026661972  0.49833072847390486  0.51187284283216017  0.52513181894678185
  0.53610802644488287  0.54565726978805995  0.55473411311195064  0.56435424460837680
  0.57894902556100414  0.59701092682812595  0.61100373565481481  0.62296301689344558
  0.63411252343229663  0.64568635793122009  0.65819625881847266  0.67223561563432577
  0.68596455909917209  0.69869321866366352  0.71251300307170551  0.72576423393243827
  0.73864845388633060  0.75196697932909873  0.76445548421339127  0.77600442642906320
  0.78939957282200601  0.80309805818172120  0.81733996043085966  0.83200619784315688
  0.84820488418118833  0.86312293411150098  0.87644484902352426  0.88934714743911036
  0.90308253030109986  0.91723795380125439  0.93009911595568284  0.94323828750960459
  0.95728339364772697  0.97220578424480208  0.98678580495938018  1.00000000000000000
   1.0723087225919512E-016  -1.0000000000000000     
 T T T F F F T T T F F F T T T F F F T T T F F F T T T F F F T T F F F F T T T F F F T T T F F F T T F F F F F F F F F F F F F F F F F F F F F F T T T F F F T T T F F F T T T F F F T T T F F F T T T F F F T T T F F F T T T F F F T T T F F F T T T F F F T T T F F F T T T F F F T T T F F F
