 -0.00000257350984450  0.00000754491877488  0.00001809664522191  0.00002984160113344
  0.00004118805108999  0.00004967031338879  0.00005725958565424  0.00006377812047459
  0.00006765372882985  0.00007159000395170  0.00007567615596458  0.00007991850391307
  0.00008481803688602  0.00009067614119495  0.00009615897911010  0.00010229037905505
  0.00011088609235502  0.00011987102453553  0.00012727865072248  0.00013499647129918
  0.00014306153525375  0.00015089677418330  0.00015920037390615  0.00016814254485503
  0.00017655986359267  0.00018421335325510  0.00019503827953544  0.00020906596390630
  0.00022542429791971  0.00023930630129981  0.00024663785898001  0.00025164626720191
  0.00025714444554822  0.00026240134040108  0.00026727136918159  0.00027221919489287
  0.00027711586374224  0.00028213105818338  0.00028699946692754  0.00029577142878571
  0.00030773611519409  0.00032186968251315  0.00033744417963736  0.00035357574130816
  0.00037463396146384  0.00039732213465109  0.00042154756679739  0.00044857024066264
  0.00048316987942046  0.00052218755566599  0.00056528229479372  0.00061437476567130
  0.00066510714421260  0.00071880379541985  0.00077441730713587  0.00083553449614611
  0.00090447626293242  0.00097480569306813  0.00105519926243200  0.00113333656946542
  0.00119875584079132  0.00124693871212287  0.00129788715907283  0.00134624834055312
  0.00139142832245635  0.00143649347466642  0.00148550977492955  0.00154061239616982
  0.00162407460664002  0.00175589500495092  0.00195536865754582  0.00218749331071688
  0.00242837103183635  0.00266665850185452  0.00287763290284342  0.00304794111220109
  0.00324665036057077  0.00347901227270583  0.00374003547680500  0.00409125861064991
  0.00454144849231703  0.00501005469901262  0.00565915544710624  0.00639911890899942
  0.00736146886423251  0.00873263090871794  0.01025808326927147  0.01188185597658946
  0.01415156398729334  0.01789821924129279  0.02302587181676320  0.03323632689203045
  0.05120198580580543  0.10690454492327388  0.87495778890725839  1.00000000000000000
 -0.00000056204071480  0.00000682216212506  0.00001445505686704  0.00002094167794497
  0.00002976357319863  0.00003813070448079  0.00004394349440744  0.00004888000089814
  0.00005277185234770  0.00005550265725322  0.00006004433148333  0.00006604838619434
  0.00007123977222943  0.00007527345218881  0.00007903628425350  0.00008294234623235
  0.00008728268111804  0.00009280562120372  0.00009883409730127  0.00010536773766363
  0.00011333410557214  0.00012378420624701  0.00013614254857625  0.00015009022113666
  0.00016627748524200  0.00018408958338790  0.00020140444850112  0.00021832740874001
  0.00023479132212919  0.00025073268430665  0.00026614471573844  0.00028367448915955
  0.00029955017798694  0.00031624609774836  0.00033480895877490  0.00035488604135742
  0.00037864252031427  0.00040509149012618  0.00043430282273972  0.00046564767472232
  0.00049988196572747  0.00053671048506221  0.00057231947979151  0.00060479464958995
  0.00063575764313631  0.00066701964897378  0.00069903687566676  0.00073390082966808
  0.00077406923706233  0.00082169463876705  0.00087262205256547  0.00092131858129470
  0.00096693148761451  0.00101075016486379  0.00105810017523753  0.00110100919767156
  0.00112288704431953  0.00114155227127557  0.00115934367884625  0.00117879566453587
  0.00120073664870983  0.00121985579041043  0.00123796428704826  0.00125702765598590
  0.00127270653501811  0.00130537760822065  0.00136539134113140  0.00143041074753218
  0.00149701868169059  0.00156920393442484  0.00165343441004166  0.00174363051341824
  0.00182419431676280  0.00189644075543818  0.00196531583632601  0.00203878806222178
  0.00212137992115866  0.00223169079038482  0.00235723224351182  0.00250790104138728
  0.00267264824880449  0.00283485475579387  0.00299875581129100  0.00313680586871237
  0.00329040442937122  0.00345270571522635  0.00361193493765421  0.00378887234016021
  0.00397900908217807  0.00418224314100642  0.00436893739409250  0.00454778159487870
  0.00471284236966634  0.00495733817839855  0.00520649434143050  1.00000000000000000
 -0.00000146476099744  0.00002424528945235  0.00003972071615343  0.00005500164753030
  0.00006730578236622  0.00007486973109357  0.00008255463160450  0.00009050761287797
  0.00010120220191989  0.00011527222865481  0.00013282289386339  0.00014810984136175
  0.00015578696828475  0.00016181949465884  0.00017066768891335  0.00018215435088606
  0.00019210595563712  0.00020073748495961  0.00021744272855111  0.00023639498357612
  0.00025485117203853  0.00027314753753420  0.00029476106352275  0.00031972062870710
  0.00034923192966378  0.00037904543045139  0.00041198163562505  0.00044650812548211
  0.00048389947893479  0.00052346278203753  0.00056318196755060  0.00060437820054825
  0.00064954302904402  0.00069758186999136  0.00076314048436925  0.00083538917155074
  0.00091748969162365  0.00100020558744833  0.00107852761777601  0.00115185208172138
  0.00122008529637896  0.00128744733269051  0.00136084178385076  0.00143173562579621
  0.00150291601014185  0.00157662775449795  0.00165567764991063  0.00174806846342607
  0.00183993677986308  0.00192593284734410  0.00201432796783960  0.00210141268593382
  0.00219717044557320  0.00230154338272841  0.00241204855866837  0.00254333825399055
  0.00271459939754266  0.00292915184249425  0.00315278824624657  0.00335998237848960
  0.00357948056130433  0.00389329068848782  0.00428028461204753  0.00473802274360714
  0.00514444370278026  0.00546122395931701  0.00575398740084453  0.00611762566419372
  0.00648056181445512  0.00684126357002628  0.00713382007161938  0.00793353548208270
  0.00873806833777558  0.00971104495775961  0.01084249011139259  0.01214745977932308
  0.01284320537909401  0.01352035453598862  0.01434877955467619  0.01506320207738640
  0.01580216268170656  0.01631528328904816  0.01683917735002455  0.01872068858967294
  0.02088403074433449  0.02343822414976966  0.02719292241527987  0.03226236254826385
  0.03932377333890261  0.04923493347455538  0.06083317226559476  0.07691429947055585
  0.10949501609181339  0.18151121731333850  0.79112010918490361  1.00000000000000000
 -0.00287201325539512  0.00747705961261433  0.01689152209545078  0.02621518009792382
  0.03643861709132332  0.04612129190416728  0.05541059848875006  0.06625257866837420
  0.07858372690761564  0.09368031671158922  0.10898481840209573  0.12488026577440092
  0.14184809136122148  0.15729634761950947  0.16994955559389047  0.18054894584616435
  0.19180678469281781  0.20231197439118256  0.21211636843692852  0.22157812785486308
  0.23276986844195094  0.24241916138704891  0.25148259762925507  0.25873616927478865
  0.26553432414614064  0.27298731247665764  0.28072119368095433  0.28819108132938509
  0.29649197894911378  0.30345744189886675  0.31197836592026806  0.32336258168357385
  0.33507881636621167  0.34778268763686354  0.36197330225010144  0.37565477559839505
  0.38829426498494984  0.40070924676497172  0.41241055517220632  0.42430283385153084
  0.43936390229158273  0.44857335294636763  0.45835590350755934  0.46743468597487720
  0.47719980453004762  0.48900632192058213  0.50250730769836716  0.51592517743445798
  0.52926245373916614  0.54240828920000128  0.55853942657277023  0.57098733719514727
  0.58247410648439846  0.59339415334262902  0.60326959255753032  0.61255625513295997
  0.62143225367300126  0.63342337176155206  0.64924977426474717  0.66640415473749881
  0.68205623259116110  0.69427309289424577  0.70466350008669554  0.71448183528788045
  0.72454752118213128  0.73756245776329843  0.75140626034827795  0.76254078167876493
  0.77250919268358831  0.78236078326935299  0.78732663874302655  0.79247011081289453
  0.79854710674796192  0.80505679772231997  0.81245311672931908  0.81878716829387854
  0.82378851009610476  0.82728960233033311  0.83090122509582831  0.83431200997428334
  0.84156632817026511  0.85060211755341597  0.85707270326920426  0.86315956488759193
  0.86931530311882133  0.87691413032099119  0.88376634393493037  0.88920683751041985
  0.89726812899835007  0.90789382387345008  0.92513274411202440  0.94086097878649000
  0.95618315160725009  0.97127040582381752  0.98603610315630674  1.00000000000000000
  0.00014294655265634  0.00075601539033695  0.00161712621093740  0.00244822537918436
  0.00323593583984078  0.00394064926725640  0.00468717315575805  0.00547295939130163
  0.00632982526230310  0.00729275236751434  0.00825497750903387  0.00939194672215792
  0.01074779966321340  0.01205003765445903  0.01354939017020282  0.01519119968638289
  0.01695768450722466  0.01875193203456940  0.02047895350960773  0.02212850192831929
  0.02387481547400697  0.02572262556368353  0.02773902400519285  0.02981014989951585
  0.03168619397567098  0.03305419353088231  0.03409101020883306  0.03520788338132765
  0.03644417840196377  0.03780255210433363  0.03914204545233550  0.04038267671134647
  0.04171339382318780  0.04346343953232681  0.04543260158265659  0.04739073466833549
  0.04928493142869533  0.05151098213854614  0.05455965793306972  0.05820284131802938
  0.06213556523241785  0.06649674388331758  0.07254361840440343  0.07853987522798833
  0.08471047829059472  0.09013433994249677  0.09575282052101994  0.10155853673621010
  0.10761978453848042  0.11397223298120793  0.12046356615572479  0.12690687770878853
  0.13240261507928636  0.13833274553016486  0.14600827131645963  0.15535540806738421
  0.16506524454787694  0.17418910378443678  0.18207620507328742  0.18951926008210046
  0.19666401460479885  0.20538581624299601  0.21630189700790139  0.22688164528276705
  0.23898249693153265  0.25509162287096543  0.27002800510112385  0.27947147339709283
  0.28757108931075470  0.29450896468190324  0.30143738413069510  0.30949393211028164
  0.31615846612016746  0.32368097023337361  0.33206345770374285  0.34041889952216103
  0.34903302933014774  0.35860394315865407  0.37792633070035336  0.40148060947631553
  0.42855693077061219  0.45650564634781354  0.48489574428825649  0.51232558572497822
  0.54111526412069011  0.57145767182703222  0.60328020389349202  0.63477032432970437
  0.66769302473860015  0.70337340090936040  0.73732477408339037  0.77545043786575185
  0.81652996419278612  0.87143361453905821  0.92667118172753127  1.00000000000000000
 -0.00323819422971767  0.00587439026466886  0.01512852389278407  0.02480477444766086
  0.03515703338376587  0.04575893379053295  0.05439703452764930  0.06160265173627270
  0.06798363440574615  0.07385512428382109  0.07988691094966552  0.08655229385899824
  0.09426925584731752  0.10248666753981403  0.11219059633513125  0.12225173285321547
  0.13099472967638642  0.13955536047922007  0.14812073697903214  0.15632917436843280
  0.16545597961160316  0.17559614422361688  0.18643157913988942  0.19892813018664879
  0.21361459486266754  0.22879673582537013  0.24396647289250512  0.26015131324365515
  0.27659960607240935  0.29022494249554981  0.30196983706137875  0.31344303858261158
  0.32495899070405215  0.33932266856190274  0.35543923568004898  0.37233211588044052
  0.38862709295925862  0.40311782442273042  0.41537079918073488  0.43041357352092452
  0.44615679310919132  0.46804436532456112  0.49436893210882155  0.52090594699893011
  0.54153758958229015  0.55622840331143264  0.56936740441345624  0.58637147251167865
  0.60692729597262551  0.62276411027588108  0.63213035841022069  0.63951889852414057
  0.64741504901407798  0.65419168808552719  0.66098099306960667  0.66710004327637029
  0.67412361095493156  0.68223469945537518  0.68844692043642508  0.69690409148106236
  0.70681912086700593  0.71573415563363285  0.72497117287220159  0.73508128061748568
  0.74807653544338115  0.76265493956083408  0.77708307064762738  0.78978474154188083
  0.80142832353003390  0.81207071127482799  0.82275057521454398  0.83327001279515600
  0.84348577467111729  0.85437219524916530  0.86562998009295333  0.87662781107749921
  0.88693662463180356  0.89709659538478825  0.90668724765895936  0.91484481105915438
  0.92236024568468644  0.93075258030883645  0.93919108003589191  0.94730058713964593
  0.95282856685803019  0.95685859966694953  0.96025900994279778  0.96406403232328197
  0.96817621782592256  0.97244331829981601  0.97686839193106212  0.98130330272649779
  0.98631955654900427  0.99117734913536359  0.99559790204271503  1.00000000000000000
  0.00028501149868236  0.00033525037600075  0.00037902763148246  0.00045273701351646
  0.00053132084970128  0.00060661685629732  0.00068061640124578  0.00075529462871129
  0.00083083073593159  0.00090428391449712  0.00097457729499469  0.00104768650006249
  0.00112301369101224  0.00120696581540436  0.00128791227418274  0.00135969389437238
  0.00143465223679802  0.00150898437577426  0.00158037152251917  0.00166199717649805
  0.00174730147563975  0.00183575697154582  0.00192863609480753  0.00202899501503665
  0.00215102650373098  0.00226908125621563  0.00240110366908569  0.00258872544122828
  0.00276645520172522  0.00293974066587367  0.00311954144604309  0.00330098630494459
  0.00348496751878883  0.00369953147009589  0.00391844147054622  0.00413438808889036
  0.00435384098924671  0.00457851405978557  0.00482347398750492  0.00507850540378726
  0.00534621738324336  0.00562480981226313  0.00591359875165921  0.00622255467010834
  0.00654209116339448  0.00691339693590472  0.00730400239374174  0.00771456480081000
  0.00815536822097793  0.00861207539954447  0.00910801040260991  0.00969470595366757
  0.01036520748462718  0.01107660562388741  0.01184655917143654  0.01251917213838143
  0.01278475049825554  0.01311268221483978  0.01344232095876739  0.01375394770917924
  0.01407873445862864  0.01437300785072397  0.01466633470986154  0.01500335372035813
  0.01529439581384268  0.01556836271835258  0.01589790247118106  0.01689595861354115
  0.01802801753962669  0.01914413802469028  0.02039520533075830  0.02185879625533182
  0.02346115436221918  0.02509829333400156  0.02694553533925619  0.02899681330125410
  0.03131345360631482  0.03376543410745260  0.03635926158765667  0.03892575825140029
  0.04201179997269228  0.04675996256337826  0.05219389137853512  0.05665418249080231
  0.06229714080437812  0.07114346557760270  0.08434125048126909  0.10034032063655048
  0.12116620286322408  0.14194365808505854  0.17285841266792676  0.22685211075641129
  0.30159217408060701  0.41808098549123068  0.57192211059081288  1.00000000000000000
 -0.00542922520393370  0.02008710542964247  0.03612718874985082  0.04746175273819283
  0.05181828737597378  0.05687863557843804  0.06137898932599185  0.06652963269801164
  0.07070870176637441  0.07506605353662985  0.08486751031009765  0.09618250015792461
  0.11002711097874743  0.12294369280928959  0.13151251237814540  0.14009306014206491
  0.14934776097148650  0.15894495723067817  0.17068629649799061  0.18666491217114436
  0.20442725061664607  0.22343783169084111  0.24068195186465946  0.25398177292661850
  0.26741276336963038  0.27907675004193189  0.29000878376704659  0.30270033646630395
  0.31620545814800605  0.32883792299735476  0.34006804859838446  0.34927487220747111
  0.35875601564253529  0.36879925340011516  0.37932511234092764  0.38964050612550816
  0.39968695776221297  0.41023691398919032  0.42084640460242828  0.43137128698931437
  0.43888468241339429  0.44661932498139878  0.45398145405224444  0.46102172071761832
  0.46796190876933952  0.47519994774583185  0.48300420222005969  0.49101177528640039
  0.49917802571084335  0.50932748959987961  0.51986889329448982  0.53026427585748337
  0.54034408315032501  0.54946246743190652  0.55793894525070087  0.56556199835934307
  0.57197760283506804  0.57853592768169226  0.58558928245166952  0.59393097855621579
  0.60193453605417702  0.60807956155384413  0.61390302994593682  0.61947484345252757
  0.62548412354886673  0.63364368584977360  0.64421021740884954  0.65545145912927461
  0.66594074873215969  0.67558056628139529  0.68494766450353661  0.69338599848849192
  0.70180605349566305  0.71168377065278665  0.72190363042257288  0.73431121230732799
  0.75031252838670004  0.76061489909441582  0.77211630850212876  0.78261793184077766
  0.79346625490647349  0.80542008311614621  0.82000254280838991  0.83926172618555561
  0.86297666774021142  0.88975329045332152  0.91246480860152723  0.92640756159309834
  0.93799593506517209  0.94988692213804282  0.96134027095734420  0.97040504383591975
  0.97842482670522146  0.98640632802340544  0.99283139706477941  1.00000000000000000
   5.4777022089212311E-008  -1.0000000000000000     
 T T T F F F F T T F F F T F F F F F T T T F F F T T T F F F T T T F F F T T T F F F T T T F F F T T T F F F T F F F F F T F F F F F F F F F F F F T T F F F T T T F F F T T T F F F T T T F F F T T T F F F T T T F F F T T T F F F T T T F F F T T T F F F T T T F F F T T T F F F T T T F F F
