  0.00005508359592909  0.00013582177395361  0.00019104102646116  0.00024275281397620
  0.00028697899614082  0.00032592595846866  0.00036551118779386  0.00041374214860077
  0.00047032690522092  0.00053092606490379  0.00058859981111682  0.00064431977700711
  0.00069947039356835  0.00076667708075890  0.00083920092288486  0.00092059060232806
  0.00101313284649397  0.00110908923844519  0.00121084427928509  0.00130598759659748
  0.00140240388595224  0.00149676416198243  0.00158698212242201  0.00167838093969744
  0.00177740016504442  0.00188608412011300  0.00199595168809379  0.00211152471559609
  0.00224603767855410  0.00240159682587229  0.00256063074994664  0.00271661860481598
  0.00287122302026623  0.00302182044798196  0.00317826385965208  0.00340037483104165
  0.00364331983340589  0.00391538562328319  0.00426483639093839  0.00466318408314600
  0.00510975629737248  0.00561527550104623  0.00613696532613589  0.00662320925052005
  0.00705318771483231  0.00745654329184273  0.00788782543333849  0.00841308456785491
  0.00897835142116650  0.00955868489209304  0.01017683917947328  0.01086992843273181
  0.01150183085735464  0.01204459596246419  0.01265551687615272  0.01345673327613931
  0.01448793819701650  0.01593598855363551  0.01763155906528255  0.01952548536269312
  0.02168512669340958  0.02425502484307130  0.02730503327762025  0.03110926183562695
  0.03405259847397735  0.03569387143199278  0.03698101871238133  0.03812310179418608
  0.03887095952185057  0.03962767944399335  0.04066073837961830  0.04252470771867517
  0.04430383901200231  0.04587739012677732  0.04714177052650573  0.04767867736432640
  0.04860843995644953  0.04956400800894981  0.05015727724122572  0.05133876840361706
  0.05255852425327544  0.05379410195622949  0.05549077183618779  0.06019335955939081
  0.07176476420647986  0.08713112991396560  0.10218828270190225  0.11534436574210248
  0.12653498763209581  0.14131482434000550  0.15729629470521853  0.16633483465613186
  0.18106865289940346  0.21980642815350093  0.34863183595596758  1.00000000000000000
  0.00026390843976829  0.00077948510701941  0.00098998169668348  0.00119557741947418
  0.00141081950621934  0.00161507419279246  0.00183004711897080  0.00207204717057219
  0.00234106586224269  0.00265740130030337  0.00297989104920114  0.00330613813023689
  0.00364288862682832  0.00402640094250749  0.00446681160072482  0.00498823423916899
  0.00558546931753815  0.00626896460033210  0.00700563401262768  0.00776708315990663
  0.00844057768020569  0.00897714473352228  0.00952725524994159  0.01008643655671670
  0.01064929033454259  0.01133240342549681  0.01204887654725993  0.01274068094880612
  0.01348957086166063  0.01430611600290388  0.01512545850098386  0.01610025931609496
  0.01730738689093164  0.01851254499288661  0.01980424688909047  0.02130253359541534
  0.02298593760139896  0.02484962511727530  0.02680570750293152  0.02876417626270329
  0.03073313837832410  0.03262652115219943  0.03464222450332620  0.03691837964684116
  0.03930322329621041  0.04138314371304695  0.04306675548981666  0.04471235432750180
  0.04656307566720175  0.04862154491705865  0.05070005300562723  0.05346741027727554
  0.05767220122760941  0.06312911918574167  0.06915677603760305  0.07493360850915293
  0.07991313320095988  0.08520505484712024  0.09012669090318372  0.09497659781997468
  0.09998859460799120  0.10438104105034202  0.10933370794271369  0.11512725932723485
  0.12317388175617816  0.13209051990619863  0.14238922804747559  0.15580223551899611
  0.16922357558829335  0.18430846937207873  0.20012755722181771  0.21781267124724199
  0.24137636803412693  0.26060351516479885  0.27529961194029495  0.29262404646253581
  0.31141721818149715  0.33016407884975663  0.34689450067374195  0.36937126832076367
  0.39440169118441237  0.42089388302316721  0.45928397528639264  0.49982251649389087
  0.54492024048072119  0.60135808542164271  0.67808664759320336  0.71396216751617325
  0.73763985792107722  0.75893557816631840  0.78445730976221695  0.81842292387514892
  0.83724538284241234  0.85030118156575185  0.86772257338390280  1.00000000000000000
 -0.00000016614407956  0.00000148854075488  0.00000459755086236  0.00000733307987930
  0.00001013313991957  0.00001356466652978  0.00001712636257409  0.00002078431248482
  0.00002459650828350  0.00002857179653817  0.00003239601404885  0.00003600828435072
  0.00003931969892249  0.00004279210942602  0.00004623680680560  0.00005030179193269
  0.00005415352845695  0.00005802946929420  0.00006138918797661  0.00006553541955224
  0.00007022292457076  0.00007490199989250  0.00007820827705190  0.00008159510178715
  0.00008552603946608  0.00009032931640878  0.00009547850476353  0.00010127546115282
  0.00010649625500217  0.00011116589514722  0.00011688471071367  0.00012285128999460
  0.00012881528874665  0.00013566236730204  0.00014278427989197  0.00015093827873625
  0.00015935661264827  0.00016822502844990  0.00017780465449948  0.00018846489788337
  0.00020093556385541  0.00021232554795373  0.00022501687980659  0.00023714427078045
  0.00024982062016266  0.00026291119295779  0.00027631516116229  0.00028882543623585
  0.00029893162501065  0.00030936495734696  0.00032118382438198  0.00033463766503696
  0.00034919660415143  0.00036347248762424  0.00037581131031196  0.00038525874417458
  0.00039601022740053  0.00040780924943223  0.00042240122651739  0.00044006410773985
  0.00046034392339418  0.00048527124212930  0.00051397465615948  0.00054420291754307
  0.00057357392837768  0.00060038518627495  0.00062745984369691  0.00065743062632171
  0.00068865787973763  0.00071886614389659  0.00074826369784893  0.00079125433991607
  0.00085015649991180  0.00091148760172743  0.00097820271856103  0.00104746219007747
  0.00112853196784922  0.00122097012334655  0.00133091309149869  0.00145453212310451
  0.00158882143265185  0.00173745098782112  0.00190498726707952  0.00211810711397795
  0.00237678185430064  0.00277175341674621  0.00322547221085554  0.00364454100265767
  0.00406007350484596  0.00464087019902298  0.00560870767813850  0.00722682404226621
  0.00942811345547105  0.01436765277428231  0.93926720234863659  1.00000000000000000
 -0.00651709376247822  0.12311804879816958  0.18335383412587053  0.24218182196977733
  0.28920226042526515  0.33257181482572412  0.38464471860833266  0.42899856705197648
  0.46093186591129803  0.48576886756667287  0.50718657519573729  0.52916831984531898
  0.55015435934341206  0.57040848240670228  0.59068076273711356  0.61008388898992638
  0.63276172323187807  0.65038190970595933  0.66610505313079238  0.68074618679569665
  0.69417561487041424  0.70786587798240319  0.72063273670374151  0.73384474033611735
  0.74571314598296190  0.75732837819332799  0.76859459101736483  0.78302089507475114
  0.79221564810747802  0.80150275477960409  0.81011160660097592  0.81886187147045031
  0.82668625294902909  0.83344211407963031  0.84027487739328166  0.84760165171989110
  0.85570721483677870  0.86272627235076371  0.86854997681286705  0.87421604196256286
  0.88019902713664400  0.88680596174398263  0.89367985956060592  0.89981337155554031
  0.90547040695159375  0.91150631114487635  0.91677487599110785  0.92087021852974926
  0.92432760896730770  0.92761206568627896  0.93080363774473907  0.93386305764957322
  0.93735376394021208  0.94077239927081024  0.94385842595614433  0.94698757863788241
  0.95014971698380668  0.95324417389030303  0.95619997673291424  0.95875463023183849
  0.96059030560703096  0.96249661029619216  0.96443349980886495  0.96644181428854758
  0.96839026970940345  0.97020324851983342  0.97186376830946908  0.97328326702868584
  0.97465753053907578  0.97614158022600994  0.97774713470047592  0.97933118220961468
  0.98087338534290425  0.98204435298384574  0.98291711325790720  0.98377985030883619
  0.98449699665105872  0.98512339584991282  0.98574142350814364  0.98636567615735360
  0.98718693817671077  0.98834058505666378  0.98961214193058811  0.99079264735913120
  0.99195466441853031  0.99302726878529712  0.99402780045182193  0.99490489061882503
  0.99573614408518152  0.99652554372582158  0.99714959165340289  0.99777024962763383
  0.99836884105692014  0.99895415606039151  0.99947707803019581  1.00000000000000000
 -0.00306436089033311  0.01069780737456754  0.02399465353830080  0.03625298190527090
  0.04903759493440476  0.06212409089059572  0.07448370669658190  0.08470580808622524
  0.09363145177951405  0.10284729045175858  0.11251272527850072  0.12342303668964306
  0.13409694190703167  0.14496562394251261  0.15672514409788887  0.16849622045243087
  0.17968188762788176  0.19105469060216229  0.20387774430684616  0.21724907399450336
  0.22960021725403723  0.24102462179293296  0.25021822177163650  0.25515761895362060
  0.25950944146717136  0.26452070848930997  0.27043748409740492  0.27653371815837313
  0.28217492251336918  0.28796028734056944  0.29398757532844155  0.29846653964351855
  0.30236258766015572  0.30725226327649352  0.31436044116726108  0.32684358590171225
  0.34121188289183113  0.35527260782243025  0.36878894056064082  0.38030963550742858
  0.38716329390126081  0.39384967934693382  0.40080301188788209  0.40798900935201987
  0.41557238633752247  0.42352800274061708  0.43390492856334123  0.44850422174366966
  0.46433346311166979  0.47735301434411676  0.48970798636510832  0.49970603780181705
  0.50854707820935063  0.51814046908843947  0.52894429201732573  0.54132386395206511
  0.55473137249734750  0.56622016824548804  0.57929166503086016  0.59253263893276875
  0.60568222718106846  0.61929328686638097  0.63248062739541588  0.64278933965742791
  0.65526218861409080  0.66941363922774488  0.68403511483844559  0.69595374911107843
  0.70504325264610745  0.71438248132440008  0.72368186406622603  0.73199509272200358
  0.73990566153674719  0.74881153326450667  0.75954319494591382  0.77084255841910820
  0.78270807502697815  0.79511282182566623  0.80741128455109179  0.82055703339060104
  0.83329852490667622  0.84690361998412311  0.86017639492827080  0.87317711985346680
  0.88640193116790578  0.89868120805564278  0.90974117462608450  0.92041777794911539
  0.93120222213191306  0.94112233009828583  0.94970600917810555  0.95829288244022603
  0.96843364770785878  0.98033767058814381  0.99066529597399322  1.00000000000000000
 -0.01098304323394121  0.07593540687462633  0.15345159465137653  0.23587738163745481
  0.30265922831423003  0.35872536006129424  0.40889984579828026  0.45799077770829449
  0.50249415028891686  0.53873550163362027  0.56627192213538757  0.58951402006634557
  0.61217017076897851  0.63548828247730138  0.65586437057555336  0.67397558525928658
  0.69112138236437126  0.70984023695963472  0.73013712292815203  0.74858341024092434
  0.76356616901765273  0.77579197476601747  0.78712643697271634  0.79848314188696767
  0.80890905115360257  0.81726118204070086  0.82475318179648860  0.83215688985853919
  0.84018121846428717  0.84925443720697125  0.85790853954439816  0.86555808367829623
  0.87277706306380021  0.87966018855156025  0.88653091912814019  0.89368127847377754
  0.89937782812840694  0.90449971290179565  0.90993370917383543  0.91517344326288264
  0.92058974567285201  0.92421648624471364  0.92769677383726978  0.93120173586647037
  0.93445084637667652  0.93752863761043770  0.94049231085833362  0.94336739080550114
  0.94619733100358572  0.94913943434143300  0.95227107282244416  0.95531663301657266
  0.95803162588720570  0.96013057847817029  0.96181311801303004  0.96341702314728006
  0.96515329955674156  0.96684784469489915  0.96856913543533962  0.97019399943551410
  0.97175545084282722  0.97319195005743164  0.97447135294518161  0.97566608975313951
  0.97693649100692304  0.97805068825087615  0.97919428189074043  0.98027831726759940
  0.98138361606207503  0.98246586038346118  0.98341002837833225  0.98425689713818187
  0.98509888153144864  0.98594578497483454  0.98678214667746555  0.98760029957902395
  0.98841460482756516  0.98921854107360585  0.99005051500717012  0.99093838710903848
  0.99190791529934841  0.99289131960300625  0.99352609006499892  0.99405732728717011
  0.99455794892585325  0.99505090584816158  0.99551211738361434  0.99595198138701624
  0.99641588111948387  0.99689915434367049  0.99740558164925341  0.99793666832663275
  0.99845440273432740  0.99896898872921713  0.99948449436460862  1.00000000000000000
 -0.00227413501235250  0.01089460837770252  0.02109651676152768  0.02979241280849130
  0.03886485515656504  0.04665358944302186  0.05547844093382343  0.06689159722560403
  0.08093841410846454  0.09620765999465539  0.11063504703142546  0.12437325148472535
  0.13826594025790742  0.15220373551305114  0.16617883808052350  0.17986001040951655
  0.19303830188098473  0.20605876823936167  0.21918536313347942  0.22963014440177548
  0.23567545627111436  0.24075436813168849  0.24561520036903689  0.25029529468851530
  0.25475588055863418  0.26010413246140063  0.26527281720449614  0.27015925664518647
  0.27564408557643155  0.28040348643350071  0.28444953606462803  0.28919862153030879
  0.29742495207684760  0.31076485216810318  0.32317247900359924  0.33041762354583237
  0.33793431753222797  0.34611086260424528  0.35391486684917267  0.36090590201345357
  0.37120118299763022  0.38318790302662203  0.39538780905732590  0.40739593267002799
  0.41896884424245168  0.42943849640006820  0.43993931594593816  0.45123844307867284
  0.46394092603486958  0.47720000321564249  0.48990635080302553  0.49933334693547371
  0.50684434540639822  0.51621911021209588  0.52563715156393664  0.53513876700108931
  0.54483425134963848  0.55925942157611896  0.57310759838259462  0.58625427073290226
  0.59887449012192795  0.60937514301125584  0.61927240871181111  0.62919006110124409
  0.64119476621681470  0.65253472867820095  0.66329280529408707  0.67254780780577317
  0.68297456187208561  0.69451786248827052  0.70484816404949169  0.71428713074784278
  0.72212829844032922  0.73197421048708289  0.74260737003869881  0.75445232766837633
  0.76700414791896976  0.77992083913924237  0.79538265411099163  0.81030672926481462
  0.82291894614318684  0.83463041386614012  0.84546826425988852  0.85558181923684007
  0.86596378807864083  0.87715684819246464  0.88783167666705820  0.89799828925537395
  0.90816100287597890  0.91740377359565328  0.92670158812807146  0.93760908501225160
  0.95386193946612230  0.97068423091041445  0.98571505896029110  1.00000000000000000
 -0.00293881509618653  0.01013961666233595  0.02212876891268300  0.03453083244682747
  0.04684728390137653  0.05742121178770478  0.06751256689794498  0.07825393082153789
  0.08912825398091291  0.10117396637920369  0.11613148251090163  0.12876438024673711
  0.13955204620783218  0.14995041174709303  0.15983721180632293  0.16970312454094746
  0.17975531366497016  0.19089884771823895  0.20279009701206541  0.21436280848003400
  0.22370739318329733  0.23143761610248675  0.23902966988876831  0.24736602099475913
  0.25604910028910349  0.26820281042257982  0.28280794868560516  0.29420743558222995
  0.30497253158537413  0.31466998821164577  0.32390702287127637  0.33449635282803386
  0.34648513516143614  0.35947115786483907  0.37370821807884563  0.39159438974702715
  0.40927850788961162  0.42106934289846631  0.42945936757353026  0.43769853642334811
  0.44261011791252780  0.44721970454078075  0.45106056901091324  0.45517413455279560
  0.45984282420227801  0.46427060497528366  0.47149042934953944  0.47934031673879951
  0.48353773492937618  0.48731344921575404  0.49169080920360270  0.49669330365538944
  0.50265459384826439  0.50829963645769405  0.51357358366780093  0.51979482419417655
  0.52625399110231308  0.53234856123367391  0.53858491564210098  0.54533749195719050
  0.55923391207796314  0.57324592771903904  0.58894617769916524  0.60624683761962450
  0.62167773643984525  0.63442514620259349  0.64429158961179334  0.65386456316499808
  0.66333684223002498  0.67522295954701550  0.68947971551871479  0.70755261150541249
  0.72604186378977864  0.74396826597366950  0.75996518898837162  0.77526802969240838
  0.78716293785195179  0.79849279093696135  0.80908891320915832  0.82036054620038423
  0.83311980810974728  0.84451063883309663  0.85463770007457851  0.86409115622800381
  0.87320343423723124  0.88236945338175887  0.89231742011446025  0.90345356146113298
  0.91503989620696868  0.92605117595327335  0.93798926753613188  0.95126795711445455
  0.96403077389072367  0.97585251645105175  0.98781483199276043  1.00000000000000000
   3.0491686845409217E-008  -1.0000000000000000     
 T T T F F F T T T F F F T T T F F F T T T F F F T T T F F F T T F F F F T T T F F F T T T F F F T T F F F F F F F F F F F F F F F F F F F F F F F T T F F F T T T F F F T T T F F F T T T F F F T T T F F F T T T F F F T T T F F F T T T F F F T T T F F F T T T F F F T T T F F F T T T F F F
