  0.00474265926406963  0.00522664113776803  0.00577670796362823  0.00641951393228452
  0.00706739525048957  0.00771760675506350  0.00850584117177340  0.00936060657385442
  0.01031566733170601  0.01133119846169431  0.01235180792559717  0.01339962551523002
  0.01455419506776167  0.01610059915312103  0.01799269450226467  0.02012011713525658
  0.02241533140172697  0.02474222505153623  0.02708246878645473  0.02947516546391743
  0.03199378977062249  0.03479424712949738  0.03822218811492677  0.04202386976577371
  0.04692700281196822  0.05165592461571866  0.05664822840137443  0.06227785802586083
  0.06927859753172352  0.07432878702633933  0.07904687476379167  0.08374360847521625
  0.08958413331332392  0.09734333588664716  0.10718802537879617  0.11729095562401315
  0.12518751747511456  0.13069630687172246  0.13675052376121596  0.14289442619702850
  0.14918340936151192  0.15626842836846622  0.16392771564749808  0.17151397592907380
  0.17758897155548026  0.18357850165810263  0.19293979704410716  0.20809851108002755
  0.22506746783137282  0.24241357427527224  0.25941573532602741  0.27416287756904045
  0.28748603030457881  0.30102675324754591  0.31448915769479402  0.33037513849335942
  0.34498031105391103  0.35920583680200863  0.37374639676129939  0.38771025492097311
  0.40195458997022993  0.41723095168813434  0.43199838891942138  0.44804908133053495
  0.46142993405082267  0.47550983128718116  0.49147613818283181  0.50908217100978315
  0.52618842629192641  0.54105006794794630  0.55370808861148590  0.56601181553509639
  0.57959741450511115  0.59547089554605270  0.61285977085617183  0.62848294137310357
  0.64314200672264998  0.65829432523390452  0.67282136948113391  0.68631423235959077
  0.70235947094224049  0.71936689179112301  0.73900134067424050  0.75828452953161862
  0.77170936981896920  0.78317163407493606  0.79499306284515581  0.80843046014668440
  0.82421298127849807  0.84119591803605220  0.85477435128421675  0.86705730796464531
  0.88902841391794463  0.91821652867219294  0.94951674167062894  1.00000000000000000
  0.00001684177808395  0.00001812211409760  0.00001905339660062  0.00001990098501202
  0.00002066445711280  0.00002133505188692  0.00002186507047652  0.00002259517665154
  0.00002354128191859  0.00002421007313148  0.00002482609502539  0.00002548036049740
  0.00002608991750700  0.00002656675760786  0.00002701161220913  0.00002747781017317
  0.00002790870836675  0.00002831762022340  0.00002874776988426  0.00002908037332982
  0.00002933974702980  0.00002960914063293  0.00002986671783855  0.00003012282808053
  0.00003038184547441  0.00003062158641618  0.00003092699980139  0.00003131679927493
  0.00003187911041025  0.00003284099547568  0.00003380585333105  0.00003465477325454
  0.00003570268374461  0.00003693562927159  0.00003839995377753  0.00003993820073527
  0.00004155818284354  0.00004309636775646  0.00004460663728317  0.00004597820925203
  0.00004701848571967  0.00004816261652725  0.00004919830531050  0.00005004339308580
  0.00005082931795352  0.00005149284971892  0.00005210569616812  0.00005263475524704
  0.00005313124536696  0.00005362454003532  0.00005404892660861  0.00005445998313754
  0.00005487046158225  0.00005532497252353  0.00005580931177198  0.00005627066261753
  0.00005668768049408  0.00005711144005591  0.00005759595109592  0.00005808761355583
  0.00005853575555500  0.00005895052923509  0.00005938263595776  0.00005989017307557
  0.00006030017373807  0.00006069671208347  0.00006108180889181  0.00006148470399977
  0.00006189901335358  0.00006231803558653  0.00006274454524474  0.00006316687056375
  0.00006355541292580  0.00006394383048884  0.00006432712870865  0.00006473035199984
  0.00006504016773437  0.00006532642281852  0.00006557787954356  0.00006589240805326
  0.00006622214978630  0.00006665483947942  0.00006710759931771  0.00006738026835313
  0.00006839419086239  0.00006940811337165  0.00007137797460232  0.00007428736118756
  0.00007719674777279  0.00008015435937241  0.00008314229438414  0.00008613022939588
  0.00008737116895142  0.00008799473608090  0.00008814132204634  1.00000000000000000
 -0.00836837589471720  0.05325239636438348  0.09044187065755889  0.12168551451629539
  0.15194257228005636  0.17619572785256474  0.19761707541385870  0.21549445397364581
  0.23190181573922633  0.24870004308320134  0.26379538057936519  0.27838346920989654
  0.29352916425024478  0.30938312428457604  0.32354182910887169  0.33558989394058231
  0.34812320038159755  0.35811891746310098  0.36965652819127781  0.38352967560757234
  0.39660940229641245  0.40715097957608065  0.41797820649619527  0.42730674777389299
  0.43748036964512443  0.44747336109474839  0.45777204957768891  0.46846314621177809
  0.48031683380956541  0.49414066285940206  0.50920260023832675  0.52394225105385728
  0.53685588099703263  0.54742707221134579  0.55771166577870535  0.56752940052246026
  0.57884022349756958  0.59317008097648927  0.60844130622224113  0.62278646311283992
  0.63600910829669222  0.64802713311227034  0.65903764781231400  0.66972675638054924
  0.68072818756373332  0.69244636177620955  0.70607654163066980  0.71442587116720779
  0.72255365607241273  0.73015814475653773  0.73699038050581767  0.74348125712743507
  0.75016123767133047  0.75684881509797963  0.76344658494189255  0.76885604013665787
  0.77644189550282505  0.78494816634851272  0.79350602653261981  0.80239792893257789
  0.81088584784218987  0.81938809597992579  0.82755606855075070  0.83520528924870596
  0.84284588907477331  0.84975935483138199  0.85655246636101401  0.86330271145555348
  0.87064300142001705  0.87826809992079047  0.88300174642704321  0.88709910872106590
  0.89096149012014614  0.89509784698326922  0.89937369181527960  0.90364799529098350
  0.90896184804716862  0.91469014339184651  0.92165338549014597  0.92881468618343566
  0.93620069251825466  0.94191225490219099  0.94749752089913264  0.95352240766550966
  0.95910642352582476  0.96343572724624127  0.96733982729927648  0.97094864813073467
  0.97428512484040009  0.97779132105252753  0.98149352646168964  0.98599765185182076
  0.98982034840522592  0.99351280080808979  0.99660849703165522  1.00000000000000000
 -0.00116171946906818  0.00626194028929097  0.01266282052671047  0.01875208834536958
  0.02631519323374824  0.03385454173223434  0.04191726128229190  0.05263573183146290
  0.06434877633212158  0.07904553492879869  0.09178842010270201  0.10609826221181833
  0.12041191039784500  0.13542583745445458  0.15062893828847293  0.16330329429217791
  0.17648842081858154  0.18933284709721371  0.20125751453099566  0.21241503065214346
  0.22329209415374715  0.23510677314427120  0.24824095350359021  0.26334850004868576
  0.27526226573325974  0.28761860277485968  0.30105225895472532  0.31625334780297554
  0.33059364286821230  0.34435423417118644  0.35770427295466717  0.37060553122789108
  0.38160668990796853  0.39071534715347123  0.40120494013042618  0.41028986026764197
  0.41935915373372606  0.42880489493593665  0.43842003136057056  0.44811872686076609
  0.45767895368970829  0.46705664621679538  0.47646319230718537  0.48469948468332197
  0.49084293251059091  0.49710108644665268  0.50424576463364579  0.51138296548556061
  0.51791877482343252  0.52393154393463237  0.53150997895783580  0.53916342637097425
  0.54628935476316443  0.55257889376090008  0.55874763180543441  0.56445244067784450
  0.57169493437700225  0.57829848700670539  0.58725638221832588  0.59809361521739501
  0.61190134115275718  0.62973207950081433  0.64507441762441287  0.65592119116866998
  0.66601742564178013  0.67708781587335276  0.68924612420630837  0.70035359347528514
  0.71034383265605372  0.72090665729473535  0.72938217706600128  0.73668804159996293
  0.74448255672118657  0.75307677009044693  0.76257298286788211  0.77494072384342050
  0.78837804400368650  0.80055912144612162  0.81254308059350211  0.82522059758796928
  0.83877234170443371  0.85238760977684058  0.86465324782241382  0.87579345334445846
  0.88707751624461395  0.89757814216814169  0.90747245286310141  0.91592298883643353
  0.92384895015674806  0.93156133591486889  0.93962423550594265  0.95027173459069303
  0.96480248511086364  0.97837760271560525  0.98985866473369322  1.00000000000000000
 -0.00380968893621322  0.01742337197946234  0.03316874626247026  0.05516260945556645
  0.07080249841846982  0.08315633870404100  0.09501012552596814  0.10775255169062929
  0.12073864960047367  0.13414074139762755  0.14829172957501074  0.16250226612884422
  0.17646097857717127  0.18988048601553789  0.20327507899575040  0.21706565101214212
  0.23495327575703678  0.25476412949072452  0.27606000847319523  0.29533641189026039
  0.31324134668746617  0.33216789614746522  0.35245863105187430  0.36649437394750972
  0.37658494754766481  0.38601055575072307  0.39594139018061453  0.40747950807776878
  0.42048590863403451  0.43398447181493593  0.44431640651025273  0.45338224240370778
  0.46195113998608822  0.47102245761214590  0.48035441546152269  0.48890877881680833
  0.49767205760084038  0.51237939859457104  0.52903991516675208  0.54547467510210568
  0.56045042027890202  0.57426938861998800  0.58656677908581945  0.59537742054849740
  0.60165455698638248  0.60814848277286382  0.61477692273099549  0.62186339255911549
  0.63012314602793229  0.63929412399617958  0.64785651850825066  0.65581543187668423
  0.66309235407971867  0.66984593170179740  0.67761229420855618  0.68487732405056101
  0.69471401786034070  0.70425205544880187  0.71350741356110958  0.72247294905647197
  0.73215937130913422  0.74357553094709739  0.75535065781502142  0.76566975563584494
  0.77398634192469318  0.78174247526679252  0.78919406051947993  0.79615007374275215
  0.80297133278141775  0.81019086503403848  0.81777974909737372  0.82615487769539231
  0.83620334739628532  0.84878256295237997  0.85734383441429129  0.86292668677642714
  0.86957466716871912  0.87640532988998443  0.88276450117701832  0.88790904799505099
  0.89371167308297006  0.89881952931932596  0.90449020925230239  0.91023840964774660
  0.91493549368547977  0.92047063235929993  0.92743981445668200  0.93431917384367025
  0.94123921696461643  0.94811389936673818  0.95486498821526711  0.96267220756754979
  0.97202139096869222  0.98204681632220259  0.99115846210416669  1.00000000000000000
 -0.00433062778587659  0.01516222291947679  0.02699095073598524  0.03797894420021543
  0.04745580472862991  0.05646001060785064  0.06542446753043296  0.07384233081764993
  0.08041295518689924  0.08805971468872546  0.09650789879950733  0.10499666519815440
  0.11377264655653881  0.12448485551891446  0.13777839188177185  0.15291477166955458
  0.16720946104569800  0.18068553769664511  0.19122543516274579  0.19998590004844385
  0.20922571353367175  0.21990509035558592  0.23331228029288836  0.24758168541552289
  0.26208466969160188  0.27676921438728452  0.28917562017396825  0.30011020453660348
  0.31096663661607110  0.32081082732976385  0.33245352767976832  0.34512917238262109
  0.35873224204235071  0.37315802205101195  0.38691421585159497  0.39980738886571993
  0.41113987895050624  0.42270962572468512  0.43516330943348880  0.44837165886026953
  0.46222390715575706  0.47488927150755683  0.48756758030172198  0.49923077113588660
  0.50810057518156082  0.51719063581919977  0.52697842161806618  0.53763841710615745
  0.54872949293195883  0.55912189826377734  0.57143242344781797  0.58287115195046990
  0.59350258738433614  0.60512591575073060  0.62086370571680172  0.63843526129877082
  0.65503208606987307  0.66850521562177723  0.67706760130349664  0.68447878571318277
  0.69144412753732087  0.69859008756778207  0.70537526417844287  0.71207472852608400
  0.71845345444359487  0.72463608832891180  0.73547832724718998  0.75036659159020891
  0.76518926077619753  0.77902003826703914  0.79092355641401924  0.79861201858287356
  0.80456068969431105  0.81114995726025085  0.81743759689371898  0.82278673970316374
  0.82797131518764189  0.83335778439983821  0.83954020140406727  0.84603529783153830
  0.84979700409589376  0.85479485745090833  0.86190365093936916  0.87101805807365262
  0.88171379531128435  0.89324839055734484  0.90505888325586537  0.91781111238896385
  0.93046966965739997  0.94106470284051713  0.95069123522525900  0.96083798844728718
  0.97128872659440435  0.98133015118818845  0.99064298103563830  1.00000000000000000
 -0.00090312140893377  0.00429543573510668  0.00862048073088436  0.01299049221204295
  0.01759270596062812  0.02259187308328671  0.02721062676110876  0.03171259371199654
  0.03558186928263753  0.03920747827292303  0.04269102617316736  0.04659468730514307
  0.05112228190191462  0.05573920727078930  0.06082702328260602  0.06682292130439438
  0.07182277102472416  0.07633298790583844  0.08116656641273892  0.08622164573044477
  0.09270307053824502  0.09872717842353816  0.10429843516838461  0.10993884784375413
  0.11523667697397871  0.12073724925262679  0.12684075370176018  0.13500343089603320
  0.14549365639440182  0.15705136049722110  0.16897180773318698  0.18036346159936706
  0.18952360086980649  0.19787116134450561  0.20643798515653705  0.21510073464553922
  0.22364723262343628  0.23207946166711521  0.23994594260338012  0.24637242735799270
  0.25224108162365511  0.25778511898039591  0.26370976088555675  0.27198533818397103
  0.28232947559858995  0.29235227366704680  0.30061326744963512  0.30707016065930037
  0.31393583521031371  0.32164191046645979  0.33064858402424907  0.34123357589815329
  0.35194894428208129  0.36206051022508501  0.37276571174394113  0.38319658735751372
  0.39280780330126608  0.40191122521277867  0.41059116817853997  0.42048489466836653
  0.42858346631355354  0.43637011933599751  0.44467749876547624  0.45433345554241006
  0.46611299244695970  0.47826653567597871  0.48832420597662596  0.49689354653227674
  0.50529288100197212  0.51380758530697257  0.52228433719002598  0.53071961702628145
  0.53866528981686046  0.55139096664684817  0.56367460130838276  0.57306829468108578
  0.58171052182882221  0.59050577982288743  0.60053718616276153  0.61201181884911871
  0.62404453981315955  0.64080413567237704  0.65771532587084680  0.67398646914172278
  0.68974807913889691  0.70791276728220320  0.72910861132105809  0.75313293559051697
  0.77443764767264456  0.79333309839598121  0.81508352128429185  0.83861872179669084
  0.86770294534482573  0.90187515435898014  0.94783103838740668  1.00000000000000000
 -0.00231765571039687  0.00635794794328892  0.01509284593295030  0.02305909349557225
  0.03205131164406768  0.04098855189346058  0.04976615504106502  0.05873246882596467
  0.06790842666103047  0.07759186241376080  0.08736061713359927  0.09664139643732150
  0.10705295626394466  0.12087281757063095  0.13683996791331041  0.15189570922735168
  0.16449869526974412  0.17485382789978721  0.18433783343456156  0.19206071993918941
  0.19781384301898719  0.20315019175175211  0.20868243179626783  0.21350808672654051
  0.22046125410049755  0.22891622995439781  0.23728300917038242  0.24572184630624189
  0.25441570261846380  0.26405973768833324  0.27574875939254689  0.28917295399173276
  0.30270927614071863  0.31605463598812056  0.32968390587503599  0.34425396532842523
  0.35565738839787886  0.36589894342081786  0.37533837646188545  0.38545483852935580
  0.39530434134769749  0.40468469476627167  0.41398647893273433  0.42444971199809106
  0.43753077504006038  0.44929655524107320  0.46423045164292676  0.47903063854311395
  0.49095839468724950  0.50213804073922841  0.51395421488698634  0.52596444723312830
  0.53805963980105886  0.54955692287251556  0.56041615872858919  0.57186819896637964
  0.58431247640979722  0.59975595275081850  0.61590975451358088  0.62982082880216628
  0.64171442415530755  0.65233080227700169  0.66137492301349932  0.67130742770497265
  0.68215600609617022  0.69412587393025194  0.70794978521929663  0.72275613876084333
  0.73945287512684421  0.75680594420852954  0.77263741683039822  0.78638254513066674
  0.79893163539645540  0.81111191826110229  0.82472200864014678  0.83993165727034957
  0.85331505258025386  0.86463389039712746  0.87407400170129468  0.88280657909027582
  0.89147804697693556  0.90177718291221265  0.91251928354612222  0.92379500644928425
  0.93533721726608110  0.94211815877011695  0.94772751803587885  0.95349375403273884
  0.95949023869330408  0.96586044683911843  0.97294285411956238  0.97867056426509580
  0.98352511423419053  0.98866629490353120  0.99462312697112343  1.00000000000000000
 -0.00338939457238580  0.07353108131036856  0.09937379000467290  0.12179805999253938
  0.14508672003280432  0.16563658761906078  0.18399445199096875  0.20179501765758084
  0.22556791477876803  0.25492085768750011  0.27837322899704109  0.29670330662471089
  0.31337037024655634  0.32969542449251044  0.34595761441801554  0.36114021365033255
  0.37503230842126145  0.39071284537784040  0.41014586429215139  0.43323695825395614
  0.45477942412267164  0.47001697965930284  0.48105018194500299  0.49248337080478172
  0.50432862405935819  0.52147853878408268  0.54002599692091857  0.55253250940077558
  0.56282089283509418  0.57286335914749653  0.58412110304334430  0.59588692163523427
  0.60609966163338580  0.61444476929160974  0.62204840028285324  0.63270518034503553
  0.64466560078593982  0.65973347234815571  0.67457247844045243  0.69048625573363442
  0.70877954184883385  0.72767545569501768  0.74310200193531373  0.75547364107597925
  0.76745131691651980  0.77847073687509383  0.79306394335598951  0.80700546797276851
  0.82193103531330602  0.83803574671176484  0.85355627774498144  0.86517843456225019
  0.87381798061625915  0.88183936089450121  0.89026869207138126  0.89801208046039505
  0.90421359833572601  0.90946418157993092  0.91457127241397262  0.92006194909049699
  0.92596249238640904  0.93147506277311298  0.93659433899710187  0.94172549930128457
  0.94682903406846186  0.95181683039993858  0.95651205347438728  0.95992217311065964
  0.96198214779957836  0.96405331103168135  0.96607594579846034  0.96813515348317059
  0.97025921063187415  0.97222159241482986  0.97397921322910097  0.97563720457560665
  0.97717080409126233  0.97869413912931447  0.97998959324176982  0.98114366444417545
  0.98223000547308870  0.98327612609023851  0.98431677859509137  0.98529455665009891
  0.98619975144308369  0.98698828245484815  0.98770125316771029  0.98836623735833529
  0.98893494496003476  0.98944512119496109  0.98990806759191463  0.99035899876240696
  0.99080370468713463  0.99102743140801741  0.99121253592057823  1.00000000000000000
 -0.01331743563761111  0.08384801561159429  0.14115191735884672  0.17235801358881575
  0.19557207347792049  0.21335524469816625  0.22670445790595983  0.23778947963911595
  0.24832606374019617  0.25890572776519399  0.26914883526626571  0.27926044757789142
  0.28945565174791044  0.29985498426338120  0.31009680565223535  0.31982283708640225
  0.32915707118542281  0.33807685727126702  0.34631016578873242  0.35362811270420513
  0.36035884839073301  0.36689927068030947  0.37331323337101702  0.37988298689920824
  0.38630955897246716  0.39342186762812631  0.39936148477599137  0.40399799102447059
  0.40849184148863488  0.41295544516996968  0.41843081500636919  0.42325471410427817
  0.42685745105032669  0.43056622038847364  0.43420597107404851  0.43847392838706173
  0.44309457469376629  0.44775715903154012  0.45275395664837415  0.45766082899577709
  0.46257594164481486  0.46737437321661235  0.47234539228090366  0.47853743775168622
  0.48550656368848821  0.49265315855689806  0.50004471390697836  0.50643665695861884
  0.51205743870909204  0.51728455851702204  0.52244296520519240  0.52746960365218865
  0.53239928634116862  0.53741405897430061  0.54302444985033205  0.55116016847443816
  0.55963983613287316  0.56738627391502161  0.57445830437602474  0.58145575201603339
  0.58808477016339267  0.59410604669099965  0.60007918722089681  0.60607996308780232
  0.61150105372330610  0.61854121701429232  0.62533082375265969  0.63076649410573593
  0.63597472037592362  0.64096891429031477  0.64639430958455968  0.65191129031546879
  0.65682724630369693  0.66163106237541791  0.66612299325269442  0.67050529458855201
  0.67533415667094243  0.68066573137054964  0.68573344536421732  0.69242696525904524
  0.70085536281562011  0.70993407838101430  0.71803456787951159  0.72567119974556926
  0.73358536815769904  0.74405791005708932  0.75381191174916007  0.76310900676157556
  0.77266991968541399  0.78369198979208310  0.79583339326173919  0.80806228067807451
  0.82246319469026175  0.84287285090180375  0.87881038580600734  1.00000000000000000
   2.7546162438774042E-011  -1.0000000000000000     
 T F F F F F F F T F F F F F F F F F F F F F F F F F F F F F F F F F F F F F F F F F F F F F F F T F F F F F F F T F F F F F F F
