  0.02584277024603218  0.02597721688992207  0.02614668231312493  0.02636464006350320
  0.02656963127209157  0.02677736456498248  0.02699232794217982  0.02722776828421028
  0.02750304640533287  0.02781297174808117  0.02812164323930172  0.02840474706437129
  0.02866027952880959  0.02892829109586202  0.02921174437729681  0.02949327638518235
  0.02976990188238863  0.03004685543365299  0.03033441402671007  0.03066130132358447
  0.03100352317462908  0.03136357737560552  0.03175428961327733  0.03217328710558714
  0.03261496110895813  0.03304808383622627  0.03345277214842775  0.03380380353514726
  0.03412228260196769  0.03439758384837582  0.03448959972168882  0.03459658731199013
  0.03468737893616030  0.03478539999067237  0.03487194121979372  0.03494796522061041
  0.03502114603566795  0.03509315975867314  0.03519407400641428  0.03531767576507449
  0.03543973220622897  0.03557573246461842  0.03570934952138782  0.03610247184503963
  0.03657122638531849  0.03699710622516128  0.03739158419455428  0.03758817294695569
  0.03778187332816630  0.03796976449315827  0.03820678002390014  0.03843769453799967
  0.03868535144586352  0.03894790801010206  0.03939465532435092  0.04007845598212294
  0.04095053869556217  0.04200568203262374  0.04290429860931125  0.04361842831597963
  0.04437268186748938  0.04518443899755208  0.04583803251548211  0.04629807880833530
  0.04679193379786314  0.04727982350404204  0.04788935882592960  0.04841740472935217
  0.04898423338796809  0.04966404376567679  0.05038015182827374  0.05105390120059082
  0.05174647764249202  0.05254835474926572  0.05372070833912192  0.05503310279943831
  0.05589733773140600  0.05660342020336166  0.05780253093843008  0.05938414171295600
  0.06065673353108341  0.06162862217208074  0.06275086672000230  0.06538097133576841
  0.06808498114196318  0.07115043793203041  0.07386913139323611  0.07554476392631516
  0.07871514264438417  0.08166118470032667  0.08326016371755771  0.09018188481428940
  0.10648580029289781  0.22129641822030222  0.27186605125908714  1.00000000000000000
  0.00494687065531420  0.00496396609820169  0.00498119444755656  0.00499871694280016
  0.00501652793600263  0.00503060230041862  0.00504245251946189  0.00505465853930045
  0.00506743012441391  0.00508031071860570  0.00509308365649229  0.00510532158955406
  0.00511710737381929  0.00513223555545738  0.00515049291089383  0.00516915751416662
  0.00518933182691601  0.00521332662189019  0.00523877678740060  0.00526598588579001
  0.00529595644043722  0.00532824667559429  0.00536051690196163  0.00539084091540552
  0.00541881859920771  0.00544695064907930  0.00547885253689458  0.00550573911118365
  0.00553026774645087  0.00555392326435958  0.00557858273193981  0.00560410082051755
  0.00563068718697468  0.00565354548174526  0.00567443379165655  0.00569497277419758
  0.00571774233611745  0.00574175797770038  0.00577000210525986  0.00580389129346569
  0.00583863695904637  0.00587243389274710  0.00590297118082857  0.00593179663009575
  0.00596163814421528  0.00598071917476618  0.00599521327292450  0.00601624939919343
  0.00603887816502388  0.00606816123338876  0.00609906858390363  0.00612041331457403
  0.00613928797880319  0.00615579775669330  0.00617549873856643  0.00619957319327797
  0.00623843096985960  0.00627923788811849  0.00631274925429035  0.00634508849533120
  0.00638291849882252  0.00642750911799391  0.00646730056189143  0.00650190674585321
  0.00653232187464694  0.00655944069361668  0.00658480410743028  0.00662145936068139
  0.00668615280859742  0.00676216589757344  0.00683448641668406  0.00690444230175830
  0.00697973592510948  0.00701701796276566  0.00703567689223470  0.00705450959212891
  0.00707389192172098  0.00708812289433231  0.00710166207415297  0.00711848636373193
  0.00713647836992415  0.00715031445200859  0.00716527552263085  0.00721694170274336
  0.00731225972887424  0.00738762245887702  0.00745393300719971  0.00752736398101910
  0.00760075030711172  0.00769956050054476  0.00780904021739539  0.00793581438554593
  0.00812209922785126  0.00849814519359570  0.00927201735270646  1.00000000000000000
 -0.01277308211827891  0.05814502766028682  0.07246781439637698  0.08047337591765232
  0.08715351909168682  0.09422851115635059  0.10346969056862962  0.11502018716780399
  0.12641208546055205  0.13565137984613262  0.14294741576817416  0.14581518621586867
  0.15019263699548502  0.15582902211577998  0.16157603523898736  0.16673349558138756
  0.17315523083685566  0.18210932474164646  0.19558645480865108  0.21326432278062599
  0.22849551306540000  0.24249134659925733  0.25319022200844121  0.26240160106694838
  0.27119730198128494  0.27938158449613187  0.28656932733076879  0.29281701327296605
  0.29880360752057344  0.30479640155673754  0.30995668129957110  0.31458936887212702
  0.31934413666673461  0.32374105627339422  0.32780544943695838  0.33362168526678643
  0.34372432656070112  0.35882702982149933  0.37927122566448340  0.40358980021336810
  0.42993923462083966  0.44110810097498615  0.44633332008651561  0.45088476392414550
  0.45542465015076145  0.46095265144314834  0.46778023680865927  0.47394870426235985
  0.47968271030479875  0.48514145548063198  0.48916353484055891  0.49280827228177293
  0.49639664014388291  0.50179624663117783  0.51200116109851146  0.52440855374913398
  0.53966837793447020  0.55699371609602766  0.57597442670533605  0.59209078307212348
  0.60439332996396411  0.61024259808361814  0.61596250052635182  0.62174666094325037
  0.62733857247208813  0.63270684623993934  0.63793334794464007  0.64433766055186870
  0.65225438223336674  0.66174867996425724  0.67194333233511772  0.68051521233802670
  0.68849525560357250  0.69590062865792379  0.70439798567411749  0.71443263158291570
  0.72279998829615244  0.72868189159790930  0.73378922254885315  0.73886656649024884
  0.74427116494338130  0.74999837449769713  0.75665685918430892  0.76456632577857186
  0.77279831789762454  0.77870638492509603  0.78515931892624524  0.79256152731319562
  0.79926121831176367  0.80394679567748539  0.80864572996531414  0.81250857147573918
  0.85033151892669012  0.91288791146096271  0.99253581094989252  1.00000000000000000
 -0.00696607738418354  0.02491378556151777  0.03514171871103253  0.04096118999689997
  0.04813882411763860  0.05551387287264556  0.06532075916666162  0.08321976674510811
  0.09980253057311989  0.11022207096488805  0.11633959384898807  0.12337929472263201
  0.13015871672300613  0.13966998184896401  0.14867734101087460  0.15521329805435161
  0.16312957027948605  0.17522916064327734  0.19186257422803760  0.21059819423647119
  0.22865464794037252  0.24866650723908518  0.27124654336705889  0.29776804141681751
  0.32345020628723492  0.34516444280849840  0.35506990157444079  0.35952103588422385
  0.36449283363332324  0.37119212272197027  0.37916064219521972  0.38706214701692487
  0.39594680570665547  0.40373231909718194  0.40965475320273181  0.42216480416600782
  0.43525262999141245  0.44896383850431149  0.46439329807311835  0.47382255908921594
  0.48437017690676371  0.49414791523508306  0.50274097943890650  0.51040165185411901
  0.51896575239914600  0.52918279722129491  0.54038544597518789  0.55288103556668655
  0.56321926912847464  0.56937879560472993  0.57785516051172525  0.58637260938007940
  0.59648400652233646  0.60522579276439858  0.61242467623582786  0.61799490196548190
  0.62081339854443185  0.62330304461673658  0.63249238310475808  0.65031911771476680
  0.66748687162733622  0.68505022244040881  0.70244429047810297  0.72003125525809597
  0.73716768320135950  0.75264162140824509  0.76797016520089012  0.78274033565440615
  0.79471441855628855  0.80054134489035056  0.80403269372286013  0.81050550966382318
  0.82022120951217325  0.82792729198232162  0.83416320666753141  0.84342137423828056
  0.85567167031714753  0.86552778686544984  0.87338495101728419  0.88069932164867415
  0.88818937757370187  0.89591674426343859  0.90436699836640422  0.91247982710064268
  0.92061451912985637  0.92989487964892825  0.94017636555108375  0.95067824889761421
  0.96097661791380018  0.97143379650729633  0.98138621960598693  0.98634653098022507
  0.98951494851842725  0.99284250490576553  0.99647537871665803  1.00000000000000000
 -0.00482540500940842  0.00979289364904759  0.02393105535759572  0.03749162624882895
  0.05005594289048523  0.06374172120831068  0.07857671690981409  0.08721425394709909
  0.09307258778739103  0.09537967154712021  0.10099298672177975  0.10625116665779501
  0.10937263132734099  0.11263430866956084  0.11684981141710173  0.12161583650141462
  0.12681339802626357  0.13347117216357596  0.14776140330789270  0.16273864840258520
  0.17847871615487054  0.19437084043958211  0.21153787209786806  0.23025902058565359
  0.24944196745028155  0.26517610467380709  0.27928773987775773  0.29307125952147650
  0.30377955060683032  0.31087183208380570  0.31814616915672339  0.32260112094554710
  0.32684972056314132  0.33144741271588152  0.33606499782156696  0.34000934029617785
  0.34249958886891052  0.34546913385454020  0.34951839518018768  0.35596346939818779
  0.36366503859238708  0.37018293732567698  0.38239129632870433  0.40094564229160601
  0.42208170385736821  0.43516952093455408  0.44374538062237140  0.44981018459436939
  0.45514614066383779  0.46093778183216638  0.46860334806054044  0.47744186976664038
  0.48584409633433517  0.49382248437712911  0.50234101754397154  0.51089510818535988
  0.51888534163580780  0.52710849587972641  0.53698049897012379  0.54069531528135906
  0.54465097149085140  0.54900191796679498  0.55322821222155338  0.55732059539038248
  0.56407992864942058  0.57455451735012042  0.58422455389238992  0.59325050313582839
  0.60228939774151169  0.61171163666691974  0.62249896915761505  0.63254261780540177
  0.64342889645420354  0.65023700195337941  0.65599208511268470  0.66197720130039861
  0.66753370906310794  0.67376690183610155  0.68048328413345072  0.68715674356079237
  0.69581492328716688  0.70617147388026991  0.71891140822582955  0.73209912806292954
  0.74908145175648511  0.77065078587166425  0.78684769965042345  0.79935309883947370
  0.81207321428424373  0.82218457963928393  0.83289520436582720  0.85670832411665943
  0.89250683829368249  0.93608467898828029  0.97921811516362622  1.00000000000000000
 -0.00585939329015300  0.00136605079589766  0.01638835861405337  0.03602200390682944
  0.05579845132412973  0.07538188332885691  0.09489694363040525  0.11541605024214562
  0.13614229739599937  0.15777334536229504  0.18086341171821968  0.20063953498482062
  0.21174809773070002  0.22272840277210462  0.23478154839113455  0.25489220775564619
  0.25895024017282048  0.26329357849625024  0.26902872595345861  0.27767676843090422
  0.28433661449194353  0.29717678902305195  0.31507531696221608  0.32983609527097363
  0.33836315816045087  0.34366784409549717  0.34982321564486402  0.35486931338811245
  0.36079325790981753  0.36568383404570382  0.37063736247182055  0.37662154097017980
  0.38342116389117981  0.38919847444193800  0.39323808385173326  0.39811900527075816
  0.40813906882214745  0.42855998852739369  0.44824732762377212  0.46728498641939026
  0.48601428204838504  0.50502132453746551  0.52710826012999501  0.54227524414263495
  0.55463098356301044  0.56675161137097851  0.57196946510675650  0.57809299580238038
  0.58505634900922843  0.59256078674350454  0.60175487284156715  0.61128183538456338
  0.62146222635604909  0.63442406051648592  0.67245454029617502  0.70692036757475851
  0.73793640325386933  0.75530881959663765  0.76786646134534664  0.77535585729112777
  0.78226998862224351  0.78740992239060326  0.79127932833005454  0.79477579696556422
  0.80037627091816055  0.80632201410078963  0.81103240336411619  0.81461412730465410
  0.81998431316728071  0.82639953112133258  0.83018396379934534  0.84939838675837764
  0.87420752475947250  0.89864099556869148  0.90136789263358252  0.90507398532547512
  0.90978934490325880  0.91474588914460508  0.91935914415033404  0.92370196618311662
  0.92816634758902816  0.93299453122557485  0.93678954734335829  0.94224458571650638
  0.94831983055888913  0.95375715160642338  0.95535659490568392  0.95724094626758993
  0.95945873371221535  0.96163236969757682  0.96380431940356115  0.96605877265462714
  0.96773663211929306  0.96941825930534142  0.97974317839621883  1.00000000000000000
 -0.00465508737462910  0.01516236706516517  0.04105862966015005  0.07054787307895677
  0.10131917978196055  0.13241623841241937  0.14639067950178644  0.15770419776199587
  0.16911334262072425  0.18109483716810104  0.19236467528717849  0.20242632478945030
  0.21257477540281580  0.22252998229279330  0.23148307654296363  0.23811472293880945
  0.24436492265209045  0.25031930915093220  0.25631314605663286  0.26229263646752060
  0.26433679327758114  0.26641277941603991  0.27046967572978547  0.27428052862711966
  0.27869081446097838  0.28309677509770065  0.29661572336602787  0.31057895099104371
  0.32023620198221153  0.32704506048181081  0.33364852490178665  0.34012803435946926
  0.34650333060715777  0.35180770594302890  0.35758146247140560  0.36422206699402981
  0.36876831522325532  0.37704156172940995  0.38986721847771660  0.40262615474680635
  0.41623982482477123  0.43114924480527100  0.44569970389033126  0.45683081360043498
  0.46922712657980864  0.48172936084361839  0.49487189678215504  0.50870369582814878
  0.52224317430960021  0.53268566524939931  0.53904186861358805  0.54410537774864076
  0.55016280981377053  0.55773088415531435  0.56553092546294248  0.57295259381383268
  0.57951664866773089  0.58426622587548283  0.58806557134094983  0.59253872043278966
  0.59781794165747182  0.60494418997553512  0.61568467982914010  0.63171802360216633
  0.65268594735939833  0.67739291943427260  0.70521524962560844  0.72435735464358819
  0.73385902050154628  0.74100095066521365  0.74817364974797518  0.75454792282262961
  0.76148500393163299  0.77038308528546484  0.77611265775405058  0.78097220190067440
  0.78687810157141669  0.79420656229084441  0.80532893408296080  0.81453671438220898
  0.82101103850555313  0.82846210130468800  0.83825557004994389  0.84665388125600360
  0.85369468848514773  0.86056557694301161  0.86621058274182849  0.87247532583038001
  0.87899736275916296  0.89315581646020425  0.90824860668019558  0.92542443488330228
  0.94300955150270060  0.95596949307610202  0.96626529008046025  1.00000000000000000
 -0.00201031626152727  0.00768774615733848  0.01938172916916514  0.03653045422041351
  0.05581089223968842  0.06820655776060465  0.08047788443801308  0.09023943778063953
  0.09828620960150920  0.10854784285937258  0.12152522104545946  0.13078044075888856
  0.13812418141985544  0.14447118378999804  0.15320779758603512  0.16124669365324859
  0.16785265830807100  0.17392374388970616  0.17904313000812569  0.18309136620063410
  0.19828426484334541  0.21871966846482871  0.23782924049090087  0.24964344845665748
  0.26260405453855307  0.27637710452529579  0.29139438463877670  0.30790156126589152
  0.32426968883815921  0.33769642591678839  0.35260865805790537  0.36840279146948163
  0.38587203339495646  0.40360160428081704  0.42219233205712703  0.44880648611953361
  0.46905370650092265  0.48372568765108676  0.49476480546447132  0.50491509485573272
  0.51419971249521368  0.52205796754104017  0.53112774909844940  0.53864847454677522
  0.54376114725186098  0.54863796158819012  0.55521194134005947  0.56171078862406165
  0.56701542741828803  0.57148334685275815  0.57668764487563184  0.58245092348466854
  0.58713182130760155  0.59300446564040799  0.60028251345695749  0.60640283860660582
  0.61232019516520164  0.61839186673129332  0.62262299015507028  0.62567411262592132
  0.62902653196972080  0.63469267391377449  0.64097443751536354  0.64690368418322597
  0.65263902459602852  0.65797450795359536  0.66169781600321265  0.66592952420713269
  0.67366622387535091  0.68175630426054556  0.68555790382986692  0.68815473281139528
  0.69229916783413192  0.70252725855749598  0.71171232091103676  0.72104978108691731
  0.72994110833007619  0.73810233733055508  0.74656848352175198  0.75671392557820238
  0.76860032547638490  0.78192766146152171  0.79634154568778737  0.80850405943714021
  0.81949335884058083  0.82897084018415379  0.83551506253203822  0.85903247007974137
  0.89535825931775448  0.92278999099750969  0.94641119785507877  0.96267013805566670
  0.97020185636760170  0.98146356519873568  0.98978796748065245  1.00000000000000000
  0.98782875206963194  0.98852777275551473  0.98878414233955536  0.98895861582054234
  0.98909650469657850  0.98924309448970082  0.98935011163946995  0.98941345320607876
  0.98946229307702449  0.98950557270797268  0.98954577137177147  0.98960170321301588
  0.98967101871322083  0.98973435313765135  0.98978770081214407  0.98984102338041591
  0.98989569297848246  0.98995005234775080  0.99000343640363486  0.99005906424541790
  0.99010757974978381  0.99014504865864228  0.99018202987421777  0.99021627566290715
  0.99025545789988079  0.99029512720183466  0.99033439176731175  0.99036936448026736
  0.99039796911590972  0.99042591537454727  0.99045357714352678  0.99047825417437652
  0.99050126530138471  0.99051845752535561  0.99053136151686627  0.99054459971129749
  0.99055592990902630  0.99056737093564184  0.99057654795963290  0.99058225740877281
  0.99059000161834243  0.99059968742789939  0.99061144111030119  0.99062476202934080
  0.99063951561385011  0.99065704187131054  0.99067662985322869  0.99069448569871577
  0.99071048730096722  0.99072649929104539  0.99074053120576155  0.99075455325189776
  0.99076945727441212  0.99078270473963381  0.99079679729268366  0.99081193385079591
  0.99082658096145615  0.99083991853585396  0.99085297017942486  0.99086723702342894
  0.99088097074947878  0.99089371457161235  0.99090549919764415  0.99091655554740199
  0.99092750170714805  0.99093986660108324  0.99095223033955471  0.99096513211382342
  0.99097713784898511  0.99099013841950656  0.99100321211639131  0.99101481240113198
  0.99102442630798926  0.99103433487501380  0.99104280206501438  0.99104913205197842
  0.99105657114429535  0.99106538165560232  0.99107360176641379  0.99108098976650216
  0.99108823834222859  0.99109545561390966  0.99110118848542617  0.99110345076505668
  0.99110554603766621  0.99110768214964462  0.99110999636750285  0.99111210627873492
  0.99111440068444345  0.99111626104626238  0.99111775716560324  0.99111892799931078
  0.99112018187260720  0.99112125533271112  0.99112170259728782  1.00000000000000000
 -0.01115482206529216  0.07278639481844025  0.15656771058109903  0.21146128398252062
  0.25351883983892293  0.28426220047708317  0.30941344513374569  0.32863056902564858
  0.34394274865793156  0.35365270227018375  0.35968609186356260  0.36313935530802810
  0.36804221464491638  0.37233785296512961  0.37634895431656645  0.38036581802786384
  0.38501675767012356  0.38904330595562836  0.39238868124159015  0.39605406584873870
  0.40269102981766114  0.40936130035576834  0.41522469113346511  0.41862325677747014
  0.42187307303058608  0.42430652444559236  0.42613248424931249  0.42879654442906007
  0.43284702356041438  0.43792849554295843  0.44352515769319079  0.44745588527285546
  0.45155003567617158  0.45535441265341087  0.45851242825922756  0.46185003492253129
  0.46520802457215921  0.46880056294217215  0.47250156293862761  0.47656281326305522
  0.48244352630394577  0.49009612039198241  0.49549193248257994  0.50109891848493282
  0.50701499787501936  0.51140006266164606  0.51530349191175950  0.51906596853782283
  0.52286599845060056  0.52744244466673029  0.53286528697336077  0.53779821020207597
  0.54187392471181106  0.54606239710628879  0.55066387879156387  0.55669280087109207
  0.56194618374135386  0.56328743291497974  0.56399424525257036  0.56601193847743514
  0.56907456392686828  0.57147258211759944  0.57404009852995019  0.57774211218950100
  0.58152712766984715  0.58440400862272890  0.58639776144265221  0.58915113411623365
  0.59281777533998348  0.59737421912514410  0.60142867945915890  0.60550180105280227
  0.61042596488321832  0.61608115895932536  0.62130097029302100  0.62604024224569499
  0.63104403201778891  0.63538314239609162  0.63930281437592784  0.64326972414218064
  0.64493406068705128  0.65871492547593302  0.67327073234107238  0.68793416218287917
  0.70251240967848894  0.71837014474700800  0.73025960092393416  0.73622728648075519
  0.74086660841221130  0.75443326815081280  0.77168871852367604  0.78243167098518185
  0.80602935100068496  0.84447173418506527  0.90642995857794351  1.00000000000000000
   6.6979674974078499E-016  -1.0000000000000000     
 T F F F F F F F T F F F F F F F F F F F F F F F F F F F F F F F F F F F F F F F F F F F F F F F T F F F F F F F T F F F F F F F
