  0.00505175082645532  0.00511355947513666  0.00527072019913999  0.00549475062688852
  0.00573967381825055  0.00603820720559266  0.00637885544846691  0.00673340893779144
  0.00709797574798444  0.00747300713582640  0.00783420222806703  0.00819265633411666
  0.00855057445497983  0.00896669346254259  0.00940373066051170  0.00985502626127829
  0.01030828347354773  0.01085091408828022  0.01143889638262564  0.01205597024322554
  0.01273262939432708  0.01346840823807372  0.01426306231903199  0.01509432820206538
  0.01594112832370460  0.01684532948875009  0.01787256979397707  0.01895046682291505
  0.02013312971408479  0.02147562756030672  0.02292797113380276  0.02445635672976846
  0.02606669193854428  0.02771136824122697  0.02938332956688233  0.03130475684392356
  0.03337987087003735  0.03534658260028983  0.03725939062442590  0.03922524598533675
  0.04168554982178953  0.04545253390322773  0.05024033080578954  0.05510667577324342
  0.06019486439150636  0.06574259428593079  0.07187848222905199  0.07902397389752432
  0.08636046058313193  0.09465674311128019  0.10341642312875621  0.11251259335160842
  0.12221346341844212  0.13285065884068475  0.14469578997942389  0.15716082224013608
  0.16986466620978330  0.18235620009134232  0.19433990767834924  0.20636504985864990
  0.21943232430295387  0.23326125379289839  0.24735325621935972  0.26146104430950923
  0.27558210991377169  0.29095516678600231  0.30802569839680061  0.32473147643927108
  0.34003652507071924  0.35495446520888180  0.37107771030051401  0.38775631259075266
  0.40474847860679986  0.42192015261804083  0.44002496655539208  0.45918216083947366
  0.47917064829987016  0.49954522913318228  0.51875738233918733  0.53876536859392199
  0.55911958078678670  0.57927728459975647  0.60008050587771877  0.62336416143637718
  0.64598588537600221  0.66763464359728819  0.68921063406749805  0.71228356306810481
  0.73742638277298178  0.76273836749866231  0.79002851389177720  0.82069804882396247
  0.85248537068477814  0.88561008310597489  0.92587394300009940  1.00000000000000000
  0.34614416735089965  0.38996624606520297  0.41876463010134929  0.42982089382779132
  0.43465013127239926  0.43951982694885960  0.44398924098209147  0.44539954036761314
  0.45837401523419424  0.47293233763477127  0.48679182739286148  0.49434773595837117
  0.49992961476486475  0.50518295674115843  0.51146959361228228  0.51839837170258063
  0.52589716406242504  0.53252971881033540  0.53463514748688279  0.53877902836838365
  0.54191019592934786  0.54500038318544575  0.54806595245862344  0.55065235483056074
  0.55311184837827299  0.55611174109541928  0.55924278946656925  0.56221835500127415
  0.56602163495710645  0.57262386126851728  0.58175494176256148  0.58623342961997771
  0.58936273317450816  0.59118225194840102  0.59277144606995780  0.59423751006495018
  0.59575695155473773  0.59748773188165616  0.59933683330566889  0.60183878590388817
  0.60534678322814794  0.60834405209054687  0.61123328578694036  0.61555774424538379
  0.62158404621593522  0.62826183007781677  0.63448310325607582  0.64000816898240342
  0.64574026416387442  0.65102844737160892  0.65575967746248809  0.65997483234952770
  0.66362072016276075  0.66664755497792494  0.66965275273634040  0.67264034122123439
  0.67592527781500777  0.67948389859766600  0.68330722778103448  0.68825684334047033
  0.69444135364872406  0.69883423231119302  0.70315278938728032  0.70673471766320528
  0.70966129124215938  0.71223540261856344  0.71467051939274884  0.71734488558355680
  0.72040258431043602  0.72355945011268541  0.72652534809870684  0.72911839951946900
  0.73174124055222045  0.73481805829132218  0.73765668744874169  0.74245509129904663
  0.75069180245196643  0.75794227840661521  0.76531567753968543  0.77304234703289487
  0.78124305753152223  0.79078230009911399  0.80152418180558505  0.81317668847635927
  0.82532545980923122  0.83718398847716469  0.84867067767639459  0.86010921073838931
  0.87184666016876167  0.88277268017162991  0.89405496648402716  0.90595615328473600
  0.91979167407115925  0.93660390240111235  0.96071167934585278  1.00000000000000000
 -0.00125866777121953  0.00609680311472128  0.01450366285228464  0.02556103575869640
  0.03478387972714018  0.04324375403084597  0.05241993969643929  0.06252393776836586
  0.07328807063985610  0.08492118789701168  0.09717802932435511  0.10957895287686820
  0.12196014530310667  0.13473231354376797  0.14778224503080822  0.16018030631843913
  0.17128699603303821  0.18221933126286863  0.19285595899172717  0.20221476034991870
  0.21126871920513035  0.21982760322068218  0.22900724353475260  0.24090751207809605
  0.25360855348000544  0.26669358960803924  0.27991039708891746  0.29301866573673252
  0.30621288822598558  0.31938061655749705  0.33243642835677950  0.34505521771756509
  0.35776125543268766  0.37047816582401083  0.38335498219182801  0.39634454172231681
  0.40958116790248211  0.42360585740185591  0.43793659823710351  0.45187245088977829
  0.46545492204348315  0.47853368065406365  0.49029035359093665  0.50039217782871803
  0.50759605689337195  0.51460567533255119  0.52173478874036794  0.52980684120110944
  0.53937495688334669  0.54998596307017933  0.56062875203658158  0.57084933959451833
  0.58052652550566008  0.59028599842646423  0.60028685838051876  0.61012653992525145
  0.62005566565719050  0.63043680965776416  0.64141171253017859  0.65265594872467891
  0.66352545639254668  0.67514506107820693  0.68675996606897438  0.69862985671473088
  0.70981629613120778  0.72042221467899392  0.73063223330543170  0.74061382074383630
  0.75122996880196657  0.76263915669482996  0.77196394080897501  0.77830962199035580
  0.78509204950585598  0.79178231657940801  0.79864292774410550  0.80557440320802420
  0.81271298556320859  0.81941264760616717  0.82596803765032412  0.83235480425788511
  0.84164725769497439  0.85288480202072747  0.86374021099587894  0.87434043202370282
  0.88440313700389384  0.89482105296537284  0.90549249053292991  0.91583827393023043
  0.92537294751835464  0.93439243549134932  0.94415596068602503  0.95484394162495889
  0.96528782782500910  0.97608863647893296  0.98806353365369493  1.00000000000000000
 -0.00316829009689115  0.01207559825860282  0.02259551068766945  0.03032663563221530
  0.03808625326413656  0.04613876526300671  0.05486365667283051  0.06439342490060949
  0.07481371479244144  0.08733564472120987  0.10329107311050166  0.11788198566978896
  0.13188332176749373  0.14535972249676948  0.15953658150476085  0.17355300293296383
  0.18675616001052373  0.20061347729938636  0.21365888102173269  0.22705069479229734
  0.23844221684472491  0.24982081524017929  0.26075993003300296  0.27243496623888896
  0.28456990529196391  0.29567152503861494  0.30485629122149943  0.31458147059223640
  0.32414664143247185  0.33459253495429447  0.34515982631022252  0.35600370295657424
  0.36849153664473944  0.37809760392393110  0.38779382898972536  0.39776167667307166
  0.40813455345404076  0.41846686380283454  0.42815926262823145  0.43805058182857981
  0.45222987796889974  0.46221681953227217  0.46931705391001588  0.47652099780578244
  0.48364053068425239  0.49006704649444094  0.49640478540225158  0.50285744956846867
  0.50927371739571226  0.51538671992818119  0.52418565232415693  0.53714186564703104
  0.54997131572344837  0.56093927220908024  0.57169138038425271  0.58266844130552398
  0.59225506120459159  0.60243088988243176  0.61314824993435901  0.62410370474334298
  0.63594744772996881  0.64820401744384581  0.66108759948492035  0.67297027444989543
  0.68319606003147237  0.69220511664594941  0.70042436738885216  0.70902277742974784
  0.71843821947941644  0.72816494924420050  0.73730775656788961  0.74553010516789808
  0.75478232000380607  0.76375961192387565  0.77345066979797050  0.78436122016318832
  0.79629534406080915  0.80888500029134935  0.82043524205542151  0.83037694550907237
  0.84028860668722039  0.84940222740603621  0.85782181870169916  0.86611947782769516
  0.87479678282798634  0.88749349973263403  0.89977199719675383  0.90961146448469254
  0.91883566453289567  0.92830226783145731  0.93774960064035529  0.94752505363092865
  0.95864947342899620  0.97112356533253674  0.98524286278364737  1.00000000000000000
 -0.00185775108385105  0.00798611337825088  0.01844983841560955  0.02889566952804730
  0.03983692549766844  0.05249710780535980  0.06353528397277346  0.07009587367835012
  0.07792451986027150  0.08556057978892141  0.09209821015548773  0.09780116770016663
  0.10403039351483359  0.11166049025574666  0.11901470089339350  0.12709609850920653
  0.13872678065100003  0.15220705958906036  0.16637412662966566  0.18043669961706887
  0.19373691740624580  0.20709067123663896  0.22130190686545440  0.23655558418366721
  0.25179289802305627  0.26371939558201368  0.27450345532843617  0.28474423785770081
  0.29428255084358984  0.30343199330997489  0.31276362188135609  0.32290080345484112
  0.33279139939023833  0.34095176663208210  0.34920238799428110  0.35830059610257553
  0.37077257779597367  0.38361461505483591  0.39528124027799610  0.40515485857077183
  0.41414495944599200  0.42329832961514940  0.43247814760776254  0.44201756432607398
  0.45194373120221792  0.46255490979846725  0.47200019076350980  0.48096765949096082
  0.49044154806700441  0.50106666918088116  0.51242570074656624  0.52375716056114330
  0.53656082399006222  0.54787590888270388  0.55814684800114633  0.56730250680765815
  0.57711107752501767  0.58946840826692259  0.60160638029646318  0.61291789873493263
  0.62352861568657880  0.63440633898456056  0.64623246142337043  0.65824112771852228
  0.66912994791037828  0.67926612818694077  0.68990272053219748  0.70150158863225875
  0.71490155411268319  0.72785006648460238  0.73930829393190345  0.74895258609353488
  0.75949616730709513  0.76940986957971613  0.77967916698914264  0.78996122748528852
  0.80003332793410553  0.81097914567597129  0.82208716645294200  0.83303060789211070
  0.84352857399686687  0.85213825860174697  0.85986664935617385  0.86778986896504029
  0.87612156026610932  0.88570332227464621  0.89819281978840915  0.91156447855912659
  0.92629058013831334  0.93991449500791036  0.95120298959299998  0.96195739033819272
  0.97245257028486709  0.98193018913458818  0.99088811528750464  1.00000000000000000
 -0.00243680564098595  0.01110084337360299  0.02362416627375452  0.03790305653420995
  0.05086061997334478  0.06295639348016160  0.07319807377413154  0.08348940960970977
  0.09394962329130639  0.10462735974723249  0.11562562921493293  0.12736932506897100
  0.14010054731718138  0.15359429106484671  0.16630100532561548  0.17834716221004523
  0.18915777428477540  0.19853410207556285  0.20784577554578382  0.21729305232919227
  0.22687086471024775  0.23624357422783571  0.24586540882081764  0.25617655594084077
  0.26711973817244999  0.27943450132609271  0.29166958355786071  0.30454826686650099
  0.31805599608958002  0.33230853464951976  0.34742727452157257  0.36252626689036699
  0.37584023294016644  0.38843237750196730  0.40022775867992255  0.41208812681505902
  0.42405367480575451  0.43506046241328894  0.44508936406555955  0.45431004879140086
  0.46171006074508553  0.46762361199858382  0.47454004598841232  0.48135436859967895
  0.48796472609800667  0.49439959274894585  0.50148352427707421  0.50962612963566611
  0.51658056346574122  0.52362968610609950  0.53264546395445456  0.54273065013747046
  0.55490564317798419  0.56681358297968565  0.57714027058096484  0.58602284401670990
  0.59352746705718396  0.60032085720527095  0.60720225809315342  0.61482892329423533
  0.62258661398969095  0.63299749109268544  0.64409516842626047  0.65424498743080817
  0.66574986539926384  0.67682741350122688  0.68722324957975900  0.69675945008623308
  0.70634375555776963  0.71485228738395179  0.72330547625985198  0.73462894893247022
  0.74549119541171371  0.75452333036849251  0.76322760217520891  0.77195529570365218
  0.78180269268135050  0.79326900338756867  0.80639881868892715  0.81774344851438419
  0.82899687965039892  0.84041876334354026  0.85192980935274787  0.86378246336417364
  0.87740505905245791  0.89244327746601659  0.90688429066745757  0.92002765067462700
  0.93368107663219035  0.94431979487453221  0.95474646008003250  0.96409265203937300
  0.97353566721129126  0.98204703338808186  0.99117763085891619  1.00000000000000000
 -0.00261467015235567  0.01029016981951285  0.02010210200581404  0.02886163943082301
  0.03695436528514573  0.04521004697774527  0.05285295631569747  0.06290522564428733
  0.07340571501686347  0.08423980165687336  0.09470391806040222  0.10672076189164696
  0.11960273730060408  0.13368011283632142  0.15037449465269115  0.16668493434200232
  0.18146560918972238  0.19377277172465129  0.20539124612492338  0.21582873420543880
  0.22622377337520869  0.23660589929823547  0.24645425436929069  0.25702279756319962
  0.26882865509022041  0.28195232696832678  0.29445619629092229  0.30581692857822895
  0.31581936437666391  0.32526000997265364  0.33530147481986489  0.34609364779045576
  0.35693566180304093  0.36756519134232446  0.37799654535072491  0.38847361064889291
  0.39946645143618054  0.41140306757764211  0.42422916849900016  0.43610136969799018
  0.44654373090348720  0.45604605785281782  0.46642178204932083  0.47893824288316938
  0.49177696722241077  0.50568223034987725  0.51973712596176991  0.53369206672879488
  0.54738055678299591  0.55858278162583908  0.57037740574631102  0.58198110085420118
  0.59317584546692514  0.60358757320593015  0.61317277360812950  0.62264602776373423
  0.63241370930239160  0.64276336934769640  0.65389144265073451  0.66511198353582524
  0.67572490503957727  0.68587364626334391  0.69530652835509243  0.70371743019799704
  0.71213494665434851  0.72098412217031449  0.73072059308276438  0.74134316314839854
  0.75208031111530427  0.76259009654784193  0.77430077003466657  0.78657206033019866
  0.79859498622673553  0.81012109862567916  0.82118324510048712  0.83150936200489289
  0.84184030237671870  0.85201126615737599  0.86421381793345842  0.87511248339367065
  0.88224920450720534  0.88866331953095179  0.89667124416327892  0.90424235670977871
  0.91100055761950638  0.91721178681950044  0.92337652354186384  0.92990061139502378
  0.93781878484259418  0.94808400154243055  0.95804798731789254  0.96665609737466440
  0.97514667949376455  0.98337244497523457  0.99134421018661489  1.00000000000000000
 -0.00232968104016416  0.00906877662346114  0.01955386823282548  0.02924706426232149
  0.03965896698528582  0.05117936198761221  0.06353900870518688  0.07875150143557516
  0.09085791541430692  0.10136062847244914  0.11079458903944295  0.12004546297582858
  0.13021478092842265  0.14051737242299644  0.15070650766125904  0.16149691839407782
  0.17374119798624527  0.18700671815311426  0.20006168239569277  0.21257293902770566
  0.22241350921035252  0.23285850278114775  0.24255080083068351  0.25248282022458091
  0.26288674542959273  0.27513614343424903  0.28818064346395483  0.29968392638686281
  0.31022318809009480  0.32059165510040927  0.33052126552089789  0.34111943086509983
  0.35155109317188243  0.36215374869017614  0.37211661909740285  0.38187395722201273
  0.39151920928446543  0.40291865822857142  0.41481711818256900  0.42595789514284754
  0.43670670204788581  0.44702513918923920  0.45778976217604789  0.46948719864046096
  0.48245858286668231  0.49643973166503369  0.50814263795930648  0.51869994457126456
  0.52916864975470013  0.54009667311966225  0.54921740005814101  0.55783517249862280
  0.56745123578567935  0.57838921981987357  0.58923795700394410  0.60009645998189387
  0.61072034071862891  0.62084198462357798  0.63094007004021879  0.64007274708228179
  0.64732772268781635  0.65499570454786638  0.66207402837436236  0.67089611195635002
  0.68122968198717748  0.69118640998879832  0.70101526520600999  0.71089328239647420
  0.72073478433232696  0.73080946434443594  0.74142869925362853  0.75323454359660769
  0.76604094546440948  0.77929013831984795  0.79283499723089235  0.80709825253922540
  0.82172998372920802  0.83306148185809581  0.84005013687320007  0.84673062484973771
  0.85295269651185091  0.85977147324838676  0.86726233853075563  0.87529309307290393
  0.88257379586853246  0.88935219421837064  0.89786833774299457  0.91011736440816227
  0.92314141375978032  0.93432404838183591  0.94560739724555432  0.95563027585162708
  0.96562163713272753  0.97549520480494933  0.98663660647816642  1.00000000000000000
   1.5184574469363569E-028  -1.0000000000000000     
  <DiscreteSampler_grid>
  Helicity
  1 # 1 for a reference and 2 for a running grid.
  20 # Attribute 'min_bin_probing_points' of the grid.
  1 # Attribute 'grid_mode' of the grid. 1=='default',2=='initialization'
  0.0000000000000000 # Attribute 'small_contrib_threshold' of the grid.
  0.5000000000000000 # Attribute 'damping_power' of the grid.
 # binID   n_entries weight   weight_sqr   abs_weight
    1   6643   2.874012147363987E-028   5.787443674772824E-053   2.874012147363987E-028
    2   26   4.399285459182921E-031   9.623578897042883E-059   4.399285459182921E-031
    9   20   4.100968319620068E-040   7.018457128068540E-077   4.100968319620068E-040
    10   20   5.417573763968324E-043   1.266388838029419E-082   5.417573763968324E-043
    17   4341   2.180525856607888E-028   4.700023103738704E-054   2.180525856607888E-028
    18   24   4.776577549336483E-031   8.852776538939748E-059   4.776577549336483E-031
    25   20   2.233209373888036E-040   1.343280201997370E-077   2.233209373888036E-040
    26   20   2.655264218277485E-043   2.373545621707899E-083   2.655264218277485E-043
    33   2996   1.559316062706970E-028   1.235010239378756E-054   1.559316062706970E-028
    34   24   3.953900653228246E-031   7.463598799443278E-059   3.953900653228246E-031
    41   20   5.327407302642926E-040   1.059889091908606E-076   5.327407302642926E-040
    42   20   4.102259444485162E-043   6.192295575468677E-083   4.102259444485162E-043
  </DiscreteSampler_grid>
