 -0.00257548644005451  0.01569228019967399  0.02954956086580830  0.04099842314461322
  0.05453758753414835  0.06448061753110274  0.07090190060307262  0.07606257794225843
  0.08163080575635270  0.08764956908613290  0.09461487925155063  0.10195569444140941
  0.11009760961225244  0.11950451896771171  0.13170031251455538  0.15221721913159364
  0.16902822604190409  0.18405740575545507  0.19887605577793271  0.21572383002508796
  0.23343618784967246  0.24462325551979000  0.25500265879217776  0.26465349728927312
  0.27297647943186892  0.27999742429778313  0.28758796330757586  0.29479849733169283
  0.30223602712040770  0.30979451250052925  0.31768389320764162  0.32549610844318189
  0.33225652587257387  0.33969131440155675  0.34805936344632626  0.35900588970632213
  0.36773423339415962  0.37525231633692413  0.38627641491590275  0.39664422101074470
  0.40833164335053940  0.42078154174458154  0.43238466334125164  0.44651453459928192
  0.46142724378859756  0.47593010875407660  0.48994818967388498  0.49993069324904560
  0.50699415803239978  0.51474517080893867  0.52366927718266953  0.53724888853168185
  0.55241020283896469  0.56011194151137622  0.56607474022042592  0.57247656948778336
  0.57932916209946983  0.58470423180758080  0.59158566395358292  0.60809643093105670
  0.62735214118440785  0.64312545516283648  0.65619788466113471  0.66744684753802619
  0.67812407576434353  0.69000408379959421  0.69980588199070781  0.71012804591720391
  0.72067941314843476  0.72874387059981038  0.73642602977010041  0.74434762186982151
  0.75453978092221108  0.77055536631434274  0.78382599679264930  0.79536085705463799
  0.80626216661517625  0.81547825879843738  0.82327501810435899  0.83087783479859800
  0.83924354626964237  0.84989819185647852  0.86309915333041121  0.87117811789507837
  0.88101730613880480  0.89143860656158758  0.90265967918215462  0.91541203979735475
  0.92875553138875333  0.94024568852603274  0.94868732149617652  0.95681074798668964
  0.96504523828850941  0.97440266677536991  0.98685347621852104  1.00000000000000000
  0.00000025892885628  0.00000031888738799  0.00000033678271468  0.00000036171483912
  0.00000038922278770  0.00000041951727188  0.00000046180334450  0.00000051825741154
  0.00000058257458509  0.00000064011524405  0.00000068973862481  0.00000073229398756
  0.00000078388876387  0.00000084113299321  0.00000090666231456  0.00000100054819594
  0.00000109528579276  0.00000120391624812  0.00000136868868548  0.00000156841696044
  0.00000174715013585  0.00000193002996612  0.00000213781329786  0.00000228197208524
  0.00000241029129571  0.00000251539757678  0.00000257903153338  0.00000263552072093
  0.00000287578733042  0.00000354241880148  0.00000450595925869  0.00000538893416226
  0.00000625133570833  0.00000708265296861  0.00000795629511066  0.00000883179616203
  0.00000962252266918  0.00001044636257192  0.00001123939945085  0.00001238143875011
  0.00001403144167867  0.00001639514703714  0.00001841709081692  0.00002009389743162
  0.00002170927644425  0.00002317918839261  0.00002468421025983  0.00002623042457943
  0.00002777675828830  0.00002934343195642  0.00003096786010443  0.00003268989420337
  0.00003484677721322  0.00003723278745901  0.00004107086854917  0.00004631265388956
  0.00005188111162827  0.00005848149850695  0.00006492813085756  0.00007469035903228
  0.00008567337522413  0.00009616774421183  0.00010611577366424  0.00011695657118240
  0.00013078386953235  0.00014935180691695  0.00017465263639804  0.00019626049844574
  0.00022179494375336  0.00025035707487578  0.00028165966127612  0.00031848832226836
  0.00037250931887400  0.00042523226296130  0.00049276546419233  0.00056711051193253
  0.00065630826139994  0.00075790511107403  0.00086620031025789  0.00099277340344432
  0.00112060250323621  0.00126329093908610  0.00154581050998766  0.00185275966865756
  0.00219561025557865  0.00259935704801431  0.00312402835693348  0.00379199432475275
  0.00457278303257241  0.00553729500189204  0.00656266539178057  0.00814378281642972
  0.01155324356795612  0.02095584994109904  0.05868228953668159  1.00000000000000000
 -0.00000036777438646  0.00000249767351930  0.00001115079134018  0.00003577151819893
  0.00008432654247053  0.00014484766240425  0.00023652974682311  0.00039401544608751
  0.00067914141759446  0.00100034069317220  0.00132435850403273  0.00162684635443659
  0.00200341349479818  0.00263855318146787  0.00338360066449624  0.00410935729612910
  0.00467632182170377  0.00529461728713256  0.00623872133513534  0.00775301613094510
  0.00884765032492728  0.01049242913965085  0.01235150840204026  0.01400385642393779
  0.01542368926195658  0.01671810142426867  0.01795041910825018  0.01930004613025006
  0.02081415397957378  0.02239115733270912  0.02509629942733391  0.03032607453629626
  0.03429251381794442  0.03700179346814939  0.03974806235758700  0.04243135568950113
  0.04777833922783029  0.05311161780201868  0.05754024826433189  0.06144026271617060
  0.06642078469503039  0.07619755679782500  0.08478271550598727  0.09280499137745363
  0.09970939818119343  0.10617540182741859  0.11239297066348727  0.11814698297222581
  0.12161098812486895  0.12462923500400681  0.12780257365080935  0.13122966441922521
  0.13481644097585380  0.13858733347916424  0.14378630041204205  0.15005900266611372
  0.15581884558415246  0.16174798404507712  0.16906066302013112  0.18421014555028317
  0.18839412212739162  0.19228501023287978  0.19596738528881102  0.19948585202884236
  0.20285000264799596  0.20534259796220561  0.20783519327641525  0.21378973216591743
  0.22201488847756029  0.23137512687240488  0.23867480397938604  0.24508171801269379
  0.25229193853428916  0.26034224708276721  0.26988833736292456  0.28073601321496849
  0.29212791351242545  0.30257700327274395  0.31275635582870837  0.32923491367614643
  0.34401024272673036  0.34956306719505176  0.35844609304368802  0.37367164313392165
  0.38889719322415528  0.40824091779688471  0.42995204183500801  0.45166316587313138
  0.47277746091612838  0.49118106751523816  0.50958467411434794  0.52804994697001806
  0.54694471663802802  0.56583948630603798  0.65207642596605764  1.00000000000000000
 -0.00675962826516064  0.04858629296267070  0.08800728967388076  0.11655890731646790
  0.13959856729287082  0.16483395590336206  0.19264590855637156  0.20698009999449118
  0.22115460002202297  0.23421695570568787  0.25333972287790812  0.27197139016257210
  0.28720062599153695  0.30436504543107074  0.31894822103247655  0.33096917148673893
  0.34760872639190998  0.37084273145117014  0.38832324869795948  0.39877509820726115
  0.40661625867111850  0.41324572123456871  0.41981623397524603  0.42690967501010790
  0.43389313533767487  0.43974573162748237  0.44635904802695220  0.45435529533595281
  0.46508046430179334  0.47938682818692707  0.49408345279577937  0.50796292014095090
  0.52316227177140795  0.53724495147606421  0.55160094187156372  0.56461933480878035
  0.57663703998279103  0.58814217310976191  0.59981924884721904  0.60896538181166682
  0.61651818210596909  0.62517469888984123  0.63489146829607179  0.64543771969523911
  0.65790249134669565  0.67382814184714179  0.68855952081872729  0.69328499625653528
  0.69679283416838245  0.70032770107045783  0.70660637212787580  0.71317881041251807
  0.71903638463689712  0.72405007962599188  0.72847925179535167  0.73288655939016412
  0.73752085098159870  0.74265900443798050  0.74760696949229533  0.75442169854977614
  0.76377878741397054  0.77368666967933997  0.78284944814632207  0.79311501132230544
  0.80435827765693668  0.81568131457177362  0.82554780217839874  0.83286497183150487
  0.83850932168726555  0.84463473826906255  0.85063508213615957  0.85683207194553590
  0.86441119903963182  0.87311115995077759  0.88245495019162401  0.89183518086969849
  0.90062645844355127  0.90890055248839963  0.91660960498250443  0.92196713485069248
  0.92723610319772543  0.93232059183024507  0.93740631740390423  0.94249389349800528
  0.94763626300195292  0.95282114943578433  0.95818922258394579  0.96328961823886050
  0.96801864323845110  0.97231074042754628  0.97641564565300520  0.98110687627191329
  0.98597165542376131  0.99095501912531614  0.99554029450084014  1.00000000000000000
 -0.00182865673849361  0.00643130843857761  0.01422123054203698  0.02238194834288313
  0.03331007325654362  0.04943399482835445  0.06134199044732307  0.07292250629386740
  0.08268121504222807  0.09219907580547711  0.10177581780672515  0.11140225805812323
  0.12090237543517618  0.13499043621191109  0.14802041048441114  0.15815436298421839
  0.16904725103278453  0.18055488064304892  0.19094288300789763  0.19998866942154170
  0.20898057716174312  0.21869824533519835  0.23003502312101629  0.24185693668600844
  0.25376117580593621  0.26642991746293559  0.27863138224580997  0.28940984058929420
  0.29841868302115343  0.30716341073289649  0.31366702158561643  0.32046647444442838
  0.32698923243806971  0.33313465006939630  0.33765280167530781  0.34211631044464907
  0.34896170355047473  0.35646074148311369  0.36257672379856798  0.36823110960179650
  0.37451230658917140  0.38428116521847527  0.39296995724697126  0.40315899057652183
  0.41509115145144093  0.42504472804743471  0.43528755718987688  0.44580592364949329
  0.45635430427764107  0.46325752008626075  0.46898765311837537  0.47450039786674370
  0.48346777005046149  0.49443589666751675  0.50752036683934798  0.51354455786847053
  0.52097695419145973  0.52950297825785542  0.53995380347102273  0.55268343775306938
  0.56704300401305652  0.58629353867531597  0.60431191113625959  0.61478716732088490
  0.62531023088873061  0.63575225597897089  0.64428962082769781  0.65309106498757585
  0.66301508308666757  0.67917365353835413  0.69517066547613948  0.70980853537468092
  0.72233745033654728  0.73437134288744066  0.74712618343513426  0.75916033073073397
  0.77038931107472408  0.78296815098451145  0.79472778751056050  0.80766793722492936
  0.82238244452100162  0.83675650045058536  0.85006531837687727  0.86254730509421740
  0.87378883469435120  0.88771698673161459  0.90059227801009756  0.91099580596564034
  0.92191533540407489  0.93481651069567495  0.94634079221290135  0.95683530009559215
  0.96756106594541091  0.97947379655769640  0.99066115301151236  1.00000000000000000
 -0.00336949200439009  0.01298536127792019  0.02669993713097692  0.03990261392162317
  0.05526207555665827  0.06626679223360640  0.07175657987396623  0.07738203972863518
  0.08317265310147655  0.08926506102821256  0.10028138021508520  0.11068348831965205
  0.12211427379725916  0.13632154888510967  0.15267360768357074  0.16336487524317633
  0.17409883162392598  0.18447236422016067  0.19556570746747889  0.20975872711610355
  0.22618529761835460  0.24032599066165777  0.24959832036223542  0.25767597959737004
  0.26481731766363192  0.27229442849851831  0.28030185609926911  0.29070532310486524
  0.30269663018025872  0.31809515699909618  0.33036259408061081  0.33834334704808283
  0.34604709645002490  0.35360197675863703  0.36251195877158560  0.37774047671009992
  0.39842601045646131  0.41669901391368658  0.43085342859926812  0.44308633256444668
  0.45316885839242715  0.46267627645642778  0.47322411245640622  0.48584534689849990
  0.50034653215806735  0.51444982640718595  0.52647287638883133  0.53721631346635790
  0.54685803036604497  0.55727377314281479  0.56597822283996080  0.57192979928187526
  0.57626464147281986  0.57987358773725117  0.58336405392511048  0.58766817227743184
  0.59422642635782852  0.59849951290296555  0.60292574672332344  0.60797067231658108
  0.61277941732100938  0.61719166456568519  0.62188071316719451  0.62709133804167039
  0.63374771586709333  0.64001636682336771  0.64541048072890461  0.65015681489564880
  0.65513535075345342  0.65993900344041845  0.66640257686981308  0.67706782683149613
  0.68572036051126872  0.69370034170567596  0.70332924194964019  0.71706141935797274
  0.72737719502694187  0.73495363853691464  0.74239774814035309  0.75183198985813759
  0.76398848322427049  0.78086845987193465  0.80442195284945972  0.82743954511045492
  0.84992823782646887  0.86962935311171641  0.88526743309987554  0.89796906040025748
  0.90844489513740267  0.92365267823058494  0.94034280318327867  0.95335560027518973
  0.96554494170692284  0.97673638742557822  0.98806660434703175  1.00000000000000000
 -0.00028735262384465  0.00047458586173846  0.00174593481142095  0.00334914345125527
  0.00494732271223624  0.00659566520110155  0.00819246080519346  0.00983243766346759
  0.01159994486116010  0.01355888950435648  0.01562420819916515  0.01760755756777787
  0.01984521846898383  0.02292352187073382  0.02506401740423641  0.02744358040489407
  0.02981797529377140  0.03255721932458383  0.03501475101483611  0.03714618701941500
  0.03867477149616898  0.04009999602861138  0.04169040099583310  0.04331672095055755
  0.04547709063721525  0.04798857233188154  0.05124696980982892  0.05480487578633698
  0.05819343733148268  0.06141890884428965  0.06485385625780404  0.06950633262245634
  0.07446957548158541  0.07640994394593649  0.07804039135972062  0.07962789979113635
  0.08128195157655660  0.08382949897228156  0.08616274850314166  0.08892736605016816
  0.09283542206603027  0.09829530207819651  0.10382195313071771  0.10702398086194226
  0.10985950526407538  0.11250537345490018  0.11518380965031634  0.11820746653726850
  0.12212459419675381  0.12646888199146519  0.13030352513009510  0.13406029996588467
  0.13814276931420602  0.14412023379960706  0.15155793204162635  0.15856415705605942
  0.16512010000924418  0.17536376487183536  0.18610675403819496  0.19531219814304426
  0.20242114973989667  0.20848016913652909  0.21310095499324561  0.21997400528184688
  0.22700826946755503  0.23392564781692643  0.24029489782869395  0.24724448744624147
  0.25757446148665020  0.27039450862469855  0.28480950677617561  0.29775876179543015
  0.30811916960056213  0.32118514684421212  0.33332550617273909  0.34551455975847761
  0.35741639137353831  0.36896047762459633  0.38288072086889696  0.40051155755772339
  0.41819367860688827  0.43497050745166926  0.45376242770599712  0.47368644619894285
  0.49436628058375975  0.51335518973738603  0.53042246382303981  0.54981542434200970
  0.57445764587167580  0.60838811523470593  0.65392673112604871  0.69772689732292459
  0.73787911053762534  0.78966412078335424  0.86532938850160646  1.00000000000000000
 -0.00498583033756026  0.01123178878270786  0.02500099171406606  0.03507337472668862
  0.04659003065498108  0.05762398346152501  0.06792079220323548  0.07761556022920535
  0.08735129346666370  0.09718599645786048  0.10564818537742576  0.11291080931230726
  0.12221588892438934  0.13181838683583946  0.14042538075183655  0.14856368872301143
  0.15662352481270952  0.16431228663277836  0.17307870135269462  0.18235795326879817
  0.19655423791853865  0.20807401348759255  0.21574783452161164  0.22372417442089351
  0.23228151346490247  0.24307709075679235  0.25770341576353650  0.27862373052134365
  0.29958775064514276  0.32104815010661020  0.33751608256745358  0.35335095091057378
  0.36888964218438003  0.38737642067455480  0.40862447902444360  0.42926664116642127
  0.45104673018141528  0.46947437496636868  0.49164151793142791  0.51217574006778821
  0.53430023203168642  0.55301760002076727  0.56740787925485492  0.58028738922649903
  0.59552010582069470  0.61211203624628585  0.63016586936212049  0.65104081875762720
  0.67247666691545860  0.69411328253659865  0.71295584304399429  0.73268545872716939
  0.75316692750074776  0.77119783780599804  0.78749652377357982  0.79896839647937934
  0.80666768624542518  0.81484326019337605  0.82204927023018204  0.83024381243676337
  0.83671544993371738  0.84170636512251562  0.84690008384217419  0.85210781750293640
  0.85733611414480537  0.86386492393184688  0.87130637908093156  0.87791901581363518
  0.88398285083981931  0.89054761285083028  0.89512612775661782  0.89994214804435491
  0.90480415304393491  0.91027201078883890  0.91327692292709461  0.91580824317119847
  0.91854973582451360  0.92164897712040261  0.92854580876244608  0.93671655879156357
  0.94329253397764945  0.94897419295216356  0.95437602221963747  0.96009370997522747
  0.96535313407618240  0.96907983750318150  0.97250541383048117  0.97569131497534767
  0.97834184032938398  0.98118021224921903  0.98447119794400861  0.98780321366124146
  0.99070652693413030  0.99351394091064982  0.99624026145120281  1.00000000000000000
   2.3573401106457416E-010  -1.0000000000000000     
 T T T F F F T T T F F F T T T F F F F F F F F F T T F F F F T T T F F F T T T F F F T T T F F F F T T F F F F F F F F F F F F F F F F F F F F F F T T F F F T T T F F F T T T F F F T T T F F F T T T F F F T T T F F F T T T F F F T T T F F F T T T F F F T T T F F F T T T F F F T T T F F F
