  0.00028035013526322  0.00038437381136697  0.00043174295440290  0.00048340787187439
  0.00053540383725228  0.00058194205568622  0.00062911396014880  0.00068864779506438
  0.00077712481142164  0.00086790447550692  0.00095714258511253  0.00104414236251463
  0.00114779171271872  0.00125622864982702  0.00137453994148194  0.00147577336225961
  0.00156291005210388  0.00165023963192971  0.00176532587889934  0.00191881380923120
  0.00208019579681526  0.00223743701481006  0.00241306623248513  0.00261894571170855
  0.00284773924053366  0.00308303518324438  0.00338838681975375  0.00367000971891609
  0.00389660327804244  0.00412594976948978  0.00435350617390881  0.00457020799633822
  0.00478602565854860  0.00509868861569959  0.00553334146706853  0.00598388729211593
  0.00628777515824665  0.00651284249159418  0.00671351428739477  0.00688966542036638
  0.00707022778161964  0.00730543815842926  0.00760276360136220  0.00784504734290865
  0.00797109375385894  0.00841554195722853  0.00876748612793939  0.00910247338678685
  0.00943153536948044  0.00977780645794593  0.01017060866870724  0.01060289671807797
  0.01101939521843231  0.01138886896783498  0.01178372920664967  0.01232612806565599
  0.01296539959489384  0.01357512209014714  0.01438794676344286  0.01531486320095632
  0.01634012049187232  0.01774416529149347  0.01862136260195105  0.01946731178503492
  0.02028696783676232  0.02131059096727736  0.02261513281611331  0.02432707290554482
  0.02613742551721666  0.02823368324656372  0.03035465765368636  0.03263175710240106
  0.03482854435564380  0.03718152685369620  0.03985382771763906  0.04242012788868432
  0.04583417474369717  0.04984986293380397  0.05422449185070908  0.05986685289539090
  0.06928747837931211  0.08003580785742623  0.08991083894113497  0.09976918800947157
  0.11126917101215940  0.12567764153809818  0.14192067237835690  0.15334465431119609
  0.16334600331348506  0.17415892860928156  0.18633314733251097  0.20048782428036668
  0.22666266535864502  0.27902727110414188  0.40385951708371270  1.00000000000000000
 -0.00000051404588916  0.00000256749540552  0.00000761898300065  0.00001309523505426
  0.00001810518232413  0.00002315973945916  0.00002816016298122  0.00003346048923911
  0.00003818677909566  0.00004368298325255  0.00005009874258518  0.00005709104497773
  0.00006421463896747  0.00007030595582784  0.00007499461489188  0.00007992852725356
  0.00008536980251305  0.00009059045596414  0.00009495848091378  0.00009909052030902
  0.00010347142182338  0.00010805343077338  0.00011337067863456  0.00011982554931021
  0.00012688899439820  0.00013365994577373  0.00014008218107142  0.00014831741423740
  0.00015844842375422  0.00016701322218673  0.00017671923972498  0.00018721311141645
  0.00019740894942360  0.00021036897321657  0.00022591307392109  0.00023913161625033
  0.00024836636317153  0.00025796632808785  0.00026530855527129  0.00027284095401040
  0.00028006175689963  0.00028624937774679  0.00029281190749769  0.00029942883575787
  0.00030608860811378  0.00031392079464859  0.00032122374784778  0.00032917454852856
  0.00033906209928624  0.00034938266582700  0.00035868275275166  0.00036799653905944
  0.00037837278149303  0.00038824692160812  0.00039690044351485  0.00041358118276055
  0.00044053228114075  0.00046707031690022  0.00049301860292039  0.00052577331357197
  0.00056041317002786  0.00059691368812267  0.00063894661293443  0.00068431013889282
  0.00073288648561137  0.00078909568035538  0.00085232856451943  0.00092106127586912
  0.00099936602938897  0.00106975513648390  0.00112983568329051  0.00120782854945607
  0.00130429215325940  0.00142244523599410  0.00154988114468058  0.00168167014118890
  0.00181913866930563  0.00193598399407944  0.00207220682868581  0.00225553824191331
  0.00251420546461561  0.00272527982575341  0.00293704156441873  0.00312842162886433
  0.00331765150772113  0.00355286658162341  0.00382060514101252  0.00419747811427172
  0.00486082431043076  0.00612130118480697  0.00811366736974760  0.01170962940331972
  0.01858965274856061  0.03245262782226589  0.08945398803285594  1.00000000000000000
 -0.00000001204546000  0.00000216753543081  0.00000752945460303  0.00001200686706412
  0.00001521963198570  0.00001848816310617  0.00002177105711078  0.00002511500399419
  0.00002863328423851  0.00003243774781824  0.00003659825624328  0.00004127903742127
  0.00004606109292166  0.00005170910483695  0.00005900667606548  0.00006419252842525
  0.00006930452660227  0.00007484117210885  0.00008126832428478  0.00008829872648553
  0.00009498378882455  0.00010407073580664  0.00011224553803484  0.00011934068739873
  0.00012643121219234  0.00013387991666435  0.00014159563335968  0.00014935409953731
  0.00015698529633757  0.00016391876579447  0.00016971503889501  0.00017723603163017
  0.00018495738290599  0.00019309743841719  0.00020398924800595  0.00021198244878497
  0.00021957364232567  0.00022675656647598  0.00023312793418103  0.00023942380563455
  0.00024572464627023  0.00025206843443754  0.00025856347761599  0.00026639371704907
  0.00027565071993983  0.00028465478461497  0.00029439023551870  0.00030460561530903
  0.00031330673497289  0.00032035692578539  0.00032750499913913  0.00033439585105272
  0.00034274305670021  0.00035809881532214  0.00037253466665308  0.00038595780518869
  0.00039851606040512  0.00041359141558925  0.00042669565314282  0.00044193293334150
  0.00046005093437511  0.00048047963861500  0.00050779910742049  0.00054095109131977
  0.00058204225118297  0.00062641232885944  0.00065605306089389  0.00067638095167487
  0.00069685123066233  0.00071762500505870  0.00073480932615790  0.00075639171992379
  0.00078747932712142  0.00082352094641183  0.00086569480998284  0.00091286807631214
  0.00095028527906431  0.00099152943666134  0.00103587149915202  0.00108171292116690
  0.00113690564306449  0.00119342074141315  0.00124114990970333  0.00130105459605158
  0.00141832149549075  0.00155251116924913  0.00171679702318067  0.00200320686074307
  0.00239932443379628  0.00282740528090086  0.00327881452348917  0.00377998763169107
  0.00452398857423372  0.00626325316606716  0.20388110669183429  1.00000000000000000
 -0.00015178459170036 -0.00005044755529769  0.00011910940535978  0.00050780323526221
  0.00089145443668463  0.00126239120591005  0.00164981275938729  0.00209029371480019
  0.00256022862243383  0.00305415732275538  0.00351229605658778  0.00395925284156070
  0.00440044393818064  0.00489534148791491  0.00552769982189655  0.00631948015170912
  0.00711516099711309  0.00796917711764925  0.00890196122400885  0.00981318454249758
  0.01074624728570373  0.01175228750665524  0.01272118565178439  0.01365621702834457
  0.01461968377365931  0.01560088019767325  0.01665334587012473  0.01769452864283951
  0.01875330208137475  0.02004166706073003  0.02165676436387725  0.02339454468690657
  0.02511908959009768  0.02686115110178309  0.02870512238889025  0.03082592042598241
  0.03270529556869815  0.03457638697448418  0.03647061539735806  0.03833763926299509
  0.04016313883791953  0.04215227495144885  0.04436365061727156  0.04649194447612048
  0.04865645882966185  0.05126194222857405  0.05421903636163525  0.05712426324693643
  0.05957457801185855  0.06156675658501254  0.06370569880840851  0.06831599474336437
  0.07316611770734860  0.07806068900175486  0.08286287151957081  0.08768996183798222
  0.09212120349098139  0.09661672570615590  0.10106636171373197  0.10578694223014755
  0.11247516527607676  0.12067794514731156  0.12734303940052821  0.13385463805316636
  0.14000994690664542  0.14655202292009448  0.15548688048662571  0.16576762255655789
  0.18026908710391001  0.19746902926830362  0.21642941882355790  0.23540837142814064
  0.25324946719865715  0.26901309017272235  0.28256216260868988  0.29877053410607651
  0.31738296770648816  0.33867406475185391  0.35858681841530576  0.37717298599686055
  0.39799310174361907  0.42127942366754456  0.44858158408884319  0.49952959764753824
  0.54703195198180488  0.56926858585247275  0.58699336460620111  0.60670028597882342
  0.65249859104980312  0.71473212703801070  0.77990154375712017  0.85126688986937527
  0.90105975096814039  0.92911589693256624  0.96819534326131595  1.00000000000000000
 -0.00315981203480964  0.01130309468400763  0.02463247019935794  0.03988100444490253
  0.05507505426237956  0.06866999289276259  0.08080935865829408  0.09419091330726624
  0.10701835034120384  0.12038005546607386  0.13073678458785729  0.13928928015109535
  0.14796499396184890  0.15602804044086865  0.16346794213573629  0.17055764752262070
  0.17878546731553294  0.18827322490206277  0.20170529493925757  0.21718448058373463
  0.23451082498214756  0.24966102927730593  0.26183226964381517  0.27248528800725186
  0.27825905965757880  0.28553115671602636  0.29242681518555658  0.29863088393487963
  0.30426824924458840  0.31076976666076156  0.31712161044774562  0.32235829258117460
  0.32684625454984928  0.33135919115641127  0.33835896140391791  0.34630669941936909
  0.35440433239577579  0.36231512984660597  0.37014554969849217  0.38079490384812154
  0.39619281180087290  0.40839037896814917  0.42009937027576844  0.43111022530991938
  0.43734511902946011  0.44614488743257696  0.45624035882404046  0.46634712188784538
  0.47685078710087592  0.48783563752030101  0.49903506850638346  0.51054381848510721
  0.52263487998657876  0.53707938647077591  0.55273990611236989  0.56539006662947477
  0.57623463396680841  0.58669664495759877  0.59970394943228178  0.61123232489151447
  0.62354864007409994  0.63522959263008605  0.64410988404423597  0.65266548912942268
  0.66123655639871237  0.66918861553141173  0.67593229626767548  0.69108020735777154
  0.70493919455214304  0.71967380411204629  0.74288792555687611  0.75697101597849503
  0.76586459955551056  0.77352675722550024  0.78349366923750063  0.79548157114833695
  0.80474343838603990  0.81311750739809474  0.81939677427344337  0.82630906420681460
  0.83420612627987267  0.84419554567290833  0.85607261774831089  0.87072617585449030
  0.88837455753567873  0.90537667425837931  0.91710252621949062  0.92789140425892724
  0.93704702465725309  0.94650621413059610  0.95449504382075756  0.96219536369228698
  0.97207374087261911  0.98236003529833493  0.99149937875059257  1.00000000000000000
 -0.00365228775505565  0.01584548928918636  0.03358139700839418  0.05270815280708054
  0.06686735363670065  0.07841027826149677  0.09019430774735727  0.10293025883449111
  0.11388246027208661  0.12401998678626032  0.13358069848727191  0.14188873731195181
  0.15119339182036223  0.16090263479912548  0.17034261843111329  0.18000674447052406
  0.18909063515160573  0.19769345414754178  0.20593353067962256  0.21494323235078219
  0.22397474055799274  0.23225445924080904  0.24104448927553176  0.24917265942537564
  0.26072767674045527  0.27321683441553146  0.28439814791138324  0.29485249348378001
  0.30808908186189332  0.32087029567763814  0.33494565946479105  0.35024672049007083
  0.36493074622288835  0.37854360360576900  0.39130954087170827  0.40338491022547440
  0.41583480823158642  0.42447164561915152  0.43296190659748063  0.44181535043339959
  0.45199869624972500  0.46396951336048409  0.47406747646944469  0.48635428472744097
  0.50534918278544938  0.52125351284784682  0.53660131503229780  0.54562607692966669
  0.55122437450796413  0.55786815473769524  0.56498436488881298  0.57101839609703819
  0.57645117921593803  0.58231030435765185  0.59108959859025723  0.60012048366630488
  0.60910534410254991  0.61960190742481003  0.63048545523214650  0.64694995336434469
  0.65743157225210014  0.66725375502172590  0.67677145381821335  0.68693962555752830
  0.69842772461945857  0.71134331254737881  0.72294449485134171  0.73367528952425365
  0.74437829022095703  0.75188192594953718  0.75699866225264345  0.76313654920810070
  0.76954125760082825  0.77639578216822880  0.78208818986195283  0.78886715839974619
  0.79577457600121682  0.80269083702802224  0.80951600096809095  0.81572529029902630
  0.82197921621554448  0.83370315971557785  0.84518722657736822  0.85462021655726583
  0.86502917751411890  0.88022075617205942  0.89553573662298902  0.90593236473291305
  0.91517403407313047  0.92754862603301269  0.93774337137281560  0.94694535986744388
  0.95572312615276123  0.96546105795388582  0.98100790916436487  1.00000000000000000
  0.00207680927045314  0.00305810167985436  0.00424494308698020  0.00586126208612702
  0.00776565634184886  0.00971099543030081  0.01166736247208482  0.01340215919977283
  0.01497400411560768  0.01640006078346069  0.01778645032779768  0.01918953941052922
  0.02064310760100629  0.02247153560809018  0.02432470810782553  0.02651477393482252
  0.02941873613812762  0.03307413630882618  0.03660766518887888  0.03961888286586933
  0.04218097949323208  0.04479711308031095  0.04745127454822996  0.05050052753632731
  0.05408037746369487  0.05811683976894742  0.06212335145889358  0.06553988173408949
  0.06907766116722455  0.07292242277990713  0.07710585713686856  0.08177758233427417
  0.08698656865044507  0.09214442488944161  0.09644066839376274  0.10039413348422674
  0.10382674347608596  0.10713810996208654  0.11043497224375712  0.11341471268034195
  0.11673068690136371  0.12027878232506993  0.12469413056830650  0.12970499759777643
  0.13454563220520319  0.13987956240391872  0.14600359306365895  0.15343509226035049
  0.16240210532480875  0.17258011112820096  0.18290517609198834  0.19121065756511957
  0.19787326279867665  0.20424752671422014  0.20987936724169948  0.21506203520630521
  0.22117733914314236  0.22725591270992818  0.23767247973304345  0.24854569738163812
  0.26333433451280880  0.28016153885209200  0.29586906579687738  0.30938695945965911
  0.32311475977348431  0.33829081706170061  0.35251201303134211  0.36698522767250435
  0.38416565343882736  0.40157851293139307  0.41957896125016886  0.43686131575452436
  0.45428771073513452  0.47418313445630539  0.49857623961873793  0.51985921284803249
  0.53725697092837166  0.54911591182670694  0.56035095758350784  0.57075291727716237
  0.58054876177422887  0.59168569772526347  0.60477976889939389  0.62960773467715314
  0.65185544945968632  0.68007909214268236  0.71526968017271042  0.74618984980469882
  0.77881786266057595  0.81737852150829282  0.85810801748625798  0.88933075670857054
  0.90581763042262076  0.92281433340639718  0.94660878068944154  1.00000000000000000
 -0.00354038307561678  0.01813537450001219  0.03392759309926858  0.04928689120215590
  0.06416920243829546  0.07995375156305437  0.09735542374785923  0.11302552591063028
  0.12382546303982184  0.13285765755586978  0.14186677444569751  0.15131413008794961
  0.16199798053104281  0.17251111610264963  0.18413771517374206  0.20135891980213766
  0.21929879555888801  0.23410303384298475  0.24760515560444432  0.26204094174124226
  0.27604842986608463  0.29120482430772354  0.31006002326623316  0.33236975580387362
  0.35535235434454876  0.37404934794583350  0.38366077862672404  0.39145327190864987
  0.39751893362164181  0.40305131757748980  0.40820444711353387  0.41370669835657287
  0.42000133315951754  0.42549195384118949  0.43002002911343939  0.43459450889455392
  0.44080208253676106  0.45007465298082172  0.46140156346539429  0.46847611337329403
  0.47486765468342962  0.47936868175758934  0.48233744370114889  0.48498137279092585
  0.48800015946631969  0.49125625714309246  0.49449790957260087  0.49771392635586964
  0.50092759533523745  0.50516837906639322  0.50966143854007318  0.51494949531059531
  0.51988550718181614  0.52462759217729682  0.52977905065700337  0.53464711226177830
  0.53932026643677122  0.54730220495872239  0.55521819129057781  0.56218916628139204
  0.56915112224001074  0.57664671078904950  0.58483446518207227  0.59356007647612163
  0.60122663481558569  0.60979277340317084  0.61954166640699970  0.63057675825716386
  0.64268338165190464  0.65329907082186911  0.66132887244716576  0.66756087144715515
  0.67327476535294550  0.67873126978532206  0.68597640141376270  0.69658867581645523
  0.70806219282352501  0.71939740148463993  0.73141847766619894  0.74814402930609536
  0.76447963669607677  0.78257175515565824  0.79899320605039093  0.81357611125660378
  0.82664741296323252  0.83788846143320128  0.84792746614829628  0.85885496627396474
  0.87425028549352979  0.88747598721770682  0.89827770828891329  0.90983341928171291
  0.92326374827651514  0.94222919076435607  0.96786099853929330  1.00000000000000000
   5.1295227292334583E-007  -1.0000000000000000     
 T T T F F F T T T F F F T T F F F F T T T F F F T T T F F F T T T F F F T T T F F F T T T F F F T T T F F F F F F F F F F F F F F F F F F F F F F T T F F F T T T F F F T T T F F F T T T F F F T T T F F F T T T F F F T T T F F F T T T F F F T T T F F F T T T F F F T T T F F F T T T F F F
