 -0.00001655454430905  0.00010391363935397  0.00018907076758176  0.00033663995822988
  0.00050716807733233  0.00065658403116409  0.00076565250755775  0.00083908041149102
  0.00090639350783370  0.00096954657050455  0.00103155371837579  0.00109226011709666
  0.00115681576808099  0.00122840817513167  0.00129694080620135  0.00136399648672093
  0.00143143669337083  0.00150196795391162  0.00157062690802589  0.00163326369798075
  0.00168858944333265  0.00173275565738747  0.00177446881118568  0.00179064921243384
  0.00180521508430985  0.00181980314711734  0.00183442095962864  0.00184903877213994
  0.00186599890881738  0.00188315474598034  0.00195792719742360  0.00213527217789630
  0.00229059819778580  0.00238784648419119  0.00249815778902776  0.00261538225919741
  0.00271912547047297  0.00277885465854585  0.00282345939053491  0.00286547158234953
  0.00290587224844126  0.00294673999243950  0.00299824933051131  0.00306721510505083
  0.00317444974265907  0.00326125952646771  0.00330130837773284  0.00339393823346137
  0.00346985207087705  0.00354138535872603  0.00361600398018743  0.00373464256279924
  0.00395176417299600  0.00426122157947428  0.00449927872742445  0.00465298198456536
  0.00479031878803651  0.00494343329473862  0.00508171317109129  0.00522174312566553
  0.00541885915257634  0.00571240449198116  0.00602887262278425  0.00621661325637075
  0.00632555954817691  0.00645393255938117  0.00659156016420138  0.00679927023995334
  0.00705705599990278  0.00742473316570788  0.00784130560153652  0.00828546651860256
  0.00873583177814025  0.00895647803512778  0.00929476100824766  0.00963148999005698
  0.01002727990965876  0.01052920798554481  0.01156392004325358  0.01252750578090250
  0.01341858812483929  0.01470553825114189  0.01660475845911492  0.01936084884928033
  0.02232552201037470  0.02532908671421447  0.02970214277956369  0.03542019256430900
  0.04015634780091737  0.04598595202680136  0.05724260874258556  0.07329234712323696
  0.11248966529890188  0.16700378324471166  0.28029333510657189  1.00000000000000000
 -0.00000000000010670 -0.00000000000006962 -0.00000000000003253  0.00000000000000456
  0.00000000000004165  0.00000000000007873  0.00000000000011582  0.00000000000015291
  0.00000000000019000  0.00000000000022708  0.00000000000026417  0.00000000000030126
  0.00000000000033835  0.00000000000037543  0.00000000000041252  0.00000000000045505
  0.00000000000050651  0.00000000000055797  0.00000000000060943  0.00000000000066089
  0.00000000000071235  0.00000000000076380  0.00000000000081526  0.00000000000086672
  0.00000000000091818  0.00000000000096964  0.00000000000103643  0.00000000000125409
  0.00000000000147176  0.00000000000172010  0.00000000000201011  0.00000000000231973
  0.00000000000265626  0.00000000000302654  0.00000000000341558  0.00000000000382195
  0.00000000000425776  0.00000000000470992  0.00000000000517712  0.00000000000567267
  0.00000000000618318  0.00000000000673316  0.00000000000729356  0.00000000000789059
  0.00000000000863203  0.00000000000941607  0.00000000001022041  0.00000000001102898
  0.00000000001186164  0.00000000001263419  0.00000000001341138  0.00000000001419293
  0.00000000001508362  0.00000000001602108  0.00000000001696190  0.00000000001850908
  0.00000000002259610  0.00000000002790741  0.00000000003407566  0.00000000004145784
  0.00000000004980218  0.00000000006175471  0.00000000009116407  0.00000000013105781
  0.00000000018068292  0.00000000024185066  0.00000000031087494  0.00000000038885181
  0.00000000048173709  0.00000000070425558  0.00000000111366244  0.00000000222234527
  0.00000000582293473  0.00000001140755314  0.00000001790033180  0.00000003817147975
  0.00000009626675293  0.00000023210609075  0.00000047728000829  0.00000129436050039
  0.00000328135945591  0.00000661253410911  0.00001172252633695  0.00002327345342796
  0.00004062562743280  0.00007214368713038  0.00011170492063731  0.00017735898897926
  0.00030302563039232  0.00051324942134559  0.00081283206941814  0.00118316412033007
  0.00192069765797139  0.00318495341843936  0.55986338461423213  1.00000000000000000
 -0.00000652932243284  0.00002071640682352  0.00003797749589132  0.00004919140864474
  0.00006196872733710  0.00007226491468581  0.00008142497127008  0.00009022380526406
  0.00009906829544411  0.00010809843174848  0.00011688106406189  0.00012143235304081
  0.00012594494369184  0.00012979840264550  0.00013524533229416  0.00014194218614118
  0.00014712640318844  0.00015022442435243  0.00015296808011837  0.00016477906154798
  0.00017972229213086  0.00019144259928130  0.00019824241103985  0.00020354983096389
  0.00022012592336965  0.00023689997338540  0.00025531929704987  0.00026803856635097
  0.00028807739419503  0.00030883078664006  0.00032553105187895  0.00033845514388142
  0.00035038440370153  0.00036006872326673  0.00036982900691979  0.00037966079132334
  0.00038949257572690  0.00039923598397350  0.00040897879773066  0.00041652924539639
  0.00042160562083407  0.00042668199627174  0.00043991144645706  0.00044309878073914
  0.00044547938914932  0.00044785353017638  0.00045022858046447  0.00045536228513120
  0.00046104834934241  0.00046609787651650  0.00047049901583866  0.00047812663557627
  0.00050059963476183  0.00056345468999093  0.00065360264914191  0.00071398829001190
  0.00074867230755663  0.00078364059532291  0.00081062325697574  0.00082716405197339
  0.00085515349997491  0.00088978159147959  0.00093235437095541  0.00099248971762864
  0.00105758521968705  0.00112412957325462  0.00119958270793827  0.00129853852267429
  0.00140004379289218  0.00148380724425796  0.00158955928088410  0.00171746062971371
  0.00187579191360873  0.00213352320932688  0.00249660726895297  0.00297914886877086
  0.00335499685880963  0.00348821342145973  0.00354305291291827  0.00361021086211441
  0.00368623961478285  0.00391635312477141  0.00423665609083150  0.00445684144984892
  0.00471770777845541  0.00495924836257903  0.00523936517164526  0.00565080951814169
  0.00614272553670174  0.00815378083480888  0.01042931031006092  0.01373634693102194
  0.02155879366870826  0.04117320163295841  0.88400501844428869  1.00000000000000000
 -0.00372195731969978  0.01668561712293985  0.02128973289885885  0.02606414946822945
  0.03413450118535346  0.04372847751891409  0.05225360994944222  0.05736557851676858
  0.06166587551183565  0.06664577817790938  0.07172169587169787  0.07825355560352705
  0.08597868420077198  0.09735149326916204  0.11865343639835491  0.13933105541006530
  0.15707198209135573  0.17768347328229997  0.19862245051488669  0.21836706198838132
  0.24063982895249311  0.25989673397526980  0.27304197133159636  0.28163392742410825
  0.28805905286427552  0.29414877692045760  0.29875762582933363  0.30209737259433839
  0.30544033865096804  0.30982855386280911  0.31435575811208033  0.31747029684937972
  0.32055456146724970  0.32361501077561072  0.32665008558800290  0.33590789667406101
  0.35476294306042905  0.36930046277511974  0.38221980166368208  0.39245194782163872
  0.40433346933196002  0.41439527661615505  0.42361695514229658  0.43480744036537994
  0.44065670546529506  0.44650597056521024  0.45050693174177497  0.45433660011263322
  0.45761327101826710  0.46055718475015972  0.46532957513425499  0.47588199513725871
  0.49033536731002225  0.50478302578296963  0.51565771338049571  0.52387762042267827
  0.52544141038262548  0.53281417103230877  0.54230787937744851  0.54810966842716591
  0.55525370000293828  0.56917495582868571  0.58497059089907288  0.60043537689399296
  0.61691233813816337  0.63100374375349433  0.64284811909745443  0.66077946128592524
  0.67620444853858619  0.69248049230614361  0.70991671830279701  0.72448667495459229
  0.73658104435191518  0.74725587176762243  0.76568300598007455  0.78433219623829797
  0.80325022945186564  0.81693374342489622  0.82880723758614205  0.84280295341121481
  0.86250027412710850  0.88964236986512568  0.90281329876512406  0.91448542535102717
  0.92361295810379329  0.93353801401722891  0.94398502904850634  0.94997778985375170
  0.95515624252567966  0.96037808966219551  0.96823833821237582  0.97076313146641835
  0.97442556114409140  0.97922939625254224  0.98928117166429086  1.00000000000000000
 -0.05849638512283255  0.23831085283486678  0.38647382231670369  0.49410762061789315
  0.56165494633605817  0.61412720666874443  0.65489179315648161  0.68390492644993217
  0.71327670822876010  0.72968238050185075  0.73739078604165331  0.74067284423840052
  0.74393385032263148  0.74600762231591955  0.74734741856597287  0.74868438309761587
  0.74998257743845398  0.75280080294989560  0.75519867390075068  0.76255059992327379
  0.77733031799071517  0.79132460439990693  0.80074908936687150  0.80888997231028648
  0.81499576818182307  0.82045575215170130  0.83022984996231008  0.83610742271465632
  0.84100575167113456  0.84694754668698236  0.85247638971884343  0.85625077083375978
  0.85913438968004385  0.86148590187542751  0.86380977525600233  0.86619606554258488
  0.86872320775179224  0.87064520999113437  0.87364880628415886  0.87629613563519693
  0.87849883245075333  0.88055888414058570  0.88284906350823367  0.88547010766851153
  0.88769568758808559  0.89089639451155889  0.89478294623831933  0.89864017057656265
  0.90248586732611491  0.90632091979304519  0.90960964131831301  0.91279965205008728
  0.91583336765573398  0.91786965306816137  0.91986476941885931  0.92253410265405911
  0.92561787010335062  0.92777685288991740  0.93065838188709038  0.93280220258900659
  0.93412731833201124  0.93545243407501588  0.93645291329598201  0.93739925554524195
  0.93833552040325507  0.93925984042496091  0.94025820342746957  0.94246317547188685
  0.94581547840733238  0.94841398167840929  0.95056948848006906  0.95222209623283127
  0.95356792193649964  0.95497654946299293  0.95734920162670512  0.95976427105878859
  0.96180896165266172  0.96339117676461650  0.96486464214790657  0.96636259058192875
  0.96784013457406559  0.96918592024919015  0.97021995699956154  0.97107899152918009
  0.97189098608506508  0.97250269419743873  0.97326416099243018  0.97401934371476673
  0.97492174105945795  0.97612042365547291  0.97790463234233982  0.98004211071194669
  0.98071017593897081  0.98137451173465240  0.98188885049017538  1.00000000000000000
 -0.00187527975084370  0.00414398605959195  0.01086094188600980  0.01840241984356782
  0.02694855107511092  0.04730782497087870  0.07135291719181434  0.09798538014820263
  0.10978549260248066  0.11786738907074359  0.12163547390575530  0.12506950754951218
  0.12852001641164032  0.13471413540324881  0.14640833213094959  0.16424637289495761
  0.19123981305485344  0.21002776049583652  0.21770373256356124  0.21981075129099192
  0.22191777001842261  0.22403815038759980  0.22616047801012973  0.22830023547318248
  0.23045065337649617  0.23343035397043005  0.23783929539849860  0.24223655679119088
  0.24694548181711165  0.25533763028117473  0.26236280499195075  0.27380092736300154
  0.28402172693393518  0.29220351077396195  0.30207295760702274  0.31893678597711517
  0.34136801511046660  0.35330843916267307  0.36464537213960529  0.37696426316480003
  0.39827223421544394  0.41871181751984543  0.43250711423761568  0.44025822460885733
  0.44927970039673087  0.45627218078399640  0.46125269875188707  0.46734643046510727
  0.47455748718059215  0.48060521514809790  0.48451548077952639  0.48830077015158291
  0.49769615399740036  0.51142332037991944  0.52548789921748995  0.53360329842681031
  0.53700193522831507  0.53952695404249418  0.54256602800497644  0.54594107754265819
  0.55207113746276448  0.55897634497421955  0.56355088930865882  0.56687808477884871
  0.57100682906267786  0.57419597037755254  0.57832678493921219  0.58437843041268356
  0.60223784450720086  0.61891116826038450  0.63539696675079949  0.64282135984911959
  0.65074412128594572  0.65903781973361120  0.66774132761958960  0.67829827268556830
  0.69930688751711445  0.72478259458615879  0.74482238080212804  0.76211752407519529
  0.78090326352988215  0.79980873943608655  0.82598565229780041  0.84633499353035524
  0.86420631753690347  0.88357839780493153  0.90156128646289102  0.91616174406976691
  0.92779496764048486  0.93777890366538230  0.94675605683342767  0.95648014645565071
  0.96629690594564444  0.97715035729600364  0.98842584180827731  1.00000000000000000
 -0.00004664574463390  0.00045512967987373  0.00064217023108277  0.00082921078229181
  0.00106069274233362  0.00133726408507859  0.00161383542782355  0.00187558769404071
  0.00213233424557927  0.00238908079711783  0.00279148717950183  0.00309365426740818
  0.00328927789280415  0.00339973879542491  0.00352193167034480  0.00366113380363894
  0.00375684013877584  0.00383557422431745  0.00391435506841133  0.00399565393849266
  0.00410328362197311  0.00422577701603573  0.00434551976350159  0.00443692839041054
  0.00452795086970114  0.00464004510277700  0.00480720347073496  0.00490382158550826
  0.00499594790204566  0.00510301859806903  0.00520758754698205  0.00531069807624971
  0.00544143375480993  0.00558551609357977  0.00572862718722044  0.00598969159053883
  0.00626790220084704  0.00669866078327529  0.00739903639538216  0.00809941200748903
  0.00859167690694083  0.00903789162308748  0.00945485432950291  0.00978090406209206
  0.01010695379468121  0.01069623860772646  0.01148805585430322  0.01230292498169570
  0.01313674396753356  0.01400032758871237  0.01487579727903563  0.01579087013429916
  0.01674649374201545  0.01768309585697384  0.01860852789609406  0.01928624274707531
  0.01983717716641838  0.02028300277509402  0.02087456963247086  0.02120099260236601
  0.02152819120973619  0.02183713688408249  0.02209791740324698  0.02231316968254045
  0.02261823644562286  0.02290631478695251  0.02343523744227233  0.02444956402287004
  0.02578646493481211  0.02702709754304617  0.02811844505880208  0.02901088873993977
  0.02993389136093564  0.03096035143455851  0.03216603050838419  0.03360054973393840
  0.03613488324410742  0.03901505328153222  0.04218588395849622  0.04604953467262776
  0.05065433360036283  0.05653475541741291  0.06152398279778993  0.06610214328084144
  0.07073715665602795  0.07497730170909601  0.08577083627331054  0.10207962981346362
  0.11912340429251320  0.13486247599927720  0.16111052038902648  0.20431967445887747
  0.26080575047813981  0.32062395369742930  0.43950589686474795  1.00000000000000000
 -0.00236766348153465  0.01791152167219533  0.03202815679382658  0.04461426701857183
  0.06435389936245710  0.07744875214421781  0.08825793740471775  0.10279689509088893
  0.12838366603427198  0.16215610014844442  0.19543745739368010  0.20849003483651693
  0.21712352966005094  0.22341648897708635  0.22874397531505955  0.23489208218567301
  0.24150915410235363  0.24840606470030191  0.25716983878220934  0.27409185340862152
  0.29340095256128385  0.31605521593372288  0.33467796409808481  0.35004403078914337
  0.36098809934403414  0.36857563184568126  0.37592618002536882  0.38410516401594302
  0.39391454901160655  0.40832512124536752  0.41612562055052205  0.42552910453531889
  0.43709834188461782  0.46011708788967687  0.46544618020917999  0.46974492024563569
  0.47195636914595940  0.47375515619392616  0.47552555816388153  0.47854312416985123
  0.48233968483050743  0.48543323068449662  0.48772547008237838  0.48999277177196998
  0.49728034281555017  0.51144519531278199  0.52790927064761850  0.53793103844939949
  0.54504278020391750  0.55097800142159892  0.55475067143767154  0.56165093408580102
  0.56927318876991773  0.57595638412220496  0.58629154327497868  0.60117456642904210
  0.61599830209562323  0.62963976615036343  0.64085826267657942  0.65107849051585553
  0.65799265117279515  0.66490681182973466  0.67323567472050883  0.68188462842453113
  0.68941254459232382  0.69522497481262024  0.70103740503291656  0.71386420865597933
  0.72383110388292782  0.73067411767586865  0.73655853076475042  0.74908486503538896
  0.76335986569915082  0.78251624908282602  0.80185387603506453  0.81815841358825392
  0.83145987806366628  0.84282386288533850  0.84932520436551007  0.85489494680647471
  0.86347114403991987  0.87360550859122033  0.88420855930236475  0.88876726583915089
  0.89483117084795516  0.90218674845464353  0.90941907750803419  0.91578075675374737
  0.91968713277489800  0.92418349409879297  0.92900536008467016  0.93396883996453639
  0.94273778718444390  0.95471598772103461  0.97098765426091649  1.00000000000000000
   4.0013968640685961E-006  -1.0000000000000000     
 T T T F F F T T T F F F T T T F F F T T T F F F T T T F F F T T F F F F T T T F F F T T T F F F T T F F F F F F F F F F F F F F F F F F F F F F F T T F F F T T T F F F T T T F F F T T T F F F T T T F F F T T T F F F T T T F F F T T T F F F T T T F F F T T T F F F T T T F F F T T T F F F
