  0.00192971854287137  0.03538401277790890  0.06050475000091304  0.08003505988704718
  0.09694810414228328  0.11232557977355530  0.12651877745726675  0.13984232728496865
  0.15242699198133347  0.16450329519479159  0.17603543815994194  0.18725161237229332
  0.19804192647306998  0.20860148414815546  0.21882125113032774  0.22885714952609632
  0.23864641315089680  0.24828809645045596  0.25775005225892667  0.26708631032648589
  0.27626046178030916  0.28530587273320412  0.29422172134993169  0.30300243071018879
  0.31169239345036731  0.32027586864119845  0.32878068363976709  0.33720596650197138
  0.34555348241840556  0.35384535024316521  0.36206990197837341  0.37024887664481759
  0.37837569791144021  0.38645332747689437  0.39449063586902855  0.40248664577422494
  0.41045039430351271  0.41836898114368309  0.42623997933195051  0.43408000013792891
  0.44189831589505341  0.44969783923421119  0.45747722948946956  0.46523884341714095
  0.47298855290286534  0.48073995555862220  0.48849489729530138  0.49624332123627624
  0.50398511638923260  0.51172883044321149  0.51947396559645820  0.52723613852535511
  0.53501298411710263  0.54280584755466332  0.55061136746845141  0.55842716417261629
  0.56625808969014957  0.57410683904437432  0.58197660723184252  0.58987487160089835
  0.59779515300495401  0.60574705907575899  0.61376114405675652  0.62183344888075753
  0.62997225832965376  0.63817134515311202  0.64641628551713903  0.65471768798632002
  0.66306870525317541  0.67150120357293253  0.68002645335843415  0.68863250749156746
  0.69733754510803991  0.70613045277669362  0.71504124323388152  0.72406622569462809
  0.73321665065484631  0.74251096783833614  0.75194574586158169  0.76159276791393249
  0.77139413397371193  0.78144428999939208  0.79166210524798031  0.80222914631670639
  0.81302594662399086  0.82420486715350005  0.83570796810482928  0.84777685974330952
  0.86033570750995181  0.87361657052256347  0.88775835393659319  0.90309549942529566
  0.92003006040773794  0.93971541500164102  0.96514478912050528  1.00000000000000000
 -0.00246201158909943  0.00954406048975632  0.01976185331605931  0.03038231094091352
  0.04101758892151455  0.05151157934625629  0.06201084552598052  0.07248653131544204
  0.08293664203347263  0.09337175958958631  0.10381367683343126  0.11442053924324876
  0.12504023241769366  0.13565122772561719  0.14616069325946429  0.15668428804195680
  0.16725212876171405  0.17773757116012631  0.18818428470177426  0.19863533649757278
  0.20913166054943699  0.21965302066482931  0.23012271156635430  0.24077659205815524
  0.25136825111466959  0.26200047240499719  0.27263690371716720  0.28326534180374352
  0.29387633744135688  0.30441368327799911  0.31488159884506206  0.32541926943342298
  0.33595598946932370  0.34657022210286242  0.35710533381927301  0.36761783978758916
  0.37816449410487019  0.38879291881943290  0.39949528614603630  0.41025201505854142
  0.42095380573842411  0.43148673490710343  0.44197395311586440  0.45239487749856516
  0.46277697885969943  0.47311693396605436  0.48349581863422753  0.49407265713803145
  0.50463973262590500  0.51526607147671866  0.52574239499854714  0.53625432977634380
  0.54667484893594065  0.55730492974624168  0.56784714318332996  0.57851736404914511
  0.58908059353068631  0.59967141429065163  0.61018758214024937  0.62068181998787941
  0.63113282053632369  0.64160923623264021  0.65216455938330431  0.66278055419420001
  0.67330028551354371  0.68388262385060861  0.69445793831638092  0.70507229010315609
  0.71554136083619424  0.72590670117275691  0.73627375993673283  0.74673351249102793
  0.75731489936646901  0.76791231213988720  0.77835460967014336  0.78882650067896942
  0.79942080305713603  0.81010487768267547  0.82063662773516644  0.83105165643777545
  0.84157918586175995  0.85209064762102549  0.86257448007645410  0.87297479859336413
  0.88350418956032994  0.89405484705490967  0.90462967266567684  0.91527702924930721
  0.92590812811900169  0.93648052962149730  0.94691944974540865  0.95741795008483566
  0.96810785391317489  0.97875837074408534  0.98937705418087996  1.00000000000000000
   1.8572983649081581E-007  -1.0000000000000000     
  <DiscreteSampler_grid>
  Helicity
  1 # 1 for a reference and 2 for a running grid.
  20 # Attribute 'min_bin_probing_points' of the grid.
  1 # Attribute 'grid_mode' of the grid. 1=='default',2=='initialization'
  0.0000000000000000 # Attribute 'small_contrib_threshold' of the grid.
  0.5000000000000000 # Attribute 'damping_power' of the grid.
 # binID   n_entries weight   weight_sqr   abs_weight
    3   22   1.981271027140339E-010   1.073024242569449E-019   1.981271027140339E-010
    7   6637   3.032736535624437E-007   1.420691023643355E-013   3.032736535624437E-007
    11   23   1.612232698402876E-010   4.846909276720549E-020   1.612232698402876E-010
    15   7341   3.362546962385890E-007   1.762541051791418E-013   3.362546962385890E-007
    19   20   4.566821762594562E-011   3.758457716589153E-021   4.566821762594562E-011
    23   20   2.919196361045974E-014   5.396515615817700E-027   2.919196361045974E-014
    27   25   3.180767573950313E-010   1.539052237987265E-019   3.180767573950313E-010
    31   20   5.578962133565845E-014   1.962172142401232E-026   5.578962133565845E-014
    35   20   2.947746822441466E-018   1.624257485825423E-035   2.947746822441466E-018
  </DiscreteSampler_grid>
