 -0.00003146609494672  0.00000916093303221  0.00006742811087951  0.00016057141748458
  0.00025055719117466  0.00033861440105759  0.00042889446022731  0.00052022229093986
  0.00062627787314654  0.00073690570411026  0.00085702070264381  0.00097139178001722
  0.00109072596090312  0.00123300085868901  0.00138712350127034  0.00154784808335078
  0.00172171007490579  0.00190059215744204  0.00208395247130027  0.00226049100530965
  0.00246124399371469  0.00268547310891121  0.00292164268027564  0.00320166187068027
  0.00349755724171048  0.00380520158922414  0.00414856515059843  0.00462327151864099
  0.00511390471827191  0.00562848666999793  0.00619516295660583  0.00684081025890420
  0.00755646185516712  0.00838713693518834  0.00938248145626323  0.01062435188313693
  0.01219959876014648  0.01400392724070579  0.01621619231794257  0.01904847916810263
  0.02229994113127987  0.02590544460515461  0.02995997685733489  0.03455321572029588
  0.03926430232712935  0.04554596437132646  0.05444383946533193  0.06417241021279767
  0.07471006144318515  0.08640802397932933  0.09902654133181774  0.11201482749140118
  0.12525017742265232  0.13916881200352130  0.15287638240644136  0.16651413499568365
  0.18003861807130378  0.19435340899582354  0.20977384558079729  0.22603813952427904
  0.24305464637732171  0.26055715688743131  0.27925680781448770  0.29759775022033730
  0.31405831825547531  0.32896335134385041  0.34387821765630772  0.35906774053947771
  0.37423610265925428  0.39064980263637900  0.40815150407550033  0.42609912698467500
  0.44434798813101622  0.46275368486407015  0.48095693131860723  0.50010750440877338
  0.51949439083264026  0.53878890027796011  0.55838838237945643  0.57754090295798510
  0.59764180321510407  0.61866108675412934  0.63799580793850630  0.65658587490045361
  0.67620367121734448  0.69821741137773452  0.72218465329496884  0.74571764608138635
  0.76924193733385027  0.79337868555340074  0.81800336205992741  0.84488116653068457
  0.87357208107092643  0.90345974899132764  0.93907302426906558  1.00000000000000000
  0.11671213768358533  0.12055750443443118  0.12423924437055904  0.12742948182727840
  0.12926485916055994  0.13221362966890826  0.13575858274071512  0.13958482910258074
  0.14345540830395845  0.14735771899174288  0.15144397543637050  0.15817833866085679
  0.16801273261024763  0.17747371289867825  0.18579948825787998  0.19380266032161222
  0.20157726035141849  0.20717486440492811  0.21044930926335492  0.21449612695385273
  0.21869107183261863  0.22323186383260929  0.22834161684607540  0.23345304447395851
  0.23752974971990409  0.24061890437546363  0.24362062104039270  0.24654641532363095
  0.24911078302818265  0.25150045242838120  0.25430704170796459  0.25728318075078294
  0.26021222582656750  0.26344235674784022  0.26734770266273888  0.27439485298976746
  0.28029483095520408  0.28372669449421206  0.28688984102925358  0.29215131453086274
  0.29915920472802282  0.30177510010547509  0.30446166754361187  0.30697216693127471
  0.31189710543648469  0.31504611013161216  0.31758227883157519  0.32104307692613543
  0.32521667568934115  0.32807773706467652  0.33094972839875059  0.33364178222734153
  0.33634618291662133  0.33922819584411046  0.34247309792927322  0.34836617703898431
  0.35323039466820871  0.35770043510514277  0.36001404074061966  0.36362783365225254
  0.36758883149212551  0.37300691981702511  0.37894421355003660  0.38467651542599790
  0.38923146157981803  0.39391039117141169  0.39791310672985453  0.40144343070885463
  0.40487348716779936  0.40929877183299446  0.41877161042177130  0.42737624895720649
  0.43566321277955977  0.44321461135631141  0.44946337428863042  0.45528705440675749
  0.46182476187931776  0.47118998801006756  0.48021187177800878  0.48845874067883538
  0.49899536013169715  0.51400919613664964  0.52831967261098445  0.54010260439365909
  0.55132972018115789  0.56236115499862960  0.57507740631533122  0.59371789800785069
  0.61297790120532358  0.63429455587482786  0.65720612899439057  0.68440941594994231
  0.72257537143190431  0.78629448350915487  0.88136602950295040  1.00000000000000000
 -0.00237635778761440  0.01006582167277927  0.01909402916729298  0.02876522809201214
  0.03856367314642887  0.04967420221342383  0.06052389999382334  0.07077592422416988
  0.08060967051179740  0.08983672141836117  0.09944314353117788  0.11093968787724186
  0.12374982439720489  0.13568790987087029  0.14691958236984604  0.15800481269942090
  0.16782927157209784  0.17999293768912264  0.19157817737785643  0.20297792947968035
  0.21452034771738185  0.22591193330386858  0.23600888318216648  0.24479274824088004
  0.25300343910715228  0.26187093243827630  0.27152176711453180  0.28293966328506015
  0.29563154032992317  0.30878571941935012  0.32034648667976767  0.33061475047121036
  0.34049529804129403  0.35048973464973021  0.36124750641078923  0.37287775783521909
  0.38537007918380672  0.39839043796014606  0.41132779865208924  0.42404110974030412
  0.43629549565434328  0.44628833535611501  0.45576540581445013  0.46500031400554287
  0.47446659856407641  0.48406891271650820  0.49269936297137606  0.50031764984899141
  0.50869908243286166  0.51852448442134524  0.53112446066062502  0.54557032462423305
  0.55840805068947086  0.56924507967703142  0.57768715838711193  0.58700978519323621
  0.59502676531720333  0.60332397787069392  0.61170198479455984  0.62454266871129538
  0.63707829358061774  0.64905467562981001  0.65993695774365357  0.67067249880130897
  0.68205353118807666  0.69420881341467000  0.70600241350325454  0.71443857208206907
  0.72141714479600083  0.72797864743897811  0.73511249380364629  0.74214562429786590
  0.74804255517530527  0.75428960896546648  0.76217338966801618  0.76997858312907708
  0.77976700001799792  0.79005438044332021  0.79937739907081240  0.80841287354200719
  0.81775840405438172  0.82850050887096627  0.84122502686921374  0.85540510740649056
  0.86989935344787273  0.88351811016968151  0.89807899152847270  0.91307349134828109
  0.92638184702792969  0.93895149046817172  0.94997423542349058  0.96063827338508900
  0.97127753025997088  0.98109467172337839  0.99106270375199901  1.00000000000000000
 -0.00297389432517649  0.01090260123094662  0.02202100521893608  0.03245398053130953
  0.04305316519889605  0.05370768846306151  0.06392410759791552  0.07403702004930127
  0.08453322321003374  0.09502444984288982  0.10734321574217787  0.11926946179197015
  0.13037361231541017  0.14122432988238892  0.15359263385597549  0.16579321590753265
  0.17632458094638698  0.18697513278513173  0.19798271850170263  0.20883054803822818
  0.21991428709432845  0.23182253910865239  0.24628548339493583  0.25868130575585152
  0.27037765937282193  0.28187706001995616  0.29304558180120854  0.30406397075218566
  0.31550890166849188  0.32743395499061489  0.33823343547554352  0.34736861864232449
  0.35613576107683281  0.36393802138948833  0.37237060305561220  0.38174924575233227
  0.39263188121538228  0.40153658725639213  0.40907001814084787  0.41649966508761677
  0.42461880326462453  0.43555574271432368  0.44513998204712174  0.45238104800019646
  0.45995778900279494  0.46797890442208645  0.47651432895397755  0.48852604110554276
  0.50133548240800452  0.51567424699019160  0.52950088820895302  0.54377157012728172
  0.55694328844627650  0.56826162909554934  0.57936627808208796  0.59104947936750485
  0.60369685849598298  0.61651037219691274  0.62980431457243735  0.64193252021377756
  0.65137792290335228  0.65908900266938530  0.66683397692069746  0.67593303207319455
  0.68432664676238597  0.69127492727636486  0.69920645102660584  0.70696853282730532
  0.71605069179472614  0.72715986509443842  0.73861953603611652  0.74971207189780020
  0.75947468796710005  0.77003342566132782  0.78290494527277366  0.79657493367535304
  0.80875385746829442  0.82025336811404559  0.83123961897366738  0.84133768941716891
  0.85003805031994739  0.85775510709795233  0.86685587010165077  0.87627248381609446
  0.88619309064617424  0.89579739170668604  0.90493481445832991  0.91407685274836370
  0.92360682765351199  0.93350784339678006  0.94423765488674660  0.95602968055447357
  0.96690041276278405  0.97727939297725064  0.98768635234602775  1.00000000000000000
 -0.00370056112344007  0.01389357588663865  0.02548993140762409  0.03577655346832125
  0.04710369225294804  0.05866235019411616  0.06754345303197647  0.07383246233494169
  0.08028320871465190  0.08640206809571488  0.09289073761416854  0.09953359234782901
  0.10657042614400647  0.11405086319396822  0.12163304553351989  0.12658172330463230
  0.13457802572421876  0.14408229696330482  0.15341704446923818  0.16402894275339042
  0.17622139916605323  0.18747879914124713  0.19926345113465913  0.21175465752307490
  0.22389136976946797  0.23650757008389631  0.24839757974082555  0.25907738371010075
  0.26978537455739432  0.28076252799351886  0.29338661327896720  0.30796656861731603
  0.32164306488502037  0.33399410225039744  0.34625617172302509  0.35864139003717305
  0.36979136590638323  0.37945757289320825  0.38855327347646001  0.39638512462750303
  0.40316550457528022  0.41103354823428168  0.41973612885257650  0.42828960055777343
  0.43616010249140413  0.44388496654261539  0.45244055130925415  0.46332354755965466
  0.47376467020023316  0.48468069597851926  0.49593910606426106  0.50630481165288166
  0.51570834847834923  0.52562235789468714  0.53795128207151044  0.55045042360996377
  0.56262298454100557  0.57439698559198327  0.58594960933193818  0.59741989620481639
  0.60876348682433878  0.61949214533133068  0.62995369682234026  0.63962506126372909
  0.64939952502448439  0.66269283229693432  0.67577277095452581  0.68946501495958390
  0.70284244751897695  0.71507724937156669  0.72726364197930604  0.73968485820314267
  0.75216724137681090  0.76446732051104915  0.77694686505574473  0.78994195199915596
  0.80252301807266369  0.81436851443382285  0.82506532583584113  0.83596533284671004
  0.84557814328699976  0.85599788477876071  0.86605721356284682  0.87525975303133274
  0.88578076129567385  0.89649534844513146  0.90808245040279845  0.91878929690001165
  0.92883900263765029  0.93855268512194556  0.94781817000484592  0.95804138803928640
  0.96866696814704412  0.97902180101135672  0.98915218679830164  1.00000000000000000
 -0.00272040215798336  0.00964112707550237  0.02127483263359220  0.03428967248340482
  0.04784815107910090  0.06086622699431249  0.07316739095468766  0.08561341253934547
  0.09852613344623808  0.11121865938309101  0.12258217838690523  0.13361391426653552
  0.14494133600467701  0.15575089231659528  0.16666204413318145  0.17826959339876455
  0.19028011403599521  0.20387116909939187  0.21813599685778187  0.23113230181185823
  0.24307836750594328  0.25511565998084973  0.26748269819433168  0.27903910659219683
  0.28893802046479666  0.29704063853144563  0.30374786294420208  0.31049679848241052
  0.31796944329259835  0.32598508460939407  0.33472979119036600  0.34407281497809339
  0.35349750827038151  0.36342823919826317  0.37391601883971437  0.38488383160799117
  0.39676853456862243  0.40960882497476508  0.42112533296798199  0.43056583933554826
  0.43952723396935101  0.44879375783201869  0.45833294984243012  0.46726515469015861
  0.47579284393463250  0.48499370851288964  0.49456942475353383  0.50324867558482256
  0.51379524649142427  0.52496918156013761  0.53653196364794553  0.55020847577306031
  0.56196899336659656  0.57277886454271343  0.58255824433359593  0.59161560130060320
  0.60082315758869353  0.60982605933843814  0.62084619103738803  0.63293154053388334
  0.64492125819351898  0.65726570048949950  0.67031063210681530  0.68375864818297893
  0.69681071543819384  0.70849071798340579  0.71824601815031164  0.72743528024445547
  0.73656417230848314  0.74608097374980209  0.75730925887334932  0.76994617216945094
  0.78236699362077977  0.79376507317716005  0.80544627433357951  0.81656689983200437
  0.82817759492167675  0.84022161393052908  0.85310041965502093  0.86508027145446531
  0.87671942040727691  0.88796571107930700  0.89925280630625615  0.91150217926675292
  0.92148067429287295  0.93077463361817647  0.93711387808105473  0.94209015589880729
  0.94689756008755122  0.95214699537276304  0.95879410332952197  0.96499614183256477
  0.97214682343850456  0.97976848726171883  0.98873188141807922  1.00000000000000000
 -0.00347185133262660  0.01282740180824410  0.02343193791158214  0.03324286578898914
  0.04396443760663637  0.05433602224078420  0.06541006644107678  0.07756268626448021
  0.08967375503727515  0.10137726625869387  0.11278096330447065  0.12438053720187923
  0.13690883049323749  0.14839763620749524  0.16106184805226786  0.17113297812202474
  0.18007077761404969  0.18902376607232033  0.19849255396763987  0.20895910125104494
  0.21934495136532217  0.23027944343260276  0.24277487543910783  0.25616137674008788
  0.26877469044025099  0.28058258219156285  0.29168243248861908  0.30294110929618590
  0.31515205752280123  0.32735461500611401  0.33889143027660662  0.35004887904583620
  0.36307140488232703  0.37642334857494764  0.38936548731169829  0.40221689463271093
  0.41457001604503507  0.42641133314952717  0.43704713770913095  0.44616801167417303
  0.45414809354037761  0.46163624406507275  0.46925874941155976  0.47747272585742867
  0.48755217714031945  0.49967491925536156  0.51169154133931583  0.52261193832574648
  0.53229419771804865  0.54152062807567869  0.55045642639744063  0.55929517533354245
  0.56569415171905935  0.57142211992705039  0.57703743145901321  0.58237194159937289
  0.59079350191163527  0.59909722061910775  0.60821538895682847  0.61851863074550484
  0.62977501691364157  0.64401591218686516  0.66077492084167910  0.67474065086089474
  0.68807707068334856  0.70053439497888359  0.71046415172511679  0.71971575868083570
  0.72975993620589830  0.74144474017758755  0.75183813639800046  0.75961289338079785
  0.76748189067546158  0.77550865477925257  0.78407695540463884  0.79275560384118926
  0.80166955908949733  0.80887379316376629  0.81651985782047054  0.82773540343433016
  0.83910863007792891  0.84991224478204863  0.86092819536690213  0.87277562334761594
  0.88310076239462598  0.89254155566942639  0.90262501385137350  0.91399204818015289
  0.92471661080180745  0.93508003360140812  0.94604941676618604  0.95690853264706499
  0.96714010745831203  0.97714612080108254  0.98787402810553016  1.00000000000000000
 -0.00219798527921191  0.00958290196499480  0.01902135514870437  0.02901873449754519
  0.03938252139063101  0.05118670753101032  0.06487253817639932  0.07789880909500838
  0.09176414951766752  0.10351933008047574  0.11351572586038794  0.12367429255699333
  0.13404733899147758  0.14455154211034535  0.15786904238248836  0.17154942085274588
  0.18350512736727065  0.19399110524378874  0.20352493344833500  0.21328249747805428
  0.22302765528473506  0.23266468294380052  0.24195930404598689  0.25134979031702170
  0.26273217804589966  0.27440982099208250  0.28531972977332465  0.29696859765625572
  0.30908653389851914  0.32092563452768863  0.33192535897839071  0.34268461452271459
  0.35368636802411091  0.36392540721448668  0.37324634131456941  0.38061043861873695
  0.38830680855563743  0.39603807726484147  0.40389843479526533  0.41237722266835036
  0.42408389771747768  0.43520135403587351  0.44497134108843561  0.45315386979188021
  0.46124556512685183  0.47055304342304011  0.47993237268521372  0.48842079787899373
  0.49595780977069448  0.50270733743332652  0.51024458398283701  0.51876458373035317
  0.52684106087207083  0.53560891868589400  0.54573731756132882  0.55742351858915473
  0.56719211091673460  0.57681241913316872  0.58613183855577233  0.59471651358876920
  0.60373997167719129  0.61360644198519043  0.62391855047260447  0.63416106862002330
  0.64359723586728246  0.65325447153900362  0.66401534374029614  0.67513651472326386
  0.68689402097668384  0.69906402628272224  0.71210866102168591  0.72587505224484927
  0.73922407576807436  0.75195532104797935  0.76395757942196763  0.77440051273417865
  0.78406625525113505  0.79438808619012224  0.80641220520883572  0.81814466941529329
  0.82944823926743660  0.84098563911267521  0.85282347772268308  0.86439326086183743
  0.87472664328726257  0.88573223499828047  0.89690413444788797  0.90769992554391599
  0.91844188004279459  0.92942827812696871  0.94108541165818083  0.95385004452456201
  0.96577602554649977  0.97706383292172616  0.98802863380516248  1.00000000000000000
   8.7953126260503590E-021  -1.0000000000000000     
 T F F F T F F F F F F F F F F F T F F F T F F F F F F F F F F F T F F F T F F F F F F F F F F F
