  0.00484789124153495  0.00499034600807264  0.00543682211326552  0.00593039605162525
  0.00646197688201116  0.00707922328552180  0.00816079504685789  0.00915772594172318
  0.01012879249556954  0.01114149169295890  0.01242539009607975  0.01402141202945201
  0.01635301202342733  0.01944052275687478  0.02318555373530875  0.02724543306489484
  0.03126379924320186  0.03505604180162811  0.03881528229725072  0.04332711611811133
  0.04829466330788282  0.05372561909209245  0.06015032936327061  0.06726139956390587
  0.07530203235467217  0.08365766867467862  0.09210203006737343  0.10119732330502483
  0.10961319321451489  0.11711698789210291  0.12440802924117486  0.13271918011266975
  0.14374484878998842  0.15595837736805887  0.16652423267606534  0.17659918443113382
  0.18656859345771021  0.19627725925472272  0.20801808037778094  0.21955057175525167
  0.23013069512465947  0.23990058817945401  0.25141495158515986  0.26434130463680761
  0.27616576260626197  0.28712766615750063  0.29834342953920512  0.30996783940472317
  0.32177557784198080  0.33463815715949591  0.34845646756081161  0.36539793504925427
  0.38300500974643664  0.39614382630369754  0.40984245696321964  0.42402970850087929
  0.44145736305030842  0.45711116512441891  0.47241355435665483  0.48659446023477515
  0.50276367320973481  0.51921236492411538  0.53314415793456593  0.54285000447182252
  0.54917695788942134  0.55604108630031335  0.56313430592864555  0.57022677674317146
  0.57834549917100775  0.58692575071905717  0.59606180209174087  0.60439854069055310
  0.61471578080388800  0.62462608068546432  0.64129711823742952  0.65473842793880821
  0.66875548234992477  0.68289024803118159  0.69579563414751611  0.70932565653192658
  0.72471191311820171  0.74198645431408161  0.75763209094424078  0.77899151678182188
  0.80114959199308444  0.82084451006176951  0.83527832417898051  0.84391419119042821
  0.85414404616500073  0.86644029389649524  0.87823130389860726  0.88838701067999537
  0.90481820000219926  0.93215144580610965  0.95915180657249477  1.00000000000000000
  0.00001535587400570  0.00001735567318890  0.00001942055612779  0.00002086278973156
  0.00002122726760969  0.00002163087324722  0.00002205123120779  0.00002258227501302
  0.00002382822006555  0.00002447571928269  0.00002505078287438  0.00002554099864930
  0.00002622785165479  0.00002682137107946  0.00002747024472318  0.00002819330547718
  0.00002893221774820  0.00002980995701891  0.00003068317715701  0.00003167687403105
  0.00003281660483791  0.00003363078127881  0.00003455682357584  0.00003552178419048
  0.00003672112327926  0.00003834557953940  0.00004055652914373  0.00004294600023074
  0.00004513606011930  0.00004675450016169  0.00004814848843098  0.00004958899936401
  0.00005067914915774  0.00005157611071808  0.00005240125659340  0.00005300533212403
  0.00005357413897858  0.00005416452480191  0.00005466371465682  0.00005524210524834
  0.00005582555766241  0.00005636441458356  0.00005690008463805  0.00005743617760665
  0.00005793701949334  0.00005836855841061  0.00005876099385616  0.00005917083840002
  0.00005958312880927  0.00005988551185246  0.00006028580601505  0.00006075118024138
  0.00006119791813928  0.00006159519345382  0.00006193282659017  0.00006223997361831
  0.00006255537077120  0.00006286905295613  0.00006317738389563  0.00006347329282134
  0.00006373335248605  0.00006401798218745  0.00006432785149633  0.00006470376413861
  0.00006504909756769  0.00006538190216511  0.00006575889454570  0.00006618942787541
  0.00006660837709359  0.00006705103648272  0.00006756392754652  0.00006803126187239
  0.00006844261732410  0.00006881945022816  0.00006918929025262  0.00006955653383123
  0.00006992022976802  0.00007035227445631  0.00007082070332980  0.00007120136977976
  0.00007173371299296  0.00007214862258357  0.00007259259021457  0.00007308384762383
  0.00007357980657988  0.00007396139158366  0.00007430039244368  0.00007460650945715
  0.00007489214465647  0.00007516686063518  0.00007552464745734  0.00007594103229947
  0.00007632113730795  0.00007660173722918  0.00007663875236578  1.00000000000000000
 -0.00536351849616642  0.02663479972176219  0.04050947429079967  0.05214541785133960
  0.06389723277615407  0.07482262951321567  0.08692409422876961  0.10384083177451596
  0.11917474802825470  0.13738130381226368  0.15617086211475714  0.17222429544352530
  0.18609993746767237  0.19657266158016534  0.20893262672955878  0.22280514085864117
  0.23897675108934349  0.25817510993800052  0.27712306041330459  0.28916310476673357
  0.29946369811442564  0.30924821045125372  0.31866959717435916  0.32777451273724140
  0.33793526469768620  0.35159045414075246  0.36643333007085144  0.38140175174942936
  0.39505992496255815  0.40923736584460607  0.42115496454663115  0.43453845589938456
  0.44804289492771493  0.46089855538381685  0.47289435474308522  0.48540456804428445
  0.49881898787458573  0.51148773553396376  0.52285057152075187  0.53525387446834205
  0.54778651735120465  0.55709964034855031  0.56673467165663427  0.57448084402405608
  0.58144571620463747  0.58973608999142080  0.59813099368335232  0.60681258536562777
  0.61599504795298254  0.62553682910279340  0.63174252321146340  0.63738822090127578
  0.64289163197698440  0.64814655810421251  0.65372690125122102  0.65990552832061022
  0.66503174481474359  0.66931518194051087  0.67360531243340949  0.68124677790359145
  0.68845373699849732  0.69648843123079851  0.70467592742406171  0.71254811344264746
  0.72106210683368122  0.73088601479894588  0.74008718778881299  0.74904688519179774
  0.75875402013302984  0.76953209359416597  0.78104488679382478  0.79208516981168053
  0.80291294473307373  0.81336460227652230  0.82433094448767086  0.83620322090971855
  0.84784046910181388  0.85762432072623584  0.86732627373903415  0.87692407603027434
  0.88669633836054174  0.89712374902544489  0.90458945390780876  0.91137854045264999
  0.91798012919128724  0.92528450646172600  0.93370196414188111  0.94201259939062865
  0.94957777888607386  0.95840348785754004  0.96750698881104780  0.97637289584198705
  0.98259391001904994  0.98867687778035607  0.99450914641386468  1.00000000000000000
 -0.00327435830518524  0.01045450751444203  0.02217300727661379  0.03320849396789614
  0.04406750074600610  0.05471884412994529  0.06641077529016876  0.07778593264385292
  0.08900938810222866  0.09942790687821301  0.10814683090844457  0.11657864165199727
  0.12458691912039217  0.13444440302599317  0.14565888569014279  0.15773777116603732
  0.17156807342742572  0.18266814566224540  0.19207218484743319  0.20001060450643740
  0.20957582729614524  0.22425506164536069  0.24385750346029017  0.25622052267536261
  0.26322852903083471  0.26997245110903245  0.27630837323690799  0.28201541676030861
  0.28841583394659404  0.29382194111621479  0.29864982745481294  0.30394651659574984
  0.30904680691227004  0.31584120872154131  0.32632194760032485  0.33787582954309020
  0.34843394026377361  0.35882479637263204  0.37154209352349449  0.38395922353754708
  0.39708111737099244  0.40998293597723245  0.42358215473587579  0.43684985086882799
  0.44905890654743963  0.46124691459218875  0.47297209994400197  0.48311235195476737
  0.49168176661855106  0.50088772404250037  0.51025388395936688  0.51907592339651276
  0.52856649729248206  0.53959970134427504  0.55203488631869091  0.56486283476534671
  0.58026889686187388  0.58911757979626422  0.59641737384688576  0.60395729518705465
  0.61291307202121292  0.62295165377974659  0.63469444280607901  0.64536610651187742
  0.65683607156480450  0.67022735971441882  0.68383403725113412  0.69761247156339967
  0.71029203460074686  0.72208713759256649  0.73420531155260893  0.74719170371402588
  0.76043984506720275  0.77306053372661143  0.78274872380427385  0.79284546344213425
  0.80309571786078937  0.81569029436444329  0.82802974122765094  0.83725049531808760
  0.84632290177024050  0.85682448011396128  0.86630236616428147  0.87368407620825905
  0.88067493311216583  0.88692484581773756  0.89269571964154837  0.90348517672033324
  0.91598472945192599  0.92951837671650028  0.94274595840422803  0.95617795763242830
  0.96903487969894653  0.97988625304841259  0.99011883145036461  1.00000000000000000
 -0.00205370688464974  0.01251031859971768  0.02399735106494002  0.03623087703565789
  0.05004193513813068  0.06325305873941101  0.07561547326644472  0.09045605371026226
  0.10607593772221625  0.11689373011898556  0.12632308878051976  0.13459196322550940
  0.14328076882425977  0.15007353314708857  0.15778333181777687  0.16743522718808215
  0.18077471234430390  0.19554918836751992  0.21121875491310022  0.22557632893318413
  0.23890561405727431  0.25111569744288231  0.26256933743102784  0.27474872928461319
  0.28653474148961472  0.29777724245260190  0.30961423199681615  0.32102696916666074
  0.33144136093647153  0.34203278494686701  0.35537250335572834  0.36980447815169315
  0.38532503740729579  0.40001868722528117  0.41535996007861248  0.43029962625895168
  0.44444222383784759  0.45831010146320816  0.47019730108183483  0.47868444413647743
  0.48453221479905745  0.49003098417480911  0.49958335392826986  0.50862934336682775
  0.51454853998630423  0.52008054933023395  0.52709971082002549  0.53529889654756235
  0.54473995630106142  0.55651862584570766  0.56861070298441052  0.58060852899802029
  0.59528909042159794  0.60724220732246059  0.61987446850820305  0.63058512809813339
  0.64132797781109219  0.65044559245531108  0.65927836515733451  0.66898716537810832
  0.67745470394296781  0.68495379743328733  0.69238503406456187  0.70021978812977326
  0.70996914680306278  0.72242170496141567  0.73527387917694143  0.74737682592418486
  0.75927114094283377  0.77019968573096020  0.77940403511068268  0.78765255853113669
  0.79749057539095625  0.80577247672906782  0.81379551466273825  0.82290523538847304
  0.83237642590876471  0.84311102686757555  0.85557338706060415  0.86829186478141307
  0.88219709308690974  0.89376953917089819  0.90115569951538033  0.90808679379897239
  0.91533598338438749  0.92289385230054111  0.93120770569942912  0.93938792268345528
  0.95007643860514546  0.95919141227382343  0.96662809995012366  0.97358741375135460
  0.98027043477918407  0.98738796090374048  0.99401612724269484  1.00000000000000000
 -0.00317671123263410  0.00792750893800014  0.01711935284750496  0.02483267407581632
  0.03353817217764910  0.04377693947853064  0.05456717782619296  0.06748418645325170
  0.08051772604592411  0.09360563095289426  0.10681939008942630  0.12031154028397095
  0.13192218021675314  0.14113732645766217  0.15039291274018857  0.16120995145711328
  0.17396832144821595  0.18626880795416725  0.19726653575663988  0.20731115475458173
  0.21715655560208957  0.22877020830899475  0.24110348610231697  0.25370333603246259
  0.26727041573162041  0.27864247948834986  0.28906261315483411  0.29707217235626093
  0.30464733837856511  0.31271830857474203  0.32092749339176896  0.32839689818993290
  0.33583912417827866  0.34396794164802580  0.35240122765919663  0.35888692557966601
  0.36323015743345410  0.36780918217602004  0.37361691752270809  0.37992663925126602
  0.38596658564517011  0.39161716200501406  0.39804947854166689  0.40618469195997819
  0.41264422949413165  0.42209065943779855  0.43772968854330802  0.45308149164165107
  0.46480277474168935  0.47482657521586619  0.48378846954841531  0.49345678346131977
  0.50353790003855237  0.51393879417138599  0.52505296761874032  0.53630188527935996
  0.54818101044582002  0.56060181327100256  0.57452055661329193  0.58890210149804856
  0.60087245016616608  0.61274114940950064  0.62508397311013875  0.63935723642282327
  0.65747522743421960  0.67572019605734313  0.68993714068470535  0.69922970997135492
  0.70647331475173369  0.71374366225781027  0.72190711895138393  0.73217107015870841
  0.74163560852925448  0.75078710241106605  0.76163883256225884  0.77277712308097024
  0.78192344631107458  0.79078991161828738  0.79913825622127455  0.80742255228742865
  0.81605054068284333  0.82684025860245103  0.83996391609599930  0.85340774184850332
  0.86707144047272378  0.88229508440968718  0.89662959840892487  0.90827820429334549
  0.91940671438823829  0.93120900601980283  0.94307961379117056  0.95419227681945751
  0.96482199576078742  0.97579363502145933  0.98684691076752373  1.00000000000000000
 -0.00506294547472848  0.02936216713604330  0.05129201322376461  0.07030327447785631
  0.09378718644519707  0.11583164996900065  0.13150875448574537  0.14620651515530819
  0.16209627760101919  0.18374663616061174  0.19674096730753154  0.20658792489030439
  0.21649026248637337  0.22710262498524997  0.23752602141296125  0.24782098276398865
  0.25907956138714872  0.27060652327045281  0.28028043786844492  0.28932006173185343
  0.29781441130352104  0.30678773594187420  0.31719888919252870  0.32912782754288877
  0.34198196449834706  0.35297130387546000  0.36373081438476024  0.37487554286249353
  0.38620279302203497  0.39692878899867584  0.40787828109961061  0.41735645150105949
  0.42517139662918202  0.43183245119943570  0.43857510657211213  0.44363419913551483
  0.45233159580781257  0.45987618726983381  0.46586810707449250  0.47166861872664168
  0.47786680569778622  0.48546508720205372  0.49349216318388378  0.50251486277661417
  0.51257830905883006  0.52258898742785742  0.53246050786304733  0.54367921885652992
  0.55592760798500362  0.56705696144202711  0.57557970836749028  0.58448281661302703
  0.59428374236449510  0.60342130093418889  0.61189481488999697  0.62015374173784110
  0.62982643816336348  0.64104288906645035  0.64926231958903380  0.65482063065722862
  0.66023960793091641  0.66538571979456484  0.67043932043253618  0.67642531894331703
  0.68187775955245744  0.68694177466582595  0.69260947236097692  0.69862723991382292
  0.70451032442996309  0.71045676777123190  0.71868052308752839  0.72787689742745576
  0.73832548368894257  0.74865712143420893  0.76085168169135553  0.77430598304176290
  0.78688177327656250  0.79723977611741104  0.80600476971368840  0.81580138050030093
  0.82603139844672013  0.83674060252520810  0.85002506292499347  0.86313248837736323
  0.87688075894011930  0.89128494490380650  0.90538480451943559  0.91924260516216416
  0.93293972141248704  0.94412887421880443  0.95397264448585628  0.96316986874529908
  0.97226611911553484  0.98186501379380142  0.99089706122183385  1.00000000000000000
 -0.00219247077382492  0.00973013471567166  0.02027748593052191  0.03006624947189362
  0.04037745966892099  0.05509942172668021  0.06682686666653471  0.07370667474327966
  0.08066726799472664  0.08803251825809817  0.09692818772098970  0.10562436256787631
  0.11383661143944387  0.12162569462539578  0.13279210049918680  0.14306779265496561
  0.15120338390460517  0.15910903430037246  0.16772656614588710  0.17627758245582476
  0.18430943124221602  0.19542845599325387  0.21076335567237789  0.22528640730147920
  0.23613677481728859  0.24591790998660540  0.25420235534252944  0.26296306189754043
  0.27419279095436450  0.28638410499403144  0.29965854041003548  0.31278984820461703
  0.32742815172938000  0.34333405368607228  0.35901633353675855  0.37188351111912366
  0.38290102251699554  0.39268991052742686  0.40145076859367490  0.40980552227571432
  0.41764026632696305  0.42604673000119775  0.43586731660651168  0.44820611317908038
  0.45985891379923122  0.46908211383996706  0.47881686109550498  0.48907082281714626
  0.49877749430661822  0.50821201516282644  0.51777975117808328  0.52742407969390781
  0.53812917007303873  0.54758087208115824  0.55784546368966270  0.56744245625909928
  0.57945930030860371  0.59030845746709670  0.60106747596347210  0.61176642716659402
  0.62269459735965749  0.63415159141480659  0.64555555379014951  0.65873476333194958
  0.67056144488838965  0.68128288114855906  0.69265906134141519  0.70216665271511947
  0.71005840001947551  0.71739931809532365  0.72429522840016602  0.73470200607206104
  0.74605318108537622  0.75865821487322971  0.76947489098302446  0.78009742279862138
  0.79141172268044846  0.80257215051718844  0.81365581679762600  0.82553640967108710
  0.83788357284015036  0.85082043631111892  0.86290447976977336  0.87565026397316492
  0.89103282402743900  0.90886237408562942  0.92552191632359548  0.93968966977849189
  0.95292190921465425  0.96261126276814490  0.96838727571510963  0.97404360649852284
  0.98044183963710774  0.98650002095142819  0.99285040740979458  1.00000000000000000
 -0.00453837725865718  0.07711506293500542  0.12421595490791075  0.15000757316475438
  0.17436187661742664  0.20311575876063531  0.22378984351242728  0.24379965708318976
  0.26807861786673948  0.29696236437149731  0.32328293414528531  0.34231615249166703
  0.35897256417215795  0.37357382737625300  0.38590338604251639  0.39752636095234467
  0.40993461173396301  0.42555626781152250  0.44215805649066425  0.45490473790344199
  0.46586559931868315  0.47499427746338729  0.48561195508165572  0.49676136404016463
  0.50692795741273133  0.52395338995060448  0.54071960708113753  0.55512613783796561
  0.56870540708065964  0.58548917164035930  0.60740346824716496  0.62509185013405533
  0.63955178661354528  0.65262595365064680  0.66318479742610159  0.67318854261168515
  0.68408129382217919  0.69911326671823970  0.71476373804404170  0.72871142111791898
  0.74220720516899230  0.75749909076398347  0.77135277118600099  0.78503204913716340
  0.79921740765986737  0.81473029832884414  0.82853792156534689  0.84171524333476733
  0.85398069785343100  0.86632409522968001  0.87981025353046505  0.89377099836449081
  0.90510314498358846  0.91372656479913084  0.92065603132721530  0.92730022247567356
  0.93423599307183569  0.94048030060441823  0.94617703996717639  0.95151780538516062
  0.95613216326554118  0.95971994045966202  0.96245868554872982  0.96494260365325013
  0.96711766679076627  0.96898587835295635  0.97068730954964044  0.97234573872473962
  0.97390206769123655  0.97544290458156024  0.97689958603725224  0.97821336087448651
  0.97936765154813599  0.98039865538201421  0.98128305211079592  0.98211990188165199
  0.98291688625500884  0.98367736142320328  0.98440479550715054  0.98511898133972542
  0.98580179634540521  0.98633989979332137  0.98685475588994964  0.98734930501689577
  0.98775393334580741  0.98813679119456788  0.98852811168174204  0.98892223464019846
  0.98927727754565620  0.98961971227327428  0.98995834298649066  0.99029423100941671
  0.99062413579817887  0.99094511840611654  0.99124733182788061  1.00000000000000000
 -0.02004658209138712  0.12923528287155944  0.16953111196082057  0.19219439052090445
  0.20926572251053219  0.22562138324368530  0.24477797480063218  0.26346887778886602
  0.28358438757643517  0.30155363133562069  0.31794820533463669  0.33021925956440462
  0.33947784953059690  0.34797829397304153  0.35832572028935278  0.37222044474106741
  0.38703280839673998  0.40228369870819120  0.41657207174976640  0.42678714328368350
  0.43689093027191406  0.44533892922787977  0.45259128418117073  0.45930260410162782
  0.46600814071226365  0.47405058398307454  0.48173257818915943  0.49299391836570755
  0.50304018697994968  0.51515316138123790  0.52635642772005553  0.53716876344179165
  0.54678082483817558  0.55619164153369827  0.56503002241394740  0.57039171242227893
  0.57688483806967983  0.58367257875490641  0.59064608867803803  0.59811405281667074
  0.60582670160820029  0.61327792378035684  0.62028936156928249  0.62668908510159682
  0.63237643167556223  0.63761852693408383  0.64296868450643352  0.64852002950217691
  0.65636137877606893  0.66367314791834664  0.66833094824159345  0.67270575649571129
  0.67703592438918925  0.68133372210028420  0.68543794462459795  0.68999429532897127
  0.70097813260283659  0.70960862597626895  0.71727234481662150  0.72446975002209268
  0.73159084539766273  0.73922887668156234  0.74721156631181818  0.75273254800264733
  0.75667175873634995  0.76103448258679329  0.76572546190481117  0.77027111680138605
  0.77497295553639467  0.77952504564395253  0.78404852917753520  0.78873763157530086
  0.79392553610456984  0.79884005037049222  0.80422287809524340  0.80883389051584775
  0.81298707978043372  0.81736279472906392  0.82316992227406205  0.82879313787496212
  0.83436905200950184  0.84080410441848974  0.84662245308425976  0.85266207389929494
  0.85930266125734500  0.86608035002202644  0.87273432593172606  0.88034881840356216
  0.88829140337985213  0.89575257775004180  0.90334969275990196  0.91141959637955916
  0.92062598440000787  0.93234213108553310  0.95314044383245744  1.00000000000000000
   9.1072223426579552E-012  -1.0000000000000000     
 T F F F F F F F T F F F F F F F F F F F F F F F F F F F F F F F F F F F F F F F F F F F F F F F T F F F F F F F T F F F F F F F
