  0.00269432108573320  0.01493985435213288  0.02840426891181626  0.04234116047372268
  0.05558765319617288  0.06830687081914794  0.08102195860984147  0.09311417762540319
  0.10477215046915113  0.11615435799797186  0.12727799666901110  0.13817182494022331
  0.14979546273596900  0.16221530437365211  0.17426082642720855  0.18573038631452549
  0.19721670800667682  0.20833536558672125  0.21950728203546790  0.23065746656822489
  0.24144627840730987  0.25202737833633732  0.26195693529922043  0.27202235371862338
  0.28197669127184000  0.29145913653416355  0.30091603348048940  0.31090614918794435
  0.32176782697485906  0.33369099942093922  0.34519762124982645  0.35634994025682498
  0.36763665188908778  0.37788260406005014  0.38766105158657943  0.39767719620354780
  0.40778193626426612  0.41750739145726201  0.42747531673918587  0.43746528656618461
  0.44809239836837883  0.45845795320835192  0.46840284528399651  0.47824294690089186
  0.48808743656135761  0.49792767495782458  0.50797561188168439  0.51870568742750078
  0.53060667346771184  0.54278311181859185  0.55370215773338016  0.56383968926167960
  0.57365701641469535  0.58336097060105185  0.59197043097431912  0.60196825091531259
  0.61247604519454690  0.62345168980134325  0.63413294651317520  0.64420446846742108
  0.65432146506292188  0.66462627775208838  0.67498864346718301  0.68441184532682386
  0.69310379742450756  0.70184041042219913  0.71100991863256524  0.72073137569797951
  0.73038571222866522  0.73984065906894991  0.74989693141322389  0.75989717436130366
  0.76960715109582600  0.77899582137129519  0.78784379794093862  0.79673194774884548
  0.80590774768588491  0.81543880676784297  0.82570961141446864  0.83647286814424315
  0.84767641937757343  0.85850313279677326  0.86840060065093561  0.87805563317561686
  0.88749525128147533  0.89727260304975009  0.90711579360679995  0.91754394425979813
  0.92824394388320952  0.93864651267920296  0.94854004325064611  0.95819436489219845
  0.96728059604588235  0.97637810617746446  0.98444173935375467  1.00000000000000000
  0.00138682228378745  0.02139944304633649  0.03791294362300025  0.05103467811254084
  0.06344132846472808  0.07549325640754999  0.08793501456302948  0.10017768652689170
  0.11299356301192635  0.12542607581295273  0.13660165535664806  0.14711412969714835
  0.15733040880944849  0.16815086838484686  0.17874434970453565  0.18878651447406178
  0.19959618815105024  0.21067749775044442  0.22143437533364344  0.23252663271429391
  0.24346530949600484  0.25362412721628019  0.26323891873073335  0.27351051830719181
  0.28465381728975470  0.29590891382063766  0.30665260242847536  0.31716446332604692
  0.32776384046788759  0.33892503095630544  0.35074362848187507  0.36236316803115015
  0.37386094862318670  0.38540414486060798  0.39573157922344321  0.40524848016195442
  0.41450274019947175  0.42361480730403556  0.43451667523799442  0.44581560049693125
  0.45647740897598915  0.46707545812559648  0.47694345095705959  0.48675319333161166
  0.49639236301904088  0.50588687149180034  0.51569645781556617  0.52653679692516497
  0.53699900592533889  0.54767440146720503  0.55813626121407833  0.56896697474203717
  0.58003024886299037  0.59133265251050360  0.60250437094454901  0.61307247170683721
  0.62327351275354004  0.63347934930644456  0.64355981478214030  0.65342219545282687
  0.66308154937697128  0.67281614450642735  0.68287453676908094  0.69307690711125292
  0.70288425182968539  0.71307246698534654  0.72301827755961945  0.73327216131981043
  0.74380448210490624  0.75438179296751395  0.76438355769632971  0.77434301996247845
  0.78483994155077519  0.79587915568772027  0.80725221219742127  0.81870181614676696
  0.82978583835059760  0.84093000804073614  0.85146978600662615  0.86177946842419773
  0.87155915836823905  0.88130103560933637  0.89125327512920505  0.90121419790280710
  0.91123377035104247  0.92098780060562468  0.93050733939701313  0.93984173820549521
  0.94910613251824805  0.95821004983980063  0.96646127264040571  0.97416274835616901
  0.98144380201900916  0.98810261502756214  0.99174367655127127  1.00000000000000000
 -0.00714277550348377  0.03978764431161026  0.06886169878626137  0.09082350854742063
  0.11073717334066789  0.12920598973890235  0.14759314879580782  0.16587121487444156
  0.18316526964167335  0.19908745428451857  0.21343083016874967  0.22730881365745115
  0.24023007508860952  0.25271128652726954  0.26487181421144967  0.27651303528958782
  0.28835551772333312  0.30115198374517649  0.31458355241920605  0.32730088707696608
  0.33993294020458659  0.35208754285753957  0.36341247074911942  0.37454722413732494
  0.38617550934088601  0.39743311784562035  0.40806266685855203  0.41907551126286702
  0.43120665710045208  0.44225116997438013  0.45153232180611691  0.46079102441920661
  0.47039337429241151  0.48087574120515897  0.49119833378397681  0.50138761993238679
  0.51154250194668038  0.52117758901925870  0.53028441466822085  0.53935602784628167
  0.54741443829976755  0.55501217561676552  0.56244841385315014  0.57114086909503681
  0.58155543602398574  0.59228256624935582  0.60223344402906631  0.61146184979241114
  0.62055118292774070  0.62872836999786386  0.63653663009884909  0.64448728638346831
  0.65213583836005706  0.66027023220676095  0.66886861553604304  0.67780178386886025
  0.68703857076894870  0.69614791678359289  0.70519754717655925  0.71455291248250918
  0.72398168221985348  0.73309694265601566  0.74212084825827673  0.75151845673520035
  0.75986683195275406  0.76764530179695256  0.77522741859172284  0.78340003986723716
  0.79195133538578399  0.80008945260476949  0.80749785870718682  0.81513634635904630
  0.82364122988507993  0.83307108530196239  0.84142816164794010  0.84957409125590289
  0.85724896930077787  0.86479012848813697  0.87242826668036999  0.88008195542628676
  0.88782511689001309  0.89576415628186501  0.90364752185433350  0.91205206396276184
  0.92038017380035464  0.92811191395224846  0.93535838478067113  0.94258537733142855
  0.94968686876271291  0.95722615164528202  0.96467243280593618  0.97181497697281849
  0.97874009538641804  0.98568976354364424  0.99282620683560785  1.00000000000000000
 -0.00155604452156391  0.00858871341008808  0.01716487070067473  0.02594593705646573
  0.03520103630958735  0.04489848877119661  0.05547333071445193  0.06657869721527716
  0.07823253165981534  0.08991749656607649  0.10089183115864472  0.10963976383077016
  0.11789959438540466  0.12620518705307207  0.13527470235507141  0.14517828173198394
  0.15472076112039873  0.16388496411244224  0.17291503640405401  0.18217125073440066
  0.19116207250388784  0.20083792700327721  0.21052070740578430  0.22146185712896427
  0.23335268304692866  0.24479840610638853  0.25564114932772614  0.26582876317197612
  0.27668109687323761  0.28812683881617457  0.29929254992005688  0.31000114691988867
  0.32019624625805565  0.33046877643107542  0.34060011641974680  0.35097106114786547
  0.36118283370983911  0.37106050768026172  0.38128095528430955  0.39274151383670441
  0.40474913226705739  0.41680885532875889  0.42918676625787644  0.44152845084838882
  0.45298219404233736  0.46433898768100451  0.47479431538609762  0.48456952121675234
  0.49416471226703812  0.50448904831579888  0.51584542776166586  0.52792081277993586
  0.53964338508331988  0.55083516750999217  0.56171279631222726  0.57252438362019875
  0.58321854022302588  0.59276346527949231  0.60143658659834232  0.61029502432099303
  0.61943787574045761  0.62961119149670730  0.63968544899596180  0.64989658963345953
  0.66037073519972145  0.67092077756980328  0.68195816058690961  0.69335121780060283
  0.70453419612352197  0.71546766315248700  0.72600360864058722  0.73586648980984359
  0.74521639685349406  0.75510878349446475  0.76430215632629472  0.77399102383437390
  0.78373711525486001  0.79368004661963187  0.80408739758966485  0.81512894962874194
  0.82704286314299635  0.83870886816423007  0.84963886987035941  0.86000381254900360
  0.87006422225690161  0.88044477589126047  0.89174903302692843  0.90435140965300564
  0.91765489505619524  0.93068782276102868  0.94362339157858444  0.95627595555810607
  0.96706299951111208  0.97721570637580413  0.98801387471701829  1.00000000000000000
 -0.00171590338661078  0.00857213308387277  0.01667502505049534  0.02378892340984297
  0.03039216005014594  0.03710186301076616  0.04420262618029065  0.05176622381855686
  0.06014495920357867  0.06857698976865798  0.07701219827282255  0.08597870512647687
  0.09480708884960094  0.10326888320643141  0.11157113201734263  0.11967923188466770
  0.12747598707626567  0.13498141014329817  0.14242200169223898  0.15025440373363033
  0.15829030149419093  0.16591520515958569  0.17323546065069803  0.18087944971266712
  0.18864968631809328  0.19657238229260757  0.20462247167896533  0.21261697550979339
  0.22079880152535156  0.22906700395207996  0.23722937666461272  0.24577999449089130
  0.25450199310199334  0.26459261292154057  0.27440139529629698  0.28412575393861678
  0.29345936146073742  0.30237395389127081  0.31114485194725044  0.31999562020069805
  0.32931580345613243  0.33920104527599587  0.34912673025406077  0.35857876941896089
  0.36718411363324410  0.37589383331082443  0.38486937176604752  0.39418460561464863
  0.40402225627620281  0.41282815493040548  0.42134487278695637  0.42985691723964503
  0.43849016095623877  0.44739662394030921  0.45681735906628074  0.46641571247368652
  0.47624344411109609  0.48588992412517296  0.49597381822167963  0.50575762096864707
  0.51461024373469733  0.52296275810159099  0.53101810349895473  0.53967706499770296
  0.54907942223853168  0.55951262928314205  0.57017219979609679  0.58087182190380549
  0.59211167135836218  0.60401947690583158  0.61474877052944343  0.62401206219501459
  0.63285732815690143  0.64241368526914644  0.65305078344256673  0.66361423056650037
  0.67420016294192031  0.68490894779505240  0.69585145145754412  0.70802481717209864
  0.72068229606886169  0.73579890175857798  0.75078088333280391  0.76436028613464779
  0.77783473190944197  0.79204135657145691  0.80675027904657359  0.82211214093210438
  0.83853403859161268  0.85518755158755988  0.87202753560329160  0.89081921895978511
  0.91164524553148785  0.93468993789136501  0.96290523983131349  1.00000000000000000
 -0.00247626350640595  0.01259362275879385  0.02370180063891092  0.03467917056904206
  0.04457276539420940  0.05442156125257901  0.06411249350802746  0.07513291282572494
  0.08576071750867691  0.09482098160840627  0.10392422124352051  0.11351520514691797
  0.12337335180052378  0.13353511182686278  0.14385759587255020  0.15552477381724739
  0.16599412171819439  0.17634698754236799  0.18659306360883357  0.19722682161945621
  0.20751035942063892  0.21666930097155040  0.22568565644216121  0.23415897163964061
  0.24268340030011515  0.25177932890457327  0.26239089252320796  0.27396896690168482
  0.28421372968264208  0.29387133995351267  0.30391414330694178  0.31442249417318341
  0.32580505232286650  0.33572944789167980  0.34558929253005843  0.35586794548286205
  0.36615033099823602  0.37635013412554258  0.38628577702184003  0.39676555814288583
  0.40767158885589733  0.41797080457922736  0.42778154449394878  0.43801739581580812
  0.44894580788051774  0.46109587279621728  0.47402940808593735  0.48552740376875436
  0.49558976819934669  0.50519696179555607  0.51482632583819199  0.52483939800242352
  0.53518479751852477  0.54532932782403998  0.55576706118330421  0.56572475474148287
  0.57569650266118044  0.58639707395395813  0.59753423373482184  0.60752443493052721
  0.61694395291767423  0.62681582388021806  0.63755152552051941  0.64806755895138612
  0.65729513787692229  0.66628463377989822  0.67577157322396419  0.68594013814697730
  0.69663893182880143  0.70773475699914778  0.71889190750049459  0.72985842598586981
  0.74019145931597352  0.75043818565460252  0.76125956088691094  0.77289919679651076
  0.78497795478405430  0.79637059623470019  0.80666630487390756  0.81663986249726050
  0.82645535958362470  0.83651153546610024  0.84636344388273332  0.85723454080801531
  0.86933256255841385  0.88226589891034723  0.89486046878682424  0.90668463139462330
  0.91825665475964646  0.93141210505169192  0.94411642054318701  0.95641104437111057
  0.96743527744660596  0.97860005033669073  0.98920620396667203  1.00000000000000000
 -0.00583566902281910  0.03361501758936876  0.06652217483274678  0.09799936792214349
  0.12756394045240688  0.15465744123221700  0.17927659280197614  0.20345791240022132
  0.22921374298563982  0.25433630922412703  0.27978662028904167  0.30446068209020982
  0.32679596536989641  0.34759330709231068  0.36840921258113057  0.38891074689430194
  0.40880890098713291  0.42800688572878925  0.44732953003387010  0.46626610165353177
  0.48452302250660184  0.50179609720742546  0.51840214239103000  0.53526383825564328
  0.55140916390081396  0.56687894120989091  0.58222161977902065  0.59708878867968862
  0.61077234626587706  0.62382838029997822  0.63688588804199442  0.65017558916036999
  0.66210683423798955  0.67326394883022844  0.68399289903677474  0.69415361312705759
  0.70438030642303151  0.71422369455841705  0.72339597339353778  0.73229875000916189
  0.74127842156272472  0.75011359643290998  0.75875958919477304  0.76731573883813697
  0.77586191318549758  0.78416713869789456  0.79189814728246677  0.79942159738138951
  0.80724975591282966  0.81505953653129704  0.82286791545031845  0.83048260912938443
  0.83732036005975763  0.84345690856056976  0.84925509327646487  0.85517197209994811
  0.86123700420767002  0.86750305543814055  0.87361315388141492  0.87963295549534015
  0.88535015663888617  0.89063299502159299  0.89564528163618407  0.90044441676322073
  0.90553448574384188  0.91068624675440213  0.91553995635261443  0.92011545765785752
  0.92451298810899529  0.92897313580678909  0.93361188074204915  0.93820551767191140
  0.94240717303810106  0.94636770614272980  0.95014385706041349  0.95382505873624657
  0.95732997700444822  0.96049154955360194  0.96345753733245498  0.96634110875464763
  0.96923680270128243  0.97203669624168210  0.97467915089144930  0.97725546526359719
  0.97972063454105007  0.98186423774813547  0.98402768650190131  0.98625042356410930
  0.98843937834911766  0.99051362344252325  0.99247550015899511  0.99423273467786233
  0.99585223976491699  0.99730243925344020  0.99866655450287412  1.00000000000000000
 -0.00318236248873274  0.00977899185063247  0.02076805536365724  0.03183730540181075
  0.04361897349800364  0.05534746547323710  0.06688223390219948  0.07760064194178776
  0.08802199492894175  0.09887276888136448  0.11038486701784422  0.12199565213963519
  0.13320710866553234  0.14391554233079812  0.15435252829032384  0.16530863845652960
  0.17695592683533770  0.18923990811285096  0.20165412844861025  0.21315102479481896
  0.22395615902519037  0.23416927565550566  0.24425802664634544  0.25505126107089904
  0.26697263530573967  0.27686945169768223  0.28473929768492279  0.29253660682521193
  0.30072512522321304  0.31046494277096287  0.31988974606393250  0.32821728492878333
  0.33728566668967030  0.34764150597475674  0.35791512083282739  0.36813893023317740
  0.37877073879321499  0.39020393243221407  0.40156635028204990  0.41241125241820370
  0.42196176103324456  0.43128665464212257  0.44102599323763558  0.45090757155628031
  0.45993844509332982  0.46853692606579428  0.47762895014797729  0.48860900337967417
  0.50070020514870184  0.51184229627555355  0.52301476554413961  0.53410704992226044
  0.54533370612347021  0.55637533466511191  0.56720624912768425  0.57754661205741664
  0.58784821064744408  0.59741583603216186  0.60688030747810118  0.61628748886220208
  0.62609937948295613  0.63714689083587217  0.64833426387702264  0.65953084867386080
  0.67050281520097066  0.68155797704737098  0.69298253304304791  0.70464875722252007
  0.71522996186376109  0.72488936340476917  0.73382864705758155  0.74331276263235191
  0.75393220611492373  0.76521346652233890  0.77671028041349177  0.78794918454514884
  0.79892143585718434  0.80883260539644430  0.81761193045542702  0.82573190573231536
  0.83390359975569128  0.84275601262049127  0.85293346856474539  0.86396614703197938
  0.87541768556737287  0.88766771658376031  0.90037658986414393  0.91241542055763858
  0.92362178639683079  0.93465874062354914  0.94606286660766725  0.95784966068090960
  0.96956398171032865  0.98036615708837205  0.99040312367932959  1.00000000000000000
  0.31198730825866411  0.49987251944453193  0.57664116859430981  0.61548571687959375
  0.63411110243157043  0.64677063317325156  0.65639102969071006  0.66537946101436540
  0.67306373152989796  0.67960950273446874  0.68551996987306929  0.69081495319900188
  0.69585565778996228  0.70086795668679780  0.70591166876741762  0.71083900374485753
  0.71562364373220544  0.72031598751742698  0.72473277709305528  0.72881202353976793
  0.73276221909345129  0.73662363275821985  0.74044881086132175  0.74427825369253064
  0.74806282257957368  0.75184800111213979  0.75554564255697565  0.75915689903220474
  0.76273911696977581  0.76624564182633625  0.76984584345172080  0.77339492080232408
  0.77701381130395830  0.78057701797138324  0.78413336804640765  0.78759326765234139
  0.79110676053828721  0.79462441994363264  0.79823569943611361  0.80181497888858799
  0.80546568973678090  0.80908610113438950  0.81268823615798891  0.81632129722664748
  0.81992403215578624  0.82347545707335223  0.82688043807191525  0.83026580990235588
  0.83372084424415305  0.83719584684402770  0.84055675913270633  0.84373070902623859
  0.84680449778525368  0.84995311862419431  0.85333280879325846  0.85672726162988833
  0.86012183108509133  0.86370716603507414  0.86750251871399131  0.87131026217804319
  0.87504034272828934  0.87874293621310395  0.88242324148353979  0.88595467385195170
  0.88929766751801520  0.89268633987388757  0.89633800570831168  0.90022189205326508
  0.90389181878100211  0.90750075910048611  0.91110942700692454  0.91476519909583498
  0.91831360336491141  0.92173706994736637  0.92520196125907184  0.92869648110201874
  0.93222583413203286  0.93563673670422265  0.93873141869512822  0.94192067421329961
  0.94511960998423394  0.94817320161220042  0.95144174689078365  0.95460286761565105
  0.95806306134942321  0.96195238148374296  0.96574873599149058  0.96926973613321099
  0.97305194784535554  0.97729114845944776  0.98174885974580639  0.98563861855300683
  0.98897756384978575  0.99242115340219206  0.99616111001309038  1.00000000000000000
 -0.01135101589230301  0.05987432684736552  0.08498942880685446  0.10274435478579320
  0.11798026271476013  0.13145237873138774  0.14373412972674010  0.15497578329947334
  0.16541866759193985  0.17466355854397009  0.18344104437975947  0.19206411433875514
  0.20037984490430952  0.20882195111890370  0.21723184232074830  0.22532248373211419
  0.23330669697326673  0.24136844232488955  0.24978603058927093  0.25864816708814553
  0.26753606278497261  0.27690179028139439  0.28635882151052483  0.29574583907332003
  0.30496009168251820  0.31367553639275686  0.32212303411337734  0.33042942467623487
  0.33853126705353864  0.34647543836576095  0.35459237024026896  0.36181999487689903
  0.36842280202051192  0.37511975579656215  0.38250907065109085  0.39033073666854473
  0.39888067316568310  0.40784753274633501  0.41773038713784211  0.42802408311494861
  0.43799867951113647  0.44757090351812723  0.45661457630299707  0.46592587983422395
  0.47440817697138882  0.48281632240710276  0.49123492306580702  0.50015243712717050
  0.51017810765199423  0.52016963983288456  0.53013907574357111  0.53992517896588066
  0.54911919248509578  0.55844880235694538  0.56775406563919029  0.57641022513630136
  0.58459224593325698  0.59275040915514965  0.60108915376237393  0.60997648169320673
  0.61971693772798120  0.62890217838304263  0.63807974810209589  0.64716543516451808
  0.65633285473006575  0.66543866852260991  0.67418845541019290  0.68203677789564743
  0.68973962181137394  0.69677335326485768  0.70410128783278270  0.71079479173179172
  0.71770512278361276  0.72478808007013928  0.73241617292082073  0.74080581432579806
  0.74920974203751878  0.75757646543471646  0.76601161867685252  0.77433236153061280
  0.78237869257620440  0.79020544488322919  0.79782890955000030  0.80530018271290704
  0.81295520918332320  0.82115773977222195  0.82937536473580042  0.83803512875154718
  0.84719148229907093  0.85720403464400274  0.86820354394840749  0.88020718598800995
  0.89431367712288590  0.91254613527646744  0.94203464729925424  1.00000000000000000
   2.0711292400614837E-006  -1.0000000000000000     
 T F T F F F F F F F F F F F F F F F F F F F F F F F F F F F F F F F F F F F F F F F F F F F F F T F T F F F F F T F F F F F F F
