  0.02320570773720247  0.04276686153380468  0.05983110578819528  0.07719525907588042
  0.09229787888444609  0.10273010836400549  0.11010208198155391  0.11817653553213513
  0.12610907700833765  0.13217278729978327  0.13731817521596046  0.14213160274005812
  0.14791707120617500  0.15577918041144273  0.16145832076025193  0.16709172048880069
  0.17341487275089398  0.18208929649189678  0.19144836832951903  0.19898892020265393
  0.20497472582024745  0.21071650767457559  0.22298274480114574  0.23732412049266652
  0.25379651998940395  0.26992805388708158  0.28376602062383843  0.29913379367180987
  0.31346623374767790  0.32834396475996480  0.34205110255778848  0.35308758386334671
  0.36447780903841953  0.37552035399792233  0.38627736188733081  0.39717989031270551
  0.40817000001719517  0.41575844267012951  0.42207159393758531  0.42701254235275554
  0.43189477341847782  0.43761179482870244  0.44415554628351056  0.45079790323126578
  0.45819142687891390  0.46700414729918316  0.47760208031321977  0.49127027627396197
  0.50635514084281896  0.51901005082999452  0.52976360533454192  0.53919777773133004
  0.55160888035121980  0.55860562635644617  0.56861654384042815  0.57828670028039808
  0.58763930511481177  0.59835851894980563  0.60881815377242077  0.62005506195425686
  0.63073087211546075  0.63738950054917931  0.64315144202255359  0.64999468494507195
  0.65695217889312396  0.66374843247192428  0.67008778095570698  0.68140501794488806
  0.69187135012264578  0.70169469499772463  0.71160452064275848  0.72211842833846029
  0.73493944719071969  0.75173050059653745  0.76964047134377400  0.78738958332850728
  0.80011705916365450  0.81041288344215212  0.81979217690407136  0.83033508654896926
  0.84134833428473732  0.85169231036489967  0.86062977126795992  0.86851173118593128
  0.87703652712360747  0.88610900591037989  0.89500985826144330  0.90505091802444892
  0.91341683285739317  0.92141980019393321  0.92996111725843711  0.94026709308899070
  0.95105482858054258  0.96212878192534734  0.97167660084569807  1.00000000000000000
  0.00024336048684947  0.00029159940113575  0.00031510356410027  0.00033809829775660
  0.00036625119379064  0.00039952136025114  0.00043489206092440  0.00047111263060635
  0.00050605823235536  0.00053578998007463  0.00055949084119903  0.00058118101170551
  0.00060332985492385  0.00063733618221453  0.00066926346537254  0.00069850591521431
  0.00073485618890704  0.00079078551321396  0.00085405378782112  0.00092871649099084
  0.00100870255078209  0.00112053249255994  0.00126271932201362  0.00139589238075277
  0.00154581337852970  0.00174377511195732  0.00195141202924827  0.00215096101009637
  0.00234888132458141  0.00257137710529469  0.00283725894169269  0.00313702748176737
  0.00347489417252635  0.00383936622711453  0.00424380302882164  0.00468003465784953
  0.00525981728143095  0.00586804418626997  0.00638416049060150  0.00697214085521478
  0.00742730278334643  0.00784568881705915  0.00832033707436615  0.00893423240070461
  0.00980140716889055  0.01098006054189682  0.01245635052605060  0.01358512587162787
  0.01435656880878187  0.01524795764775220  0.01632781663308020  0.01747385888835913
  0.01867860284709758  0.02001587056575116  0.02148874051515547  0.02305325100399642
  0.02480006518812466  0.02705926371666238  0.02976304624927828  0.03486296030604175
  0.04158539531948851  0.04863351837780328  0.05570535427762408  0.06259608309745428
  0.06726544549650605  0.07159433010683144  0.07740099553559689  0.08436598112500136
  0.09610219394945463  0.10717422563392762  0.11586996148869294  0.12608001503857369
  0.13451758542389117  0.14405312188757061  0.15990100603331797  0.18801541132592620
  0.22269061570787702  0.25757677133299145  0.26866390970930554  0.28080659849083944
  0.29617213433025519  0.31048330543663266  0.32412106393569434  0.35420407639294516
  0.41346118023121209  0.49953312462629462  0.56045592884017548  0.60591728479954232
  0.63757267228048953  0.67306896805098060  0.71200240081816057  0.75508207315965037
  0.80257333664950903  0.84867425000830687  0.91436057160127715  1.00000000000000000
 -0.00596250437404326  0.02931952156261305  0.05726417953450947  0.09054183470405854
  0.12101960125374363  0.14871516137808205  0.16783315396516113  0.18551148565617984
  0.20023611222527854  0.21598086397967767  0.23471750263738683  0.25309195808835039
  0.26532853770279846  0.27711135840024437  0.29071434809406049  0.30550232404058347
  0.32342750518792307  0.34437528558487690  0.36178474835184932  0.37705716130666955
  0.38911508744516876  0.39896997778429993  0.40936235246429692  0.42304656462460682
  0.43551365993752655  0.45749822509840427  0.47656622951799121  0.49295766719711015
  0.50927398888787245  0.52210118921560755  0.52975967977606508  0.53700749605777676
  0.54390983295634132  0.55094349056070113  0.55802811449744094  0.56660571673940319
  0.57872509559529428  0.59337116685137747  0.60364863259718504  0.61131111182192066
  0.61903657178331062  0.62663181164062787  0.63422809196883434  0.64064822552790313
  0.64771885552181729  0.65623647076841141  0.67060593378865518  0.68068312020074295
  0.68798460803543804  0.69358989334949028  0.69855532780042173  0.70379964606645162
  0.70983694903729866  0.71663573830965654  0.72250273604135196  0.72880161183898973
  0.73642486652851347  0.74685552156918711  0.75634170195065220  0.76639881904987861
  0.77795119607571883  0.78870838546651856  0.79821148691041455  0.80694254539699062
  0.81353659317228055  0.81901215737485722  0.82384118840155718  0.82811628982371310
  0.83361806064136035  0.83727854419222314  0.84103481380957590  0.84436289004018894
  0.84790907634003232  0.85132327983432154  0.85675981333000761  0.86235421441743609
  0.86810431501118435  0.87301717056304851  0.87704490629075060  0.88059842218297812
  0.88416786643960910  0.88814184108141903  0.89343461776523225  0.90267640252448267
  0.91477302045648101  0.92267090684826081  0.92976853079147581  0.93726853004990596
  0.94229515572874611  0.94760479576004719  0.95366289265957294  0.95995325478458593
  0.96676767941377328  0.97437574054135934  0.98476098072548179  1.00000000000000000
 -0.00457412018913109  0.01544164593525821  0.03043506321681129  0.04389510974510825
  0.05694824935402604  0.06649742732859118  0.07491526856503024  0.08423063197452958
  0.09269357266895886  0.10063149468235968  0.10597557722233851  0.11150489560530592
  0.12046701346823893  0.13103074243721050  0.14075288449490997  0.15214724544010499
  0.16433764662964692  0.17453356895903874  0.18147154751338704  0.18693283560426563
  0.19181739671121981  0.19665234686555222  0.20198013582009081  0.20755418268117914
  0.21427974393726182  0.22179832351868772  0.23035687911411662  0.24383135105257414
  0.25549645872869442  0.26844669555168693  0.28178443457242486  0.29604028977738978
  0.31029506834307241  0.32110833787359550  0.32931185682279296  0.33910677259943067
  0.34989793953740356  0.36238875953724220  0.37843765298562088  0.39525029796361227
  0.40426646312989190  0.41158848826774208  0.41985097480338918  0.42707913657344665
  0.43544818351835202  0.44536017952189194  0.45598978235863913  0.46892674441325893
  0.48060069542846751  0.49208752573246645  0.50653539023366168  0.52243367758272063
  0.53705360515396905  0.54872636046570811  0.55942045686637065  0.56736243653452623
  0.57286620030105906  0.57848316694830026  0.58614531477533804  0.60423002966329908
  0.62242384586823485  0.63842303093847386  0.65230477088338545  0.66752785228669242
  0.68234342220803268  0.69444351990625175  0.70344899254877391  0.71250253847621481
  0.72171813892883330  0.73273602957503570  0.74669325724467539  0.76064359003343895
  0.77213175706699988  0.78133917251100993  0.79151697993951176  0.80556487681910438
  0.81553422069438997  0.82278702551255223  0.82896011242582246  0.83545604516917205
  0.84286341553015609  0.85137249310215068  0.85957851840957433  0.86563601461991346
  0.87057691475245191  0.87625374089471608  0.88327441011555263  0.89258636462632179
  0.90288212460394124  0.91520987931985343  0.93171735879436379  0.94753365717787041
  0.96052121829717352  0.97575873150117398  0.98941523049825963  1.00000000000000000
 -0.00535004405960439  0.03156088800251936  0.04854556261150015  0.06281485989316088
  0.07934478003842740  0.10206339655203819  0.12798656385180726  0.14753756696251774
  0.16737483421386437  0.19010230847784007  0.21762916850718939  0.24128497835419299
  0.26272616752093608  0.28384613814971515  0.30130253293392617  0.32186947567484803
  0.34802473995014094  0.37983466667846910  0.40793580376079158  0.42960273070287364
  0.44927378678875574  0.46317782529261053  0.47795250466092165  0.49088524382250048
  0.50880262602641668  0.52357461355675250  0.53809341132707089  0.55713351434408476
  0.57945498554227903  0.59837289041034247  0.61838153695419584  0.63037177363545982
  0.63731094982006720  0.64491752922825885  0.65474821259539429  0.66085737261943955
  0.66594845157027072  0.67400591694813861  0.68364868226742059  0.69537052586872239
  0.70633419424297039  0.71719377114409155  0.72588855516524886  0.74006642540595391
  0.75418260762806910  0.76869007871705541  0.78237049670470282  0.79558696396098083
  0.80544016480652514  0.81391848547725743  0.82133141435070267  0.82850796057284015
  0.83531752669553594  0.84468247620303571  0.85518252122501093  0.86782986779747751
  0.87907759288162679  0.88953284107910902  0.89941677420041455  0.90589319945211666
  0.91377530443272004  0.91960584576085413  0.92349439248637821  0.92680145942967918
  0.93031415787106675  0.93440650291168525  0.93827555116225769  0.94198576123427513
  0.94545137002722712  0.94979773546475088  0.95414219255330190  0.95815472610056251
  0.96154626848034197  0.96462521260068768  0.96790373462662238  0.97169637528334718
  0.97486883414033387  0.97680217846359363  0.97809814563801312  0.97940747932285288
  0.98057991059024907  0.98191302544407677  0.98339911402758562  0.98462693674817869
  0.98582773545279490  0.98717151387353508  0.98871003432837390  0.99031817847809755
  0.99195376700064919  0.99357683564352928  0.99482715298879942  0.99605102561925074
  0.99715050105891645  0.99811664243459264  0.99906164472500203  1.00000000000000000
 -0.00375940581294699  0.00630495922078516  0.01636932425451732  0.02256160408745354
  0.02913958739518677  0.03752242712725392  0.04607319226615358  0.05419810716892753
  0.06353076728431860  0.07430921635288093  0.08705049574860239  0.10235798941313232
  0.12106639055893482  0.14211008468534231  0.15689026113692051  0.16685974955070479
  0.17598314233015236  0.18636091548919598  0.19554499654932758  0.20495834289299297
  0.21838423766135184  0.22882523652426950  0.23663862862365606  0.24215083034675744
  0.24871195930951642  0.25928998016060484  0.27258432006845307  0.27957966065866086
  0.28685829527074996  0.29335545762187959  0.29977177203964162  0.30595473772697063
  0.31279829143645310  0.31646369577530775  0.31980623689583154  0.32295356373188655
  0.32754939033974484  0.33405041066779123  0.34142469705314982  0.34892220224142662
  0.35507841121634987  0.36126847337193946  0.36818561844229170  0.38021764073383374
  0.39688249711588058  0.41481004502390345  0.43206640588548773  0.44912466032827697
  0.46197505758054735  0.47429993669656478  0.48664344747736371  0.49892585332354816
  0.51121195817713905  0.52191559905899365  0.53261708280939513  0.54487081426756501
  0.55829411989702882  0.57894546385383994  0.59951749811814581  0.61376200608140252
  0.62154059580467835  0.62965254770168966  0.63838592241421654  0.64882105678590929
  0.66166804686571790  0.67393033725329610  0.68372954272074515  0.69283214358995326
  0.70229820903265594  0.71192935178906180  0.72180061148950603  0.73256613559103612
  0.74524829860386443  0.75842556036078834  0.77621199148634090  0.79409972426610409
  0.81019210573694622  0.82482068291453092  0.83628406137150990  0.84447137328002175
  0.85237293006482140  0.86148733075141115  0.87193893112516641  0.88311714668476526
  0.89332022248446774  0.90354742007371491  0.91679319308114315  0.92525406115790043
  0.93181179803764125  0.93782633173565044  0.94389233827459096  0.95026095573916614
  0.95666920911657904  0.96725554081609522  0.98231094514598549  1.00000000000000000
 -0.00023173027759578  0.00007736039597067  0.00038645106953711  0.00069554174310355
  0.00104549622353241  0.00144714342880246  0.00184879063407251  0.00248366479305556
  0.00335253027083545  0.00420988761261880  0.00508001704787693  0.00600886680601378
  0.00738599305623211  0.00868609944866336  0.01025707876162137  0.01242670457185597
  0.01447592504191872  0.01734657085909072  0.02111005478724632  0.02577407463765434
  0.02995035220843983  0.03351734403545328  0.03707826025012947  0.04061746677805336
  0.04418574555300600  0.04671209908957670  0.04934826830384034  0.05223920065491514
  0.05520753436060637  0.05827788758645720  0.06376915050529008  0.07223645909800121
  0.08122793184830285  0.09086398626617315  0.10096002083879621  0.12022273746064241
  0.14001979420172106  0.15716407514168790  0.17318409534493581  0.18416894146503290
  0.19694186968763591  0.21544641827821931  0.24025566145768223  0.27108544636215759
  0.32681400032947838  0.36976515083243944  0.42807364342635629  0.48226999261571751
  0.54076535672842496  0.63373558727160895  0.68853318735767177  0.74892800845773688
  0.83553244853338116  0.87952759963088689  0.89871286283583396  0.91483431243408886
  0.93225939609476061  0.94117582568100022  0.94838895774012955  0.95447098485594806
  0.95918691661447741  0.96237651475652342  0.96540004688182324  0.96899827654802040
  0.97322630554560385  0.97733630831979779  0.98021562741650625  0.98242688156235258
  0.98444578141772221  0.98644028975684295  0.98816188384290016  0.98982267234600807
  0.99113524365309802  0.99235934794814140  0.99347836703835735  0.99442199569887701
  0.99523887099416319  0.99599779475537475  0.99660793006051818  0.99705354027697868
  0.99742478550758007  0.99776429396550381  0.99807304483906489  0.99834786378431084
  0.99859400833133050  0.99880146928909908  0.99899781159978873  0.99917063555735963
  0.99932437540103125  0.99942929341708320  0.99953421143313503  0.99963912944918687
  0.99973023856213317  0.99982015904142207  0.99991007952071109  1.00000000000000000
 -0.00199770910813990  0.01406114449520201  0.02752018621981079  0.04049003489346498
  0.05549754166753416  0.07165775334068354  0.08504822470687247  0.09724478043293788
  0.10796162247833846  0.11811439776594761  0.12835031078007550  0.13777987795306629
  0.14601627689370322  0.15431535273327490  0.16315411132939572  0.17445190357624657
  0.18459240189498458  0.19546633391530352  0.20761711705507060  0.21983854352025270
  0.23241160516736159  0.24629395184098291  0.25901603780152110  0.27105359464286566
  0.28489956588027221  0.29954540230232873  0.31141918895288184  0.31988810688999647
  0.32725248391572093  0.33405015062717069  0.33942578103506188  0.34378254973108302
  0.34851390073328414  0.35290522113277428  0.35888902233372677  0.36623684950739999
  0.37496192356944330  0.38714097370055467  0.39758545911165138  0.40452771912126884
  0.41153078389311448  0.41763482545698449  0.42273857495229994  0.42772741032016998
  0.43268058083936622  0.43935599656461216  0.44283896880734985  0.44607091993754572
  0.44988150468260002  0.45393119655442982  0.46553754468040848  0.48018918642115282
  0.48985237310982555  0.50094594880098253  0.51275204278009801  0.52593511495986134
  0.53742463243777605  0.54929345003202046  0.56196802941362056  0.57423634808762603
  0.58786720611618504  0.60105741175827820  0.61354536688735573  0.62727391062491145
  0.63994493692502230  0.65021099759794643  0.65876127389732164  0.66803464860947770
  0.67760478525700063  0.68744438992175594  0.70105106930726258  0.71523100183034161
  0.72864543086020417  0.74323884367896231  0.75800587770390915  0.77272480184133885
  0.78738523535850313  0.79801360238591534  0.80654022697348171  0.81500763110321006
  0.82433799300642685  0.83349476795710986  0.84251809195127658  0.85021804782903154
  0.85783369265286546  0.86700541121715680  0.87590749803213286  0.89723053324198454
  0.91245928039047774  0.92569445238640047  0.93655966118433531  0.94507907936704749
  0.95629523828313101  0.96698634597056599  0.98202492063515512  1.00000000000000000
   9.4237505884292577E-018  -1.0000000000000000     
 T T T F F F T T T F F F T T T F F F F T T F F F T T T F F F T T F F F F T T T F F F T T T F F F T T F F F F F F F F F F T T F F F F F F F F F F F T T F F F T T T F F F T T T F F F F T T F F F T T T F F F T T T F F F T T T F F F T T T F F F T T T F F F T T T F F F T T T F F F T T F F F F
