  0.00537642868403824  0.00556127519260984  0.00568978824856827  0.00581014803019472
  0.00593329622749622  0.00605657242890011  0.00618462512472636  0.00631958305447635
  0.00646006031310871  0.00660016574958999  0.00673142139927837  0.00686694509453196
  0.00700155073013179  0.00713991526166399  0.00728072741722244  0.00740597122983650
  0.00753165277245057  0.00765069740220251  0.00776860105006849  0.00790334488702445
  0.00803381572168734  0.00816791362844638  0.00830102325009733  0.00846641192667296
  0.00865688261093545  0.00878250272044445  0.00888933414718212  0.00900736978825146
  0.00913483109235225  0.00925553894412440  0.00937679850300760  0.00950726585938332
  0.00961896651142129  0.00987684248278124  0.01022063504144784  0.01059992169026566
  0.01101290677699753  0.01145430909002546  0.01189925464395014  0.01236831603253209
  0.01286129107146280  0.01337729931734017  0.01391624162829645  0.01448293179018431
  0.01509555326262089  0.01578438662259223  0.01660927320186975  0.01749600958124478
  0.01846411455763817  0.01947537900040349  0.02067547295734366  0.02212714909546603
  0.02378248361315971  0.02579727031131056  0.02801076784075751  0.03056857287415347
  0.03338449302771635  0.03639009170733787  0.03993810682628900  0.04424408372858271
  0.04933982324605677  0.05483567859751887  0.06090145824274038  0.06804980084715573
  0.07626925827870416  0.08542802033803401  0.09562721809759953  0.10742472429085105
  0.12149659688788741  0.13572658640079105  0.15023283394415948  0.16624256495462530
  0.18475544931370727  0.20543400332702602  0.22796305595419039  0.25171283714827530
  0.27444046833782543  0.29430667775043323  0.31588599123582956  0.33919255971355489
  0.36351350499886542  0.38908752848118028  0.41734819900364573  0.44411420063684276
  0.47214436859029280  0.50296701651907805  0.53587703049045665  0.56877111494795540
  0.60266106168333855  0.63629967342564264  0.67613327699900416  0.71873904347037398
  0.75801938252155510  0.80642292448646635  0.87374599925318053  1.00000000000000000
  0.34244259271109312  0.35640078788164575  0.37035898305219839  0.38431717822275102
  0.39827537339330360  0.41223356856385623  0.42619176373440887  0.43320376915826403
  0.43617933561584077  0.43915490207341756  0.44213046853099430  0.44510603498857104
  0.45366791073737095  0.46574910409546511  0.47793147599482638  0.49009498644424987
  0.50160557655960081  0.51315828875320946  0.52509535078682334  0.53631527470801521
  0.53950422060626790  0.54061157689881312  0.54187122306773505  0.54342344657430752
  0.54757395089102623  0.55282486971150124  0.55795692339098302  0.56278686687383472
  0.56755287490716555  0.57237247933623503  0.57729412147663817  0.58224887366656841
  0.58748909884217071  0.59240162508668959  0.59698833908737237  0.60134164802886458
  0.60566005740122297  0.60973137562951285  0.61381780208160019  0.61787060729819010
  0.62275737892611305  0.63566377527748441  0.64120022625630912  0.64382437795536618
  0.64670267044026741  0.64949702439754642  0.65291529380427282  0.65628128082955695
  0.65962436791336099  0.66410818813465378  0.66924811551765895  0.67423106318454906
  0.67830444829618586  0.68110039806353662  0.68389928930791166  0.68694369606022021
  0.68995201792226635  0.69280184360484642  0.69848969264576410  0.70495631854277896
  0.71010112587268792  0.71374912604128860  0.71732399012644987  0.72100505003071935
  0.72623247981781303  0.73180754875446286  0.73782433172358575  0.74514440301315787
  0.75171440583339799  0.75665480067982582  0.76180997692680574  0.76709811437077235
  0.77298637278753501  0.77988884625337784  0.78751821229853858  0.79604439714214170
  0.80556761409926514  0.81591879165308145  0.82515768804640532  0.83342043459940229
  0.84112385902645947  0.84834132220190528  0.85580603568179792  0.86381472969461337
  0.87245392910320652  0.88070789495000246  0.88868946623992306  0.89655776503861240
  0.90424847164869193  0.91191490471440784  0.91996780833698966  0.92851466498015967
  0.93801664993134937  0.94915056927179398  0.96516587266010589  1.00000000000000000
 -0.00325940954180646  0.01249677703786251  0.02393168930739558  0.03385286983030791
  0.04291537619400392  0.05217997558393016  0.06142281853726022  0.07109424676063521
  0.08172025328740952  0.09341117450470168  0.10704441915658393  0.11349084508762866
  0.11866671499902312  0.12401895832020644  0.12943574121437587  0.13424382176239388
  0.13874904328926693  0.14425556224493746  0.15607768882975487  0.16786347752797290
  0.17923917225412078  0.19039236458926292  0.20186099004654467  0.21367614189304138
  0.22562720900139219  0.23682559712122980  0.24732350926978044  0.25680961222930671
  0.26705434503896197  0.27686110200728137  0.28719019579256366  0.29918641890340925
  0.31163484972503014  0.32400206031199985  0.33595971558029009  0.34748869968224544
  0.35932257305488557  0.37094755961217202  0.38038440284498104  0.38737574896462351
  0.39446953607277641  0.40152942553139787  0.40833833548609821  0.41689077866096264
  0.42866819245498328  0.43904005073471153  0.44848327697427204  0.45765596705085054
  0.46632649770766399  0.47488308245815003  0.48439128211298332  0.49489781134033978
  0.50548863670419053  0.51678368042043688  0.52763203867048125  0.53848412402609214
  0.55035967080929937  0.56233159362642993  0.57472087505620761  0.58713829020353225
  0.59826700778813646  0.60913571153220103  0.61947047174514824  0.62971225973370271
  0.64086853144592759  0.65191422740460458  0.66354236646381870  0.67662142049334939
  0.69001707481264474  0.70260815391829179  0.71489822713150375  0.72789976116631216
  0.74045789893792791  0.75218395400877125  0.76269994217087400  0.77240400202443082
  0.78262151967142124  0.79405689296982418  0.80560048123315064  0.81746228449362857
  0.82915698894613699  0.83971604627470509  0.85040995730113977  0.86200558863296373
  0.87483401976345898  0.88790887035908861  0.90036701525581542  0.91223652266929145
  0.92410947984344305  0.93606081251364082  0.94709541438319378  0.95836849051930550
  0.97036843916405036  0.98129289290488841  0.99098806768828041  1.00000000000000000
 -0.00304299188778160  0.01071510405914683  0.02247888529958669  0.03457943494806435
  0.04700697597880397  0.05953843179592273  0.07166251155920836  0.08326405353354313
  0.09463940857222121  0.10546881396590486  0.11545801098707260  0.12554673011057180
  0.13604956296524001  0.14374102540459752  0.14897732723109031  0.15367467900194032
  0.15819817320534385  0.16297373577731672  0.16787014065013170  0.17461144804613035
  0.18668459822067071  0.19806349592999201  0.21007201470002956  0.22208408303021313
  0.23352736937929056  0.24400702869665189  0.25517401308932630  0.26676571080250211
  0.27941150069450693  0.29260916505109513  0.30636869182857135  0.32031252150022965
  0.33421931253349141  0.34617383170003269  0.35501174361830473  0.36276723585692933
  0.37055699519062973  0.37794603086918643  0.38547204858961670  0.39742284154160373
  0.41015308599559930  0.42183960606558885  0.43304459384427157  0.44367245778717795
  0.45332433435216568  0.46316153996385556  0.47241972787973890  0.48218660910174965
  0.49268539741762313  0.50389479547944249  0.51589655306451443  0.52814881143175418
  0.54059501053203651  0.55337084928281199  0.56648858247491851  0.57968228816608391
  0.59256320564581311  0.60508191693418578  0.61649031999707704  0.62811876703886993
  0.63919239390891425  0.65057628282732249  0.66239535359212265  0.67461938825779855
  0.68646259100709983  0.69956385668780785  0.71225942566411204  0.72548229648051332
  0.73667350879997218  0.74714343291592178  0.75722192639522690  0.76597402139290705
  0.77500571166681187  0.78446343478365255  0.79429370017492140  0.80452683765112598
  0.81492442610253324  0.82551738342549819  0.83667232834887062  0.84801111499929283
  0.85842313860597330  0.86902996008618472  0.87920402698144706  0.89017495738879593
  0.89890664660189978  0.90661001624152016  0.91403039171833900  0.92232772872164392
  0.93133207550072872  0.94020322348523355  0.94982498592144760  0.96030653819052147
  0.97177771194605500  0.98222219167379232  0.99146726798301832  1.00000000000000000
 -0.00278799378473259  0.00973348058174955  0.02034713194223824  0.03146875042252062
  0.04301655142479599  0.05534595352135882  0.06859846443862457  0.08263955648424498
  0.09688833788324479  0.11056103331041021  0.12339962223830928  0.13493729261649018
  0.14614926735794870  0.15710332468686200  0.16765492892715456  0.17786707212313152
  0.18954062094391169  0.20246907854444665  0.21646295196282470  0.22925802825624431
  0.24156634247277431  0.25398896606625043  0.26670467010546084  0.27907652820003653
  0.29053184142471256  0.30116327536533710  0.31146804634452846  0.32163173805431011
  0.33249616001674775  0.34459352858491704  0.35732951880371883  0.36973232590078559
  0.38098391196134251  0.38852083241923796  0.39301357640951334  0.39876467043282754
  0.40514753185578684  0.41135452032381054  0.41780140657255377  0.42414536665213237
  0.43458300040790632  0.44685441003050230  0.45803071327873673  0.46938942112622456
  0.48113530395951276  0.49317928373939968  0.50366879653012664  0.51334252596761032
  0.52367250129852616  0.53436193976240398  0.54601193290309957  0.55316935833170455
  0.56022452364269237  0.56798390281517164  0.57543245766778173  0.58349462743918779
  0.59447921676806759  0.60677401770683848  0.61808988889716132  0.62906865006044610
  0.64034951788847516  0.65195764043843873  0.66433493905056740  0.67683687610140963
  0.68942949089696526  0.70231989723125987  0.71536078196995589  0.72762286734012915
  0.73917239505240206  0.75052492273614890  0.76152846506078575  0.77180732901892246
  0.78198128264446576  0.79280844199920253  0.80374782653933907  0.81418044252633648
  0.82202812216988996  0.82925272464010114  0.83699330867141930  0.84579424751392451
  0.85605493514119502  0.86716960088601791  0.87869946590017800  0.89046128570975791
  0.90163171764324224  0.91141582734514626  0.92071682279500078  0.93042459087140483
  0.94052641397341019  0.95090503561949025  0.96045950114420353  0.96928564184841171
  0.97726781201028179  0.98501326782910148  0.99280636461471961  1.00000000000000000
 -0.00245247261691202  0.01021950756464285  0.02068784364355685  0.03143399472744692
  0.04384865622202771  0.05705850051802705  0.06911218510935238  0.07942035296242861
  0.08918665356186080  0.10056280389231960  0.11019655508792124  0.11903109436423377
  0.12827347303474496  0.13799469652681792  0.14781335416822924  0.15757707225095438
  0.16756480507952073  0.17846338920560639  0.19002564300684788  0.20201439858160714
  0.21419655807106341  0.22662530921674318  0.23920495851856796  0.25175167247903940
  0.26357384223452651  0.27496513795777239  0.28669674571269876  0.29881300228648744
  0.31120540314451772  0.32261637308807189  0.33398277195555764  0.34506597211183271
  0.35659624818431385  0.36750051212734924  0.37825319543021685  0.38904188308957061
  0.40001368970005097  0.41031377304831657  0.42062076189688086  0.43196482243077899
  0.44338739032071939  0.45578460735007609  0.46888654295653676  0.48167863246567111
  0.49379024465285731  0.50366358409446532  0.51280552773243626  0.52168210253264502
  0.53078225569676107  0.54134369187925424  0.55238281485654384  0.56366690873380487
  0.57429040671255827  0.58593370192316474  0.59731439125568142  0.60845327605839650
  0.62034266775107494  0.63243540000982224  0.64390924520415127  0.65434624195932534
  0.66427117997584528  0.67407151130215781  0.68064902479483869  0.68540486521474941
  0.69062899751509987  0.69740571874841806  0.70448700319122937  0.71480593550747407
  0.72757550700354423  0.73725960246269284  0.74319247546555212  0.74899407220704095
  0.75436804299541482  0.75997360746315101  0.76562655448398564  0.77060662313868111
  0.77886143382680084  0.79213877651670650  0.80393359388466190  0.81473381902173192
  0.82522065086121277  0.83665409125083434  0.84864012846945736  0.86014631928159435
  0.87002174204264493  0.88007317597785806  0.89064306235726598  0.90217305745218790
  0.91469472366711835  0.92739724621121622  0.94004193733347563  0.95245024905756659
  0.96444180803966328  0.97616792152784382  0.98793113126687027  1.00000000000000000
 -0.00301130083235839  0.01241374345616994  0.02450364544135836  0.03607467734673477
  0.04725464906827778  0.05882003120449487  0.07051462193992035  0.08289551960894465
  0.09487488873110247  0.10557953693853388  0.11550279313561099  0.12513402445408561
  0.13607170536878230  0.14713610086116269  0.15820337718287225  0.16952439250236268
  0.18101138069401598  0.19261930617201076  0.20400145478056642  0.21528598365140700
  0.22650549203016518  0.23783322336996288  0.24954483617451248  0.26079029792054503
  0.26821760262601407  0.27268357094797407  0.27680776652999167  0.28044973577079896
  0.28520479065393040  0.28988048754744067  0.29803843689666903  0.31009134467211258
  0.32268582923495104  0.33497705306688880  0.34679234894279104  0.35824204166614665
  0.36942233064201829  0.38099388755981356  0.39301332382550225  0.40452125136419054
  0.41566125008463173  0.42704462625078043  0.43804306707018109  0.44843474187567572
  0.45919772465744707  0.47038618991299935  0.48124574816062349  0.49131003594169759
  0.50134071147016612  0.51217888285758739  0.52277516432221305  0.53159411853414662
  0.54000283440101859  0.54850056984862416  0.55790559353241986  0.56917239961591493
  0.58149322024631767  0.59437026041122076  0.60752471070249592  0.62061037855167966
  0.63201844681297681  0.64253835445967922  0.65289293033378404  0.66334060979764664
  0.67402408158061533  0.68494696629907537  0.69647200447244684  0.70825129565684442
  0.71974793298861817  0.73041683700033522  0.74014931429461162  0.74956915001385449
  0.75878222585559474  0.76837901753691207  0.77667997538293687  0.78235826040298628
  0.78783273049091440  0.79294858849978456  0.80023039633413318  0.81186592460631990
  0.82336103972437735  0.83597239487179109  0.84826682865221958  0.86122649762832770
  0.87375903335121019  0.88612011698780002  0.89823453133940467  0.90972306559844407
  0.92060518879294573  0.93094622201630362  0.94105569094447850  0.95168966792070619
  0.96285057089767101  0.97410436677860168  0.98589660906238286  1.00000000000000000
 -0.00329253824294524  0.01220092128464857  0.02451701110698308  0.03585180469557889
  0.04670973046007934  0.05806320126706165  0.06769592513534205  0.07499533054474879
  0.08205879814244747  0.08814861610696000  0.09504270152403720  0.10498345852305535
  0.11694348940353359  0.12948220913278038  0.14185535807827779  0.15356174845969953
  0.16477466302564633  0.17643110820055330  0.18918207515851798  0.20328823560735013
  0.21600301656320781  0.22902672785484296  0.24208116929314760  0.25408376723866360
  0.26493820267246782  0.27579342503632465  0.28708989148537095  0.29797452328085278
  0.30931458335878298  0.32096063339659109  0.33230038699634734  0.34342437050324054
  0.35509758043541623  0.36688151512454104  0.37851689577141379  0.38966455434803710
  0.40035213630182587  0.41039227589761812  0.42088614982354555  0.43112177783793948
  0.44075632834466139  0.44969745346311696  0.45791481794900851  0.46715634021708452
  0.47581735203931863  0.48546925472571978  0.49680354857140874  0.50798905432199204
  0.51959411265957467  0.53129518188635116  0.54320544927452785  0.55452038327247299
  0.56534587284844373  0.57698714786286398  0.58567263025931260  0.59109797392611885
  0.59669871639190919  0.60149099523921512  0.60603834180851701  0.60977825574023681
  0.61253203084166019  0.61678482065079143  0.62469045032471482  0.63306011893874037
  0.64177106850143806  0.65070472288095882  0.65977806645592563  0.66907092683916447
  0.68061947801142197  0.69327569295056302  0.70588141168689467  0.71899127027763288
  0.73247025867307147  0.74548627289114533  0.75739940038286802  0.76850913090655448
  0.78027302353580419  0.79267933742647678  0.80421841735498434  0.81611713795344665
  0.82577006839913591  0.83531150115312147  0.84453744643904760  0.85328610509785341
  0.86454585420166874  0.87673680541695520  0.89079328921599077  0.90639921936893031
  0.92144982455653368  0.93456480458601532  0.94575286038313255  0.95599085184972910
  0.96610762882426626  0.97681437375724756  0.98825859419844808  1.00000000000000000
   1.7652706028882949E-027  -1.0000000000000000     
  <DiscreteSampler_grid>
  Helicity
  1 # 1 for a reference and 2 for a running grid.
  20 # Attribute 'min_bin_probing_points' of the grid.
  1 # Attribute 'grid_mode' of the grid. 1=='default',2=='initialization'
  0.0000000000000000 # Attribute 'small_contrib_threshold' of the grid.
  0.5000000000000000 # Attribute 'damping_power' of the grid.
 # binID   n_entries weight   weight_sqr   abs_weight
    2   13115   2.053794403589730E-027   1.194831625065224E-052   2.053794403589730E-027
    9   20   2.787744905415022E-039   1.102773040604697E-076   2.787744905415022E-039
    10   20   2.455083641499456E-042   6.962269954710587E-083   2.455083641499456E-042
    18   29583   3.613872280602112E-027   7.300755024065306E-050   3.613872280602112E-027
    25   20   3.007208458635278E-039   1.380324503678920E-076   3.007208458635278E-039
    26   20   2.261460289355753E-042   6.234718828266665E-083   2.261460289355753E-042
    34   17597   2.468467932666043E-027   7.370102667312705E-051   2.468467932666043E-027
    41   20   4.500186298243066E-039   2.706246372528068E-076   4.500186298243066E-039
    42   20   2.111733070341874E-042   5.261990391064350E-083   2.111733070341874E-042
  </DiscreteSampler_grid>
