 -0.00000000386526030  0.00000001660618095  0.00000003019137546  0.00000004497792945
  0.00000005923093566  0.00000007294730743  0.00000008740869754  0.00000010275456810
  0.00000011905207765  0.00000013574185510  0.00000015321492646  0.00000017197871732
  0.00000019258152660  0.00000021317388295  0.00000023238259759  0.00000025327918349
  0.00000027471191549  0.00000029710810074  0.00000031838662885  0.00000033973923212
  0.00000036357833056  0.00000038847169864  0.00000041633742575  0.00000044666829595
  0.00000047845226765  0.00000051094012228  0.00000054352774625  0.00000057861450669
  0.00000061630112144  0.00000065745286083  0.00000069871137878  0.00000073750280957
  0.00000077476181237  0.00000081029289684  0.00000085032757580  0.00000089250941337
  0.00000094763316471  0.00000100834077509  0.00000106771305218  0.00000112869593900
  0.00000119041554145  0.00000125505120199  0.00000131690739435  0.00000137882420776
  0.00000144261018066  0.00000151002596369  0.00000158795332699  0.00000167106148320
  0.00000174529151216  0.00000181583692751  0.00000188384086139  0.00000195679868517
  0.00000204061281034  0.00000213219305779  0.00000222232044898  0.00000230999549069
  0.00000240099037506  0.00000249927053097  0.00000260416059994  0.00000271482325807
  0.00000282276461683  0.00000294422951236  0.00000306238833862  0.00000318107868595
  0.00000329695226541  0.00000342715708902  0.00000357105438948  0.00000372512037366
  0.00000389343249741  0.00000408360403512  0.00000428959361983  0.00000452043690577
  0.00000476262340847  0.00000500050151483  0.00000527805839698  0.00000559321041110
  0.00000590346259051  0.00000619843390851  0.00000649128500739  0.00000681908071245
  0.00000716150180483  0.00000749730635147  0.00000779187082188  0.00000824175388887
  0.00000880559286132  0.00000949736719320  0.00001042158916092  0.00001141787957479
  0.00001236618196743  0.00001349601800720  0.00001477839972366  0.00001545826341455
  0.00001600642040056  0.00001662087548730  0.00001865933670724  1.00000000000000000
  0.00305642906040359  0.01516246082532358  0.02908817581151112  0.04182483625702729
  0.05133333266968433  0.05959495955256222  0.06864343401309823  0.07814645213014525
  0.08919395535765651  0.09855961900228533  0.10712719531571016  0.11600438153682398
  0.12569519708022042  0.13534076650715363  0.14452636562583460  0.15316498831435119
  0.16176987942366819  0.17105660136357809  0.18044463586068613  0.18940890897595980
  0.19754530457401709  0.20479346536731757  0.21204416018009861  0.21950028998357596
  0.22723137974211746  0.23591358257079639  0.24559903337052660  0.25490470207353810
  0.26381548561658558  0.27255387792997765  0.28227147423064453  0.29303994682101381
  0.30540161368916113  0.31809435460627000  0.32911127472664164  0.33852766114474864
  0.34694127186281287  0.35491385314177809  0.36281131905629049  0.37274911524741433
  0.38280221313680579  0.39423144545725913  0.40628398937666549  0.41767549295840395
  0.42930668532298172  0.44126910542340958  0.45076700691659616  0.46074401436658974
  0.47064923607022763  0.48127440958030643  0.49069104425522803  0.49979938486967812
  0.50925650864132899  0.51903772800191550  0.52955203681406193  0.54153413555670205
  0.55449225685435044  0.56773156220415433  0.57881773594044794  0.58900558781046564
  0.59929805486716425  0.61003038948199018  0.62136120362502623  0.63304176735927320
  0.64514549253824405  0.65793955775682678  0.66992856626971042  0.67964063503563266
  0.68862607482198479  0.69818317599417701  0.70954634728554367  0.72034951292297622
  0.72879085372615438  0.73715055164365684  0.74540353980778307  0.75438791003418393
  0.76278678388406163  0.77185044645103396  0.78117051705578688  0.79140410979432319
  0.80219165767954947  0.81444060654321759  0.82592778950676060  0.83618026859896544
  0.84744933788581456  0.85938613596777003  0.87155291769444532  0.88438146444527865
  0.89732755787958163  0.91042424636709873  0.92490511405631493  0.94192130608138747
  0.95891840471189338  0.97165065407699414  0.99240327056835798  1.00000000000000000
 -0.00213490184737677  0.00893340109824625  0.01807827288909626  0.02743642328712161
  0.03625350021344363  0.04544669032663145  0.05498580909643644  0.06458036972628253
  0.07410781394492613  0.08320856878779849  0.09178665621047251  0.10015883187149155
  0.10810323013639911  0.11552993296720493  0.12320764270543862  0.13126360151452707
  0.13927975267551784  0.14668437168307744  0.15367588318327266  0.16051873630144972
  0.16785739222002374  0.17657789842437724  0.18525679743063828  0.19369247823349134
  0.20134522809865993  0.20870950806929384  0.21633032126214008  0.22339087585289971
  0.23224026089438105  0.24309186534661728  0.25458398778373897  0.26754533041502293
  0.27973337549350935  0.28987936908891065  0.30022419752477003  0.31028210430210007
  0.31956690015687450  0.32858295041263591  0.33741196516675509  0.34609700258019344
  0.35479894631812481  0.36374148083212293  0.37381855721475865  0.38624473539562959
  0.40062731656870987  0.41498196687830652  0.42740560155949398  0.43888573621227023
  0.45056165556979549  0.46150382234827309  0.47265300128820070  0.48320237854763937
  0.49394685043403019  0.50530151995026484  0.51809382900087242  0.53221362690265872
  0.54522115934108251  0.55757042807277402  0.56804198107654758  0.57925153114648065
  0.59140861485434038  0.60135689194342179  0.61026722434811997  0.61836593313713295
  0.62764186460466975  0.63829101262057075  0.64974307105602414  0.66130897758921792
  0.67217899518951207  0.68342438371129144  0.69540727782266532  0.70818572942333613
  0.72190395441823085  0.73574889423897383  0.74877531056617064  0.76097576792657751
  0.77232375173945245  0.78431442578818567  0.79658287239505676  0.80877553292770443
  0.82028325829825977  0.83108357887556450  0.84277824272622215  0.85469952624357004
  0.86672607800247714  0.87985800215623478  0.89351063238094597  0.90721367775413519
  0.92058372586516568  0.93321214518039419  0.94549486873419697  0.95749226703059120
  0.96923516670626464  0.98004783957587505  0.99066597688976055  1.00000000000000000
 -0.00212571650972074  0.00942953816076133  0.01832911031873408  0.02714287593256769
  0.03672645506016301  0.04762868782289564  0.05935428673239884  0.07079632848710163
  0.08328502631992825  0.09636674285977913  0.10917891437434368  0.12205273677340851
  0.13502173089553743  0.14760552349331590  0.15962931738677455  0.17144890995932385
  0.18108961780297081  0.18906012093742863  0.19664475496651387  0.20431447522246762
  0.21387186947814379  0.22522174534800363  0.23648901342477333  0.24817383395391185
  0.25948637685930159  0.27014366182046734  0.28085737459657817  0.29095386966868042
  0.30064805049127152  0.31153649328834659  0.32122291020553123  0.33147127428384238
  0.34345042742163778  0.35639955047667482  0.36774372499666963  0.37899633790430215
  0.39028950239851468  0.40101623220196764  0.41143264022703741  0.42176364980706882
  0.43246081379072854  0.44324939694945387  0.45360754839081713  0.46273243003358011
  0.47113059338409141  0.47973279173266309  0.48828593865260489  0.49657497934797118
  0.50494044844048180  0.51399661815508113  0.52399509698722813  0.53502278354534771
  0.54600811487038803  0.55552057432355273  0.56446742242518366  0.57272909588777243
  0.58096640746275086  0.58992633920298276  0.59963810875773760  0.61032902093598351
  0.62231196100790298  0.63566491108641576  0.64981824647878872  0.66294614107106131
  0.67732985450796790  0.68950171556534312  0.70026183528341179  0.70951001023678106
  0.71894941019028180  0.72941416478684074  0.74110258251852046  0.75366503566685683
  0.76605515783010758  0.77746656492211430  0.78823083860760546  0.79868607248401435
  0.80899591489275102  0.81950002471180072  0.83028732603498090  0.84216960390499140
  0.85340395953539383  0.86487600363897088  0.87640430955506488  0.88783417302986223
  0.89791731127941476  0.90662790321911113  0.91615505657761154  0.92588476771354367
  0.93416223931964948  0.94147519710213856  0.94874707143238002  0.95741931964548788
  0.96961299345157959  0.98111398609571798  0.99094100737463231  1.00000000000000000
 -0.00568932752440483  0.04023372861868163  0.08212925355234231  0.12962908614662377
  0.17143229236208710  0.20399349747942611  0.22850186822400201  0.25475401648264556
  0.28106146973828650  0.30330624824651964  0.32292338647193697  0.34125235805104803
  0.35778222271610904  0.37574650601375981  0.39241023047729495  0.40770674381422722
  0.42196806670854703  0.43545364650943907  0.44897498977938988  0.46279256794865825
  0.47618609127789180  0.48912750164533825  0.50112366194950297  0.51349668363593459
  0.52572703870737014  0.53750482291143409  0.54644900431273102  0.55291314004677317
  0.56053130640463644  0.56829027169923496  0.57802648338122720  0.58853462631918174
  0.59896599433722808  0.60815509382773614  0.61757153816953747  0.62676424532586394
  0.63554172822805233  0.64357663174515811  0.65117730893847814  0.65856262813216093
  0.66591920954830464  0.67295558882122308  0.68170996035564702  0.68964558884931060
  0.69718122204607602  0.70472661639222522  0.71196380163191564  0.71873084119665986
  0.72533250343136790  0.73154879778080173  0.73678327558844059  0.74144717885004641
  0.74628036519116547  0.75169871580624870  0.75747090925123872  0.76291238138508444
  0.76807351936540702  0.77309982636785834  0.77838663503506422  0.78374081876407697
  0.78928572990634183  0.79556584144869713  0.80249486621729715  0.80942661454865794
  0.81660129421825745  0.82396197985419961  0.83088895550297326  0.83745674058830988
  0.84397639167515492  0.85065856326034472  0.85738787023926211  0.86402056125818250
  0.87089759726443206  0.87725959388350017  0.88371857382218699  0.89056022603078189
  0.89795702845591685  0.90464848865529690  0.91149684580430990  0.91721546157275446
  0.92233629411997509  0.92743586033904946  0.93244751665286418  0.93807640757427990
  0.94396405212149148  0.94971470724680584  0.95512147533582814  0.96025594109071322
  0.96521857499950869  0.96975116586763921  0.97394628191259369  0.97848758709069572
  0.98335956644997391  0.98860524409046491  0.99415749311047164  1.00000000000000000
 -0.00335889743675186  0.01388242674662628  0.02714184881249022  0.03679472207983228
  0.04609846519953665  0.05565594104594476  0.06640479809078720  0.07858384726441589
  0.08996779406112475  0.10053484185752042  0.11132186472593510  0.12096045140576141
  0.13115214270901721  0.14177991715956303  0.15314723251249809  0.16638710158215519
  0.17774935549536336  0.18898714379827136  0.20156973468035644  0.21428471149072431
  0.22483300748303908  0.23424066227834550  0.24408921024903785  0.25523805866209265
  0.26705279608573490  0.27828473654079627  0.28967651736211719  0.30111994622872140
  0.31322229704223303  0.32369599292807788  0.33440472678936928  0.34578350457633039
  0.35788075822342164  0.37022476311703811  0.38155866400751315  0.39143179734935063
  0.40098948090228359  0.41056178925009773  0.42037143993661269  0.43020452000199294
  0.43938689584606527  0.44806899359068469  0.45670540090026174  0.46536168672371514
  0.47490624203911880  0.48569899634330960  0.49575636059199513  0.50574534544538574
  0.51503331972258315  0.52422239295886086  0.53400076470331759  0.54462604524816882
  0.55589572994024483  0.56818493380234925  0.58044636993269549  0.59244682153246597
  0.60505096880921261  0.61597604746110279  0.62808641713843882  0.64071430949125641
  0.65409047205396620  0.66559628615490640  0.67587077390065309  0.68700408035600691
  0.69883439051327545  0.70996744033028536  0.72001919466917874  0.72985700200579184
  0.73961782652309382  0.74959533908206399  0.75979647244438986  0.76982037989138119
  0.77932588593909935  0.78796158801661231  0.79722978689243162  0.80764979062387687
  0.81871888300032603  0.83000182492959251  0.84068328880653742  0.85117146725793469
  0.86194667474847919  0.87216922763649551  0.88171512665072183  0.88904341620133798
  0.89590573819960129  0.90390373526284984  0.91172691525773042  0.92078607501086673
  0.92939392906723828  0.93940763324300502  0.94964752532619978  0.96027125799980195
  0.96956083187037712  0.97793488896544556  0.98884352264011366  1.00000000000000000
 -0.00150155419791930  0.00678494636182117  0.01577763948313133  0.02433452647978960
  0.03341638188445353  0.04286718398057278  0.05205892755062221  0.06101298923591996
  0.07022030261460872  0.07954874554589132  0.08871709116170952  0.09725884490520657
  0.10633245778112724  0.11492425809035116  0.12373063114027483  0.13116947684620447
  0.13860246935841827  0.14646322426130359  0.15502431145374682  0.16437346643532438
  0.17296376343031158  0.18119405462971006  0.18981753414879290  0.19969298191099505
  0.20971859099476395  0.21875293619492495  0.22701820133130068  0.23517917219473872
  0.24310857615984757  0.25070027310233040  0.25863656863198159  0.26725197899017517
  0.27679136761696677  0.28717321498203269  0.29775080126920733  0.30865652851638409
  0.32011049709955935  0.33097957267966976  0.34105539375043936  0.34920853641188426
  0.35735325949315988  0.36543441869777704  0.37485128506009302  0.38601832524363050
  0.39731153539597780  0.40786926647236327  0.41767273767523577  0.42721711193689593
  0.43649099473754760  0.44585173524571031  0.45533546443825457  0.46734409580266278
  0.47939070453886468  0.49021847148800529  0.50006233439627779  0.50890280653330877
  0.51835060070181949  0.53021711284528350  0.54120666511420068  0.55077015215420644
  0.55957174106044982  0.56894662045084898  0.57966760700255793  0.59086039448120997
  0.60241540501005542  0.61437074396563052  0.62677628384588935  0.63851652117891577
  0.64965968631592996  0.66088840767629142  0.67301940751342759  0.68694332722805207
  0.70178127360028664  0.71669351635342549  0.73044679457461714  0.74344067661927027
  0.75637518465346554  0.76944850680498789  0.78171635441785159  0.79340963776133222
  0.80604190674608533  0.81956248091285522  0.83266973418593382  0.84532098798165434
  0.85869950927925509  0.87239213459417297  0.88655687250693316  0.90018160855566964
  0.91085687593296483  0.92033128984991486  0.93055450195277634  0.94059333704820547
  0.95181636290325888  0.96660563009575950  0.98188858865106399  1.00000000000000000
 -0.00375527117708012  0.01366874867129134  0.02531420024607863  0.03613601265232273
  0.04642954433232672  0.05655177018523624  0.06646549923728247  0.07584399889295121
  0.08476732116038713  0.09423000336692593  0.10451725577278922  0.11581495444957468
  0.12684716847483843  0.13632675652873830  0.14496181670770245  0.15568539793387356
  0.16737537432919086  0.17928204928239350  0.19011141535538462  0.19971823741071579
  0.20973978080720615  0.22054334900484077  0.23149082990851833  0.24158428638920437
  0.25243907192357645  0.26441468526909839  0.27694977180481339  0.28903674090577902
  0.29888617543473800  0.30800032237704528  0.31676590291018653  0.32688472154157183
  0.33754158307557824  0.34756993527340796  0.35590763613538057  0.36279055052860976
  0.36948558518607055  0.37680242884526921  0.38561860267567338  0.39804926640167598
  0.41221442040765099  0.42681878874857593  0.44106543607764537  0.45223255800562029
  0.46423879380212640  0.47501833381407954  0.48588235770406613  0.49632211082965794
  0.50759696405949861  0.51978033115756228  0.53148609567723026  0.54339671256272570
  0.55398924648646086  0.56454063265480880  0.57295929358461084  0.58043564715038043
  0.58834623198605174  0.59558610703822712  0.60393152544049655  0.61442333387987869
  0.62670427226788272  0.63885490896072672  0.65065309109337910  0.66130038373729849
  0.67118904537175672  0.68055032383113401  0.69082229974727916  0.70151456169050441
  0.71261535020213751  0.72424755594484724  0.73656012416081429  0.74866116991358411
  0.76024597008020522  0.77073023056480960  0.78051272420829487  0.78992138144134549
  0.79899992064036185  0.80812038297493560  0.81810254111630021  0.82725124767229152
  0.83552839052536465  0.84448156149449338  0.85533658917911093  0.86721335042480285
  0.87859863812448280  0.88975241530220273  0.90033460464920245  0.91056767322258025
  0.92170808692186368  0.93347567703729228  0.94560255316699660  0.95799383094982904
  0.96926762650395348  0.97951118137379367  0.98992005202000011  1.00000000000000000
 -0.00840570726395403  0.08091175464093006  0.12610542221534599  0.15942625859442539
  0.18988094522525284  0.21860762814469348  0.24536653474193204  0.27113205321262729
  0.29639230705492420  0.32012997641801566  0.34149280100153950  0.36170091489562950
  0.38316492708451727  0.40265080154862226  0.42377760563731814  0.44647920902524596
  0.46630261675391027  0.48517766969763443  0.50571664488325596  0.52833135780182028
  0.55149709667432134  0.57107956318794573  0.58701916174698832  0.60321015870245465
  0.62061399504131498  0.63846496212097537  0.65602250850101707  0.67429479048690166
  0.69372633697387820  0.71243616627188333  0.72948331477087014  0.74595802811148892
  0.76160774821201960  0.77568993642981188  0.78824814527467180  0.79916712866773965
  0.81027161229000300  0.82234680590162179  0.83611461417059885  0.84996714960569986
  0.86294562215436998  0.87432103236033298  0.88422060884599363  0.89407285492327526
  0.90384067232110632  0.91338194719255938  0.92160598137425531  0.92914113820294908
  0.93617028236161359  0.94217954923548730  0.94709081420429719  0.95163052935408843
  0.95594263845529981  0.95961677458161942  0.96259117479979184  0.96526729397381084
  0.96770789433396454  0.96990461566936526  0.97184671773551268  0.97348681447653096
  0.97492394435639751  0.97621988557364292  0.97737308198158501  0.97849828478105771
  0.97951722738234837  0.98034828829238330  0.98109175904422197  0.98178263144468492
  0.98242467432098890  0.98302132038657408  0.98359703229664630  0.98415935173490487
  0.98471682393334037  0.98524871533869851  0.98573590302557623  0.98618395050595697
  0.98661068885357683  0.98702283034518534  0.98742517378565753  0.98781800449266433
  0.98816729058565844  0.98848351970080062  0.98878754042466133  0.98905730430807171
  0.98931356101391910  0.98956892367356175  0.98980015426291335  0.99002145566879907
  0.99023834000774313  0.99044389909576347  0.99063715495782900  0.99082489593779499
  0.99101038461930158  0.99110019834568319  0.99117673305767906  1.00000000000000000
 -0.02579905545948331  0.13485479098423497  0.17263270488750274  0.19290244081099278
  0.20856061102071710  0.22328657654842127  0.23521662012923952  0.24475203289093408
  0.25507926602108316  0.26532495787662647  0.27742475022351187  0.28781975791586212
  0.29742865007722880  0.30687028287697388  0.31568047120347298  0.32533422854767785
  0.33521511482690619  0.34475174463225644  0.35388895312719365  0.36226419786306163
  0.36988452792409438  0.37733442927155347  0.38546841534557230  0.39416950620275637
  0.40332220207539682  0.41222841377120145  0.42132805814373953  0.43112258350377247
  0.44168422704436450  0.45174229667952087  0.46053242413165213  0.46928478527878126
  0.47814161495814766  0.48756545478812330  0.49749081812612683  0.50604687481699995
  0.51392574185683826  0.52142243506235630  0.52900243895202581  0.53687169405370749
  0.54437439044609826  0.55100584226314442  0.55774695763247195  0.56482373613418235
  0.57211972733909888  0.57916029467509211  0.58582052063991452  0.59226464234669718
  0.59831913929555181  0.60441978218726489  0.61110550715687406  0.61771460734681716
  0.62426818318783628  0.63116025620237748  0.63797025177475508  0.64493101058882296
  0.65267488837293619  0.66034903402211498  0.66708281449956353  0.67316793635889804
  0.67908669058807858  0.68514445981913208  0.69106277838551866  0.69664124365130486
  0.70223793356786390  0.70811890399363553  0.71418424119037749  0.72034064685813792
  0.72631679636196078  0.73274535641540151  0.73858956986891577  0.74434643836091108
  0.74997964894908020  0.75558916431159129  0.76164399130542981  0.76749707056241900
  0.77353018314115851  0.77941252523221405  0.78504974163706798  0.79063725956663755
  0.79698954213605711  0.80372804079169258  0.81030047569118768  0.81707498171931658
  0.82409211262719817  0.83138541321180326  0.83889490965683444  0.84664871067198055
  0.85496622613418261  0.86354345577079661  0.87325273649276247  0.88373131837986796
  0.89586360505759088  0.91019829449758682  0.93265852119018811  1.00000000000000000
   7.2171302632634794E-010  -1.0000000000000000     
 T F F F F F F F T F F F F F F F F F F F F F F F F F F F F F F F F F F F F F F F F F F F F F F F T F F F F F F F T F F F F F F F
