  0.00469840272817596  0.00543626145816390  0.00624347944214390  0.00713708977245180
  0.00810543845903162  0.00912478237333828  0.01021066114560196  0.01150569504365245
  0.01317342057226218  0.01497886596794090  0.01687062392467313  0.01913497043836641
  0.02187287901147632  0.02476875191752357  0.02769786593962124  0.03039687425843844
  0.03328168740699304  0.03634927300785423  0.04027505098402487  0.04496589974717298
  0.05032222125887754  0.05593403954139525  0.06127998346310889  0.06756804451870610
  0.07448601102278399  0.08090709345322536  0.08975932093028120  0.10089203567553419
  0.11366713982564983  0.12683661856104486  0.14010316757289246  0.15165989502636670
  0.16109454854943067  0.16972568261580029  0.17732491143358875  0.18561383764007772
  0.19508059640795125  0.20320812616229586  0.21176874478464341  0.22113764813849329
  0.23267668013683895  0.24555360609607324  0.25857448529531279  0.27194713219847078
  0.28548415269269911  0.29878437440281003  0.31242342260539163  0.32640399613167986
  0.33754592176172565  0.34570390391931771  0.35402291358633975  0.36129890723528557
  0.36806700292146749  0.37479812202586166  0.38359860893588171  0.39295518756211351
  0.40581320248851088  0.41815304236013850  0.43085891198565918  0.44358075158139837
  0.45617680691217566  0.47014345281462550  0.48257683312205790  0.49452752117997234
  0.50552006882910838  0.51764906701454472  0.53066124505586987  0.54202163074379850
  0.55162371689491974  0.56027601451532072  0.56973130514006831  0.57795116951115844
  0.58613613288855404  0.59396969411251010  0.60404082532622294  0.61724130498329444
  0.63277500400396203  0.65077105875380958  0.66990671903716770  0.69044284917838528
  0.71356921845446131  0.73223779598414807  0.74828312365288507  0.76319259842344733
  0.77922661362207735  0.79633825315438778  0.81253599837393475  0.82806360040716298
  0.84357200451209402  0.86038237413363461  0.87967724710684714  0.90301747188625880
  0.92639385673806440  0.94682432567938790  0.96743487749121904  1.00000000000000000
  0.00001687801351905  0.00001878415467786  0.00001955047863366  0.00002016292719641
  0.00002063717849517  0.00002123127691432  0.00002172271089618  0.00002218944813429
  0.00002260610112125  0.00002302618365065  0.00002340322652824  0.00002376448756227
  0.00002409588225074  0.00002433626765635  0.00002458384233816  0.00002484673494771
  0.00002508424916177  0.00002536448886044  0.00002578256432206  0.00002627443756119
  0.00002668752179792  0.00002697354506420  0.00002722206674701  0.00002764744404971
  0.00002808134774879  0.00002854875246861  0.00002904792905913  0.00002962473321743
  0.00003025206283272  0.00003094008762322  0.00003168455161280  0.00003247218294784
  0.00003325984847465  0.00003407273598199  0.00003499935630245  0.00003616489760378
  0.00003784475522750  0.00003981457206874  0.00004245871690675  0.00004525795613630
  0.00004763069457993  0.00004969935816196  0.00005129941020411  0.00005241497082695
  0.00005321615188009  0.00005396372619124  0.00005464950455976  0.00005528928401686
  0.00005585651066631  0.00005646789231443  0.00005705917711746  0.00005758470565477
  0.00005811110690163  0.00005860029881003  0.00005907802680923  0.00005969573939879
  0.00006040388638248  0.00006112896212769  0.00006186347989399  0.00006271884622996
  0.00006359994725634  0.00006431914608002  0.00006503703587454  0.00006573406296344
  0.00006641361760985  0.00006707550035636  0.00006751161095598  0.00006790922732810
  0.00006829199839669  0.00006883193581586  0.00006956259505885  0.00007032705125927
  0.00007088279891963  0.00007143327948345  0.00007207445231962  0.00007276074071430
  0.00007338010590073  0.00007397563252092  0.00007463055115631  0.00007528960461270
  0.00007579309464543  0.00007622345114598  0.00007665978847882  0.00007714839757466
  0.00007767681458009  0.00007821915890368  0.00007877357285761  0.00007933294311318
  0.00008054317335085  0.00008175794622325  0.00008257471115732  0.00008396382154232
  0.00008571875493657  0.00008703283026357  0.00008741421254252  1.00000000000000000
 -0.00418279840146053  0.01812085172594613  0.03417508193154412  0.05249031204156344
  0.07269281498405153  0.08760771962624729  0.10286903150508425  0.11590473020349006
  0.13101608209110210  0.14733435393590319  0.16646885149668905  0.18750376298427546
  0.20765210333298381  0.22547456949550421  0.24343249117681168  0.26175613762204908
  0.27909366772145527  0.29662605806971554  0.31194961002852861  0.32283815113104186
  0.33191535205682182  0.34058782297113249  0.34951179150957173  0.35867497712621738
  0.36896781741742840  0.38313279469767442  0.40011375714636022  0.41463394412434629
  0.42713534162523281  0.43943059666043188  0.45222093680699632  0.46389779533127323
  0.47586129752696155  0.48845500861769009  0.50173266598549160  0.51575582656083996
  0.52915673931179508  0.54370735059139086  0.55409003500230314  0.56319105426904581
  0.57163195206572659  0.57987459351525550  0.58905446421249619  0.59863867119496394
  0.60729542455790708  0.61468612601169192  0.62094375257878387  0.62674182469937201
  0.63341185435885594  0.64022136904524318  0.64629831924380809  0.65248766644455602
  0.66036000357745184  0.66786305271980839  0.67335900085742417  0.67845224130615844
  0.68372699440109685  0.68963612527347395  0.69646326393390912  0.70420486444147956
  0.71293603939133599  0.72011866472112840  0.72550187549175893  0.73132721719427096
  0.73959695838885187  0.74753881316017234  0.75596704838888085  0.76669887650149426
  0.77850091646687891  0.79158701388136232  0.80546788470634756  0.81945277848117914
  0.83277550174972681  0.84414105332656630  0.85297004432306989  0.86032324758230039
  0.86689226701880517  0.87284350968357005  0.87850976186244645  0.88436123024166347
  0.89049694186361805  0.89637306510160475  0.90254661174954887  0.91080799324679174
  0.91926104975384337  0.92569713999604053  0.93238790483064216  0.93909474440542196
  0.94558268561350767  0.95219115800539722  0.95857378161812079  0.96552810075823370
  0.97272011967913097  0.98080226329105147  0.98989683814935714  1.00000000000000000
 -0.00335606742918701  0.01588782905291921  0.03282374081432339  0.04482919182600065
  0.05284005929674990  0.06144400914326800  0.06879926726192091  0.07421104729364358
  0.07902120004430375  0.08337782163312239  0.08865026069635440  0.09562079560626241
  0.10353863428847013  0.11376593138044110  0.12592234687981568  0.13872016314885496
  0.15051318565010072  0.16020170541739759  0.17090659828302462  0.18055663102925379
  0.19037117540671752  0.20023753921605644  0.21087708320976692  0.22285055641455326
  0.23466849230728679  0.24481741447593530  0.25479461359921912  0.26459350800345871
  0.27335786743726570  0.28132587242317419  0.28951817684698899  0.29805309098517185
  0.30876284027913664  0.31779576093545497  0.32734696054463802  0.33806097034679572
  0.35083437204958745  0.36358304199650043  0.37752580312643103  0.39138233714841647
  0.40745490706867410  0.42193302114791559  0.43178514032133841  0.44015906855473108
  0.44804176059305933  0.45650917849932882  0.46551516242782220  0.47512811561466478
  0.48767190521390907  0.50310421921027348  0.51952096027589567  0.53597021882705931
  0.55021038666058053  0.56492255178231454  0.57872510701151936  0.59351969935943849
  0.60858562884263068  0.62261011267238175  0.63708707774027085  0.64911937718754820
  0.65537133410437798  0.66199960266463531  0.66853298053638399  0.67560874194460885
  0.68297159102719396  0.69050558535346584  0.69686983547269887  0.70228150258669209
  0.70778899083621760  0.71620861556808368  0.72832702257053139  0.74160500402816587
  0.75617295092510772  0.77067084982183187  0.78278224995821355  0.79421731923205963
  0.80443243019006583  0.81417016406074660  0.82392176273348483  0.83404605439056279
  0.84529581308008184  0.85446683552143099  0.86560977971860809  0.87478126385186850
  0.88300610023305959  0.89162919661883844  0.90020195549057358  0.90874987289717335
  0.91855360275244380  0.92744699856158452  0.93435611305973398  0.94348735434759379
  0.95542543534070246  0.96917095430633005  0.98397246327850851  1.00000000000000000
 -0.00140325566687033  0.00535283354354225  0.01182676594741038  0.01865055384735553
  0.02524195585598530  0.03132872647764633  0.03718791564593610  0.04451758609635136
  0.05505527826780436  0.06432124026777244  0.07207766586875990  0.07916397252461048
  0.08746747777846196  0.09687032768936228  0.10652651712196666  0.11639457696598365
  0.12557886617506528  0.13388927226709285  0.14229568164080914  0.15079070981435874
  0.16001974711085643  0.16960368206143511  0.17867344011390360  0.18832380934333812
  0.19872655304666975  0.20928746713658256  0.21605684228165714  0.22408409306965507
  0.23191388009906216  0.23883215428433169  0.24432990062272433  0.24912239227883989
  0.25442909275960557  0.26047986516409349  0.26827428672102444  0.27687665804115902
  0.28489804249919876  0.29211424187170176  0.30058680012546141  0.31251000893599135
  0.32718057998205013  0.33932888020397201  0.34919041002920370  0.35830641435202742
  0.36765561223313226  0.37652896476643588  0.38456480168482854  0.39244440623575727
  0.40189307842495925  0.41285594066873527  0.42352344060501790  0.43149729948153731
  0.43928272712661182  0.44749545544309788  0.45752303785416171  0.46618541730369745
  0.47438112678995098  0.48355061857673626  0.49064945841633317  0.49790565413877647
  0.50554126645138509  0.51382426796494574  0.52713770731609388  0.54103251482988068
  0.55479559902500386  0.56824933999059790  0.58130643423050743  0.59624909891307443
  0.60920918784345146  0.62059182321300310  0.63361056261360582  0.64773177822936756
  0.66491628695976568  0.68314978879627664  0.70217107408820334  0.72055039043852009
  0.73739191473849097  0.75272774086240979  0.76607461575170022  0.78064044410562650
  0.79711894911015779  0.81392544261377708  0.83099275405588013  0.84748981798012990
  0.86066431641848407  0.87409394907691629  0.88527454957747398  0.89747218519314254
  0.90952489380148704  0.91994945280734874  0.93038644371189194  0.94260217346143926
  0.95699868082454753  0.97143527448471312  0.98595732955796811  1.00000000000000000
 -0.00323237312029815  0.01243746557136432  0.02623347575943145  0.03993603624233241
  0.05529030624947506  0.06584819963224663  0.07244584056869560  0.07972225258536916
  0.08697742912787461  0.09344915043091317  0.09914683226684430  0.10515993581125432
  0.11164514604454645  0.11751123090772243  0.12386704271676932  0.13413771950121708
  0.14672870081937769  0.15884849002967102  0.17112885433569233  0.18324717384429620
  0.19793451137884954  0.21035814540695180  0.22290625477341597  0.23417512756876385
  0.24491040191853083  0.25606901882324989  0.26714805953595450  0.27754064280716645
  0.28683609627795770  0.29559994926416439  0.30400687248794489  0.31135104111082795
  0.31833012124480220  0.32539389516328665  0.33454815133423832  0.34583077318677274
  0.35661758684786066  0.36524772710243225  0.37521615645490353  0.38583247870248705
  0.39596695610478910  0.40617236894868458  0.41800815317211437  0.43295344939971769
  0.44609912928440304  0.45801741433706145  0.46978833671503106  0.48347570160234365
  0.49678309106149654  0.51020931379459789  0.52251232159072170  0.53449463577390854
  0.54761973091486837  0.56037193142356323  0.57054170887047351  0.57776614521898917
  0.58576082474026903  0.59441610027616321  0.60517286795909819  0.61794708491015360
  0.63162792250860755  0.64347233823854688  0.65324573887220572  0.66295733517774558
  0.67350451491010332  0.68475635642211641  0.69793120136385345  0.70838922661331771
  0.71670985312221602  0.72552568144474994  0.73489032038510671  0.74518355510616285
  0.75378838749451305  0.76143484265352801  0.76816313374341194  0.77791958286147933
  0.78918641230135633  0.80081909199572476  0.81126732618967490  0.82208442602008702
  0.83357516439457724  0.84536806615401239  0.85691936930148649  0.86892454771807459
  0.87950722906327528  0.89024496544060561  0.90008051170603520  0.90935920720684349
  0.91801507349280986  0.92629328504089403  0.93657183561105684  0.94897633449032004
  0.96186371713357366  0.97421235537443041  0.98642719899388698  1.00000000000000000
 -0.00119256303705179  0.00566169552681191  0.01150233285895157  0.01729087528276656
  0.02339368496690580  0.03026889955496163  0.03651991381758994  0.04294810260632777
  0.05030204975842418  0.05743565270918429  0.06450920725830506  0.07273574030638942
  0.08162182331719181  0.09143204775467854  0.10168405885635140  0.11152506478041650
  0.12021653826380509  0.12885015013144432  0.13753029168883754  0.14623064469707425
  0.15495953288448036  0.16389092324333246  0.17327560653115209  0.18309294849894778
  0.19263690390454138  0.20227633257881086  0.20977365969445733  0.21563203093066119
  0.22147793735984150  0.22729557096542499  0.23305598956325921  0.23923098917278132
  0.24584314234541202  0.25149533260592155  0.25637064731562259  0.26093441063464873
  0.26612897604263108  0.27207673937597249  0.27894377468587012  0.28602780931402522
  0.29275686901773895  0.29854175813377937  0.30348448868643046  0.30859147656639874
  0.31513572988435634  0.32131339468375014  0.32737407128460133  0.33262267536946138
  0.33960691022270689  0.35013215156915423  0.35917814962275330  0.36770739445852157
  0.37629083258566864  0.38497611099742574  0.39362309007847873  0.40371564201549975
  0.41718473502432502  0.43278083049941973  0.44848467422230903  0.46212160481629411
  0.47338430550518446  0.48355848899770076  0.49348027654663096  0.50333805690308353
  0.51414513263796924  0.52617043989493550  0.53854790644655171  0.55144406766937848
  0.56535027831628715  0.57852090332559314  0.59189908928274737  0.60556337170270891
  0.61736824405629276  0.63117341339281752  0.64534870643033604  0.65681956813500564
  0.66828919096862549  0.67804102448417725  0.68826776780680132  0.69966405163119849
  0.71306876169317279  0.72893294293760169  0.74482196427827263  0.76406912460038845
  0.78445741274936553  0.80417554917845990  0.82295459751482869  0.84014164096567190
  0.85745082754569468  0.87414835733114193  0.89546023508334360  0.91705521641438004
  0.93678047117679819  0.95466139043084519  0.97302854108471715  1.00000000000000000
 -0.00156912360044171  0.00674800857379834  0.01355570141451184  0.01926474125810047
  0.02449506514356902  0.03068605314415717  0.03844575580920218  0.04632785775183298
  0.05156702097812289  0.05586347472556091  0.06150585062378076  0.07024530238954192
  0.08371362545843382  0.09744941382125982  0.10996491221764952  0.12257438849990178
  0.13542962641732523  0.14707542093114417  0.15811707596277791  0.16769207864013388
  0.17727210750747810  0.18671366094842343  0.19398302888892260  0.20068433481700659
  0.20969678118767579  0.21716844660847479  0.22396238018320708  0.23045898759653044
  0.23652706478132132  0.24295494258731534  0.25114178035916135  0.26391534524719118
  0.27797077610523563  0.28974873880304264  0.29810667986071715  0.30687870555780083
  0.31622669980780399  0.32508967313251136  0.33330877987302659  0.34106016192220573
  0.34839643639609252  0.35620004905760322  0.36737580088302652  0.38045704514277928
  0.39451184313764281  0.40864298271707944  0.42152704833639476  0.43293789007110689
  0.44522822902183634  0.45795937584194940  0.47372147342742438  0.49007764501657708
  0.50450615768148466  0.51576950216841755  0.52566199592493656  0.53553198218028986
  0.54574055284761125  0.55761722587239415  0.56936750711096995  0.58145056850554611
  0.59485092480001533  0.60849945368644331  0.62198559970043776  0.63611624110694165
  0.65033653328324603  0.66370473089006410  0.67609336719910662  0.68816974461484193
  0.70053757310450115  0.71239466093262171  0.72412593900633337  0.73485142442676687
  0.74583088807075482  0.75740239256622721  0.76883581179941329  0.77895617379158955
  0.78810118213467450  0.79765704449728458  0.80888095326131215  0.82201110832175706
  0.83614089565107841  0.84960095859523033  0.86155092830121527  0.87317079911247741
  0.88419228711149600  0.89382345272954289  0.90369269016092224  0.91308235925881354
  0.92237292900543322  0.93194276447922031  0.94341612635910566  0.95528816661797378
  0.96743106657697764  0.97913439632708388  0.98968777622102433  1.00000000000000000
 -0.00699733841606469  0.07651112075717539  0.11456274721722866  0.14058695282739597
  0.16439982025086511  0.18994183202255241  0.21160118978577255  0.23033244646376902
  0.24778350795916343  0.27074409176859093  0.29384661233385523  0.31554152070490427
  0.33498550745405359  0.35316031357403155  0.36932837034639843  0.38756177736036856
  0.40405880792428384  0.42254899544682090  0.44419426435811155  0.46238481620766769
  0.47681688649311921  0.49183067171223538  0.51005723906075251  0.53090186444807153
  0.55443126863175962  0.57351898013299585  0.59060079825280409  0.60746117277772460
  0.62315820095407792  0.63685206747186007  0.65029128807953884  0.66460805685782798
  0.68054387427960539  0.69857910290052616  0.71608060773696769  0.73237736691259392
  0.74788370707261909  0.76202257776302029  0.77490903224195717  0.78783496028784050
  0.79655158839910867  0.80535630438763217  0.81277395572847344  0.81910652937751272
  0.82539851117949614  0.83377247916233110  0.84129390670947357  0.84877143170325431
  0.85793543110635750  0.86933536325363769  0.88018553001962285  0.88945494515961909
  0.89766917879544017  0.90618916399979332  0.91496958449296339  0.92417875717911835
  0.93283382199157061  0.93922784954501659  0.94410505064301153  0.94870590176012537
  0.95357636092880227  0.95828216295819846  0.96126818860793306  0.96368124983080605
  0.96569957648412230  0.96745800567693807  0.96907026145376807  0.97063139053021286
  0.97216450628782403  0.97363836028839235  0.97528763426656917  0.97672094466654902
  0.97810999712093161  0.97931249231610074  0.98037353595126664  0.98142017431056583
  0.98238373011915814  0.98320628367605822  0.98399375783975729  0.98475172013422163
  0.98543975010875562  0.98604418740882105  0.98661289179681255  0.98717221300422886
  0.98768893205684960  0.98819128270764400  0.98867605764783717  0.98912949528806449
  0.98956993882014599  0.98992500562156316  0.99027615610747011  0.99061151352447563
  0.99092114165957978  0.99107198603606550  0.99121424826171123  1.00000000000000000
 -0.02009490758746968  0.12708312195601495  0.17189145822836699  0.20123767027025288
  0.22630624071101030  0.24695351160073375  0.26317104646432582  0.27531157431005848
  0.28650117801858177  0.29916129199370151  0.31119046902633934  0.32248404279988124
  0.33343810268431984  0.34588461178691943  0.35825411465980128  0.37073090322608127
  0.38485268748859630  0.39986844357135487  0.41384363899162141  0.42550524766309045
  0.43514843272340153  0.44394908240736797  0.45322685389335676  0.46139351654244148
  0.47034427293730208  0.47910125262672543  0.48823795444523899  0.49755378445615400
  0.50663872832889179  0.51537617384530310  0.52339705689672011  0.53137192863441896
  0.54006799369204006  0.54900782978489959  0.55666050487786178  0.56342761554210763
  0.56971381595396953  0.57592089910579847  0.58177012649709836  0.58800278707641074
  0.59520555848599710  0.60246422967022373  0.60966712591935857  0.61685124173135863
  0.62376751288385868  0.62902506249233303  0.63412268676304795  0.63886076376944811
  0.64457368128062253  0.65035472139979600  0.65586682557209208  0.66114139919066628
  0.66625159688807034  0.67100504275942363  0.67586071741553400  0.68060915117345122
  0.68512820025596344  0.69089310678276339  0.69869418236635850  0.70665981932454369
  0.71332091892799254  0.71835693727460437  0.72286363225573658  0.72795697575626273
  0.73300123512636184  0.73865759087403104  0.74365934405214318  0.74825893206405780
  0.75361828231382932  0.75941184224921454  0.76511543791730841  0.77106139810352403
  0.77760898126511246  0.78511779951813809  0.79217313600884320  0.79938866046492363
  0.80672904425727254  0.81420502963529162  0.82200109821822631  0.83004917071005802
  0.83866694467067537  0.84715825356505614  0.85662478613505433  0.86617092075952307
  0.87487867003729969  0.88222653541507179  0.89045204690724533  0.89737448567926426
  0.90220394201301779  0.90886027544861558  0.91557986153037207  0.92324987125149671
  0.93191237617067957  0.94269230410628546  0.95498155148181041  1.00000000000000000
   8.1739266164461368E-012  -1.0000000000000000     
 T F F F F F F F T F F F F F F F F F F F F F F F F F F F F F F F F F F F F F F F F F F F F F F F T F F F F F F F T F F F F F F F
