 -0.00000001248954722  0.00000009168329356  0.00000066528110513  0.00000120776325085
  0.00000147138604569  0.00000212348846960  0.00000259444236430  0.00000288808942475
  0.00000314478518142  0.00000339330092196  0.00000361052743119  0.00000389027314214
  0.00000414167689431  0.00000434101760909  0.00000459699662535  0.00000491360450423
  0.00000524375509625  0.00000558256227708  0.00000594342901266  0.00000631260679186
  0.00000663054407066  0.00000719346808647  0.00000802823540612  0.00000901439377308
  0.00000971139209756  0.00001029113692850  0.00001081178449287  0.00001129528420653
  0.00001155182105259  0.00001180331459046  0.00001204923920321  0.00001228373182860
  0.00001253417249133  0.00001279866136652  0.00001307719546351  0.00001340350896224
  0.00001382312046991  0.00001438422875190  0.00001492573430829  0.00001545368078811
  0.00001585882251252  0.00001618876256150  0.00001645327265641  0.00001663698374542
  0.00001683595730796  0.00001710436302461  0.00001740570741086  0.00001769905083258
  0.00001799075335830  0.00001824475529055  0.00001884363873362  0.00002013480372035
  0.00002265788927113  0.00002725974765001  0.00003122346429491  0.00003425387694282
  0.00003669839507684  0.00003849997995889  0.00004012283238641  0.00004195576165779
  0.00004396988147688  0.00004534540416542  0.00004644455153730  0.00004741711633278
  0.00004833809897372  0.00004978210151079  0.00008044478935186  0.00008229011783196
  0.00008364465087783  0.00008469548844875  0.00008574183161519  0.00008680357451146
  0.00008788908472396  0.00008898664090366  0.00009018826061998  0.00009177518174937
  0.00009387997564648  0.00009619187294966  0.00009943103460154  0.00010236356126473
  0.00010549693803376  0.00010807296412418  0.00011046434233413  0.00011341200101023
  0.00011723117074841  0.00012251523307992  0.00012951836491008  0.00013883464521083
  0.00014940468938843  0.00016476637806384  0.00018471256694822  0.00021064612868685
  0.00026593495108011  0.00067213214483641  0.96493606327649584  1.00000000000000000
  0.00004867038036377  0.00014659129255965  0.00015158518609854  0.00015381236242940
  0.00015440787888105  0.00015486868278168  0.00015516995537216  0.00015542658546254
  0.00015564951738483  0.00015581045786167  0.00015588513975353  0.00015593725157872
  0.00015598080140038  0.00015601771204548  0.00015605014025367  0.00015607849632109
  0.00015609924097306  0.00015611358246126  0.00015612792394945  0.00015614226543765
  0.00015615694828553  0.00015617177382294  0.00015618659936035  0.00015620142489776
  0.00015621742417471  0.00015623343216304  0.00015624944015136  0.00015627101810385
  0.00015629707503630  0.00015632139856608  0.00015634353328751  0.00015636566800894
  0.00015638726202437  0.00015640882436098  0.00015643360291687  0.00015646399499744
  0.00015650090563511  0.00015654438720944  0.00015659313181603  0.00015671763542616
  0.00015688346496958  0.00015709966639689  0.00015737410022595  0.00015775609634882
  0.00015880649991147  0.00016152067953142  0.00016704152421907  0.00019220688318555
  0.00024140136325637  0.00030084016182805  0.00037446665217927  0.00045185385487093
  0.00055219904955487  0.00065238976148422  0.00075225872515513  0.00083938719871319
  0.00093475061567986  0.00105453300470394  0.00128315020205328  0.00156041834510605
  0.00179792884278736  0.00198239596504820  0.00236875515658648  0.00316956029392970
  0.00426187608394099  0.00529382811061616  0.00583939693877631  0.00647114545169254
  0.00772168073551818  0.00997310900296103  0.01239061455155967  0.01526873399128758
  0.01941491481236551  0.02587052201217310  0.03259666401123269  0.03847590308685041
  0.04680935134731070  0.05591733593922797  0.07166735703816940  0.10838839723364474
  0.16196666592059236  0.24529346784117462  0.32510192393184933  0.40089045635776160
  0.44249880418700299  0.46394962234499731  0.48812643397979905  0.51977773777218561
  0.54787843298684169  0.57319569818885496  0.60206371572352968  0.66490744059054319
  0.76711968752721849  0.84637118075232287  0.92583805229653249  1.00000000000000000
 -0.00237272579893051  0.00353278634027671  0.00987835940155624  0.01776877488268310
  0.02621811819816925  0.03614934330075058  0.04879179186849859  0.05993136459511499
  0.07053653472799089  0.07958149981182200  0.08723666124036404  0.09306447257015034
  0.09886914477933538  0.10447052275309340  0.10954459502605753  0.11492019860813797
  0.11938938742096453  0.12491931289170222  0.13498412069853352  0.14855311899585191
  0.16434261453282739  0.17757547286718622  0.18954962027914576  0.20202979047617170
  0.21812896971653040  0.23933426197052318  0.25600876692572777  0.27187532666025482
  0.28878977722936622  0.30366824298172157  0.31607361289389380  0.32449093750102431
  0.33349574764269391  0.34540182423063454  0.35270054948737989  0.35801426950207610
  0.36273047709122835  0.36894084941140165  0.37746278129254363  0.39340371128679325
  0.40596273628154161  0.42826625367611271  0.45160762871651267  0.47085849888177245
  0.48648761069419982  0.50134852312881129  0.51601299273122081  0.52873818850623278
  0.53922538793871044  0.55025427254798198  0.56432757559400237  0.57855441774309191
  0.59418589677480982  0.60825692273409215  0.61746797084785332  0.62518729196930212
  0.63197728345851878  0.63971185335128400  0.65212336694993589  0.66253592473324996
  0.66998944718815456  0.67820702794197185  0.68860731898613015  0.70039205972955165
  0.71331842126645095  0.72602916566336029  0.73753852403909803  0.74783106892711193
  0.75705753013425536  0.76804184688654897  0.77949191929664197  0.78866109447639177
  0.79652613326288679  0.80489217719377038  0.81401516067433355  0.82443694744811147
  0.83756387174145464  0.85317160506554734  0.87055041560316215  0.88568759991044566
  0.89773180837851929  0.90885306672187405  0.91822103934363686  0.92433414292333049
  0.92982008295314222  0.93752872860575698  0.94251286066598128  0.94643191772081181
  0.95042294055260779  0.95726248164105132  0.96589397439789482  0.97389396006109674
  0.98190544204016739  0.98763509340957745  0.99371701326133821  1.00000000000000000
 -0.00518855134636982  0.01905111846405502  0.03891782322049860  0.05525992727635416
  0.07029811904051453  0.08537034930762130  0.10145724916940611  0.11902981627569741
  0.13774030398907400  0.15509777877978603  0.16867371328260969  0.17756237604619982
  0.18586136720926211  0.19274032287826462  0.19744943610140661  0.20378817623590337
  0.21224643025925841  0.22299491216596751  0.22931295373167010  0.23428750790411049
  0.23990034684218978  0.24979636700917476  0.26608982308915347  0.27948619024199389
  0.29134578331550226  0.30341134448202811  0.31667126591168604  0.33004748244374171
  0.34290811643311853  0.35466874603838289  0.36659696659943847  0.38162937186468021
  0.39021671097958438  0.39718974862124334  0.40566008284640676  0.41488267759001102
  0.42303449677304222  0.43050366901520343  0.43859807972623605  0.44715995673444231
  0.45395561793730443  0.46030309954510873  0.46955947054033415  0.47709410194421731
  0.48175948337759755  0.48705687743163406  0.49541516103752820  0.50284715698647031
  0.50976741826174243  0.52028555388110054  0.53455834536643299  0.55097916098426336
  0.56558279074025009  0.58031021073457956  0.59455165649699504  0.60692507290136966
  0.61894529433557588  0.63227034696405293  0.64507508302037819  0.65619190782325532
  0.66761912885718699  0.67960312617745855  0.69043320876897862  0.69845761547253560
  0.70259921000375936  0.71006007814516048  0.71880294479457429  0.72698905638203914
  0.73171903313285835  0.73905995478185937  0.74529873300043636  0.75296461440637008
  0.76216434178046144  0.77127722311606484  0.77864592756483431  0.78620142915514424
  0.79129897886042144  0.79938130973240407  0.81388549039431635  0.82850141636706398
  0.84329150294068911  0.85714271325389157  0.86949729536594988  0.88117617602112408
  0.89280231308921176  0.90385745999807920  0.91203741333364008  0.91926370295878501
  0.92723275648863557  0.93436472198544762  0.94227206894738691  0.94983013167999586
  0.96146557820640399  0.97578973255931989  0.98681007097231477  1.00000000000000000
 -0.00600898109977267  0.02604321919582989  0.03453333285293576  0.03980129766036911
  0.04668171934442757  0.05437951165873686  0.07405547586944639  0.10389611916823298
  0.12932562813535683  0.14910613075719303  0.16261059364486438  0.17409288999830685
  0.18460594011589684  0.19502131614459800  0.20690902976164657  0.21341120548691786
  0.21825828481144360  0.22299418542145577  0.22836191765353828  0.23374993704037983
  0.23854416667612161  0.24926527095303658  0.26773921560978142  0.28994307601331737
  0.31148029856533238  0.32973565850561387  0.34931388526074802  0.37076014665739998
  0.39653026099735478  0.42440060016875819  0.44858211209505022  0.46921657267959949
  0.48883780535050231  0.50254290750946673  0.51416586277693643  0.52528831965108813
  0.53484706234757473  0.54223495022920887  0.54963776367315686  0.56313200325712853
  0.57811346043566325  0.59054814987155479  0.60037376789612151  0.61257644947349454
  0.62415099436769894  0.63663041154751965  0.65040109835115978  0.66460127903918120
  0.67795142800995511  0.68969011063995156  0.69972275550361662  0.70890551522500911
  0.71842566331922797  0.72860103776362006  0.73891384704996244  0.74416247034406635
  0.74897026195690342  0.75324768669598863  0.76031628338817459  0.76776647987134483
  0.77896987181950916  0.79016365392455390  0.80179180843942943  0.81380447844318904
  0.82656262860878005  0.83854924078995929  0.85049378430523326  0.86196952396046167
  0.87027433458485237  0.87704805612411407  0.88278569411328223  0.88981230629671382
  0.89880798191706635  0.90705559117365198  0.91449253055034729  0.92110497065579855
  0.92695212956637651  0.93337907959991295  0.94040189555226128  0.94713185508103981
  0.95317251274123560  0.95841806313472588  0.96349116225893194  0.96734899689158393
  0.97021614499685427  0.97363885699954467  0.97718529199234716  0.98076708248083821
  0.98493823823062898  0.98954756465799565  0.99256699502851664  0.99499654753830369
  0.99664888810661900  0.99793410479189071  0.99901195098782281  1.00000000000000000
 -0.00649859850453028  0.02128356014278988  0.03543088465489907  0.04822959534066326
  0.05688826706619207  0.06370038674071174  0.07018783102653997  0.07791003648152188
  0.08847773158576772  0.10036804970990912  0.11186396079955925  0.12175797862563519
  0.13143840067096743  0.13743765715823716  0.14280375576863391  0.14771010490529785
  0.15570162897700651  0.16592917170393143  0.18015381505637740  0.19825967668381467
  0.21655937650819032  0.23538303296942348  0.25551742177713549  0.26774837862348105
  0.27697146495649066  0.28202723251877237  0.28492037892855343  0.28658884043324817
  0.28863446415011590  0.29105512681593171  0.29378478416407400  0.29824952731881366
  0.30577112459780986  0.31934789858531193  0.34254829480880700  0.36418722543300774
  0.37948929366023071  0.39340761116046824  0.40658317430720442  0.42082056576458832
  0.43390910467660865  0.44517331221396755  0.45570448985067524  0.46676418869310055
  0.48002693707004773  0.49533355602349666  0.50673894505523132  0.51204118293306733
  0.51659017623598458  0.52177961585972699  0.52718148217256067  0.53469218272639341
  0.54434881018884573  0.55556533073189418  0.56457305157253368  0.57260307880834460
  0.58172735710347911  0.59335806271417024  0.60721909240890526  0.62204296237099121
  0.64015409314792859  0.65683069139050232  0.67058930246389781  0.68352405279529116
  0.69573550358967196  0.70603125610242634  0.71175738313576109  0.71569594628457633
  0.72177617503110514  0.72667775374052290  0.73234386888918090  0.73921059609112194
  0.74583960042096720  0.75385390949086428  0.76122689823169021  0.76819955578620791
  0.77858199961754826  0.79143163990275378  0.80734204828890221  0.82397052275192917
  0.83948644180269305  0.85579250145431562  0.87338580421071954  0.89331530245146507
  0.91251799876956596  0.92574598667423846  0.93498623816270321  0.94461205227276057
  0.95174955522079197  0.95568147074725729  0.95950103528885189  0.96326173710578888
  0.96689861500865515  0.97201243268421988  0.97841228262929802  1.00000000000000000
 -0.00001278861264843 -0.00000388302986945  0.00000502255290953  0.00002500174006519
  0.00005498429791999  0.00010768007768601  0.00019727138343066  0.00030552005907646
  0.00045823534659350  0.00064778605526220  0.00086643843978920  0.00115260880069251
  0.00153542561611687  0.00200283428199929  0.00251040324727251  0.00299467573639245
  0.00352866105808680  0.00422100326509571  0.00513623381113040  0.00621279913954066
  0.00738461360310075  0.00875329012172329  0.01036788376688103  0.01228829878168449
  0.01497309486057105  0.01774871066677871  0.02123314888452855  0.02609723235986890
  0.03039900347795277  0.03442982128948645  0.04017329845515863  0.05133961607936315
  0.06692248833098134  0.08262505105356339  0.09392696832112546  0.10597742280993264
  0.12689592934864430  0.16366453564035022  0.21531649891752863  0.24341355578852911
  0.25859845402791121  0.28732132369418595  0.30852278509191466  0.33736642459844235
  0.36516582427187483  0.38783194847226121  0.41051902479282570  0.46341301292400017
  0.49376530027632437  0.51559741995460906  0.53222029516482205  0.55793220309548885
  0.59861643614158422  0.63669459848451415  0.67559669483557494  0.70976216576990758
  0.73889189530969068  0.77218385382435817  0.80784010227643921  0.83131968901438502
  0.85524882329924612  0.88261655619992962  0.90511186325948390  0.92605045271191555
  0.94622679968075063  0.96111459926776865  0.97144844374876738  0.97752240931246326
  0.97996801629191732  0.98114895600440988  0.98232962652103650  0.98381024963213748
  0.98530652540227504  0.98679072287406133  0.98795032046493581  0.98892794326560618
  0.98993460734350924  0.99142825445142480  0.99277549301130252  0.99388390831286055
  0.99476336502152485  0.99533003428665479  0.99595336099225951  0.99668059132448095
  0.99746120529598692  0.99809590694915018  0.99855530491166189  0.99884117943358020
  0.99908048702776564  0.99929067132884986  0.99946778500434774  0.99961049884024489
  0.99972714419207276  0.99982374645709937  0.99991332439104197  1.00000000000000000
 -0.00685502375860341  0.02308422215602196  0.04478500791692901  0.06243285774568354
  0.07763960062709013  0.09281835024428850  0.10798650032817865  0.12285546223885321
  0.13908332277025681  0.15796730827386038  0.16847873920047385  0.17878604705072954
  0.18715923544100671  0.19471617692725868  0.19998010990319384  0.20661359205127666
  0.21983716506214601  0.23038101048074108  0.23499259304302175  0.23848604989978975
  0.24138473831696070  0.24470187780617067  0.25066277456206493  0.26124505987480628
  0.27478490999111982  0.28769906004703572  0.29848912344381734  0.30515921887951952
  0.31049729308720248  0.31558830251065345  0.32008292988828307  0.32516772757169793
  0.33319231215154477  0.34983759810844428  0.36807966949380277  0.38015753727824075
  0.38847453428203488  0.39534160352077230  0.40252612696100082  0.41065042443743510
  0.42116670942356010  0.43240971963387531  0.44745779004793379  0.46371199439558758
  0.48352028585939960  0.50204278970475880  0.51798864873854611  0.53284825043984085
  0.54787601544990394  0.55990895046477995  0.57090379691550941  0.58104260806177122
  0.58923722199447126  0.59819650439697947  0.60903758305026523  0.62145852430154447
  0.63560270251666318  0.64793569385339200  0.65651520884973968  0.66448488576729525
  0.67016236688956354  0.67555569552517070  0.68084468279157706  0.68524757817894955
  0.69016900835010109  0.69365313398885309  0.69778380196770928  0.70538427513916135
  0.71847302144595382  0.72971619346640992  0.73915266528576862  0.74914602266386221
  0.75976513206842011  0.77256384313623971  0.78920567661500240  0.80548746332417254
  0.81775510394097062  0.82990868421559361  0.84276273613748576  0.85658614346717732
  0.87036199145853166  0.88324200048279267  0.89613421604946719  0.90667371229738081
  0.91419950040480391  0.92050564919190392  0.92602783203506533  0.93135219424384896
  0.93567493308012206  0.93988633721345294  0.94527472361626308  0.95029393122520689
  0.95629034318661277  0.96329688841037087  0.97844652031024115  1.00000000000000000
   6.9062328419535842E-019  -1.0000000000000000     
 T T T F F F T T T F F F T T T F F F T T T F F F T T T F F F T T T F F F T T T F F F T T T F F F T T F F F F F T F F F F T T F F F F F F F F F F F T T F F F T T T F F F T T T F F F T T T F F F T T T F F F T T T F F F T T T F F F T T T F F F T T T F F F T T T F F F T T T F F F T T T F F F
