  0.00481291600332412  0.00500739881448216  0.00539367283117633  0.00598463575039215
  0.00764779870317631  0.00925980229383200  0.01082100431244957  0.01258603390527104
  0.01445125852878516  0.01650743736232075  0.01888437031849319  0.02167798138926571
  0.02499197945734064  0.02874451755696843  0.03265492923957816  0.03734168451764204
  0.04268313854199269  0.04846469286793743  0.05424504414033222  0.06020345424258800
  0.06753092957910428  0.07617777784435453  0.08569642894712129  0.09472279277028151
  0.10285364894306466  0.11048443761765217  0.11823890359769927  0.12667534158491356
  0.13489034876236550  0.14294532855742068  0.15080181674954526  0.15943600782616557
  0.16842278942123315  0.17864627954331272  0.18947912079231019  0.20084911004111275
  0.21336338057359050  0.22692543394007220  0.24020940536925248  0.25282027606740232
  0.26467258954089939  0.27449647764333596  0.28353036296187545  0.29115181868557716
  0.29828691614505526  0.30568579269945328  0.31341102558725992  0.32145264098034676
  0.32982736104299065  0.33801061807514721  0.34580557793103206  0.35457795556339111
  0.36455545907658932  0.37564638826668345  0.38755496602431722  0.39974256402669917
  0.41456885562275642  0.43201851143614722  0.44199928902888208  0.45102964895790060
  0.46027216209369171  0.47276724227753752  0.48592267399582506  0.49848761344732306
  0.51152590368717632  0.52377890149696515  0.53628925957154239  0.55187947842901675
  0.56941099035164100  0.58422793477848967  0.59455634444919914  0.60353726647693795
  0.61100153270304713  0.61871516851293162  0.62870346676949551  0.63899001482321660
  0.65007556556580626  0.66521859927832194  0.68195235478197913  0.70072462158403837
  0.71762152118765510  0.73139810108399173  0.74273516487992419  0.75371780238539987
  0.76514446112929291  0.77651976390100730  0.78755880309767134  0.79943888002907026
  0.81205868069520326  0.83255036539986149  0.85307063376180647  0.87460140908345152
  0.89796098164501614  0.92430633187098599  0.95770093321634664  1.00000000000000000
  0.00001817813320789  0.00001991830965926  0.00002080918509043  0.00002156500578951
  0.00002235012242274  0.00002310573616667  0.00002392199064226  0.00002487803403061
  0.00002561872167777  0.00002623654980492  0.00002682166033172  0.00002753097721460
  0.00002829478669944  0.00002915528963727  0.00003034238233427  0.00003148435071116
  0.00003257857028824  0.00003369403250901  0.00003494148321862  0.00003647690406601
  0.00003832995096966  0.00004060314402983  0.00004315886912457  0.00004557135637488
  0.00004777947587561  0.00004974970910188  0.00005134965533237  0.00005256282353996
  0.00005356589605845  0.00005454810325283  0.00005543341916224  0.00005629183221471
  0.00005718320909017  0.00005817304155975  0.00005897558835660  0.00005957174277747
  0.00006005946365173  0.00006048083005515  0.00006086610064550  0.00006127956063896
  0.00006174745859118  0.00006239908896407  0.00006302358947299  0.00006348249916659
  0.00006392029106127  0.00006432169269237  0.00006469354743948  0.00006498336275258
  0.00006527385982425  0.00006558354835212  0.00006592916277286  0.00006627751638408
  0.00006666098076533  0.00006706761728743  0.00006748559043010  0.00006795302852580
  0.00006848883742086  0.00006908365181526  0.00006976983325992  0.00007067446824138
  0.00007143177075966  0.00007213008383985  0.00007283110250982  0.00007356737446631
  0.00007410345344361  0.00007450281196586  0.00007476955812135  0.00007503019431899
  0.00007529365603720  0.00007555566501785  0.00007581211310419  0.00007607832231862
  0.00007635712809766  0.00007678982598974  0.00007727600663847  0.00007765314192937
  0.00007797919234599  0.00007829109923011  0.00007867793807742  0.00007922138878142
  0.00007992703548193  0.00008053548044908  0.00008101280532179  0.00008151493929435
  0.00008209708419845  0.00008286481004239  0.00008370621607148  0.00008436961347076
  0.00008490002697021  0.00008539479947624  0.00008637794760236  0.00008727584144985
  0.00008872940304893  0.00009010001947488  0.00009017212384247  1.00000000000000000
 -0.00247353115626563  0.00918983744279705  0.01936786219722506  0.02810723700493797
  0.03763654265056644  0.04729300441919841  0.05722231150942556  0.06751226101629076
  0.07699872328313734  0.08631006721611857  0.09556114695923247  0.10399561355351654
  0.11148944159258252  0.11874027952182203  0.12632072425449270  0.13346071146957519
  0.13997195126589854  0.14598794103055726  0.15192229657444292  0.15843013612537105
  0.16455296045231715  0.17110675822571350  0.17818800570038645  0.18594088401472103
  0.19461583303038485  0.20421711896077419  0.21474713310293933  0.22653922729614992
  0.23856273272356310  0.24952409187138613  0.25789740583817211  0.26436153975854793
  0.27124119718746809  0.27892297114484266  0.28678427498210940  0.29535068868402642
  0.30423331401014925  0.31328084848356258  0.32181772435569256  0.33036051443602649
  0.33963766260823564  0.34819495025423836  0.35748251373567852  0.36871481176865079
  0.37856131478827088  0.38722076802787692  0.39566393057811927  0.40418524728462779
  0.41333033314321266  0.42395664844778597  0.43672291088165988  0.45006236154431684
  0.46129747548199257  0.47072123473236327  0.48011000482673366  0.48931237203966521
  0.49827298849056345  0.50736165348060169  0.51637967335760993  0.52593153294604766
  0.53573776664645212  0.54723909436137930  0.56251840973045686  0.57676868545932403
  0.59001550677193060  0.60112079485403436  0.61112811498006114  0.62026521114323196
  0.63033654161392527  0.64231953756473337  0.65656678719247319  0.67231970367832172
  0.68723705078681829  0.70229277542088342  0.71817661997602122  0.73452335324122009
  0.75236842025130246  0.77075014590495428  0.78758050031391447  0.79815864255888380
  0.80802066706303166  0.82021218871862689  0.83070463515928183  0.83862250412817441
  0.84750133169575337  0.85975448711369018  0.87184235090191575  0.88220171238043021
  0.89515542110155699  0.90971731436239667  0.92277102655046395  0.93702008431154737
  0.95483848161329477  0.97171826658506388  0.98685649936367881  1.00000000000000000
 -0.00170736822496576  0.00570772560048776  0.01307848345690439  0.02115359468220454
  0.02850445007345219  0.03609016359353010  0.04439136050222790  0.05189716689112574
  0.05882000058313115  0.06558299878618176  0.07306503297738248  0.08086082860270409
  0.09207853588720739  0.10679520437868049  0.11868644915572282  0.13083069583583382
  0.14196355673732042  0.15290017779728535  0.16432445264048676  0.17653763616751070
  0.19022038283281781  0.20100668930393992  0.21065480267119394  0.22013980666375652
  0.23075002145222190  0.24288399034626748  0.25542082066606020  0.26713653066270698
  0.27865856054833227  0.29064078355656625  0.30255415592199364  0.31418998797511866
  0.32554974326385178  0.33776154095369099  0.35113245961048906  0.36705410029832752
  0.38247614680773512  0.39582875055391148  0.40668242106817371  0.41472317526038394
  0.42287754447039339  0.43086103794884656  0.44016726668175332  0.45103476048635860
  0.46110402782580723  0.47049059203211552  0.48005370516951434  0.48983819824728680
  0.49958529506162563  0.50928231931645207  0.51710089508467461  0.52363381638791251
  0.53075867569097179  0.53782948916289686  0.54697607627652467  0.55802187610011689
  0.56755886599843119  0.57640514823219646  0.58503920005198717  0.59355804316887462
  0.60605434685053361  0.62040836696698043  0.63579962231441023  0.64800373979001302
  0.65675596526513258  0.66568290954278297  0.67465367809953614  0.68321818456288330
  0.69129801857444406  0.69992448589684975  0.71199589824742016  0.72736563638046792
  0.73827629431286168  0.74763045376865178  0.75641496889855708  0.76652391757837124
  0.77805302914620433  0.78958168709711829  0.80016879170111010  0.81006354725480612
  0.82066826853479824  0.83257791795787905  0.84454580177423832  0.85634563171325573
  0.86834137145179635  0.87983224552581585  0.89309305777382364  0.90577497758594150
  0.91755119539082508  0.92889991014658979  0.94162640270542342  0.95400546552036125
  0.96498807995146496  0.97568008719779831  0.98605263535996168  1.00000000000000000
 -0.00114431759265834  0.00322097149939171  0.00816406490375697  0.01313413860943972
  0.01819170679746231  0.02516999428999397  0.03112119807260436  0.03696208559539682
  0.04281840056571722  0.04891700294457033  0.05538980755121475  0.06355189114290083
  0.07243932075486241  0.08161812045746339  0.09007693958678482  0.09794734052136618
  0.10585616442139982  0.11421685397954102  0.12268820860332705  0.13114128177886650
  0.13967757560383992  0.14869356578106352  0.15716757608876605  0.16493224421972641
  0.17175786049434516  0.17862753200487522  0.18511075839584676  0.19425310599507081
  0.20417646589419330  0.21480507789952422  0.22588955964491830  0.23669020906900054
  0.24658041712506418  0.25561230667417728  0.26484421266962610  0.27498137714488569
  0.28658513366776334  0.29888161816939685  0.30882356724181254  0.31882834231756596
  0.32875819785719324  0.33850712301024161  0.34978862582287518  0.36203637229144259
  0.37476328791473162  0.38748437384186363  0.39960671995738045  0.40998101688124672
  0.41909767837544309  0.42787455596191976  0.43730280891247553  0.44817325171207451
  0.45832427946059984  0.46844724210490796  0.47994438348491858  0.49123100986660423
  0.50224007838429297  0.51321916654446986  0.52518157574125424  0.53731354603256765
  0.54913195827112926  0.56108481124653742  0.57402435993031575  0.58571937236117400
  0.59382918435942411  0.60197410273743213  0.61071803284792414  0.62152761848790139
  0.63274368958506388  0.64143923191003227  0.65226662387742240  0.66818809744963814
  0.68351369549578556  0.69915645431494899  0.71494710603912415  0.73112302877153901
  0.74964165881770062  0.76789083396122837  0.78508002188438430  0.79817454078688510
  0.81011097386523412  0.82083769765824721  0.83188356795460483  0.84333271584870240
  0.85644206627504083  0.86892850216319217  0.88110784590103364  0.89479874518120250
  0.91027516927576391  0.92564599183769958  0.93909001761657052  0.95045129300301756
  0.96156290846642090  0.97393233706989646  0.98647380566512732  1.00000000000000000
 -0.00368145165497461  0.01494686600896175  0.02697626555488079  0.03659376786039160
  0.04593582853351896  0.05642336840532561  0.06667447126999780  0.07613304260142270
  0.08543021310350962  0.09538432467229652  0.10559907592942298  0.11657505849507616
  0.12780765527268306  0.13861170203352322  0.14853794432047682  0.15839105838738679
  0.17033822678624028  0.18309159870835690  0.19384622928446191  0.20248010824715490
  0.21009670446269693  0.21774991473044356  0.22710351783161151  0.23778922040129383
  0.24999752708035311  0.26430039526279497  0.27801391213459159  0.29079780731146765
  0.30444653176695247  0.31840906266383068  0.33252686745419457  0.34454056187509313
  0.35541842492303732  0.36626407172789133  0.37862415319746867  0.39067231011171644
  0.40065981592087574  0.41004046617343437  0.41961905988765430  0.43085665887947378
  0.44167359708631160  0.45223660297098295  0.46274989414471485  0.47360747784323370
  0.48562866508628350  0.49715275054156682  0.50812422322673267  0.51990350085614967
  0.52943632991595435  0.53754182442033371  0.54550859158005960  0.55302088204035182
  0.56158172083868407  0.56965875181181747  0.57818898207490277  0.58920611915934284
  0.60358202115905291  0.61822989646772308  0.63226841366016173  0.64534566404875682
  0.65820135587533368  0.67003280142616450  0.68121770980618768  0.69224181681217090
  0.70333881461674164  0.71298302625806675  0.72205417728264143  0.73225876833495096
  0.74102203987502158  0.75110110005257691  0.76105589011812402  0.77005702288240963
  0.77813524278724377  0.78576908714914051  0.79500222349558303  0.80422141135609582
  0.81407306963562076  0.82452919105709188  0.83533709297292924  0.84506150879549491
  0.85333064337231457  0.85918132081921528  0.86531502394530868  0.87182477428859217
  0.87899868130645276  0.88651955293145412  0.89692260043762162  0.90994921668457540
  0.92194002039325473  0.93232063296459877  0.94237224256536090  0.95289764532445820
  0.96395751212444913  0.97536691058494585  0.98734010269470818  1.00000000000000000
 -0.00244839955372756  0.01099239773168096  0.02153958799237895  0.03113283577934890
  0.04021034505877096  0.04838841351553440  0.05744762404334083  0.06530819362940685
  0.07258779895361230  0.07924518897809579  0.08582565621372526  0.09294300523244541
  0.10096210941721878  0.11107036037204741  0.12104992837397352  0.13038673793223077
  0.13911210725528472  0.14796805884690037  0.15568144865250244  0.16577271804502361
  0.17487203492246536  0.18374159062798093  0.19286315585011560  0.20106180905197385
  0.20992952783474420  0.22027461374002399  0.23053930053446475  0.24019888683212379
  0.24948848152115069  0.25947292475368428  0.26818935510418168  0.27459975178951956
  0.28006948372669527  0.28541822225451824  0.29110073922105556  0.29958302321143426
  0.30925476192070789  0.31856366237477585  0.32722558087027076  0.33548745356938808
  0.34496733173147059  0.35297969221720410  0.36116260663655392  0.36851849223525951
  0.37611250487548248  0.38387232282468969  0.39207775232820719  0.40023299981028354
  0.40681893201473696  0.41292114916842021  0.41950005112345662  0.42673456239185453
  0.43666518614117639  0.44645449865197190  0.45771094355765662  0.46827487276544894
  0.47955535293202739  0.49107557203446484  0.50380470615751893  0.51461653181730893
  0.52605559286449344  0.53783110195803174  0.54815792563990529  0.55729206845647639
  0.56639299161782031  0.57666635990096837  0.58740988009474249  0.59601902533217965
  0.60357733412802472  0.61315827585931681  0.62474293539654535  0.63527021738490919
  0.64673435208538632  0.65956143476393470  0.67159326686060394  0.68299806370681537
  0.69409520212623121  0.70742764270915837  0.72337803368145925  0.73953953358606495
  0.75580768196398229  0.77164672288404657  0.78801572545587395  0.80379870399771969
  0.81926747243937537  0.83614416319506457  0.85463948353841956  0.87297265648697342
  0.88823929007946534  0.90319580569270930  0.91998806811683576  0.93550705830320813
  0.94954828925454204  0.96269694841267817  0.97897171805295979  1.00000000000000000
 -0.00200900554832522  0.01206656607998776  0.02580750263605965  0.03698089476858613
  0.04717858910767050  0.05855952771199700  0.06936031170836730  0.08045634436067083
  0.09224583780302388  0.10485670964366894  0.11780384813544952  0.12901512488752920
  0.13714731327055019  0.14474947773495581  0.15259301913799075  0.16281023879940199
  0.17163917147523736  0.17939774403881478  0.18634525995635301  0.19380221998020483
  0.20583728284407174  0.21816688121521088  0.23049323778405270  0.24262989739342464
  0.25391325241876450  0.26350509221574953  0.27242021439606962  0.28196740046755475
  0.29363469076715393  0.30430434231568487  0.31395911958910150  0.32368495620897453
  0.33395413935900875  0.34432802810346330  0.35575612799719913  0.36763905619405340
  0.37901561866527778  0.38937466330521253  0.39871495005389873  0.40744052834524741
  0.41654464767311344  0.42619139488197827  0.43751701339818366  0.44950245615726148
  0.46233408234339635  0.47552755964330695  0.49084272941342971  0.50709180433833279
  0.52035447255723632  0.53265146326054824  0.54553800215289372  0.55765966422555024
  0.57020613090803951  0.58321046344725247  0.59471433198750423  0.60392495577314842
  0.61209948283119042  0.61995859277474563  0.62903460702786118  0.63952073123961939
  0.65283915100864709  0.66708305843890214  0.67845967986442524  0.68908437536527833
  0.69860832963976605  0.70796254183873397  0.71734137420973909  0.72700306371348933
  0.73757235673043997  0.74909650334141531  0.76123793730147749  0.77179375969493247
  0.78078651792487030  0.78939654358762990  0.79748719786036470  0.80552984138408035
  0.81672888059398685  0.82717711809185590  0.83847483419253688  0.84830213832689672
  0.85842298383619753  0.86994738374996583  0.87982970663202964  0.88919913141037032
  0.89705518722451416  0.90373825455101042  0.91025798271029656  0.91703733979876301
  0.92315131658152405  0.92948270017153178  0.93664772266901775  0.94624731253143435
  0.95783262138519887  0.97032055433206632  0.98531708621011138  1.00000000000000000
 -0.00595679299498192  0.07932034856767185  0.11751553713180617  0.14727611670352750
  0.17333586093550812  0.19336884591678150  0.21353883168194668  0.23559965878437719
  0.25786591544709542  0.27709983808144895  0.29412047858840368  0.31188358401468946
  0.32984612222344872  0.34946088249198731  0.36893405019797326  0.38696783990297406
  0.40382830031578953  0.42030770087568209  0.43784163264992154  0.45495499840603137
  0.46955297327762185  0.48578972198806342  0.50517850025095856  0.52480503803573897
  0.54176356567645267  0.55758841562403416  0.57037692584557054  0.58366003613196338
  0.59872417473549921  0.61415874972127094  0.62731679917700767  0.64184871188086645
  0.65825598040381839  0.67471621010421257  0.68905736606010315  0.70314010957485829
  0.71824383652454937  0.73508214272190131  0.75322851886334585  0.77044499881504958
  0.78646314405009476  0.80162622776831760  0.81690758015760701  0.83175280949049679
  0.84552020588050214  0.85624398224777643  0.86605207237950255  0.87583665797912769
  0.88644776743669196  0.89692868118196978  0.90595637585520472  0.91409111055312831
  0.92066598784778519  0.92649460045807708  0.93217400654817006  0.93737925412045264
  0.94205290391035035  0.94652268031922848  0.95087410048303533  0.95497016061290974
  0.95861027838986723  0.96125369244048831  0.96363754304626403  0.96586784803275383
  0.96786262017315905  0.96981259964455491  0.97158699832397522  0.97311431139533122
  0.97458253062027944  0.97596537147314966  0.97728420580736397  0.97851706289727425
  0.97958252544956181  0.98047841641196976  0.98133895285840012  0.98217697114517544
  0.98299824383875278  0.98377109217159275  0.98452662864591756  0.98523935735259760
  0.98588991063021580  0.98647963460343313  0.98703887783262967  0.98757118942751032
  0.98805483946939321  0.98852473561920118  0.98897700486113727  0.98936454186567779
  0.98973416237007172  0.99006568271243112  0.99039243969696933  0.99070670677387374
  0.99099703758688917  0.99111204199897951  0.99122046350403115  1.00000000000000000
 -0.00966935913809962  0.04740391236661783  0.06713557920105903  0.08159657761827231
  0.09072319604871792  0.09940150587463298  0.10639604854424102  0.11266601114919005
  0.11992714925342864  0.12776471441167031  0.13518519489197686  0.14123600572884418
  0.14719322538739996  0.15285377865455149  0.15806914140286973  0.16355807000617725
  0.16938758215610647  0.17685431497228762  0.18400266899246281  0.19055238894886192
  0.19458668880835259  0.19842588446934961  0.20221106658051302  0.20618145995035450
  0.21058938983884495  0.21466812197031268  0.21926302490370689  0.22436656550864334
  0.23010963705556625  0.23592078571766328  0.24099181902092828  0.24597171333440798
  0.25179830824544908  0.25865368957755508  0.26523799133943737  0.27207329035362549
  0.27975596801438385  0.28971516423243959  0.29838392133322067  0.30660567666932947
  0.31362063031299986  0.32123693356991712  0.32882071477646402  0.33542659784405959
  0.34103219719387906  0.34640651692117153  0.35214484269471463  0.35886706734950424
  0.36390776286110871  0.36907715146437281  0.37485278592753057  0.38087160104071044
  0.38802671711073644  0.39509631937812018  0.40178060483667649  0.40867790763377726
  0.41562742189785024  0.42355414883531467  0.43167528727442644  0.43997170264947960
  0.44864465391763447  0.45682288540352484  0.46463066712046519  0.47197698898569185
  0.47912295009250644  0.48665492633520741  0.49508453902774563  0.50400227554690125
  0.51276618719908196  0.52067596462981169  0.52819861020741787  0.53662938458797815
  0.54752483701598442  0.55664712461314680  0.56581774311801758  0.57568073514526141
  0.58528484538327208  0.59522923604521238  0.60468651229305548  0.61235902452888835
  0.62111037314754025  0.63158764336762208  0.64387184277908671  0.65664045313200869
  0.66684828051383971  0.67691015532092080  0.68864800479950250  0.70351683403936849
  0.72161577371492913  0.74019976495792872  0.75934040629182886  0.77892143346915632
  0.79935055545276346  0.82545709520254151  0.86889612728797094  1.00000000000000000
   1.6967490812321248E-012  -1.0000000000000000     
 T F F F F F F F T F F F F F F F F F F F F F F F F F F F F F F F F F F F F F F F F F F F F F F F T F F F F F F F T F F F F F F F
