  0.00591151166999678  0.01618662106962392  0.02701603590519418  0.03811634638308679
  0.04916839785369968  0.06010455926531754  0.07087361057312182  0.08148416676095979
  0.09189125617704559  0.10215216578648405  0.11223510913806005  0.12221204164560981
  0.13203141365932924  0.14173897971029722  0.15129120774932353  0.16073816263261972
  0.17004504054131797  0.17923861326855819  0.18835032118380468  0.19737952496175182
  0.20634896724800139  0.21523282137189534  0.22403903262131999  0.23283112336837042
  0.24152068952335398  0.25013552885339763  0.25876423695045064  0.26731036122910878
  0.27573888103940991  0.28421979090230376  0.29267039897597014  0.30101154448366846
  0.30936056067950046  0.31774539066676172  0.32609161528329195  0.33437206348641002
  0.34262213502192018  0.35089529095674105  0.35917128647912672  0.36738692755352848
  0.37553226458464961  0.38370326027343965  0.39195146301387063  0.40015800397168688
  0.40833533580157744  0.41648089406920491  0.42466603220200227  0.43294175767280951
  0.44124894536976600  0.44949452764920278  0.45772005511244829  0.46588652253815099
  0.47413515838312342  0.48251993728945941  0.49091223370045134  0.49929517850183958
  0.50767001521892974  0.51604390419016555  0.52445915236562302  0.53300477437788008
  0.54169518171414133  0.55037624873324698  0.55905616607875053  0.56775816582045313
  0.57644939975702825  0.58522073150708509  0.59427093020881860  0.60345938563427926
  0.61262489391281172  0.62186084043846335  0.63112231751613435  0.64043818215182668
  0.64988290608410892  0.65957923702530163  0.66965758880439719  0.67979108783852815
  0.68999712278918723  0.70031359693040085  0.71064780017289420  0.72126030564218135
  0.73239105651363212  0.74394911126485852  0.75579151648100229  0.76783440310759021
  0.78004929477016216  0.79254690367775060  0.80561100191144996  0.81985592451689426
  0.83550598448041857  0.85164906933062368  0.86845784643041535  0.88632752814596183
  0.90708934438083244  0.93204586015259072  0.96270041746293222  1.00000000000000000
 -0.00227654036038727  0.00890821424376825  0.01876279626870241  0.02913511588226703
  0.03950845247927594  0.04980210623061338  0.06014129331325309  0.07064558903769470
  0.08140018299453711  0.09225404187489740  0.10295934670578041  0.11359867044706815
  0.12418906110963233  0.13444293085862860  0.14464185855128436  0.15471646921211754
  0.16517782285403421  0.17572291861255399  0.18632055956504323  0.19675987993631278
  0.20721543612633625  0.21770608419992246  0.22811451467776184  0.23839093660347926
  0.24874216507340291  0.25933721053840958  0.27014202222756351  0.28105894437480639
  0.29191422945768991  0.30257804796767779  0.31306006287928839  0.32371095902906261
  0.33437987421822468  0.34511599704903279  0.35577750965056804  0.36635175107854995
  0.37677979730919248  0.38708299439251864  0.39743515688613795  0.40780022354245454
  0.41787653510864797  0.42828558246606324  0.43865915077386208  0.44946394505123227
  0.46031124079669417  0.47113916541723666  0.48190629740034951  0.49258345118064922
  0.50323381862119365  0.51386971115552493  0.52470030294416803  0.53573017183951244
  0.54658824883489854  0.55760149475598275  0.56866446690417616  0.57981208795552241
  0.59063303250574140  0.60149180644336298  0.61213851868720326  0.62252216707111652
  0.63268611929822438  0.64285304769660379  0.65303821285663666  0.66325366697492372
  0.67329856717525827  0.68337333185882387  0.69374886151865345  0.70424472941161009
  0.71475761946355143  0.72525905740840435  0.73567098442371637  0.74602913072537980
  0.75633450260498170  0.76657500259594036  0.77690293359488449  0.78705358244542656
  0.79762198103644166  0.80830405387595627  0.81929324936907810  0.83047597017657604
  0.84146070571817688  0.85277556002357147  0.86387510340673301  0.87498702716436871
  0.88586901048910027  0.89649555914686674  0.90699861680150851  0.91720549522457495
  0.92739525681982460  0.93754218884168528  0.94783099728292430  0.95795675630421007
  0.96833827271967254  0.97867228799492600  0.98933005109079131  1.00000000000000000
   1.7073680248584067E-017  -1.0000000000000000     
  <DiscreteSampler_grid>
  Helicity
  1 # 1 for a reference and 2 for a running grid.
  20 # Attribute 'min_bin_probing_points' of the grid.
  1 # Attribute 'grid_mode' of the grid. 1=='default',2=='initialization'
  0.0000000000000000 # Attribute 'small_contrib_threshold' of the grid.
  0.5000000000000000 # Attribute 'damping_power' of the grid.
 # binID   n_entries weight   weight_sqr   abs_weight
    3   22   3.069682743423994E-020   1.299996671760367E-038   3.069682743423994E-020
    7   13935   7.612832762728491E-017   3.273809238989780E-032   7.612832762728491E-017
    11   52   2.205097903803073E-019   1.768374591570350E-037   2.205097903803073E-019
    15   20   5.616389336253858E-024   9.774253039476897E-047   5.616389336253858E-024
    19   31   1.108765875557004E-019   2.692681824449868E-038   1.108765875557004E-019
    23   20   1.181450199000885E-021   3.276629704906369E-042   1.181450199000885E-021
    27   20   3.845809929197735E-027   2.197714343624815E-053   3.845809929197735E-027
    31   20   1.801402615538198E-024   1.009629379194402E-047   1.801402615538198E-024
    35   20   3.819021459603502E-027   2.165957532414302E-053   3.819021459603502E-027
  </DiscreteSampler_grid>
