  0.02354274094553221  0.03434449357601750  0.04482247825196821  0.05589932580692689
  0.06799552763200210  0.08455772757023201  0.10248619536228880  0.11863423151787841
  0.13416352170417337  0.14778020476740369  0.16313763219115016  0.17874513819897642
  0.19401434085272370  0.20701404131247331  0.21554028565663627  0.22260866809369909
  0.23031403776895182  0.23814573266784569  0.24727537287329782  0.25672389056715905
  0.26523108395406625  0.27412320064258722  0.28331441536255692  0.29565588341445825
  0.30689407283215620  0.31681917101558288  0.32752244846345924  0.33926074904156411
  0.35113566328632212  0.36316913820382274  0.37575787425180457  0.38930518648644602
  0.40328812882824344  0.41495241737914756  0.42417884424573232  0.43261419355451558
  0.44054321857669088  0.44856532239895153  0.45683696055318018  0.47156612011356219
  0.48081624630702319  0.48816309938265556  0.49596094294239840  0.50410815813690790
  0.51233797572865147  0.52160326778316746  0.53273728487128424  0.54477473045889790
  0.55553010538223546  0.56434774036895086  0.57325199552660555  0.58408441084587037
  0.59335141911740852  0.60277011831872096  0.61254191667899049  0.62434801985166910
  0.63682552376511614  0.64996410217438905  0.66072901783890359  0.66833916110809810
  0.67451792724999560  0.68097722910707714  0.68885442704754951  0.69709679591442786
  0.70621496757738211  0.71437221678768137  0.72150123496506746  0.72829558535810002
  0.73745232513292203  0.74708343808841393  0.75379496853732997  0.76027778469020268
  0.76672974841214514  0.77279765068450323  0.77866742672792333  0.78675108468922983
  0.79697768500414135  0.80588646009891252  0.81512491586356084  0.82223628370006330
  0.82949997850348334  0.83724387553637714  0.84475379369540848  0.85430778543197428
  0.86588745090612418  0.87825120034113280  0.88821790052321070  0.89838529764932007
  0.90749361132997775  0.91671480841614716  0.92690454279503942  0.93790861183519081
  0.95062584371888181  0.96270217009200587  0.97175138158645291  1.00000000000000000
  0.00023174711656247  0.00035614568151771  0.00043060963737380  0.00052061034735013
  0.00060695271484852  0.00067387357923260  0.00074412224795612  0.00084744374456638
  0.00099368345875228  0.00117082762248923  0.00136645635351338  0.00156602003460705
  0.00186811981274379  0.00231501196047322  0.00286037555390254  0.00343244047174893
  0.00394740697886038  0.00453835156648943  0.00522898575199583  0.00660755022580361
  0.00827093700541338  0.01021276863121013  0.01325802067600636  0.01669888827143824
  0.02080521673488204  0.02477612377445131  0.02836406521210197  0.03237334108069220
  0.03666996751282314  0.04043718051706982  0.04397181176337964  0.04730008250683393
  0.05064360416334295  0.05545125061237525  0.06124573659538361  0.07280396422420515
  0.08310087368418503  0.09485572454055186  0.11066332797441786  0.12342849883209615
  0.13594133234513139  0.14843755957529886  0.15868035404139338  0.17154676777380601
  0.19012693914006040  0.22208527498835798  0.24857405327169324  0.26895470271377714
  0.27982300580186231  0.28565909644261234  0.29190461458734634  0.30018479510855844
  0.31778452637003052  0.34200729183671635  0.37767867144352202  0.41173013844856671
  0.44525324928598192  0.47966435771853394  0.51307049063606114  0.54426135595764036
  0.56661888200358845  0.58081300391424973  0.59235995391342156  0.60690754860051155
  0.62928099266328863  0.64946797858150174  0.66572728220245747  0.68017757420355518
  0.69366603979368313  0.70646191068971209  0.71879017382875277  0.73347212974273446
  0.74784553547357602  0.76315604531152170  0.77959641535416413  0.79646312488680060
  0.81528636291011847  0.83492073651817211  0.85248082266895620  0.86730979418918075
  0.88071867713302698  0.89326531899724337  0.90411295269913683  0.91367850228638003
  0.92294290597057793  0.93182405203809260  0.93976404897046684  0.94604116821497708
  0.95161512586836339  0.95733240392384500  0.96294120435768804  0.96840152409426183
  0.97387100479418187  0.97956213769503242  0.98245682217331387  1.00000000000000000
  0.00000001484809241  0.00000008323084036  0.00000031545485948  0.00000073701925376
  0.00000138157876174  0.00000241130449553  0.00000420320354437  0.00000761877113755
  0.00001414436442522  0.00002732470365894  0.00005958171345045  0.00012623464966313
  0.00023424299911159  0.00039977719129297  0.00058509202780150  0.00086450532292478
  0.00127259152588587  0.00181213504308003  0.00234674910420198  0.00301627151769420
  0.00394360424312565  0.00474425347381947  0.00561377163877158  0.00672238020539738
  0.00833020528081548  0.01025132466810187  0.01295124174004982  0.01514671820641758
  0.01736397663200963  0.02009053973335852  0.02281873876443963  0.02552891158862374
  0.02947214665671018  0.03470555169245668  0.04038864293022378  0.04712700922668746
  0.05296928427511434  0.05713994915038199  0.06236180745482989  0.06742956952264108
  0.07297177144654456  0.08005041249822391  0.08871597134290136  0.09559632739266102
  0.10185816514018459  0.11044402045999757  0.12318623684997697  0.13790794956229877
  0.15708481811536668  0.18272040828629829  0.20965455763748617  0.22736136898033724
  0.23858843250966874  0.24926508918510740  0.26104064930700271  0.27033269275811578
  0.27780000408216693  0.28654278658681775  0.29338983186745382  0.30169864052076945
  0.30953563838090165  0.31722223200008604  0.32708396854548299  0.34077266616749657
  0.35907628100130162  0.38824840587350024  0.41009713589923741  0.44153812960744904
  0.48411617520519040  0.52822561530936174  0.56563178484180510  0.60369690141053833
  0.64183846249969201  0.66599689242989812  0.69618192714062710  0.73989555158402665
  0.78477383918637733  0.81467752413514527  0.84308345517368877  0.85813414930731735
  0.87114054079065406  0.88314708308875634  0.89465343811577114  0.90433692366474216
  0.91271061699985834  0.92268178081740193  0.93366894895844843  0.94351434484618402
  0.95235812774310302  0.96034976043922071  0.96712291152596885  0.97333185347941442
  0.97951357629453517  0.98625932373422598  0.99310164278869462  1.00000000000000000
 -0.00483571651778969  0.01967653013882674  0.04385896798213543  0.07568313346469674
  0.11165785674337307  0.14713250059051258  0.18024962858064597  0.21033627084487397
  0.23762990140171886  0.26484771849637639  0.29069882974770089  0.31608962651751016
  0.33835634112395047  0.35507563655794222  0.37159106469731534  0.38572793830528562
  0.40150682069599275  0.41849823462902519  0.43581296504537209  0.45256821560004956
  0.46694992653849193  0.47968604534485271  0.49107307187323096  0.50351683693747129
  0.51562061507409462  0.52514209753775798  0.53452814823516726  0.54379918650477244
  0.55270511507412279  0.56041363916856624  0.56807994805014184  0.57703761802355769
  0.58506752683438978  0.59542318537169237  0.60691683825175791  0.61746606972512785
  0.62625648917790033  0.63474212792622542  0.64373239710011254  0.65304460128618036
  0.66238541917242943  0.67014918052581685  0.67796339173212616  0.68524456117175270
  0.69260277555174488  0.69986218313636650  0.70694061837645472  0.71400371949418562
  0.72226670267129833  0.73140914548921487  0.74117162377621348  0.75099927466256700
  0.75895360858178951  0.76637058947517367  0.77265599096835658  0.77916534493426093
  0.78650524871038940  0.79437582283276997  0.80281702975640523  0.81102684509085221
  0.81881621376111269  0.82712200270030145  0.83581568103216675  0.84304749925962741
  0.84798759818499547  0.85295818163149029  0.85854334213559869  0.86380854138092444
  0.86867470814505210  0.87338349962141859  0.87778838644202206  0.88212750769538695
  0.88660005767370509  0.89366548589214634  0.90124974380702749  0.90753862897288928
  0.91280544873078762  0.91824360477967548  0.92333932076957670  0.92837001843250433
  0.93388625312694773  0.93926009366787433  0.94507984176812543  0.94973204007576217
  0.95354269634215827  0.95758776635794463  0.96255729874343454  0.96612255580771211
  0.96942726598044071  0.97264209621677633  0.97688758640412410  0.98087221144236070
  0.98342431808532460  0.98605988266017708  0.99331516244534734  1.00000000000000000
 -0.00229886274088141  0.00994257007627164  0.02103082399613301  0.03149959183311164
  0.04385353059919278  0.05627169816974809  0.06800371501536329  0.07938330623512121
  0.09129051150905518  0.10383788179310191  0.11472916340096798  0.12345808914124690
  0.13074698551477826  0.13791867057601800  0.14562780544518253  0.15417313512448910
  0.16535425377778190  0.17587567867830800  0.18753168653309016  0.19950375140701421
  0.21145958746241864  0.22323116321113512  0.23435442847960244  0.24477155475050622
  0.25438257810773335  0.26242289739243591  0.27075283094177754  0.27933304763164202
  0.28851096050558289  0.30039883186055616  0.31160245219642929  0.32142218614036061
  0.33226224813527649  0.34261517558520854  0.35295200989180386  0.36546828786811941
  0.38027119743329379  0.39429496903535832  0.40660717133219720  0.41769628280707705
  0.42874897014714086  0.44113757972127920  0.45356198482953963  0.46540400370661567
  0.47609818039986035  0.48643328146512554  0.49698058024258646  0.50776726633241120
  0.52206932847278742  0.53738123609188937  0.55412711843574525  0.56891279121406757
  0.58242466047621089  0.59504126039605432  0.60664486065232748  0.61743303380823000
  0.62816190645601433  0.63760117268483330  0.64506921198948264  0.65283699528815908
  0.66070258160969164  0.67010213931537732  0.68068386497643396  0.68960738274921818
  0.69639627785118141  0.70090439634832902  0.70553689347666393  0.71154698724418253
  0.71955463284576116  0.72774425775498142  0.73686916946852621  0.74433895510144454
  0.75250298433333773  0.76241105935940501  0.77431061604453466  0.78710804268931567
  0.79979078056944797  0.81211749452997617  0.82443487193859433  0.83651819479378475
  0.84717916264433613  0.85695232499423324  0.86689440480086899  0.87690880345223066
  0.88681471933195533  0.89408952520722706  0.90025750101755575  0.90721516230447852
  0.91415767865961228  0.92124535925525219  0.93057476509124315  0.94249903571636584
  0.95469584737503110  0.96703176594098195  0.98202352658844205  1.00000000000000000
 -0.01966228483833286  0.10296263830533811  0.17236070548519897  0.21082141388370099
  0.25327254438420066  0.29407203353889000  0.32951238317311049  0.35967343308433525
  0.38531842328620097  0.40652703683962371  0.42682457594807899  0.45114003487597704
  0.48384374705478500  0.51523824758408832  0.54136155717927259  0.56340007565632511
  0.58434706278821391  0.60622379161823226  0.62733522829928878  0.64663071390584681
  0.66537042831853377  0.68151149573783165  0.69475660987578702  0.70710895056413414
  0.72335829363984849  0.74260014289820642  0.76124109024001496  0.77611983489052938
  0.78641461534455326  0.79463792364007912  0.80256803205629978  0.81094458221326859
  0.82324458199035644  0.83364467419625932  0.84404995579361997  0.85268662525505701
  0.86069775707724738  0.86841944903565838  0.87587711757748443  0.88317100063504839
  0.88989932102100611  0.89462374931549538  0.89909144397461638  0.90332878678530482
  0.90726082743775549  0.91478895915746028  0.92071105388413055  0.92641217579252100
  0.93192818865295723  0.93687349337355941  0.94179995513338099  0.94711884135081181
  0.95229223716594513  0.95623913536607008  0.95943956264118480  0.96253744288810650
  0.96614626032723416  0.96945055416982351  0.97195497218421489  0.97377444596018226
  0.97551668796706459  0.97721321594018073  0.97884953833439259  0.98040940769483376
  0.98183149597272323  0.98309576138868393  0.98430369678805629  0.98564149228021425
  0.98700043449872210  0.98858943241023189  0.99005962396445635  0.99134376686778913
  0.99250845502378182  0.99305997500763510  0.99344010709932573  0.99382220513481390
  0.99423143360483757  0.99468925811256170  0.99516664104898100  0.99561232831085356
  0.99604104201708477  0.99645646925109810  0.99685197513046864  0.99727768074929357
  0.99766308093329092  0.99799020263382676  0.99830171945685831  0.99861833137383160
  0.99892743755503610  0.99915871032510561  0.99933047405922615  0.99948789761602153
  0.99963815140347212  0.99977364010833125  0.99988692071350571  1.00000000000000000
 -0.00408828992499693  0.01094771380006401  0.02575633846454096  0.04060337791490184
  0.05481183943171616  0.06895907856392933  0.08357429764324636  0.09573503077538374
  0.10689092614508303  0.11742861780831151  0.12851646513286960  0.14147839851466187
  0.15569759137177469  0.17029966314989156  0.18226097494530241  0.19031746959448140
  0.19586202469631150  0.20227219121511286  0.21053992524167320  0.21918411248274686
  0.22939881923986927  0.23789279594831972  0.24545777582918399  0.25509354511099774
  0.26760379169838044  0.27850272496515316  0.28699440718972385  0.29545595218960630
  0.30472684820814139  0.31469345867714393  0.32317133480640031  0.33136187752605933
  0.33966234126580874  0.34899749258726820  0.36041608568053263  0.37242014091662151
  0.38531489484415027  0.39617427728161725  0.40690983362567795  0.41727471372526531
  0.42908642159288612  0.44111212150529872  0.45484877419895925  0.46697689445005047
  0.47920908017996705  0.49269674697221627  0.50551524328098341  0.51019209773428897
  0.51603019085667368  0.52343509898406659  0.53099101667261661  0.54079897228728413
  0.55402715361495092  0.56898403849593349  0.58363427123060474  0.59374523060863338
  0.60179447693014820  0.60957239712850886  0.61731750383190587  0.62359466410562292
  0.62948654072167554  0.63531152149086367  0.64416876355230612  0.65249635372354986
  0.66150748721765040  0.67216402715078227  0.68440327964924452  0.69605262918426858
  0.70700397945543469  0.71790267735008140  0.73146751804432086  0.74577309117228596
  0.75932261669001688  0.77144351416814994  0.78331736863854040  0.79510603813075442
  0.80503964383340421  0.81446952539961992  0.82263129431935422  0.83038921165148771
  0.83875939324633209  0.84652480825452547  0.85669511328701387  0.86766419740618306
  0.87787596922011224  0.88748258877962083  0.89808852993482968  0.90933088574332732
  0.91918467494539224  0.92928078653014246  0.93961683721398792  0.95151634478250402
  0.96411880531085359  0.97522898760252319  0.98659444949998476  1.00000000000000000
 -0.00429150425841886  0.01287933458122816  0.02639692394663955  0.03776984283273529
  0.04779580355153182  0.05705523060992303  0.06675814254875405  0.07731687674062113
  0.08831497380220797  0.09944627094561874  0.11033064843554312  0.12003386670715448
  0.12884526206588801  0.13572422301064560  0.14240769809817524  0.14815199775589147
  0.15450089123922997  0.16213725781646132  0.17102705135124202  0.18046035876705402
  0.18884575253364025  0.19729882579887309  0.20670725263921419  0.21621393867909786
  0.22252421298507924  0.22869067945198202  0.23621613465264080  0.24340614821750556
  0.24992866982402856  0.25726924591660533  0.26724863741357180  0.27748868688387279
  0.28594853907595075  0.29514756699032590  0.30495609206588509  0.31565367821596674
  0.32739202403057760  0.33900323504382901  0.35141338041133174  0.36491147459064033
  0.37793164235678706  0.38936653316921127  0.40189628111747216  0.41413818947204034
  0.42585459339843579  0.43723421095226528  0.44848199821229079  0.45888028461240188
  0.46860416916788777  0.47932143510004838  0.48928271944747920  0.49801600375859945
  0.50611906897473624  0.51339661482777843  0.52385120262658003  0.53920947155794130
  0.55476794988676570  0.56973353486748679  0.58225526928391758  0.59150078909365755
  0.60010117559629939  0.60876966729104942  0.61815946632531260  0.62797667154132475
  0.63807272413237681  0.64941876174379076  0.66124571390426978  0.66942742149256329
  0.68063368292968651  0.69116285092934771  0.70313326045410485  0.71729124364940777
  0.73263094625813319  0.74826972157305272  0.76123466166221831  0.77333688623304053
  0.78438093018972332  0.79468092693137837  0.80598155895040191  0.81930938250016205
  0.83144637013201839  0.84134672145898093  0.85007952235371720  0.86100859268255781
  0.87311008973703874  0.88451204433872266  0.89234937784788837  0.90044473806466019
  0.90937397073651005  0.91980790705870918  0.93291650592205644  0.94595989968484750
  0.95768333975485698  0.96988149963497206  0.98362927642265963  1.00000000000000000
   2.5829418436786880E-011  -1.0000000000000000     
 T T T F F F T T T F F F T T T F F F F T F F F F T T T F F F T T T F F F T T T F F F T T T F F F F T F F F F F F F F F F F F F F F F F F F F F F F T T F F F T T T F F F T T T F F F T T T F F F T T T F F F T T T F F F T T T F F F T T T F F F T T T F F F T T T F F F T T T F F F T T F F F F
