  0.00005661876584377  0.00013739409966321  0.00021305249780322  0.00027710349921812
  0.00033207430906533  0.00039752444178691  0.00049566112230305  0.00059702913987779
  0.00067870078093739  0.00074647805979038  0.00081981779808434  0.00090002114906432
  0.00095784230129661  0.00100962785534870  0.00105964461719223  0.00111562073783608
  0.00118320822015808  0.00128676038279676  0.00142163110185643  0.00160596987268312
  0.00181230632839773  0.00198108834098325  0.00215350170499931  0.00233043969189192
  0.00252953528222741  0.00275733366418343  0.00299727180955901  0.00324262430391109
  0.00342809244301427  0.00356537805621876  0.00370522550927750  0.00388117655489591
  0.00409963773940103  0.00433169587208490  0.00455512906223574  0.00478650071257140
  0.00504400221193644  0.00530597239657465  0.00557840941607577  0.00592790125063638
  0.00622338939254550  0.00650865874301730  0.00680950465891319  0.00731806272343510
  0.00776192968969619  0.00816250974507945  0.00876888165670906  0.00944256839040531
  0.01035096292870859  0.01114098408641132  0.01164513973998160  0.01190643321254273
  0.01213011879262178  0.01237618424940253  0.01274863385310413  0.01313795807270201
  0.01348544011218214  0.01378612940545042  0.01413391744711665  0.01460621647324336
  0.01514040029518180  0.01561457502067528  0.01625994745353652  0.01728793540802576
  0.01864510737181092  0.02025001684937415  0.02182557474358572  0.02379417151168902
  0.02596553292315759  0.02811234513670465  0.02969498071176926  0.03126330149406501
  0.03294898047174139  0.03489556998483608  0.03946493798179905  0.04327734746306775
  0.04579620183660135  0.04762670192230783  0.04951942956577502  0.05147504254648412
  0.05354727691896963  0.05572822548689339  0.06181542585094604  0.06998893007810748
  0.07670196881675764  0.08490386300954771  0.09501148572794238  0.10575963695823988
  0.11464405677944936  0.12414558049448789  0.13612580171153216  0.15056075738822625
  0.17806042576453274  0.23747467622125767  0.42202729754197527  1.00000000000000000
  0.00033332466236895  0.00064493856120264  0.00080596628611276  0.00093909808326851
  0.00105076055746805  0.00116884898937856  0.00125698420046343  0.00135030995386994
  0.00145421601086821  0.00154246878310451  0.00167146619165255  0.00180601534274858
  0.00193799835123737  0.00207918885062169  0.00226664390558372  0.00246113514222852
  0.00261034392015578  0.00273542884703599  0.00288245740130049  0.00302520745734479
  0.00319059621515672  0.00335814468753020  0.00358695444975986  0.00385949475050393
  0.00415919191635722  0.00442432382050739  0.00464098671006176  0.00483422177037139
  0.00507450750251092  0.00530488634168530  0.00546681212577485  0.00561802635763109
  0.00574676900918833  0.00588504100925919  0.00607631447834436  0.00633133044429365
  0.00662628285380169  0.00697360829256847  0.00733495415266643  0.00770094094085160
  0.00812777077322568  0.00860486253380300  0.00914039863508019  0.00959023247407491
  0.01004687697149173  0.01065082506102442  0.01144271733662147  0.01239078231974319
  0.01346610820890837  0.01455039487648011  0.01526672331252971  0.01584096363219910
  0.01633195292129970  0.01682656075530604  0.01718468546195306  0.01754449186037613
  0.01796259749755677  0.01860469491372800  0.01921817427218537  0.01992112279405504
  0.02073981098242027  0.02138757801247863  0.02189953133515831  0.02251099637097966
  0.02328714133721018  0.02390156174603375  0.02451234295391162  0.02526091881438092
  0.02662703850518319  0.02857540063407965  0.03079305855773441  0.03326239269330575
  0.03644093287313412  0.04043551239943463  0.04520091378457991  0.05094094986317610
  0.05722160839302105  0.06265954926489291  0.06837265720053992  0.07394266414519772
  0.07949098778328068  0.08840392005548679  0.10807311822854850  0.13023355839004375
  0.14301963628419373  0.15000058768090646  0.15757367482203979  0.16600321878200222
  0.17588885067903481  0.19819105950749394  0.22491988897289075  0.24757486545425411
  0.30689140244792745  0.35317281155765479  0.49004675317235002  1.00000000000000000
 -0.00029775629023445  0.00021846375925283  0.00081886355050165  0.00149455566638835
  0.00210012241874622  0.00254041301085614  0.00298070360296606  0.00330017151105019
  0.00361962193618775  0.00394450657177826  0.00435718279416109  0.00476985901654391
  0.00520054113196760  0.00564003410540145  0.00613060347213026  0.00671455406509464
  0.00723138275492550  0.00773575041773182  0.00824248119424936  0.00879164810487552
  0.00933878965514283  0.00986101416024550  0.01038557506003916  0.01081876884103920
  0.01118285581168756  0.01153726413917072  0.01188232237346189  0.01221950748040448
  0.01264226467659741  0.01315922590900047  0.01377449996765303  0.01445682480774210
  0.01515572468834160  0.01587673203228566  0.01684175452340304  0.01785943751857566
  0.01894597414524220  0.02023318628623511  0.02148595425087500  0.02278851613216544
  0.02417404836050385  0.02569387141070952  0.02724638778885707  0.02865130758604595
  0.03004958444286255  0.03149633919805554  0.03311681195685168  0.03485964278804216
  0.03679889672100259  0.03883818140214486  0.04083311486096019  0.04253551706287379
  0.04445737644858602  0.04684469322119392  0.04940892654697109  0.05160424959467098
  0.05376760306226717  0.05604360788035389  0.05842134747490412  0.06119440763060927
  0.06550183308582826  0.07189660552721337  0.07919121553650350  0.08701000333154164
  0.09477704997084009  0.10239664813840153  0.11029480663119434  0.12074100480010673
  0.13463387880284813  0.15575675068396855  0.17660075655283250  0.19671839439451833
  0.21442460593571583  0.23235336584811930  0.25648163932758550  0.28746474577527487
  0.31404144217749502  0.35160124802057852  0.39224047588163435  0.42883023538840742
  0.45544841396474328  0.47742846993772969  0.50001975044044178  0.55258605608859801
  0.61154128714827571  0.66364226140196880  0.72011723665490113  0.78613942314163443
  0.84427838747183226  0.89428781248698119  0.93348917416126398  0.95376662995593453
  0.96632599102459138  0.97578561475929737  0.98695929416659200  1.00000000000000000
 -0.00409287865661644  0.02107649482224233  0.04590079990415264  0.06613155865218069
  0.07806170184442238  0.08750267610644621  0.09628536299453647  0.10517698538845760
  0.11856106062989051  0.13446411128363026  0.15131777667037241  0.16802457162186266
  0.18358174468454977  0.19454574062273958  0.20234573369100117  0.21072047216546377
  0.21603558674613180  0.21994770876118447  0.22371593676012064  0.22745956905646264
  0.23182564575238820  0.23631829513302072  0.24104756412166570  0.24747379845778283
  0.26022004084361455  0.27991115209335071  0.30371149647628387  0.31848561486198668
  0.32831620220382973  0.33826700620905981  0.34825743286911248  0.35844954316917216
  0.37186753455412602  0.39148099707036732  0.40760347205599673  0.42293161203441693
  0.43950732287745448  0.45643805357856260  0.46918368224442392  0.48161895109452735
  0.49336482984953151  0.50648202645941709  0.52003299935320735  0.53616724201404897
  0.54880572334714139  0.55506763770204004  0.56132955205693869  0.56823764831672874
  0.57532385813493669  0.58167968839379036  0.58726993433737051  0.59361284461872088
  0.60417171397220160  0.61473959861088123  0.62352828337479371  0.63188171080512057
  0.64146115978963236  0.65051557583483699  0.66143293288448890  0.67390599413535357
  0.68777940411577299  0.70302468076183267  0.71780524808385560  0.73053270180378904
  0.74245159245018999  0.75437407246498300  0.76488847530419934  0.77204334943859121
  0.78123655383713841  0.79119727620684499  0.79992758631439442  0.81093633723370084
  0.82005635393566056  0.82790525724413477  0.83541673210241096  0.84304727417096303
  0.85208766743967035  0.86116632640691859  0.87067682576034733  0.88199176927252565
  0.89311750121076161  0.90781295261091632  0.91919674869733248  0.92637004667183220
  0.93296697967967279  0.93660061670949679  0.93938904372229948  0.94237255722726232
  0.94714924933270828  0.95314473222619289  0.96070769335976247  0.96526824344700757
  0.96879906859374487  0.97346297024600370  0.98109549131779228  1.00000000000000000
 -0.00236682058944785  0.01800396362918577  0.03962678277812081  0.06052062756959080
  0.08195282827068459  0.09983322542699845  0.11905507681283482  0.14406668379969353
  0.17295515643454584  0.19627991440471199  0.21626112860953176  0.23411755222978328
  0.25330291298442148  0.26858966012905855  0.28243435801951949  0.29580154005872855
  0.30879060571080702  0.32260799884126967  0.33604152455424680  0.35300267100422683
  0.37361876958458790  0.40031009800036937  0.42681409880579707  0.44703292770447345
  0.46596934968683090  0.47756435129182384  0.49288831864441329  0.50728140746405759
  0.52013447352101094  0.53085804801070435  0.54078492706048409  0.55104788496297230
  0.56198201661432812  0.57390461714747409  0.59084936284463441  0.61010019141825611
  0.62052952717857712  0.62947099915006832  0.63721313348535524  0.64458391501672962
  0.65258819827171421  0.66116409106686158  0.66972429886010387  0.67981259642717773
  0.69380856427909732  0.70516592837208281  0.71499111115746905  0.72391430842735582
  0.73308661332315261  0.74085220538447216  0.74837389453637404  0.75582917266423721
  0.76351033532153900  0.77202206628581471  0.78117158752348859  0.79075366051420870
  0.80286348308668842  0.81514937477853533  0.82525907014871347  0.83535230336967614
  0.84654805396902144  0.85640941900613754  0.86607930221499907  0.87597807049216825
  0.88401420751696458  0.89058421861830017  0.89522270910680124  0.89823114836041229
  0.90017103232501050  0.90243306342454543  0.90504555327603131  0.90843234154388819
  0.91193198445383372  0.91525323804946324  0.91882676775562822  0.92320783398936745
  0.92718732393089687  0.93132142731309353  0.93426973407253022  0.93707970498941118
  0.93973517315270638  0.94313046890964525  0.94627898767065088  0.94872625049935666
  0.95056013184944976  0.95232298035133900  0.95396934958252755  0.95581478747819093
  0.95888251388892776  0.96195024029966458  0.96606232533013237  0.97331830909960548
  0.98057429286907871  0.98729345717001582  0.99364672858500802  1.00000000000000000
 -0.00536485196915186  0.02411396592004507  0.05322848353363807  0.07208495658355676
  0.08505657291889693  0.09569043632250318  0.10507005053270731  0.11500867992939486
  0.12600003850588942  0.14663603804753617  0.15195959161214712  0.15760703282438998
  0.16287817265740268  0.16993749764893926  0.17501647286712035  0.18146849809826138
  0.18601846874178615  0.19004987380921279  0.19667214858704690  0.20303020064646427
  0.20599243632841577  0.20934787143902966  0.21439880649581433  0.21994142614983847
  0.22800220078268843  0.24012954425368857  0.25541827069283474  0.27047769317222770
  0.27968916222065332  0.28653771212676765  0.29318972488802880  0.29962150125278025
  0.30696439239558987  0.31368174203954391  0.31903050603418365  0.32495014834751190
  0.32987240144803953  0.33490520984708028  0.34397369281233492  0.35228053552257177
  0.35597064387940230  0.35968492795778106  0.36342975233223701  0.36731926236085982
  0.37128940816927375  0.37992930196602082  0.39185073140883858  0.41030044083172057
  0.42738180084861177  0.44033621631228587  0.45070318250866759  0.46192275819927403
  0.47781669440179403  0.49693272239644454  0.51718309078633762  0.53273689152410031
  0.54421928675890574  0.55339240123190536  0.56175294034607859  0.56988645959924000
  0.57771063176356352  0.58676874761707676  0.59555449811995409  0.60475294974280813
  0.61421370749164250  0.62340870458873032  0.63612703181638841  0.64782201993161004
  0.65828971636228395  0.66842032440107135  0.67912695364845221  0.68843459382221028
  0.69447523131588862  0.70005499901986656  0.70741955295624026  0.71578664609846621
  0.72351296055032055  0.73222264949659843  0.75152936002253701  0.77138437553950934
  0.78880690160244915  0.80038037113466265  0.80759759387399899  0.81741940967200666
  0.82870308201530818  0.83742597844764266  0.84564190755367696  0.85662155191473266
  0.86938558767138141  0.88606885131893576  0.90884848898850401  0.92851009482597757
  0.94510704283033509  0.96174077630445076  0.97901909754329552  1.00000000000000000
 -0.00023193069840901  0.00092850136392619  0.00201741895770100  0.00296776809343096
  0.00438338630354342  0.00676052357599040  0.12016169460551912  0.99307063488682235
  0.99320202198927698  0.99331609024884715  0.99342171565927251  0.99355057330676100
  0.99369927046030215  0.99383637091165777  0.99396903222882815  0.99407338828404235
  0.99412439631171567  0.99417494409746010  0.99422317792084014  0.99427141174422029
  0.99431857251343059  0.99436559252617251  0.99441502796814107  0.99446575044449725
  0.99451364435634049  0.99455105205732108  0.99458854048567347  0.99462609808207914
  0.99466716822999501  0.99471693005209894  0.99477476578263180  0.99482872058753802
  0.99488221538840926  0.99493751252804508  0.99499667475863729  0.99506402313159537
  0.99512993107216541  0.99519246717895260  0.99524987392823594  0.99530999728859015
  0.99537251471485266  0.99543901561718251  0.99550614816372263  0.99557425364150642
  0.99564444990898748  0.99571169389113301  0.99577648311253963  0.99584130835322404
  0.99590760639970299  0.99597885637857619  0.99605153186162176  0.99613575323672632
  0.99622505996994148  0.99631299498936610  0.99640868894184109  0.99651100147029947
  0.99661002439915203  0.99670509467978508  0.99679169141602042  0.99686254704519650
  0.99692818529571492  0.99699145918316945  0.99705172490424088  0.99711748940428802
  0.99718989671684233  0.99727478087798216  0.99736924956019335  0.99744998111418970
  0.99751601267484002  0.99756731279986044  0.99761828532562413  0.99766872396086359
  0.99772089126855878  0.99777683803843653  0.99784015674216209  0.99792163930285172
  0.99800448039498668  0.99809274345847365  0.99819301804109484  0.99831160394293417
  0.99843820774833303  0.99856446739051052  0.99868321543426164  0.99878769948875745
  0.99887942893802495  0.99896615959972912  0.99904942919545070  0.99913041489602983
  0.99921287142533766  0.99930074040470152  0.99940146980223765  0.99951087730875021
  0.99962463259254730  0.99973987356548133  0.99985976505894880  1.00000000000000000
 -0.00296876302778857  0.01534818306291780  0.02999509627751543  0.04399375407881925
  0.05775496452043404  0.06983404771136371  0.07913995658994794  0.08439406386131572
  0.08964817113268352  0.09475416431992412  0.09984760176655166  0.10534911711493600
  0.11106886036387900  0.11940400363358339  0.12927086505030178  0.13875821991663376
  0.15094653639931044  0.16064133517625129  0.16870495726957677  0.17710679001325558
  0.18592808646641240  0.19074896833417865  0.19531153861653749  0.19956907125858905
  0.20375271669649830  0.20912502762956342  0.22245101560877981  0.23761354331399717
  0.25056750183969317  0.26318589075474441  0.27134835674085706  0.27787499667847981
  0.28288356853730784  0.29074592023627260  0.29893965123229366  0.30795647776571666
  0.31829532702437474  0.32824663514040742  0.33822474622900794  0.34935633494515839
  0.36334361074746463  0.37624143440452890  0.38944439877394554  0.40243882752715016
  0.41635148622083740  0.42935374621946604  0.44300861183111712  0.45241791668819725
  0.46015486740762901  0.46762537634515455  0.47797244652348997  0.48322592596469249
  0.49057933467436748  0.49712032485375607  0.50234046596777993  0.50722892499671268
  0.51197297727883029  0.51685505736521031  0.52120432821947571  0.52546740363847511
  0.53028915643425933  0.53542074561949315  0.54370701794067666  0.55634580460711514
  0.57003779388019660  0.58038149597061994  0.59130988573817977  0.60272849817644503
  0.61942767270075083  0.63196859216588663  0.64265961209987876  0.65851490554326830
  0.67432216629222907  0.68894228783565503  0.70217784587961751  0.71691308291813272
  0.72825425984386905  0.73596767597985757  0.74307850463723912  0.74978686509492776
  0.75694872683870762  0.76472322033468887  0.77627233326681155  0.79127531321141342
  0.80631219334733450  0.82368360097853666  0.84373196869484179  0.87078385673496417
  0.88932560823679085  0.90437013419644618  0.91787619337252346  0.92949138303525136
  0.94676348423906220  0.96404718270441125  0.98130617953518584  1.00000000000000000
   5.0191969474995499E-016  -1.0000000000000000     
 T T T F F F T T T F F F T T T F F F T T T F F F T T T F F F T T F F F F T T T F F F T T T F F F T T T F F F F F F F F F F F F F F F F F F F F F F T T F F F T T T F F F T T T F F F T T T F F F T T T F F F T T T F F F T T T F F F T T T F F F T T T F F F T T T F F F T T T F F F T T T F F F
