  0.00006499800609396  0.00011884330003707  0.00015766664693137  0.00018306142722106
  0.00020845620751075  0.00023323420828012  0.00025288732572277  0.00027254044316542
  0.00029219356060806  0.00031177850838892  0.00032729079642579  0.00034280308446266
  0.00035831537249953  0.00037418184548412  0.00039632538263152  0.00041846891977892
  0.00044873615440670  0.00048331975979519  0.00051646528778195  0.00056136445164554
  0.00061094059446413  0.00065805180039103  0.00069634678788577  0.00072513149229554
  0.00075163152945586  0.00077488531903915  0.00079846494221286  0.00082308839433121
  0.00084531819464369  0.00086088238734261  0.00086684060185938  0.00087198619168523
  0.00087810650221165  0.00088443467657246  0.00089098721479373  0.00089747838369912
  0.00090398843424162  0.00091464446841930  0.00093020592316055  0.00094719591452867
  0.00096758117136524  0.00098874578337897  0.00100984290951564  0.00103049505696973
  0.00105635382582273  0.00108343959050116  0.00111932187964059  0.00115652515870702
  0.00118457741459563  0.00121165323696835  0.00123363164495808  0.00125602954433415
  0.00128400825925957  0.00130922479694722  0.00133627010732579  0.00137941237913946
  0.00141242767529068  0.00144382813897538  0.00149181466171754  0.00155902933255537
  0.00162215812877745  0.00168925854301485  0.00176153687839975  0.00184557960604013
  0.00196028331246502  0.00210000902137960  0.00219596956066021  0.00224598174189999
  0.00229066049227392  0.00234557637594025  0.00240919468806346  0.00246764996993762
  0.00254032482595741  0.00266887579488578  0.00280529179579360  0.00292823127617304
  0.00307859758480538  0.00325151434856979  0.00342164471374437  0.00357079452718984
  0.00373654218987549  0.00395563205146792  0.00425871522727825  0.00470061734764572
  0.00528942150661032  0.00583670762738292  0.00630197474811613  0.00679293362361653
  0.00753150973790123  0.00905721862151829  0.01134707732267839  0.01273945261614673
  0.01555939675324057  0.02060349571017984  0.03055184474106758  1.00000000000000000
 -0.00000000000000132  0.00000000000000868  0.00000000000001868  0.00000000000002868
  0.00000000000003868  0.00000000000004868  0.00000000000005868  0.00000000000006868
  0.00000000000007868  0.00000000000008868  0.00000000000009868  0.00000000000010868
  0.00000000000011868  0.00000000000012868  0.00000000000013868  0.00000000000014868
  0.00000000000015868  0.00000000000016868  0.00000000000017868  0.00000000000018868
  0.00000000000019868  0.00000000000020868  0.00000000000021868  0.00000000000022868
  0.00000000000023868  0.00000000000024868  0.00000000000025868  0.00000000000026868
  0.00000000000027868  0.00000000000028868  0.00000000000029868  0.00000000000030868
  0.00000000000031868  0.00000000000032868  0.00000000000033868  0.00000000000034868
  0.00000000000035868  0.00000000000036868  0.00000000000037868  0.00000000000038868
  0.00000000000039868  0.00000000000040868  0.00000000000041868  0.00000000000042868
  0.00000000000043868  0.00000000000044868  0.00000000000045868  0.00000000000046868
  0.00000000000047868  0.00000000000048868  0.00000000000049868  0.00000000000050868
  0.00000000000051868  0.00000000000052868  0.00000000000053868  0.00000000000054868
  0.00000000000055868  0.00000000000056868  0.00000000000057868  0.00000000000058868
  0.00000000000059868  0.00000000000060868  0.00000000000061868  0.00000000000062868
  0.00000000000063868  0.00000000000064868  0.00000000000065868  0.00000000000066868
  0.00000000000067868  0.00000000000068868  0.00000000000069868  0.00000000000070868
  0.00000000000071868  0.00000000000072868  0.00000000000073868  0.00000000000074868
  0.00000000000075868  0.00000000000076868  0.00000000000077868  0.00000000000078868
  0.00000000000079868  0.00000000000080868  0.00000000000081868  0.00000000000082868
  0.00000000000096063  0.00000000000117234  0.00000000000146574  0.00000000000194039
  0.00000000000271490  0.00000000000400733  0.00000000000656736  0.00000000001136777
  0.00000000002678369  0.00000000013541830  0.19751270856124431  1.00000000000000000
 -0.00000644664670892  0.00002862039674285  0.00004744042853915  0.00005777698480859
  0.00006603764314480  0.00007656058024022  0.00009084967153148  0.00010560028470775
  0.00011520614416296  0.00012012800999306  0.00012492707778201  0.00012814433231822
  0.00013098807073865  0.00013355495090832  0.00013510710043067  0.00013669103267703
  0.00013832517133709  0.00013990223805421  0.00014144913914923  0.00014423315421159
  0.00014702242178439  0.00015008721839795  0.00015332314644522  0.00015812550590826
  0.00016680684281261  0.00017342236886638  0.00017853778511646  0.00018348838703879
  0.00018903612138548  0.00019646752985479  0.00020418043296055  0.00020826192028256
  0.00021177703594581  0.00021960940457522  0.00022521518611800  0.00023053315716866
  0.00023693577046007  0.00024731727285874  0.00025495670464266  0.00026103682558734
  0.00027410555623258  0.00029616218366606  0.00031031155684573  0.00032072281347802
  0.00033066925624296  0.00034058160330693  0.00035364847338214  0.00037140064338499
  0.00039022507482991  0.00041050933595907  0.00043068203300063  0.00045102760145627
  0.00047542158678635  0.00049956574687949  0.00051921865295259  0.00054185031623898
  0.00057691073007340  0.00060148555809055  0.00061888669010612  0.00063594322229092
  0.00065578515283046  0.00067845699623735  0.00071850155619461  0.00077675953438403
  0.00084258643583029  0.00090966776720661  0.00098052563994957  0.00103212552454525
  0.00106384108397034  0.00109555664339543  0.00112789849990652  0.00116052555990360
  0.00119315261990068  0.00123028674027975  0.00126828162559128  0.00130627651090280
  0.00147892087191651  0.00167930291839977  0.00190405673930243  0.00208343471084098
  0.00216838039318428  0.00224182613989998  0.00240594710655878  0.00254883085213139
  0.00273245542688856  0.00294652860287055  0.00319480190177503  0.00381541497256809
  0.00487823830854183  0.00575309067385127  0.00734817114239726  0.00981564573237091
  0.01668136822494279  0.03582835158109682  0.98474529952461531  1.00000000000000000
 -0.02324286808556275  0.09091318463427389  0.17503983841228227  0.22830997016181431
  0.28221966241409713  0.33688385415116712  0.38121247470674574  0.42344428639664805
  0.46084474231407807  0.49645989780481847  0.53723052019537632  0.59352596042354810
  0.63603006456826294  0.66383515447884012  0.68289122955973514  0.69593923728355722
  0.71124494767777624  0.72460434501207682  0.73775992653477029  0.75532807806493141
  0.77052611216510281  0.77771759986800826  0.78216226597131866  0.78713780589220672
  0.79292945255141245  0.79865575445103620  0.80428260442566291  0.81202210982005740
  0.82255221679666835  0.83285211246040836  0.84183146032474354  0.84921072051077950
  0.85418734434753418  0.85976685802009489  0.86562426713326091  0.87147761718873729
  0.87710466593168435  0.88294246139955346  0.88879665334228009  0.89091774511710409
  0.89303883689192820  0.89515992866675220  0.89701597866904381  0.89873462973143337
  0.90045328079382281  0.90227321916874148  0.90435487034465289  0.90643652152056431
  0.90851817269647572  0.92003983508926235  0.92378036573230748  0.92686288185599841
  0.92914236176622900  0.93115789581286601  0.93220746553622758  0.93343225023603327
  0.93489081162168353  0.93588512751682518  0.93700217725051815  0.93850012788253789
  0.93992092903299684  0.94137770787882846  0.94264799016118939  0.94473238355107536
  0.94704872690783004  0.94852480799580086  0.95004095554542323  0.95165293322043698
  0.95359336833195207  0.95642105120794219  0.95873792329900465  0.96110026638552570
  0.96362002903163391  0.96630522335754010  0.96930530386987968  0.97260430963355127
  0.97569237880867865  0.97824122717385520  0.98031828732202209  0.98219107918446225
  0.98373294921208232  0.98486372083770402  0.98521404834408410  0.98561666251813340
  0.98597114338024316  0.98632293989693320  0.98689930983933927  0.98810238148686003
  0.98910231687873251  0.99120275668965407  0.99328014089089123  0.99519496123893159
  0.99662646326196858  0.99755794201663672  0.99864075321540791  1.00000000000000000
 -0.00295681391411145  0.00190950578182344  0.00611184740900359  0.01031418903618374
  0.01471138184401132  0.01933801598377714  0.02396465012354296  0.02824160299988683
  0.03224521136238857  0.03624881972489031  0.03974202767405467  0.04359376392085084
  0.04671591038085795  0.04984170373243143  0.05290397116165483  0.05593792000600286
  0.06005154207657495  0.06448057970459538  0.06844915376410018  0.07230944629716420
  0.07667558641640815  0.08312821914465927  0.09141055924451834  0.09900249484506812
  0.10456842627203199  0.11189431542094083  0.11874827107120839  0.12425166120289102
  0.13228919256436153  0.14471898272677386  0.15570361428847390  0.16435171574539351
  0.17613422530361597  0.18730612871886640  0.20055719725693238  0.21541576372147175
  0.23032609841874066  0.24732665407522661  0.26656427365307289  0.28514627798300540
  0.30277246914551570  0.31834311922135722  0.33220245214170335  0.34703131269911558
  0.36503976883312650  0.37868324368270895  0.39227903268989722  0.40386226836203493
  0.41317922532199719  0.42295876732549187  0.43618227597997605  0.45186237069891827
  0.46820440369330685  0.48559223843867128  0.50585476179962507  0.52548590282245400
  0.54506864283337819  0.56289683604230412  0.57661309251585890  0.58348829748960640
  0.58794572389597355  0.59179244504524953  0.59534775993770717  0.59835037998866303
  0.60394861998933846  0.61405800396492582  0.62268141021906898  0.63289141515049285
  0.64845038380681341  0.67072096986656859  0.69298871615675306  0.71198793822102757
  0.72660441653743402  0.73180060614052012  0.73581235921143417  0.74044424593864799
  0.74607104858917395  0.75295067115291292  0.76058377195758409  0.77202701615914404
  0.78280815428941586  0.79072834897448829  0.80431185270164984  0.81759151122320650
  0.83071866695160645  0.84442859820221283  0.85644821198082699  0.86506770855058224
  0.87552850930819059  0.88666386401227526  0.89839547716952917  0.91841478623684625
  0.94070334879927930  0.96638107513912486  0.98431695857722667  1.00000000000000000
 -0.00289108327835677  0.01290391503885260  0.02017446303247998  0.03051343259036768
  0.04884850554638480  0.07141165317708224  0.08742144488320178  0.10760273796832252
  0.13082019077218207  0.15691143914156497  0.18490428775533957  0.20351337784667514
  0.21322959043524203  0.22165102294013622  0.22959867614845728  0.23677803592426452
  0.24601101633654518  0.25552665276209979  0.26522175718948049  0.27382142462237274
  0.28075510845355700  0.28820604811532752  0.29726851927402598  0.30850454893080725
  0.31875357985148195  0.32217776495258921  0.32560195005369652  0.32860393102735341
  0.33066267528536492  0.33272141954337642  0.33480116245978986  0.33690945890035529
  0.33901775534092071  0.34488045220909608  0.35161207074125567  0.35731706417017134
  0.36205461228708147  0.36802873565285710  0.37508949835386329  0.38271221605999978
  0.38750184277940403  0.39252058852876326  0.39879759987965030  0.40419951286870875
  0.40861746733836035  0.41200532485842628  0.41561338598181985  0.42073996191114438
  0.42649212812940379  0.43476772253527013  0.44291012405498587  0.45075332950676245
  0.46072785008733369  0.47573344998667683  0.49338678402768321  0.50252366365251000
  0.51063921404953971  0.52242822536886946  0.54318324430930076  0.56391970641842060
  0.58188949239180854  0.59242661231310056  0.60175427086684385  0.61120525371014034
  0.61978398343546237  0.62616443034204095  0.63173720762836483  0.63746033974571681
  0.64639100149672679  0.65621055583987642  0.67551621790987404  0.70827894365826505
  0.72862653561931545  0.74061806427425780  0.75452274768859362  0.77359131132987291
  0.78756989106424991  0.79864432534887775  0.80837050510706965  0.81619206867910665
  0.82623138993671308  0.83809239483162323  0.85131742148057432  0.86479903373638589
  0.87283179061454375  0.88086364341970025  0.88933301268177556  0.89801442457705061
  0.90788604871393808  0.92215166127781445  0.93478569847361315  0.94501978883028581
  0.95586107422093269  0.96841239661375689  0.98365748419731103  1.00000000000000000
  0.00084339457431584  0.00087059990358257  0.00087690684479382  0.00088321378600506
  0.00088955977031804  0.00089591885532357  0.00090247547441592  0.00090960468190943
  0.00091673388940294  0.00092881895420709  0.00094369456682552  0.00095846407710987
  0.00098002134687832  0.00101004988657469  0.00105232654645195  0.00108738443361925
  0.00112681789780230  0.00115868232327452  0.00119198421002238  0.00123621868444289
  0.00129424966175898  0.00138371551369265  0.00148054544648228  0.00157991999255167
  0.00165756779671471  0.00170457186305705  0.00174240353100135  0.00177991291034914
  0.00182355632444141  0.00186358807769360  0.00190287687909993  0.00195373416547265
  0.00201074636631055  0.00206916376866614  0.00212917414661547  0.00220696333598043
  0.00231013052541330  0.00238953094700683  0.00245380974871677  0.00249679981198455
  0.00252465050032097  0.00254617195092594  0.00256769340153091  0.00258903839141022
  0.00261027488369557  0.00263151137598093  0.00265240972416522  0.00267303149978442
  0.00269365327540362  0.00272081463220655  0.00275105980657251  0.00278599249149312
  0.00283795890840015  0.00290488666878170  0.00295806197195147  0.00300206150658118
  0.00304976898918110  0.00309724355593463  0.00317147409367986  0.00332045546674077
  0.00351795929002832  0.00370258653996693  0.00387568799604573  0.00404512903524516
  0.00421226151817084  0.00441419003522790  0.00469028681191250  0.00496453013956360
  0.00520567145958514  0.00542677095098560  0.00561304070044352  0.00579085405916633
  0.00597687215371796  0.00617946024224218  0.00642662847358162  0.00669259284579194
  0.00691939166602621  0.00715833225816778  0.00742438323802818  0.00775650086964935
  0.00821035999268581  0.00900892434263329  0.01020185437989336  0.01142911335666165
  0.01255564748113431  0.01361214228270308  0.01473883887027839  0.01622154182482602
  0.01796080493884433  0.02072368000361306  0.02513876039157627  0.03046598458452737
  0.04170424329155564  0.06684498691236905  0.10945194381027440  1.00000000000000000
 -0.00831236274394091  0.01031576837822606  0.02894389950039303  0.04299511905504651
  0.05629334058127768  0.06644317027000754  0.07072798440433931  0.07396391555291654
  0.07926105961994299  0.08265886090178307  0.08608836730135093  0.09005899234275400
  0.10302811098664741  0.12846027541708113  0.14616197338969450  0.15310603748759188
  0.16005010158548924  0.16686057804767471  0.17333963083506773  0.17981868362246076
  0.18632470215750696  0.19436545370976277  0.20240620526201852  0.21044695681427431
  0.22852760585013801  0.24629321132080015  0.26088550612245570  0.27425735018914521
  0.28640310647081285  0.29693777985825454  0.30757404133611987  0.31800008126523116
  0.32502303707071778  0.33367450542975757  0.34323881294277492  0.35132915866759451
  0.35775305355432113  0.36513413553012003  0.37219422798884005  0.37826869564772170
  0.38801338424544929  0.40386450621085324  0.42179066163901752  0.44034476378475917
  0.46093717729015149  0.48330301819111687  0.49943385611314761  0.51094698969492713
  0.52189726841947337  0.53215307673042511  0.53907620526773625  0.54420989186322410
  0.55034607874464914  0.55723950487042717  0.56019565583213682  0.56314617878533679
  0.56608856592350776  0.56893673684227364  0.57168067759655883  0.57618154873094907
  0.58220632932847294  0.58914327970605906  0.59856822077725824  0.61044222107252311
  0.62492430805652766  0.63592859549094993  0.64441046629162602  0.65305735712382229
  0.66345711724703393  0.67718355176212786  0.68870367191476811  0.70011916888696746
  0.71236672428949432  0.72122674119629515  0.73718154670364355  0.75465627641334299
  0.76860955451146129  0.78384944920668220  0.79924679651553387  0.81186265086971332
  0.81665537495700569  0.82426830239959736  0.83384838771778957  0.84244105254927293
  0.84847306644491394  0.85290786106913918  0.85767816346922243  0.86327238206806722
  0.87443232757308142  0.89673660655783116  0.92284375388387208  0.94172957633774967
  0.95467808526933795  0.96675089530289726  0.98197630451128148  1.00000000000000000
   1.9135844061975553E-004  -1.0000000000000000     
 T T T F F F T T T F F F T T F F F F T T T F F F T T T F F F T T T F F F T T T F F F T T T F F F T T T F F F F F F F F F T F F F F F F F F F F F T T T F F F T T T F F F T T T F F F T T T F F F T T T F F F T T T F F F T T T F F F T T T F F F T T T F F F T T T F F F T T T F F F T T T F F F
