  0.00208066284749806  0.03565741610620166  0.06094193603190980  0.08068189548618093
  0.09781776664128530  0.11333015694200588  0.12762881530956066  0.14110297778046038
  0.15386559262476981  0.16606746005178580  0.17775279510166433  0.18851985669606314
  0.19790751317655592  0.20715328944153111  0.21611209339521867  0.22631675006760910
  0.23632919860751544  0.24619318852974645  0.25493770409210748  0.26354395912143297
  0.27203051461993455  0.28097492574321997  0.29011476825936250  0.29913013683848383
  0.30804173053707390  0.31685057120508792  0.32557063545881088  0.33400278140956868
  0.34220221873478346  0.35033655870425506  0.35853723389196457  0.36688400096546742
  0.37517927434115728  0.38341716015108762  0.39160836640472141  0.39975579185998089
  0.40786037662225727  0.41595671049404476  0.42394409380478620  0.43179613794045646
  0.43960395390094692  0.44738692934463331  0.45521664454395327  0.46309699118394443
  0.47094295022341298  0.47878808107078019  0.48669791283467045  0.49460785612176722
  0.50251676454312699  0.51043068679106185  0.51835255336005137  0.52627978297833156
  0.53420768265931096  0.54214448620714650  0.55009742050073085  0.55807162717233638
  0.56607103609362741  0.57409463310820319  0.58214078251884038  0.59022998933400250
  0.59835336002157646  0.60650143859107486  0.61468677984512821  0.62291502576075275
  0.63110590992531945  0.63917617173398378  0.64729571909403938  0.65553208817622732
  0.66405907275937659  0.67267206459086193  0.68136432897734645  0.69013671160106638
  0.69901725153977101  0.70799754816472782  0.71709989750051106  0.72632475111441752
  0.73569011324145883  0.74521655207424320  0.75488011309297676  0.76475427587016409
  0.77479371595212676  0.78512806976953098  0.79544841496439234  0.80464535908938795
  0.81401253834173137  0.82364472087601925  0.83479574367903808  0.84697656673398336
  0.85967261890516766  0.87304950333149434  0.88730966424078461  0.90284706142095872
  0.91997880272175847  0.93976243574999607  0.96512607739223244  1.00000000000000000
 -0.00249924758830764  0.00976298453164569  0.02011076473687543  0.03091706266906932
  0.04164514617828257  0.05240763952728641  0.06322745643916509  0.07402605753840973
  0.08479247236938477  0.09551651185077153  0.10615988585771356  0.11684139902527946
  0.12760446592313676  0.13854164731851176  0.14944162072872247  0.16014413786471945
  0.17047759550340605  0.18075426113012039  0.19108215835474526  0.20179361552569561
  0.21258926604088874  0.22337630649725071  0.23415078702055464  0.24478693888307745
  0.25519275388013851  0.26556307008204028  0.27597009448925203  0.28669040894529563
  0.29742547917994938  0.30824441612423342  0.31905212185380544  0.32990852494612977
  0.34072480403591510  0.35151796509933897  0.36205673649810272  0.37190671028022310
  0.38170194872323066  0.39156648732267829  0.40237410304964488  0.41307121514940043
  0.42225271565252964  0.43146735031288885  0.44070884271823274  0.45099120348863858
  0.46184969446658736  0.47270699673905520  0.48345887325421100  0.49416996982789990
  0.50478791637634135  0.51545839132874249  0.52606875295460154  0.53670132187647102
  0.54734290931199614  0.55791915149106797  0.56837795424277460  0.57875580188961628
  0.58762386385271681  0.59645346395265519  0.60530313567679561  0.61477053889246369
  0.62542175155566215  0.63608286942981229  0.64678663145012782  0.65759149969549835
  0.66843434158415360  0.67922052673569699  0.68992008817858175  0.70055167871199575
  0.71112996283261198  0.72159638071497345  0.73208710543408995  0.74264967167614104
  0.75320643712568147  0.76376787364182763  0.77439220627126415  0.78510043771077476
  0.79585458285614175  0.80661381989552750  0.81738119582798985  0.82816621571307403
  0.83905294470522007  0.84974620522740851  0.86021845317296397  0.87070000528144509
  0.88148138076506810  0.89248700661847491  0.90329244311303725  0.91402760137616157
  0.92471185644907861  0.93542085408532227  0.94627783565631807  0.95714827684008386
  0.96795179441841472  0.97863777668834218  0.98930407482570804  1.00000000000000000
   7.2437528632482107E-010  -1.0000000000000000     
  <DiscreteSampler_grid>
  Helicity
  1 # 1 for a reference and 2 for a running grid.
  20 # Attribute 'min_bin_probing_points' of the grid.
  1 # Attribute 'grid_mode' of the grid. 1=='default',2=='initialization'
  0.0000000000000000 # Attribute 'small_contrib_threshold' of the grid.
  0.5000000000000000 # Attribute 'damping_power' of the grid.
 # binID   n_entries weight   weight_sqr   abs_weight
    1   64   6.511193166211807E-012   2.878891499557616E-022   6.511193166211807E-012
    2   20   3.166790361952393E-014   1.246793344171598E-027   3.166790361952393E-014
    3   7077   1.173874025489887E-009   2.126051215680797E-018   1.173874025489887E-009
    4   77   8.704182788561818E-012   4.990245434500952E-022   8.704182788561818E-012
    5   54   7.146579523077387E-012   1.714415449282039E-022   7.146579523077387E-012
    6   21   9.514105935571211E-013   1.569682820845125E-024   9.514105935571211E-013
    7   27   1.518946642175226E-011   1.401883882017864E-021   1.518946642175226E-011
    8   53   5.163031599660665E-012   8.782361029372115E-023   5.163031599660665E-012
    9   74   8.543357290860652E-012   4.620234660970592E-022   8.543357290860652E-012
    10   6895   1.171457451172461E-009   2.126395376382994E-018   1.171457451172461E-009
    11   20   3.166790361952393E-014   1.246793344171598E-027   3.166790361952393E-014
    12   67   6.593624178637662E-012   3.090632350941912E-022   6.593624178637662E-012
  </DiscreteSampler_grid>
