 -0.00000035684325819  0.00000128895105946  0.00000393361098793  0.00000656700427294
  0.00000918874140171  0.00001173767444367  0.00001432434861588  0.00001706954485705
  0.00002000509269342  0.00002289313745114  0.00002661595464571  0.00003003806883874
  0.00003313507124293  0.00003615650696496  0.00003908195837856  0.00004150988253669
  0.00004355060345643  0.00004564405267708  0.00004768438145399  0.00004977564429782
  0.00005184771609893  0.00005398900462316  0.00005669248881977  0.00006004735496619
  0.00006344466025766  0.00006634877328622  0.00006886024805439  0.00007162207602374
  0.00007473420489578  0.00007816252692422  0.00008145079007515  0.00008455118275732
  0.00008730617104938  0.00008905487196844  0.00009035281053872  0.00009258130099277
  0.00009514309761120  0.00009718541994408  0.00009925950856212  0.00010179232780171
  0.00010378234138789  0.00010601005890186  0.00010884171496637  0.00011155745838742
  0.00011371930300576  0.00011604411769864  0.00011897256399034  0.00012197559377171
  0.00012555671004234  0.00013056901650445  0.00013541150170744  0.00014074390277015
  0.00014599066479701  0.00015099436654580  0.00015540710702271  0.00015989560471827
  0.00016460470659417  0.00017050857757141  0.00017807309908563  0.00018655438384261
  0.00019569729095417  0.00020508706201967  0.00021562652681960  0.00022757545417292
  0.00023951642478151  0.00025221491843934  0.00026617993315053  0.00028165595739397
  0.00029823892561519  0.00031496284135168  0.00033140200201749  0.00034826985214957
  0.00036656448337328  0.00038199960160680  0.00039515507828824  0.00040798275838668
  0.00042247033907936  0.00043935499435777  0.00045816474273784  0.00048119900301654
  0.00050678376615952  0.00053442265052659  0.00056532331333312  0.00060510401039143
  0.00065248688015625  0.00069319565660107  0.00074221297889068  0.00081672762597493
  0.00092712932705821  0.00111378561033600  0.00135891834483183  0.00159079453605075
  0.00208503053420320  0.00322893501069985  0.99280726436905742  1.00000000000000000
 -0.00000117324041742  0.00000607575942177  0.00001048757108908  0.00001496724171806
  0.00001925325972737  0.00002364534357259  0.00002792118140467  0.00003184091014053
  0.00003561123322125  0.00003936273420510  0.00004335838808045  0.00004689578755241
  0.00005011010202013  0.00005316575023521  0.00005627187964879  0.00005961848950112
  0.00006326441066358  0.00006680106323855  0.00007029388303792  0.00007411214922157
  0.00007825145385338  0.00008239754501350  0.00008696610536461  0.00009176274974661
  0.00009675654784757  0.00010182153698565  0.00010609959361720  0.00010977074504728
  0.00011312396067563  0.00011645198965219  0.00011981602647445  0.00012327932900233
  0.00012639327361619  0.00012906905864434  0.00013184494705528  0.00013479911590093
  0.00013769288794610  0.00014047114385432  0.00014431506431897  0.00014928388620643
  0.00015285286695717  0.00015547194022662  0.00015783731722244  0.00016285907186853
  0.00016772800594641  0.00017176159068636  0.00017529645090094  0.00017866293154115
  0.00018307165289460  0.00018797165825304  0.00019243306046778  0.00019586141233348
  0.00019936292800121  0.00020355182049345  0.00020848606873478  0.00021347603108496
  0.00021829535827637  0.00022378808739956  0.00022911969352707  0.00023518650875733
  0.00024280145683170  0.00025163627056324  0.00025945225000830  0.00026620051471010
  0.00027244561214378  0.00027825838469170  0.00028229241778999  0.00028585527857078
  0.00028953183108390  0.00029303568210349  0.00029615505810549  0.00030039443190324
  0.00030519926494266  0.00031186826240587  0.00031906466240267  0.00032697019887292
  0.00033618308376646  0.00035001851061181  0.00037004269199426  0.00039526719448654
  0.00042588650985273  0.00046627062470375  0.00051005619515635  0.00055917688122795
  0.00061619662189619  0.00068228369600210  0.00075170758495281  0.00081101715227683
  0.00086238707855362  0.00093012391963314  0.00102658153747420  0.00117878274890468
  0.00147276825921675  0.00256952844233140  0.00743157490726958  1.00000000000000000
 -0.00002809767149184  0.00016182181832662  0.00023398640171740  0.00027760392290667
  0.00031602236829508  0.00034689802924169  0.00037402027541356  0.00040058923522420
  0.00043503929516232  0.00046474476352223  0.00049982003538754  0.00054257298948771
  0.00057870017766118  0.00061212756839109  0.00066046324678236  0.00072434195783415
  0.00078450787966137  0.00083316133173461  0.00087353660886401  0.00091179118793943
  0.00095159514928565  0.00099879075713266  0.00105142700344066  0.00110935254296124
  0.00117423542272770  0.00124322985530319  0.00131124954334355  0.00139196592844777
  0.00147255170947579  0.00155600671834741  0.00163075954647364  0.00169161020677891
  0.00174399406760396  0.00179870319980925  0.00185205157613886  0.00189501162997636
  0.00193757974946574  0.00197995891022989  0.00202696884673889  0.00208557916653368
  0.00212924574154261  0.00217020354610106  0.00221323686611973  0.00225557140248439
  0.00229534756017389  0.00233478002956998  0.00238561206017739  0.00245377087527401
  0.00253509047549890  0.00262316356157764  0.00271603269052341  0.00284545102940830
  0.00301669789573118  0.00321220441742210  0.00342930052745177  0.00357221911300172
  0.00371418135807965  0.00385856528182015  0.00400866506409024  0.00416133720429216
  0.00431495519731067  0.00448429219232194  0.00465712307804594  0.00478103950713267
  0.00490495593621939  0.00505578769365444  0.00520763775390118  0.00525585094918261
  0.00530398676930193  0.00536583412436269  0.00540295706797524  0.00543386016846986
  0.00549045278840665  0.00558720039020715  0.00567350381748927  0.00576316602383209
  0.00584064465347453  0.00591113924355787  0.00599372744843889  0.00607114271034770
  0.00616518679983931  0.00630984153524712  0.00641525295208803  0.00657954548819703
  0.00681239096088068  0.00706581152905415  0.00736115470326741  0.00799250247812492
  0.00940087377052629  0.01123400001060323  0.01346241557911504  0.01641547281220408
  0.01937308578659969  0.04167350809901536  0.87026097891958643  1.00000000000000000
 -0.00370148421482334  0.01291288878137762  0.02701835583158261  0.03991729938153338
  0.05194970250107088  0.06360825459096459  0.07519627436152111  0.08606443999741298
  0.09670796661434725  0.10889509327694567  0.12210872427249966  0.13780560266316488
  0.14813275417877278  0.15453593908609251  0.16201016556718467  0.16720017459123004
  0.17201815859752012  0.17612693156652537  0.17966985174876005  0.18123083794545808
  0.18295408612017028  0.18690841361897381  0.19133689919943991  0.19648378550471013
  0.20461252259010057  0.21179852053094764  0.21914301043483647  0.22725320027639132
  0.23603959515910719  0.24628208989557251  0.25758758730662989  0.26842590701117075
  0.28018133611708512  0.29355292915808723  0.30829872315236562  0.32071825154802042
  0.33292238684078118  0.34422104533620906  0.35458650503287187  0.36411256744265197
  0.37310823593410558  0.38173308632028891  0.39009233312642028  0.39851351583744854
  0.40729091166722403  0.41708363099911910  0.42807715657680884  0.44070495664640824
  0.45283051308145000  0.46349104161287463  0.47337294267677538  0.48320604316113697
  0.49334690803658704  0.50446637905799829  0.51622426411326994  0.52758327962203211
  0.53738998934819227  0.54712624994793502  0.55781219344160893  0.56861632169428744
  0.57986041765420970  0.59087489402071514  0.60231727007593605  0.61353635144858443
  0.62470586406857442  0.63633382947406347  0.64846194563257564  0.66137805931447680
  0.67686035457954907  0.69056443907832621  0.70394403442576015  0.71771918257326284
  0.73176491986910785  0.74551303869863517  0.75805118990673626  0.76919696196528031
  0.77960484706451016  0.78822928836572681  0.79703751470287654  0.80618341069350508
  0.81361588788885675  0.81945626941900274  0.82489738909569454  0.83047914331676420
  0.83965432134152729  0.85317363248442613  0.86806646878880034  0.88276235676737602
  0.89749643547114699  0.91180488657520675  0.92648375971004515  0.94123359413899255
  0.95599580259341344  0.97069702008239622  0.98532164436149139  1.00000000000000000
  0.00012712097048966  0.00098218289288003  0.00156181145310896  0.00197853867358307
  0.00231267534573774  0.00262788344704373  0.00279255178750309  0.00302099554750862
  0.00327841140098979  0.00355228641217335  0.00382965195211245  0.00410562680997153
  0.00436214321064371  0.00467322693598425  0.00505270316245671  0.00544892731992013
  0.00585838392749160  0.00631209040602768  0.00675165923455973  0.00719516207256758
  0.00765970040306627  0.00817771472735584  0.00875287990762207  0.00940799617798556
  0.01013931340521002  0.01097960842234187  0.01182815027105672  0.01261460752336785
  0.01328392070949049  0.01387796410114242  0.01449905301673824  0.01533511509044686
  0.01633876030921846  0.01743017635295676  0.01858276740944784  0.01987527028975642
  0.02129383191888922  0.02279578760924642  0.02438199619725388  0.02587349165117146
  0.02728177295350650  0.02842946501560588  0.02939827634257490  0.03033349075473296
  0.03136258405295259  0.03224892941427261  0.03322480550401893  0.03430138743135406
  0.03543077997918920  0.03619312588107323  0.03717279455347969  0.03815634002019265
  0.03934014123127771  0.04079416482325529  0.04317056845757474  0.04614884432956886
  0.04939544235735873  0.05210064139835094  0.05594178000660382  0.06012866850309199
  0.06442204523814683  0.06889756906231753  0.07389703111887028  0.07914307463914930
  0.08458382614667864  0.09043168182788826  0.09698128449392138  0.10429253439294411
  0.11155043134099013  0.12138832271374470  0.13227076643934393  0.14273921059145706
  0.15173357594616638  0.15987596221391601  0.16780312868529551  0.17633012075084514
  0.18695846754108297  0.20002855666178573  0.21538590379738226  0.23510495870797549
  0.25608941645751387  0.27736006905430582  0.29951804854404990  0.32014116957025029
  0.34198674790920741  0.36490529894571244  0.38565482604204182  0.40369461013423535
  0.43390224615922962  0.46860482879216181  0.49869470856217496  0.53003560395069027
  0.57987772870379650  0.65963077006420789  0.78134725862959509  1.00000000000000000
 -0.00187426501294017  0.00488622355052152  0.01276765195623167  0.02056136435835130
  0.02768155517049885  0.03413170054828996  0.04057794866709607  0.04743109637011528
  0.05577521111079132  0.06471643028584416  0.07345667194833144  0.08153359986840579
  0.08919579905921605  0.09712427163583025  0.10537907522525232  0.11420370523498574
  0.12298996194131248  0.13111602662276883  0.13878716294020121  0.14653156389762345
  0.15239099864014777  0.15726085089584788  0.16274060414129043  0.17023731954551982
  0.18047787391737471  0.19128100104753928  0.20128167660504792  0.21022663470509609
  0.21820636966726567  0.22805922679196847  0.23828834050190117  0.24884344970345632
  0.25923372606794681  0.27570941676007471  0.29782401990883328  0.32179456355410851
  0.34759782252964549  0.37492792808174502  0.40414547347214580  0.43585195790122772
  0.46886101712970268  0.49729453709470206  0.52434302774837993  0.54949131230487236
  0.57352686004121589  0.59760371037993165  0.62421433046157526  0.65146441446034153
  0.67751928249531468  0.70035246801087059  0.71900529794081669  0.73393954150335294
  0.74628900818336075  0.75763379859771529  0.76896145403663796  0.78004079615798616
  0.79037250328216180  0.80076788936687793  0.81170443613823950  0.82452769230113243
  0.83922511348276285  0.85209952112999499  0.86182232862874941  0.86790522399200321
  0.87201991027523340  0.87576003325598184  0.87940431859186097  0.88295028729825287
  0.88627322701072597  0.89104962805486498  0.89457393868623025  0.89835976499736325
  0.90317197639419966  0.90857796473378338  0.91290286375694096  0.91691911798905701
  0.92498455723122230  0.93162484363656151  0.93712609582223694  0.94196679094863389
  0.94662901472365579  0.95241828201453915  0.95695150064738110  0.96059203735187504
  0.96390674169955859  0.96707807591003214  0.97016455235587862  0.97428995482116876
  0.97853923783810737  0.98205110869077517  0.98601399966880265  0.98861849448678629
  0.99168380366334852  0.99383370537180227  0.99614573946666807  1.00000000000000000
  0.00029010436903983  0.00031440492629556  0.00033869705830003  0.00036097825727143
  0.00038106498361394  0.00040101190836865  0.00041958905969363  0.00043699456015299
  0.00045371114264102  0.00046968373992601  0.00048482966787223  0.00050030542625982
  0.00051628200721493  0.00053429192535039  0.00055122936855388  0.00056761640800725
  0.00058358740436721  0.00059901642595753  0.00061529505257671  0.00063131973401169
  0.00064698784633660  0.00066204345167470  0.00067643554905480  0.00069067474808432
  0.00070576218450887  0.00072321329634598  0.00074563969320407  0.00076836791995132
  0.00078414850594711  0.00080016329597867  0.00081684770050291  0.00083425827203999
  0.00085424034185282  0.00087853460889971  0.00090343819525143  0.00092740663411706
  0.00095002394660593  0.00097102150331194  0.00099223333272618  0.00101355977929469
  0.00103557464203277  0.00105779003273805  0.00107994670432913  0.00110172492319692
  0.00112544517313522  0.00115977082413911  0.00121112915851360  0.00126769999439619
  0.00132732166054453  0.00138828062147885  0.00144835799811983  0.00150425056874809
  0.00155478047874593  0.00160642786178756  0.00165454590117571  0.00170229783819373
  0.00174815654903368  0.00179463828418298  0.00184994152391237  0.00191620656235909
  0.00198448597573756  0.00204567593629127  0.00210420740403597  0.00216887869376113
  0.00224338459276476  0.00233185542685936  0.00239507917464353  0.00246046710202185
  0.00253179738033749  0.00261286081140167  0.00270719231038964  0.00283418704094225
  0.00299431664421357  0.00316647265728066  0.00333111977708060  0.00347677820290797
  0.00362583358561393  0.00379950004626237  0.00406533488254219  0.00441486907563833
  0.00468169651644607  0.00487620608195508  0.00497667674106031  0.00507730045382762
  0.00521303917608227  0.00541323495782689  0.00562829818198635  0.00583856621045278
  0.00634475594851327  0.00720689483445828  0.00927041047587709  0.01351524195325216
  0.01734623542966371  0.02015726953587976  0.06248300530652827  1.00000000000000000
 -0.00131523079652017  0.00417592101283566  0.00771794285298672  0.01076748441487643
  0.01380271029775280  0.01697089341823576  0.02055608755867050  0.02456158321507370
  0.02863818487925818  0.03221982771604589  0.03512906073338522  0.03782938928926277
  0.04071198977365404  0.04374624699716385  0.04673427612800526  0.04965582548937932
  0.05261125957304888  0.05586270334469706  0.05984788363697979  0.06419513251232714
  0.06847686357574091  0.07306925126635833  0.07838601308698433  0.08372531323435894
  0.08850503065059820  0.09195265468905596  0.09425137182765186  0.09695232703464948
  0.10090718024165171  0.10507118997463423  0.10922242253906878  0.11359680243630860
  0.11741941242107337  0.12022714085969947  0.12299295999508421  0.12541820829305750
  0.12868841366824069  0.13147015003091950  0.13616414701009014  0.14107583330116913
  0.14774598222366014  0.15970583880695507  0.17850973472284609  0.20670403483468480
  0.23600426714066919  0.26450281352524929  0.29174703751376624  0.31819353713693982
  0.34787690382944181  0.38323251061340730  0.42554632868512948  0.47713201627375029
  0.56627023423199951  0.61873440456649198  0.64799120866104554  0.67133886964668188
  0.68865638784610206  0.70410033785220139  0.72206498182719070  0.74163817097823637
  0.75890120443633324  0.77413852239874181  0.78762575472299357  0.80190592525455839
  0.81613867456867084  0.82925870675571756  0.84070227594308722  0.84969525639044718
  0.85731652590782104  0.86516529509585827  0.87273721754339628  0.88018687333466361
  0.88626177693702624  0.89077457027290663  0.89577843824087333  0.90163907387123110
  0.90826855484435265  0.91531527720037864  0.92248683267317388  0.92895672144581176
  0.93386093736972875  0.93860104976566827  0.94328718565652181  0.94816011913273723
  0.95296414859920198  0.95762248259174110  0.96192366651504302  0.96636841470725321
  0.97057610128746230  0.97481922085286110  0.97878424212769033  0.98232910426566367
  0.98630735514881895  0.99037818795232202  0.99470502690702256  1.00000000000000000
   4.2304880994913348E-011  -1.0000000000000000     
 T T T F F F T T T F F F T T F F F F T T T F F F T T T F F F T T T F F F T T T F F F T T T F F F T T T F F F T T F F F F F F F F F F F F F F F F F T T F F F T T T F F F T T T F F F T T T F F F T T T F F F T T T F F F T T T F F F T T T F F F T T T F F F T T T F F F T T T F F F T T T F F F
