  0.00199631144854519  0.03494367407549634  0.06015150972202435  0.08000198763425670
  0.09746705190554855  0.11298591837360115  0.12691493442538335  0.14002122513341200
  0.15229400317863506  0.16398649667817980  0.17547335545140716  0.18668211863701692
  0.19747884477714692  0.20803589037846851  0.21831796956991531  0.22842186151200317
  0.23817456574827500  0.24775089864905017  0.25718249074023197  0.26650468781135062
  0.27559278005136323  0.28447712086415572  0.29324646218276534  0.30186612086204617
  0.31041751586945460  0.31891773508059768  0.32737356392023859  0.33574831047930837
  0.34401619833109620  0.35224167208995094  0.36051393407604038  0.36882929425840427
  0.37706242107712551  0.38512572842517562  0.39306625093871311  0.40137204220923722
  0.40980505981205345  0.41809778275402709  0.42626252105636009  0.43442828298995179
  0.44268568003917708  0.45099541584996605  0.45926545398728669  0.46747435898559547
  0.47569007566960853  0.48368986359783606  0.49150499226590016  0.49934347503544074
  0.50709251698520408  0.51483907416924413  0.52250982343784280  0.53011369235671846
  0.53774521339036763  0.54548734226910034  0.55333933876434616  0.56120594120393763
  0.56897443385738899  0.57668000995388979  0.58443241663590351  0.59221148206837948
  0.60001248412244468  0.60785282643548566  0.61573938943245676  0.62366483341887602
  0.63154615601257669  0.63945341678827572  0.64740698536191299  0.65540622657791769
  0.66343626007997192  0.67162198455297395  0.67992353279015072  0.68833496988909293
  0.69697221158680855  0.70572986929487380  0.71463273569182684  0.72369421814525015
  0.73278468179878564  0.74187725970242246  0.75115332094998222  0.76105047910755363
  0.77106340407330953  0.78102089067514580  0.79113073505849618  0.80168509091328610
  0.81247407386833215  0.82344495070363855  0.83471168669771623  0.84684170742231923
  0.85945745096051507  0.87318179754669600  0.88790437757316687  0.90376688827551210
  0.92101871878057784  0.94072437149323940  0.96569992896501233  1.00000000000000000
 -0.00232975786777926  0.00944589959737677  0.01943442450252787  0.02971511948718369
  0.03998682301642243  0.05023972480865134  0.06033160261638885  0.07138883438220477
  0.08258952456324248  0.09336550570340824  0.10411177167142407  0.11431629196835791
  0.12468930586889578  0.13460778724732997  0.14457612506386153  0.15496725892455360
  0.16524451780507046  0.17549609719152640  0.18561862995399472  0.19610729342703104
  0.20663418996478411  0.21730928886724352  0.22803869613990801  0.23864761208487040
  0.24929011989008051  0.25936574128966949  0.26948220640592740  0.27947385467719782
  0.28948323303467577  0.29954824559637822  0.30965688506048944  0.31989573915452635
  0.33027878544123568  0.34067938578461071  0.35109093688527049  0.36159375592824972
  0.37218336471560254  0.38289564119845076  0.39374893520483767  0.40464161490375267
  0.41562815845161594  0.42649065261041413  0.43735292773797591  0.44827082806055130
  0.45920542428839417  0.47017054040103995  0.48105970082744409  0.49199413402459813
  0.50289858766582463  0.51365283225696379  0.52439835580898919  0.53502496920771814
  0.54585092979129868  0.55697034843876525  0.56789114164057619  0.57878083261926117
  0.58961994658694838  0.60048097288780933  0.61115315182044194  0.62182693382446075
  0.63249207042564370  0.64315086421634449  0.65401702343929791  0.66480022627075952
  0.67566790621429518  0.68649829239446725  0.69748646520588953  0.70840455609530861
  0.71916306744399217  0.72985480016296145  0.74053239308044172  0.75104119529078628
  0.76135365939739230  0.77154700461119596  0.78158204472734638  0.79160200988528973
  0.80159571790628192  0.81164208933997184  0.82179034822773966  0.83186295878170469
  0.84224365492173559  0.85254787855015168  0.86269155948671705  0.87287388891580264
  0.88305434483286649  0.89327256974465374  0.90340785401317691  0.91346566316304134
  0.92376504979688434  0.93423225428367695  0.94504474164260355  0.95620042503946057
  0.96731772440781572  0.97845334931534200  0.98921517206861675  1.00000000000000000
   2.0391806760609346E-009  -1.0000000000000000     
  <DiscreteSampler_grid>
  Helicity
  1 # 1 for a reference and 2 for a running grid.
  20 # Attribute 'min_bin_probing_points' of the grid.
  1 # Attribute 'grid_mode' of the grid. 1=='default',2=='initialization'
  0.0000000000000000 # Attribute 'small_contrib_threshold' of the grid.
  0.5000000000000000 # Attribute 'damping_power' of the grid.
 # binID   n_entries weight   weight_sqr   abs_weight
    1   382   3.341371785268699E-012   1.917365960446364E-023   3.341371785268699E-012
    2   23   1.100438150879727E-012   1.952205594531386E-024   1.100438150879727E-012
    4   350   2.122586675767340E-012   8.188850690026398E-024   2.122586675767340E-012
    5   7293   3.482116795883922E-009   1.663464613670560E-017   3.482116795883922E-009
    6   26   1.233839085353824E-012   5.188046929217590E-024   1.233839085353824E-012
    7   20   1.603990810960524E-012   6.744461007985652E-024   1.603990810960524E-012
    8   5261   2.480094520413702E-009   8.459628865505589E-018   2.480094520413702E-009
    9   313   3.424404683077388E-012   1.982913058373808E-023   3.424404683077388E-012
    11   24   1.054586561259738E-012   1.870863694759245E-024   1.054586561259738E-012
    12   381   2.113113210395371E-012   8.346589948881290E-024   2.113113210395371E-012
  </DiscreteSampler_grid>
