 -0.00499370186927882  0.01725146519269955  0.03609790923248246  0.05311762707239369
  0.06887511270672972  0.08345873871199271  0.09786800271117906  0.11284953773641905
  0.12729427989362849  0.13977992583334525  0.15126512784559901  0.16241827730580252
  0.17362289755448626  0.18501839161503883  0.19648495532297403  0.20767067494679975
  0.21819533570499955  0.22796989336504939  0.23801297483987419  0.24861801274277823
  0.26055289941846410  0.27386682969592874  0.28583828631222336  0.29616855205190223
  0.30622025161854788  0.31638680562512644  0.32610943905630291  0.33644507114521122
  0.34674617086713111  0.35854772239642457  0.37032615785824480  0.38137157963122509
  0.39174275866246827  0.40237376395270963  0.41337854866227974  0.42436075483515906
  0.43520911997592604  0.44487308154171801  0.45351179660446911  0.46158280213151570
  0.46969393705026413  0.47972329053233437  0.49119756321759322  0.49985750299018411
  0.50837875214985950  0.51668180016224319  0.52493929273463247  0.53479305785109010
  0.54412169551222711  0.55298701487606905  0.56330759495974225  0.57341227151044216
  0.58371872765302180  0.59394111512121361  0.60491249631166910  0.61759614729793699
  0.63064254530155783  0.64399796646127971  0.65732753090234464  0.66930338321840965
  0.68132626355327752  0.69271611933599553  0.70352685239135204  0.71411251640997564
  0.72464429417516640  0.73521320124249268  0.74556054667143301  0.75552756304086155
  0.76539537918091671  0.77553031279455675  0.78640950819594357  0.79789540964380967
  0.80968103585355922  0.82109357421208351  0.83139384313742082  0.84153925072878089
  0.85171975784186094  0.86311058351433956  0.87430334546393240  0.88084006035818552
  0.88642033924844976  0.89170010332038885  0.89637352269137993  0.90114452675536494
  0.90666564312991826  0.91189980878320420  0.91772629660209704  0.92419708584894367
  0.93070425277117508  0.93703505977439583  0.94670142441113270  0.95791645458430918
  0.96834884784720543  0.97874717709305692  0.98897861559521139  1.00000000000000000
  0.00000040906378234  0.00000059430046675  0.00000074002307815  0.00000088767527572
  0.00000103689187062  0.00000118708688433  0.00000133930131948  0.00000154760660328
  0.00000178911334369  0.00000205151417032  0.00000232196119799  0.00000265986795588
  0.00000308240241003  0.00000360129538523  0.00000397983821302  0.00000431405746157
  0.00000471212086567  0.00000515099967540  0.00000571973568378  0.00000631899355738
  0.00000691817158012  0.00000752368613982  0.00000811525245358  0.00000872884232554
  0.00000940766237306  0.00001012947722462  0.00001087218348287  0.00001166463211614
  0.00001257189638915  0.00001358633220005  0.00001463759006932  0.00001573946819002
  0.00001695479163158  0.00001829654569175  0.00001977357395506  0.00002136863807797
  0.00002302537689844  0.00002478685020235  0.00002658254616473  0.00002892657061799
  0.00003269403045652  0.00003674748092911  0.00004105740143819  0.00004575979867579
  0.00005132010145241  0.00005738535620195  0.00006369207846626  0.00007072800977978
  0.00007954280698925  0.00009048666003546  0.00010232633154873  0.00011516487882909
  0.00013013419814392  0.00014833142339197  0.00017044748933347  0.00019775939004521
  0.00023365452947312  0.00027910605436005  0.00033240712664170  0.00039342700958490
  0.00046832723665566  0.00056057759678870  0.00067053019631128  0.00081122098838708
  0.00098101397287092  0.00119249859697878  0.00147071614542640  0.00178222516799901
  0.00213145692555747  0.00260982107704142  0.00330172470047345  0.00412730371475680
  0.00509939216878288  0.00666640265394525  0.00873437103214154  0.01083450938246511
  0.01403943627028354  0.01886017239258907  0.02480916357649672  0.03372690515189431
  0.04633094933770690  0.06522066125712875  0.09498879147532412  0.14031586700820692
  0.19226190172750013  0.25613544070763838  0.34561342870921330  0.45169335374239539
  0.54556891004084296  0.62428501930314706  0.69571695663862654  0.73458945455153635
  0.78010607350390604  0.83502019051684173  0.90279907533219661  1.00000000000000000
  0.00000002062278997  0.00000005423617264  0.00000007199623965  0.00000009288060682
  0.00000012070399059  0.00000015497945240  0.00000019768523156  0.00000024863906901
  0.00000030489876374  0.00000036176262460  0.00000042505083078  0.00000049589259817
  0.00000058243318859  0.00000069392758153  0.00000082988437952  0.00000100117983385
  0.00000120474802821  0.00000143292220405  0.00000166916438347  0.00000190617363920
  0.00000215931633470  0.00000241844060373  0.00000267563188115  0.00000294690953040
  0.00000325202429805  0.00000357428417534  0.00000396612539168  0.00000441860037520
  0.00000490450272611  0.00000543759636356  0.00000596435901742  0.00000650927089311
  0.00000707458515112  0.00000768995075149  0.00000854427369807  0.00000960684841555
  0.00001077957272811  0.00001202390097210  0.00001326353827724  0.00001455213361430
  0.00001612301739624  0.00001774256943270  0.00001980253786467  0.00002215242165376
  0.00002482902350318  0.00002790006450387  0.00003149591112545  0.00003568019417182
  0.00004038536209173  0.00004560634218511  0.00005139957040616  0.00005738673506665
  0.00006324382102717  0.00006984266798587  0.00007745636491284  0.00008626026668847
  0.00009667866103465  0.00010977215885664  0.00012440600859777  0.00014247311273621
  0.00016350751160552  0.00018863471253042  0.00021676330138893  0.00024789880842163
  0.00028365411483912  0.00032173657512705  0.00035453858776539  0.00038371442626979
  0.00041515381974410  0.00044866521676297  0.00048656026131609  0.00052687212662212
  0.00057033923607109  0.00062500130881610  0.00068330444853521  0.00073196536893582
  0.00079715472813087  0.00089006542118777  0.00099776803286221  0.00113138173959360
  0.00126996482555778  0.00142741810367253  0.00161199688646233  0.00182352958191315
  0.00208070350405136  0.00238797130588178  0.00276738307674277  0.00322100201508369
  0.00375612255804424  0.00437796084880522  0.00506706620555158  0.00583438198479322
  0.00686221941558338  0.00807153376261455  0.50863007859210752  1.00000000000000000
 -0.00697807745786783  0.10736509828690952  0.17048002213954563  0.21163714344685597
  0.24835167396940358  0.28066849891149515  0.30619555495960427  0.32842694902826175
  0.35057542647079259  0.37261503435782817  0.39213678967012267  0.41050089427924469
  0.42775223081822339  0.44268756696028339  0.45904488398174276  0.47403882831775468
  0.48962995456297487  0.50335414426311031  0.51643945374137279  0.52902122354496273
  0.54145387454123051  0.55452036343569211  0.56801272729995522  0.58122271744829157
  0.59274954005183500  0.60358271303840627  0.61462012572533320  0.62561601685543222
  0.63576023990113106  0.64509238539837288  0.65432477024927715  0.66334213047198609
  0.67077545321273180  0.67748616035793741  0.68447064584342521  0.69126527122687143
  0.69855245206124628  0.70766092412378767  0.71521933044817620  0.72216818787763948
  0.72893098784562027  0.73567572171890228  0.74235590341881763  0.74930710666266187
  0.75662307731216283  0.76371477558059664  0.77054298252270370  0.77659913135894376
  0.78360020769155891  0.78990397767311649  0.79568804772084623  0.80130611605237323
  0.80667816061535091  0.81212473492329507  0.81778311362416878  0.82340585645545517
  0.82924149995932028  0.83561272317237678  0.84064526216943780  0.84631529878165779
  0.85193266692016878  0.85743248800182070  0.86268580781414939  0.86772564236633820
  0.87250468785486879  0.87656347141280211  0.87899294707380149  0.88246327125050128
  0.88612692675381921  0.88991134070161915  0.89385920523163165  0.89789980979147399
  0.90180088162231120  0.90557835968375322  0.90960126109919637  0.91299618418043771
  0.91621534442664665  0.91929262687729230  0.92261404454956519  0.92608954373300689
  0.92960520381060374  0.93307213119033527  0.93637357148871814  0.94113295498759719
  0.94678437332258214  0.95222255303308168  0.95712586330064919  0.96193509039363867
  0.96682612129215051  0.97158669091711058  0.97602210340476758  0.98037993711594285
  0.98465149511455308  0.98922724940217177  0.99440030595142281  1.00000000000000000
 -0.00221858416027969  0.00863394844185425  0.01937799334706690  0.02954248928126987
  0.03908131242531475  0.04914293025871302  0.05749164324456713  0.06586465892585737
  0.07443746228064686  0.08349900510974571  0.09313888593730947  0.10379470578496161
  0.11514372596077069  0.12624065729723416  0.13723700776319389  0.14909424241554620
  0.16213694644460774  0.17578827194053093  0.18889993492239116  0.20114594866821589
  0.21282283350898323  0.22435608460054449  0.23608583094921046  0.24763076586750618
  0.25861367325423879  0.26879430307659957  0.27854161450688097  0.28855493590162479
  0.29684938090994784  0.30543674341621091  0.31460538448663133  0.32319700440323368
  0.33168711277587415  0.34046759669767063  0.34965126983534950  0.36034172169343559
  0.37209279140217510  0.38466713265076929  0.39720774162840999  0.41114189823518793
  0.42310060878902589  0.43358884657153518  0.44408396950758894  0.45468412324430779
  0.46662734598604771  0.47752908732045335  0.48536719780078785  0.49217630613587554
  0.49816735867311868  0.50390079531758092  0.51008919982950462  0.51680210761346512
  0.52340993321174079  0.52988761545394225  0.53606734290758906  0.54348027057679105
  0.55413411347549635  0.56639111101868533  0.57851843103739287  0.59004519018430734
  0.60129491070603613  0.61302181273370782  0.62535330496741037  0.63716513491642779
  0.64807489086008874  0.65963530268718629  0.67199181102616545  0.68430358010970282
  0.69582869999445907  0.70706013831608738  0.71905873338109927  0.73186222592000172
  0.74522907204826461  0.75757204760018637  0.76917876288171827  0.78037920301091379
  0.79212307396784365  0.80374264759556235  0.81420173942775054  0.82399290895794530
  0.83358630044835258  0.84432399401562497  0.85595500579095207  0.86742632305239498
  0.87850825211772676  0.88842470973602039  0.89766531866000610  0.90732221788389900
  0.91719119376201907  0.92885889162147495  0.94143771185378144  0.95359896787770160
  0.96486205558101468  0.97599918037378963  0.98764297376815979  1.00000000000000000
 -0.00372340347274444  0.01286704937216747  0.02438878764711779  0.03581495841810268
  0.04719309354332070  0.05893013265734307  0.07039905143966696  0.08146167115899776
  0.09180735447243540  0.10218265055411067  0.11416941491707946  0.12704313100299794
  0.13964273044381681  0.15167745660166096  0.16364645328247981  0.17579573617834979
  0.18823422069760853  0.20112945406869448  0.21397977121680339  0.22617438975596654
  0.23785690408797630  0.24872056327348382  0.25978356279603471  0.27054995176639235
  0.27954299284256190  0.28755137379109935  0.29535740588980292  0.30371896069329640
  0.31339136931780565  0.32319445977007011  0.33334524633485790  0.34482555250905489
  0.35655850114702553  0.36714829859421277  0.37713001305654981  0.38748850009596791
  0.39849781646588867  0.40927558820613819  0.42027092942337518  0.43119151674555134
  0.44178433519608273  0.45205924210331538  0.46235727351061207  0.47308211125993793
  0.48383272689203849  0.49390121057073544  0.50254100649168132  0.50927933691308691
  0.51592522715690770  0.52194222230456100  0.52799603462345690  0.53494433621005344
  0.54182358189412927  0.54829751117682413  0.55350978124729322  0.55831358104156281
  0.56527649431574822  0.57578503425753791  0.58703523801786583  0.59801241303675745
  0.60896055306475960  0.61994165985326777  0.63082415135974323  0.64175330823339949
  0.65244396697507967  0.66320040142793091  0.67377143595465006  0.68530265483609543
  0.69506784716725922  0.70481081778302368  0.71470622238158166  0.72354568840503908
  0.73318357769839970  0.74424859416605049  0.75507294270764291  0.76594290104230378
  0.77808365360959375  0.79008432336028100  0.80241805657622967  0.81501353466185344
  0.82791506683625671  0.84005487664988088  0.85194935239243141  0.86414576327446746
  0.87623808941764991  0.88667122269626397  0.89664396712385486  0.90678207866940708
  0.91712152974086847  0.92730731866735383  0.93829324053004448  0.95085376900809526
  0.96330320051273499  0.97559295266900259  0.98734693473402291  1.00000000000000000
  0.00026132121190741  0.00035501230573784  0.00049413283172457  0.00066764622820418
  0.00086319440019544  0.00107107132829332  0.00127821137128764  0.00149139658471349
  0.00173266010630416  0.00201937941559465  0.00237076084022005  0.00270050647999658
  0.00303585750883055  0.00343531810222386  0.00391369456742425  0.00441427112872361
  0.00494719434710044  0.00554983721877715  0.00620861207688329  0.00683992313250492
  0.00749310678716333  0.00816559129210166  0.00885395057968480  0.00960053942045732
  0.01036342295056581  0.01114852014131418  0.01201510864297745  0.01292499445522702
  0.01382414067918156  0.01476311104307050  0.01587624929336830  0.01726455163150186
  0.01860632719024012  0.02001070995725250  0.02157413143636453  0.02329057758176837
  0.02511868982293235  0.02695464963924271  0.02890934786163203  0.03110821722936207
  0.03343226745655315  0.03588548046219746  0.03825362037619796  0.04061051329195385
  0.04353961326302285  0.04754430109878863  0.05160749060805905  0.05601435106037878
  0.06095301727291699  0.06630079604266345  0.07211453763260717  0.07821957999478837
  0.08483620521508438  0.09258586586241641  0.10066106348701413  0.10955756556925957
  0.11920591607500883  0.12974396803905169  0.14148392164280393  0.15368830965896263
  0.16582017462908494  0.17851651835387630  0.19317779834127599  0.21003174194948371
  0.22776843486424175  0.24720661548993897  0.26760207380801737  0.28965853520165397
  0.31198149093949623  0.33711466269213031  0.36397858724805671  0.39555891785169012
  0.42860833331062392  0.46461432912817147  0.49766869375633815  0.53021955362600226
  0.57620476443443358  0.62222224925321412  0.66423774625704957  0.70036484799535259
  0.73289460097993353  0.76691195379372934  0.79651527291147428  0.82353904746558815
  0.84735236436895189  0.87053098347493274  0.89430172438646971  0.91481456894583801
  0.93166741641340700  0.94560485164225139  0.95687655569611185  0.96589393569732651
  0.97354343205648952  0.98203243307992349  0.98441986449152141  1.00000000000000000
 -0.00381168464575103  0.01454077644781685  0.03035568761974773  0.04551216411088888
  0.05957213921466064  0.07210073086891082  0.08469779952270312  0.09540477955449134
  0.10536431228039189  0.11665892745128616  0.12782454431376380  0.14027599981259778
  0.15354540553563259  0.16639050620329557  0.17931152043663554  0.19253318372874417
  0.20638416056037412  0.22095472424396029  0.23593501973463060  0.25040719488997987
  0.26355806534602233  0.27524760450953328  0.28581642069084423  0.29624369212415380
  0.30741145953975563  0.31902751060213691  0.32939941852163551  0.33890450199200034
  0.34807294699121638  0.35752079466110981  0.36555461381765408  0.37247530957361291
  0.37961265705369401  0.38706911563806778  0.39471384211941551  0.40306283783884533
  0.41157967262547618  0.41912912048953266  0.42749742049469075  0.43705796825467463
  0.44685667662869638  0.45686121633427718  0.46699923709564167  0.47689115115961694
  0.48699838353065256  0.49660714210823959  0.50508087335557117  0.51299157882498092
  0.52086338801288967  0.52928382970254773  0.53845578955022610  0.54800527899269258
  0.55778756924097472  0.56727938275161605  0.57687812911574932  0.58634948840301071
  0.59601764756180919  0.60467166945298279  0.61081477509758064  0.61681488471406554
  0.62265083465065862  0.62809222572531254  0.63295493596510966  0.63880770079041416
  0.64517160088821157  0.65098168362503439  0.65631889046809189  0.66183416317237553
  0.66829929313469572  0.67809652163437328  0.68982865688001260  0.70098048195651563
  0.71346731583444778  0.72274796353064441  0.73290755640917693  0.74329575437763995
  0.75479056020024204  0.76847288468626151  0.78270212141198359  0.79702024465254950
  0.81073844464979661  0.82334122050672820  0.83474990305657470  0.84737686728630901
  0.86127408559920116  0.87727279633127508  0.89235597096944852  0.90741713253178991
  0.91925356370294231  0.93030721832487606  0.94257049035633822  0.95428336333871244
  0.96441541930564556  0.97448587236880180  0.98551649094388005  1.00000000000000000
   9.9685494178759646E-010  -1.0000000000000000     
 T T T F F F T T T F F F T T T F F F T T T F F F T T T F F F T T F F F F T T T F F F T T T F F F T T F F F F F F F F F F T F F F F F F F F F F F F T T F F F T T T F F F T T T F F F T T T F F F T T T F F F T T T F F F T T T F F F T T T F F F T T T F F F T T T F F F T T T F F F T T T F F F
