 -0.00221342212985353  0.00860487116007960  0.01812647261534129  0.02825383178853446
  0.03861539670444495  0.04907435364154260  0.05973434503992189  0.07052959004015702
  0.08151157150075217  0.09224661929648938  0.10283911928156061  0.11310114981506128
  0.12359652340343960  0.13396588548095373  0.14462952141800134  0.15530243245080161
  0.16637927579075229  0.17719907969471094  0.18793216164910787  0.19822949557312472
  0.20859957138815469  0.21874897709567429  0.22889372604141661  0.23901753085780617
  0.24941974100729189  0.25992981452333286  0.27030280701562193  0.28055659745933126
  0.29095990054535975  0.30142562422633562  0.31198595381150951  0.32242712733718348
  0.33305909498966185  0.34374737180855924  0.35454058726073762  0.36520612632091370
  0.37569879043411269  0.38613831852024116  0.39658208392936412  0.40710584963321056
  0.41752407932243057  0.42797624071124285  0.43849366000000717  0.44896696917467938
  0.45942298958195682  0.46986415168423556  0.48037557507857215  0.49088939090093087
  0.50144617325529550  0.51208738274338228  0.52270978500080978  0.53344625324664297
  0.54413298549748346  0.55473417240665890  0.56528299379274383  0.57578073737230151
  0.58632523156092053  0.59663080344544450  0.60704799375980212  0.61766049940324164
  0.62836750739168135  0.63904071839426346  0.64962976944536543  0.66031341425339718
  0.67095183750178922  0.68159830590528747  0.69211462831314641  0.70269028361067765
  0.71316505008652920  0.72364624046294102  0.73408940017857649  0.74442818752543793
  0.75454426118167495  0.76468201992494711  0.77509796240534579  0.78594448995428157
  0.79674006649376317  0.80733862804200307  0.81786025360626391  0.82868544942094746
  0.83954655853944593  0.85014869027185791  0.86069499670995309  0.87105059327689704
  0.88168985668742772  0.89207459165322511  0.90310495109239830  0.91424507706429003
  0.92510616763562692  0.93563430063942243  0.94614160851451290  0.95658215014144743
  0.96732795278086359  0.97778888754042592  0.98892459370899100  1.00000000000000000
 -0.00244716142986966  0.00951793746881917  0.01986692708144913  0.03049144387839357
  0.04137153559198121  0.05251485907080636  0.06360744378610390  0.07439823431012109
  0.08497435232119040  0.09523727880292363  0.10544894621077483  0.11575460685995759
  0.12625263282314148  0.13685595238255344  0.14760601316635732  0.15829007578622267
  0.16876772268935267  0.17909397499637705  0.18949888802674486  0.19988740251863463
  0.21021925240625425  0.22043130866433566  0.23087632920166232  0.24159412179502227
  0.25252000813355946  0.26327414897069734  0.27386146764485908  0.28448504479042264
  0.29544282104824138  0.30630435251072141  0.31706217605308440  0.32762401322857410
  0.33823278460123313  0.34847357395344108  0.35869886081541763  0.36883883975786252
  0.37925012601967617  0.38964706914025998  0.40012323246285092  0.41049698498108400
  0.42092711863225063  0.43116817192032225  0.44126141246457490  0.45140921185652949
  0.46173932758366487  0.47214967320756002  0.48245638272104413  0.49287178074161742
  0.50345198494747767  0.51412909671115614  0.52481996359331662  0.53544722605755657
  0.54602290233899964  0.55655978226011427  0.56697941812274444  0.57719897513614293
  0.58719513129397660  0.59731037099429052  0.60764375628037048  0.61820344807598060
  0.62886586125155619  0.63941298975428340  0.64982160404891642  0.66014752224710804
  0.67061940979387202  0.68115839180667881  0.69169666266076935  0.70232835389307213
  0.71323472216966799  0.72428428119794719  0.73514146784017065  0.74582005861212008
  0.75637126333753746  0.76689015195508603  0.77743537386245742  0.78818894632269265
  0.79889018625662589  0.80938668479825271  0.81984151378468728  0.83046132025866637
  0.84102490610791381  0.85130649646924350  0.86177684677502930  0.87223083283986613
  0.88324276859561623  0.89386649284421560  0.90460759443790228  0.91528038044170079
  0.92609284605824793  0.93722049737460900  0.94802908105190653  0.95908245273204096
  0.96969044292097217  0.98011397145256451  0.99014431460594554  1.00000000000000000
   1.0451445935410531E-006  -1.0000000000000000     
  <DiscreteSampler_grid>
  Helicity
  1 # 1 for a reference and 2 for a running grid.
  20 # Attribute 'min_bin_probing_points' of the grid.
  1 # Attribute 'grid_mode' of the grid. 1=='default',2=='initialization'
  0.0000000000000000 # Attribute 'small_contrib_threshold' of the grid.
  0.5000000000000000 # Attribute 'damping_power' of the grid.
 # binID   n_entries weight   weight_sqr   abs_weight
    1   2973   7.362097436621233E-007   1.367534730501997E-012   7.362097436621233E-007
    2   20   1.618264292733214E-022   3.204990586426915E-044   1.618264292733214E-022
    3   20   1.618264292733215E-022   3.204990586426916E-044   1.618264292733215E-022
    4   1685   4.424741907164414E-007   4.659162604720977E-013   4.424741907164414E-007
    5   2812   7.223078081169379E-007   8.462104899597696E-013   7.223078081169379E-007
    6   20   1.346927905092369E-022   3.422335546067610E-044   1.346927905092369E-022
    7   20   1.346927905092369E-022   3.422335546067610E-044   1.346927905092369E-022
    8   1851   4.551733131966399E-007   3.431603134951581E-013   4.551733131966399E-007
    9   2621   6.979794866375588E-007   1.163379534557195E-012   6.979794866375588E-007
    10   20   1.618264292733215E-022   3.204990586426916E-044   1.618264292733215E-022
    11   20   1.618264292733214E-022   3.204990586426915E-044   1.618264292733214E-022
    12   2038   4.917112877375093E-007   5.923073343274393E-013   4.917112877375093E-007
  </DiscreteSampler_grid>
