  0.00028043997546390  0.00032785734889745  0.00036584175217416  0.00039511850921716
  0.00041187189907774  0.00042950789308349  0.00044724361737404  0.00046429992688655
  0.00048036292029503  0.00049623449484455  0.00051023632467557  0.00052369143528587
  0.00053841643250467  0.00055436280542804  0.00056763502672786  0.00057990432489325
  0.00059207950039159  0.00060438680310169  0.00061722294726056  0.00062999219711712
  0.00064322092390268  0.00065854795013106  0.00067613937263684  0.00069619778553343
  0.00071903219041428  0.00074373719709158  0.00077090557130014  0.00080002177450702
  0.00083155752815013  0.00086479945669372  0.00089459541375602  0.00092010860763046
  0.00094434348948742  0.00096899689467381  0.00099480499667228  0.00102060256053935
  0.00104981552229485  0.00108146182905067  0.00111491665313432  0.00115043377078436
  0.00118925566187239  0.00123119938749225  0.00127013758603114  0.00131500639660784
  0.00136447852779658  0.00141607583655132  0.00146880146716992  0.00151722658337212
  0.00156867078270427  0.00161168016614591  0.00164383867976977  0.00167110593973316
  0.00169970935744215  0.00173080343736913  0.00176558795140080  0.00181557317631571
  0.00186766395431406  0.00191303159461101  0.00195777811220777  0.00200761887287054
  0.00205721881734238  0.00210614518434831  0.00216857024168936  0.00225300233046878
  0.00237746923612020  0.00251586997901086  0.00267229998017822  0.00285319585842160
  0.00304566509088032  0.00322835595351460  0.00339552432875147  0.00353913648446895
  0.00368924649995674  0.00383535738774682  0.00398791655320260  0.00414708214073090
  0.00433386968092326  0.00456187902072945  0.00477994710230541  0.00493758916203052
  0.00515260117129675  0.00556055172150334  0.00606381874796054  0.00663443677973590
  0.00732634787267201  0.00814531895030734  0.00915688090240152  0.01099910231751792
  0.01480387673957056  0.01771011926898906  0.02035007323115800  0.02625273081050526
  0.03686154168881925  0.05698986668665108  0.07995194131806840  1.00000000000000000
 -0.00000045915948217  0.00000113736040201  0.00000345418375034  0.00000643604874877
  0.00001007203888517  0.00001541374797388  0.00001980365908949  0.00002369941361136
  0.00002685259254917  0.00002956431514143  0.00003235737219626  0.00003549801147086
  0.00003898950192160  0.00004262586496451  0.00004684334920730  0.00005121337170310
  0.00005553218341312  0.00005965506322365  0.00006349661054310  0.00006587077258433
  0.00006879903839112  0.00007214834351753  0.00007481103817015  0.00007733999905791
  0.00007914288288517  0.00008113731293003  0.00008491350467783  0.00008956247948291
  0.00009480290729079  0.00010026445767893  0.00010501685154080  0.00011013049517050
  0.00011588378402911  0.00012300892841399  0.00013133509954457  0.00014068951831089
  0.00014911397501623  0.00015526005270326  0.00016038514380961  0.00016568243674799
  0.00017151424683358  0.00017876918401536  0.00018715564031258  0.00019224851908789
  0.00019601473858555  0.00020132496717510  0.00020648006456130  0.00021191259411878
  0.00021711777235453  0.00022210638969237  0.00022770663580163  0.00023430071185752
  0.00024230310150281  0.00025163903339846  0.00026083014809376  0.00026858548211269
  0.00027567166311881  0.00028268021711518  0.00029107290248540  0.00030102217144419
  0.00031276235846877  0.00032340533539622  0.00033432797709688  0.00034881606203478
  0.00036403729238258  0.00037662932355675  0.00038844323909228  0.00039944481433089
  0.00041556401292495  0.00043146427474611  0.00044549652879960  0.00045990985135213
  0.00047679806256001  0.00049792066179714  0.00051543577030634  0.00052330551970236
  0.00056184011746989  0.00059845487682031  0.00063568675352874  0.00067058591966146
  0.00070343019669025  0.00073672345190804  0.00077181668335790  0.00081541494383235
  0.00087101811643534  0.00096178703837692  0.00110995259431814  0.00132706281397350
  0.00164968408682764  0.00212729573705865  0.00287834939980791  0.00340682539478678
  0.00420830516395887  0.00867393882524106  0.91041618688143333  1.00000000000000000
 -0.00000464887806285  0.00002420408808099  0.00003229246015171  0.00003972730976903
  0.00005421749611418  0.00007212640542625  0.00008519720569203  0.00009540764655975
  0.00010238617660065  0.00010906640901351  0.00011509718344672  0.00012139771302865
  0.00012748874483564  0.00013434802190242  0.00014291277109824  0.00015214567758534
  0.00016104707649199  0.00017020524893247  0.00017874118575408  0.00018411626398693
  0.00018989904247298  0.00019595501849755  0.00020202937095709  0.00020709694678853
  0.00021308750522893  0.00022178012656789  0.00023161755024217  0.00024344431203345
  0.00025506871004384  0.00026660952427508  0.00028033600686037  0.00029676724036913
  0.00031519510477806  0.00033427495733119  0.00035285710189961  0.00036984223693165
  0.00038496679000459  0.00039989800397723  0.00041556288754095  0.00043130236891134
  0.00044589350563610  0.00045875798008436  0.00046728698247202  0.00048076677645454
  0.00050078283181168  0.00052077288301153  0.00053828911184122  0.00055388604118468
  0.00056930440194774  0.00058554086465543  0.00060224768530981  0.00061859127642423
  0.00063617201339400  0.00065644072026938  0.00067786333073529  0.00069705682870266
  0.00071117154717566  0.00072681563102025  0.00074482432689019  0.00077297460143808
  0.00079710905400193  0.00081320699576359  0.00083296377489506  0.00085501235292347
  0.00087547476680755  0.00090757364439136  0.00093511431970922  0.00095679362670475
  0.00098367570721126  0.00101787728864708  0.00105195557876856  0.00109079154336952
  0.00113860613818462  0.00119912548897958  0.00126350908648337  0.00133171025820447
  0.00139665188193882  0.00147105794594332  0.00154949819998175  0.00162269869357529
  0.00170632562243308  0.00178702599876660  0.00186959037749818  0.00196151154724507
  0.00202720856807403  0.00208208987543057  0.00216904011768830  0.00226736585084325
  0.00233413551272697  0.00241586680468783  0.00255272116495887  0.00267846295935094
  0.00289006420311068  0.00325818574862627  0.94091035824229619  1.00000000000000000
 -0.00027885186937721  0.00085388031303508  0.00266404829350898  0.00457534024219895
  0.00646374938430794  0.00842041565972465  0.01056044732131578  0.01290470803343839
  0.01538653767395781  0.01792754467335839  0.02071969202183877  0.02343831131379867
  0.02669501408090592  0.03000697082140671  0.03308541031725439  0.03649913204342159
  0.03954592048082152  0.04377306045523452  0.04998821500006552  0.05509915105758111
  0.05875253191763837  0.06272671481080351  0.06563552331574546  0.06785494568322767
  0.07017532719947506  0.07632636740173213  0.08579169934248454  0.09533027410624670
  0.10423723816899319  0.11326756588597059  0.12251598342925775  0.13144388631450074
  0.13955923871701037  0.14775559630342064  0.15724896820102002  0.16936951747528081
  0.18462003294068044  0.20056574382829195  0.21171586337856349  0.22322738887822022
  0.23556161593864627  0.24888424192136493  0.26594070177188839  0.29514964219116085
  0.33183238894863132  0.36481173274380507  0.38378461127335323  0.39443546535356050
  0.41271352002476408  0.43002443016944286  0.44931783733158243  0.47184925827457080
  0.49727565881223262  0.51832363853175190  0.53773545295483172  0.55796055973238723
  0.57142032351908867  0.58597584852041151  0.59978485062327991  0.61480852859306201
  0.63182966781984240  0.64993089775522406  0.67084081596324452  0.69310735069991392
  0.71075899216136207  0.73269100080799598  0.75572916596732698  0.77591460391937839
  0.79140677968025297  0.80602210743827130  0.82169985400303713  0.83432082602842872
  0.84275175687536652  0.84840106830781925  0.85279337036659475  0.86043195960187069
  0.87130438137256971  0.88207355379515662  0.89229080029199370  0.89876240187403145
  0.90360680193635023  0.91017989954357192  0.91762693850527088  0.92781362272740231
  0.93634062025291342  0.94361406163068851  0.95035588738635657  0.95661934318543207
  0.96312257022204550  0.97041316889318174  0.97728832739101446  0.98256916637043712
  0.98705180602030262  0.99120861251783543  0.99529219212133901  1.00000000000000000
 -0.00350858971584494  0.01006552267360074  0.02341084220627521  0.03822865857262254
  0.05391559748994429  0.06684126457777440  0.07645854064554980  0.08768483852008062
  0.09899348205686660  0.10866255680369091  0.11411869789521588  0.12219360445905057
  0.13174920291849315  0.14026464702669894  0.14883194666024796  0.15736698879263178
  0.16732147627921090  0.17811244061302470  0.18494618797881415  0.19047910986282915
  0.19535631862480982  0.20166460244244483  0.20807670066082706  0.21398815042119979
  0.22072583167956553  0.22578638577543167  0.23214954414211567  0.24044409993349394
  0.24959402640119113  0.25987287710336349  0.27088078848786107  0.28377666345025060
  0.29752164415448634  0.30988148921255437  0.32220932849118533  0.33490890130420786
  0.34926962680909646  0.36481678086053487  0.37943429706454218  0.39252203749467790
  0.40460258747912914  0.41566273606716653  0.42646028031917738  0.43812124960303767
  0.44526757526056515  0.45287952818501187  0.46275173467556580  0.47052414464736986
  0.47753810774665595  0.48531767264555392  0.49451402187457766  0.50330487893060916
  0.51476482292451908  0.52513528585179203  0.53580612793881455  0.54914053163049770
  0.56888998347562225  0.58617788625477973  0.60186016228602579  0.61544767518469612
  0.62697090877980322  0.63816645311265974  0.64980339904968798  0.66034035599789553
  0.66962058606404640  0.67724846733559896  0.68329965564123996  0.68902729688913356
  0.69519333233112346  0.70763645912240813  0.71992946840551819  0.73236397321732571
  0.74419877287846392  0.75477566132160412  0.76443799170038984  0.77303271786919658
  0.78327965093023888  0.79498319936592332  0.80764564993789822  0.81991021114546447
  0.83289966973360174  0.84279432953655720  0.85047539060743105  0.85710602486227438
  0.86146498746619671  0.86798885972543238  0.88223036026835400  0.89587263717830579
  0.90701810896465385  0.91663505185392258  0.92657839846428114  0.94121400915769549
  0.95663402796603814  0.97121459519178532  0.98562751010020466  1.00000000000000000
 -0.00304219157458623  0.00959544972466788  0.02178039557450192  0.03318907842747051
  0.04311451223674677  0.05239730144859824  0.06239933248875382  0.07344842257703543
  0.08335429722898952  0.09463374436568253  0.10530774306930527  0.11580380164038988
  0.12702595089559041  0.13640659058243221  0.14585142014214772  0.15470293792510242
  0.16509626237258890  0.17844414865571379  0.19225886717533811  0.20577544336489817
  0.21843197346293097  0.22962390917417960  0.23994435271592154  0.25630640519420722
  0.27244394586013199  0.28686935709661432  0.29930719414082291  0.30979624736390826
  0.32034834303239490  0.33445715840963958  0.35050368335467608  0.36569089496758944
  0.37641550586686434  0.38443382762208411  0.39126956302846616  0.39609897302995534
  0.40073402824029514  0.40726956621598270  0.41734345588414778  0.43047293970709233
  0.43574336747269721  0.44111899557263157  0.44731084566328144  0.45338819677812575
  0.45917255642187788  0.46540467815430736  0.47218882454594335  0.48219357857669998
  0.49794083676317752  0.50921527119017551  0.51847074146884564  0.52622268249298121
  0.53611186424414725  0.54725287066212369  0.55855417718727396  0.56896597457652731
  0.58167780343447706  0.59789807459818034  0.61728632149382778  0.64214713926255618
  0.65782211872742691  0.66607866197862609  0.67307416942511256  0.67972167330872235
  0.68678247011381599  0.69260615643570222  0.69649355132345236  0.70282748706770681
  0.71139750319698947  0.72004180382339100  0.72899117674235792  0.73876471014068312
  0.75038472638370823  0.76500203628741537  0.78294260298060259  0.80003132564875401
  0.81526001755721111  0.82900209201043651  0.84085543616952052  0.84989229518987508
  0.85681599879778902  0.86277814235714423  0.87069902468502725  0.88030152460757993
  0.88980596992189287  0.90007407185425337  0.91198417912212970  0.92589039266746964
  0.94147090380150078  0.95664064919112535  0.96925433665606597  0.97791470624261367
  0.98345107672679088  0.98896081415097603  0.99462470152565230  1.00000000000000000
  0.00042750289043172  0.00044857695095844  0.00047976203657935  0.00051224855789791
  0.00054889839824222  0.00059307809128600  0.00063263660725708  0.00067377097579867
  0.00071561311310936  0.00075768207209295  0.00079792359523808  0.00083455959358152
  0.00086853450174317  0.00090175478537725  0.00093492465753118  0.00096855439906572
  0.00100431729708215  0.00104322912669908  0.00107941784769032  0.00111567351830606
  0.00115324010500079  0.00118852099554962  0.00122291950139998  0.00126083398997992
  0.00129950141300799  0.00133833355123771  0.00137673981712853  0.00141767935445594
  0.00145815259973837  0.00149988770900424  0.00154686225092682  0.00158863299038814
  0.00163089068894084  0.00167419396131054  0.00172263189746392  0.00177378402837946
  0.00183362507467348  0.00191102194398557  0.00198464408122354  0.00205156364333935
  0.00211773251043013  0.00218551959730703  0.00225330979593436  0.00232657046481793
  0.00239855771464321  0.00247913332167161  0.00256581016091974  0.00265491649268041
  0.00274645707263038  0.00284361603590798  0.00294415220243017  0.00304255155826918
  0.00315928724776468  0.00330729008712793  0.00345140952015779  0.00360522893472250
  0.00377660787826455  0.00394432461415065  0.00411101641231768  0.00429652383805341
  0.00451081655069388  0.00472152848286081  0.00491018185968146  0.00509641336112686
  0.00528906574860732  0.00550239882988964  0.00571699515173283  0.00592078868192264
  0.00613337162533731  0.00636854732507630  0.00667293894053165  0.00699011859445644
  0.00738994100135849  0.00790693467676203  0.00846211024253362  0.00898455744677810
  0.00953211652921935  0.01017793381987751  0.01110163140034097  0.01191852537150921
  0.01276236538846654  0.01387681557557222  0.01527181336381454  0.01718394704021964
  0.01979750656092969  0.02246038531635908  0.02783429717707890  0.03441717165015903
  0.04289724554499404  0.05117372529718076  0.06222696183250749  0.07555594858598318
  0.08812655741081350  0.12546248758661815  0.23526826294541753  1.00000000000000000
 -0.00451509348961616  0.01593988206677879  0.03651090651489531  0.04884015983956308
  0.06298666983790417  0.07870743233898117  0.09469379934823012  0.10882836688811619
  0.12189885350266892  0.14525069507896374  0.15977387094868034  0.17803975537845396
  0.19632510641991582  0.20917430062491654  0.22999648248522320  0.24872216265922154
  0.26449777444176631  0.27744024319791233  0.28570072811918173  0.29540564626420696
  0.30604694364471186  0.31635386060269316  0.32615133966143905  0.33517484118718927
  0.34416407712319458  0.35407880711561390  0.36497416183187337  0.37533246451180879
  0.38336113056471566  0.39017677129758865  0.39708330273323617  0.40382005447665720
  0.41036160687673540  0.41642867606083062  0.42337966247816433  0.42985784372270919
  0.43594173814547815  0.44190598512992812  0.44774534715706910  0.45339250564575012
  0.45838495779216326  0.46407022678846971  0.47135062130097627  0.47826961603857610
  0.48397395035744456  0.48847336736906477  0.49273913500239558  0.49539885614024792
  0.49751222287450081  0.50010988963305580  0.50407627607839467  0.51098072074092049
  0.51888117504105369  0.52730225956508159  0.53684234386121232  0.54932515926318948
  0.56329119266335415  0.57971669837587969  0.59437007935040231  0.60697579587249917
  0.61276533976731729  0.61799186172764031  0.62318508959519636  0.62988544413835312
  0.63750702311860841  0.64295264049793766  0.64861621030192651  0.65581206540155179
  0.66390505296216529  0.67008348317027311  0.67446347807130247  0.67900885415111234
  0.68480192402405948  0.69181949971131507  0.70145296967802617  0.71337974596448861
  0.72493154545638150  0.73090081462892287  0.73906599972203268  0.74769976025856633
  0.75606642259610912  0.76604813021806117  0.77910733379115871  0.78998107581756738
  0.79813249777266604  0.80709072878542776  0.81884816588611908  0.83352572237166078
  0.84679592470377707  0.85645776627211700  0.87272697362178975  0.89089975757336137
  0.91309625251377591  0.94504185647014782  0.97451447138380343  1.00000000000000000
   1.9092669141915863E-017  -1.0000000000000000     
 T T T F F F T T T F F F T T T F F F T T T F F F T T T F F F T T T F F F T T T F F F T T T F F F T T T F F F F F F F F F F F F F F F F F F F F F F T T F F F T T T F F F T T T F F F T T T F F F T T T F F F T T T F F F T T T F F F T T T F F F T T T F F F T T T F F F T T T F F F T T T F F F
