  0.06344983675572702  0.06866077646204621  0.07263559194825603  0.07635423229126652
  0.07984449896272523  0.08321510108534934  0.08652504063367344  0.08982369466291627
  0.09310160123214957  0.09634809096271992  0.09959289773564041  0.10284900617057119
  0.10611905866906129  0.10939915968823610  0.11271008691901320  0.11602826390691572
  0.11935557505868970  0.12272166114910493  0.12614643047724272  0.12959841384630971
  0.13308773999395893  0.13661079708034771  0.14018102941292643  0.14377180163342346
  0.14737658512115201  0.15102188397590482  0.15471207693873890  0.15845982048022139
  0.16225589854747777  0.16611772714973483  0.17002673922190167  0.17398781124416202
  0.17801758404961326  0.18205203450003410  0.18612690104183491  0.19025133327276572
  0.19447584530277065  0.19877165974966754  0.20313979278203531  0.20754547768444565
  0.21201069977648068  0.21652548239100886  0.22104987038076759  0.22560206382314540
  0.23022320504649962  0.23495741492010785  0.23984249723714110  0.24486771832758245
  0.24999948441223013  0.25519101744997608  0.26049073633224723  0.26584834630486409
  0.27123806932164485  0.27660913138884713  0.28203473947316171  0.28758525016150088
  0.29328031349033573  0.29909077871876760  0.30506252876098566  0.31117320236673085
  0.31739030646855471  0.32373076846680521  0.33022551380668963  0.33690400908822238
  0.34379365806053830  0.35088869498478686  0.35818056203788112  0.36557416129537917
  0.37310401387800035  0.38079887618247010  0.38865895640932729  0.39673040220101002
  0.40504593639494435  0.41369478738359061  0.42270312366460094  0.43202619182389507
  0.44168224299114361  0.45174603614567393  0.46220137299724445  0.47312681817820118
  0.48451537120100435  0.49640197989532048  0.50893471372425281  0.52217453382680790
  0.53618995701804062  0.55121692225297092  0.56749459541966463  0.58509140989472874
  0.60426499383226739  0.62548180005465448  0.64948662176004601  0.67723971789059412
  0.71051165205148803  0.75469784570278808  0.82428873139227687  1.00000000000000000
 -0.00221071606501002  0.00974811279749930  0.01982037201565725  0.03060227168431983
  0.04106809302079430  0.05157869650693418  0.06186972646193752  0.07241526448065784
  0.08285813329050067  0.09331409853167154  0.10362472932185095  0.11422180528346082
  0.12481215390495751  0.13541721298760467  0.14590942658671369  0.15652651182408980
  0.16718463215545148  0.17783207263563733  0.18847074844267647  0.19908268257607120
  0.20964051922466170  0.22012534779450188  0.23065212548053174  0.24117019451671270
  0.25180230953966332  0.26247386964419372  0.27314646265701126  0.28358131693726418
  0.29389222938973286  0.30420731314270971  0.31485716172710326  0.32566881528161001
  0.33657691059922440  0.34743964740539063  0.35810632068218978  0.36875879094136493
  0.37921417360248266  0.38966251336989494  0.40004364846760149  0.41044872631467999
  0.42092839502689866  0.43148670684617441  0.44209591861174685  0.45278164128193860
  0.46354909987756304  0.47430733754570770  0.48499304745261357  0.49559179196890679
  0.50616712543042097  0.51672234952798235  0.52719546146389695  0.53759656530402877
  0.54788246712288524  0.55805988690886354  0.56829736767784234  0.57866211980419446
  0.58916324804222553  0.59975364328348035  0.61041580854282773  0.62116470429236847
  0.63188348299396002  0.64254986179152684  0.65323118143894987  0.66394136351367516
  0.67458132872941701  0.68520007675494976  0.69590679730631266  0.70661877844156373
  0.71734620658738901  0.72801179567182106  0.73866924149715596  0.74922952411280119
  0.75973509698016328  0.77029974042692206  0.78075722715394469  0.79127348092684269
  0.80179464233227049  0.81230139427377357  0.82268383787624166  0.83311398433853567
  0.84376098602135285  0.85442861002756332  0.86491675987248640  0.87537421799433424
  0.88586524202128336  0.89641990450512954  0.90672418146687073  0.91686156668221097
  0.92699456912210731  0.93733763512451296  0.94772693191496027  0.95806822496829269
  0.96849036252467602  0.97898322230099188  0.98949710978486127  1.00000000000000000
 -0.00236136847217903  0.01006717735455127  0.02064154871117537  0.03135444770325101
  0.04208114062630827  0.05261840311941246  0.06302324597093346  0.07330122410294057
  0.08370726534040955  0.09424771841931016  0.10499520750076173  0.11564277518196134
  0.12641134658465331  0.13736340263294247  0.14814357643817569  0.15874593069372131
  0.16914958010178602  0.17965754817837773  0.18999267341064799  0.20040858309319312
  0.21084577137176080  0.22146633832343265  0.23204581263979496  0.24257973414931425
  0.25309217700927927  0.26359716629313995  0.27419636396788694  0.28491269076287562
  0.29557434355789286  0.30624024099242486  0.31680403784034339  0.32739584275458888
  0.33800238694848234  0.34860739704013360  0.35911425576730854  0.36950374401154867
  0.37983460618337439  0.39027551044531922  0.40085399737797556  0.41179772361242872
  0.42263103592584178  0.43336250144803745  0.44378527798120909  0.45413613073538150
  0.46437782560209523  0.47451911098620886  0.48476506478614478  0.49509222975578998
  0.50553872245613929  0.51592707297191065  0.52655236751508017  0.53721150053945099
  0.54796141397687381  0.55883089715611867  0.56961388176614802  0.58023505254274776
  0.59055743000108984  0.60096604540642973  0.61157114030257798  0.62212654715632054
  0.63256612388436007  0.64289102166481316  0.65322925050195924  0.66378333514557597
  0.67421195261498534  0.68463501718102093  0.69494666553598783  0.70533623343081397
  0.71580986138471292  0.72620394870968463  0.73658060351768140  0.74689394039412726
  0.75732523012382003  0.76763066786209966  0.77800094602265257  0.78839738833040363
  0.79889951447090746  0.80940115946350599  0.81983814218558471  0.83020234602224119
  0.84060321945841743  0.85099400578009921  0.86158049201584042  0.87224089078468547
  0.88305828205143944  0.89385162965507059  0.90452882203760765  0.91514949547659608
  0.92581548138303260  0.93663538469194840  0.94759650628382874  0.95867907670898533
  0.96929894727714916  0.97972560732672687  0.98987055025798021  1.00000000000000000
 -0.00245458685383800  0.00983280185213356  0.01987394640968465  0.03010430980466410
  0.04051259684898183  0.05123527764260018  0.06202150809910788  0.07278379052213801
  0.08348407757581425  0.09426251010437987  0.10507216217666827  0.11592168669302562
  0.12671299838609473  0.13736126721912489  0.14807583627610552  0.15881871683346463
  0.16956498128248917  0.18016288293050300  0.19065828093512457  0.20115941733631512
  0.21158790379611450  0.22192568389177247  0.23218220607020179  0.24249693679290157
  0.25287555875156964  0.26342264540979293  0.27397103792629163  0.28455779545473558
  0.29494553147118674  0.30525247512477355  0.31559308839047745  0.32609507091140844
  0.33653136382948134  0.34698825240143383  0.35737591737357433  0.36787414651900041
  0.37830510409995272  0.38871543082305154  0.39902677793427321  0.40943508395933909
  0.41996827663968744  0.43067952271534837  0.44124178167979611  0.45163622758005184
  0.46218027480977397  0.47296283895819841  0.48375148143900182  0.49402419353535748
  0.50437171589117225  0.51487151208097437  0.52546367175312414  0.53598717028125675
  0.54639297542864007  0.55691572124463462  0.56728470912410178  0.57765936831689024
  0.58822692430430246  0.59879844693546402  0.60926290525673499  0.61958232761591003
  0.62998557397747590  0.64052300152968056  0.65111452123674207  0.66160873424360434
  0.67223948237825026  0.68286773681908508  0.69342102291958041  0.70392333079199843
  0.71442139091590762  0.72513581397137128  0.73601403342569194  0.74698203103012606
  0.75776449944354474  0.76831870394634616  0.77869028526649031  0.78914063918212551
  0.79955654018197952  0.81027732944001940  0.82087589047017639  0.83147702522953604
  0.84193904106275785  0.85262715692017976  0.86335706507949828  0.87410371367573070
  0.88477895806678497  0.89531173621649962  0.90578923012944890  0.91628285286541888
  0.92685132059750452  0.93736665200721303  0.94792224029178662  0.95852310016776787
  0.96913239792174244  0.97959359352507969  0.98987460058950183  1.00000000000000000
 -0.00234476929811734  0.00910074511866376  0.01889793173109729  0.02904793916967241
  0.03932129855667450  0.04969292532111209  0.06013735915767461  0.07091514200765646
  0.08156474765917843  0.09199717160272664  0.10210884275864807  0.11231497785443392
  0.12275140743871335  0.13331552696486620  0.14405601651228211  0.15481991648686610
  0.16574169649416698  0.17657764675354853  0.18745425285148390  0.19849443421789964
  0.20938927305159721  0.22026833342124905  0.23111194034889243  0.24195061809510879
  0.25252450407369392  0.26290375173124436  0.27326930503161284  0.28384309347780334
  0.29423347130957500  0.30474809250703405  0.31537155609612139  0.32603789520068327
  0.33669609884373702  0.34725060852899081  0.35785073701487619  0.36843211324842512
  0.37919917839462153  0.39024868084414599  0.40100471671755511  0.41159271879853621
  0.42204767241791641  0.43245685645352744  0.44291496309938888  0.45333434321185434
  0.46390372433345090  0.47440142380745598  0.48490125570005843  0.49550142035060446
  0.50609394621939585  0.51670643386887838  0.52732378819321735  0.53798350649634064
  0.54863567739201802  0.55944000124524906  0.57030705417562844  0.58100560242308608
  0.59139982345470388  0.60168066045407287  0.61207126386639632  0.62251160381241355
  0.63277626774141016  0.64295682539396781  0.65322392825478803  0.66355680056599553
  0.67387116437515293  0.68407548496556403  0.69448572016165244  0.70490845151941661
  0.71536561307841384  0.72578342815994723  0.73643184809274509  0.74720795200967349
  0.75791915290600853  0.76850112698885531  0.77889974538654883  0.78959247023132473
  0.80031089885215390  0.81107438264407794  0.82137773431735761  0.83173815196705481
  0.84224489881860154  0.85268988283078884  0.86305011102546803  0.87343552850751272
  0.88419701559594366  0.89484633400629676  0.90554651284725018  0.91630301951920956
  0.92704631588748088  0.93764857518444067  0.94801444864740181  0.95851115109383211
  0.96876806507085167  0.97907929420307238  0.98948281967289442  1.00000000000000000
   6.3997630219274192E-029  -1.0000000000000000     
 T T T T T T T T T T T T T T T T T T T T T T T T
