 -0.00000001043755112  0.00000009516721136  0.00000017295104080  0.00000025836522649
  0.00000035115724181  0.00000045307383923  0.00000055250087205  0.00000066666693967
  0.00000078201902049  0.00000088550648298  0.00000099606527976  0.00000111483512178
  0.00000126182516030  0.00000139979852772  0.00000150615562629  0.00000159390113949
  0.00000165430470500  0.00000175748926846  0.00000185642098114  0.00000194073182821
  0.00000202301100904  0.00000210693574493  0.00000219044156598  0.00000227572097142
  0.00000237515041171  0.00000247844618375  0.00000256214367615  0.00000263605316943
  0.00000271152360335  0.00000279937179201  0.00000291287740964  0.00000305614035893
  0.00000321930873927  0.00000339848919831  0.00000359513051693  0.00000378294589600
  0.00000395374536513  0.00000408638476479  0.00000419750443600  0.00000430052650779
  0.00000439262877574  0.00000450072340829  0.00000461610468683  0.00000474081062471
  0.00000487837659297  0.00000501660336919  0.00000515559756466  0.00000529858365706
  0.00000543786936305  0.00000555529182476  0.00000564785081708  0.00000574569455571
  0.00000585474168064  0.00000597754411385  0.00000608711694069  0.00000619293277277
  0.00000630083837570  0.00000640738151640  0.00000650989597672  0.00000663268685307
  0.00000683832500523  0.00000706384235229  0.00000730935745428  0.00000746499820134
  0.00000756447527660  0.00000766223770927  0.00000776157365660  0.00000786191197646
  0.00000796705887920  0.00000808067657328  0.00000818988348405  0.00000835416010473
  0.00000863740341646  0.00000882065612423  0.00000898042991028  0.00000912675873979
  0.00000925949418087  0.00000939664114223  0.00000954261559796  0.00000970491045879
  0.00000989505024143  0.00001006987308418  0.00001024649414679  0.00001043897691705
  0.00001058430102105  0.00001069974650011  0.00001080830438861  0.00001118091376824
  0.00001161111456887  0.00001215232694104  0.00001269232260985  0.00001323054921950
  0.00001389019517605  0.00001454618821517  0.00001497156838163  1.00000000000000000
  0.00419408092259042  0.00899529220897283  0.01658950032292851  0.02307022272618863
  0.02868200970397896  0.03487692633320660  0.04081630331969956  0.04504708027846271
  0.04958486968830048  0.05605386112260600  0.06392602929052353  0.07014248270608246
  0.07626515078074605  0.08503131500917249  0.09931920170399483  0.11541850600740924
  0.13014622584516286  0.14438639536876008  0.15961397997749610  0.17636548345652048
  0.18785149535403928  0.19354575955874917  0.19896727441401854  0.20601661381540876
  0.21437115786021740  0.21901721769524993  0.22298107281330773  0.22625659066155654
  0.23081821800671798  0.23660672911740716  0.24341026711505415  0.24874917309872646
  0.25638506444628961  0.26669265861872726  0.27729100091098274  0.28712854816903838
  0.29872556596280420  0.31252312401573384  0.32649403446647729  0.34031459798649372
  0.35394387236855723  0.36595497623111778  0.38098735940202527  0.39592558180437332
  0.40949747914451295  0.42199604689197867  0.43408644593137596  0.44370540057767593
  0.45130928903522122  0.45957732129556117  0.47141681993700368  0.48377230333048782
  0.49476142158774505  0.50593387349829033  0.51776374760466870  0.53080105955013179
  0.54782484268436094  0.56348597697620439  0.57841668313629080  0.59156422393658337
  0.60069131490850480  0.60958837855130932  0.61852678631298497  0.62730437367616565
  0.63725101758888214  0.64869324129388384  0.65880559333921873  0.66513955700606464
  0.67155153691727532  0.67794509946505843  0.68475129035870841  0.69192746929800142
  0.69998980331994587  0.70859167996504224  0.71661060221678141  0.72436119269874721
  0.73369130420689921  0.74937092605295308  0.76752425075922248  0.78705970587984930
  0.80529925176790806  0.82183785352278615  0.83602939678996824  0.84882233778405758
  0.86188996484734159  0.87497988839882945  0.88731367563400576  0.90270159529316440
  0.91741493798219731  0.92829268467054105  0.93812138633415465  0.95036154630892822
  0.96064456243584817  0.96848087770417290  0.98746679253447467  1.00000000000000000
 -0.00160329723945440  0.00765163769819636  0.01740444494644694  0.02887827184634375
  0.04106264393225229  0.04910864284457742  0.05527150191921313  0.06199625084718235
  0.07076237310687507  0.07989811146354528  0.08834028425236720  0.09451711789124467
  0.09860630469175788  0.10249483074629487  0.10958376547228682  0.11925060618207704
  0.13125650446363321  0.14483476289262981  0.15847615256160211  0.17231805316557855
  0.18588162092540567  0.19165351317963375  0.19828007588999252  0.20410022408992010
  0.20971003567222632  0.21515563504476179  0.22122456895279530  0.22835639287136866
  0.24070317041794245  0.25269818224260260  0.26382252932914291  0.27624860606729612
  0.28910255131471640  0.30018537821131458  0.31060016035108146  0.32039975017644046
  0.33008400572420415  0.33967778851354002  0.34925431430132187  0.36028104935894606
  0.37218946652639606  0.38606366733563224  0.39890248848426568  0.41143825271781614
  0.42480208733179547  0.44087157864237625  0.45230166863168925  0.45984254448360162
  0.46842340736329818  0.47715887562835158  0.48760850919627807  0.50024910757733065
  0.51327662718552458  0.52441121205135288  0.53242532550253463  0.54163130459890729
  0.55241134550916959  0.56124830163955974  0.56927523329227359  0.57788066254273629
  0.58822362929419236  0.60291134979179262  0.61703179852063228  0.63046071986343355
  0.64540591991100249  0.66124986605677949  0.67470772067664742  0.68160730735789510
  0.68759688085022985  0.69406883264391517  0.70024847800270607  0.70788901202186816
  0.72491496335676120  0.74411115923277438  0.76498977349575359  0.78261019975601920
  0.79910878558142462  0.81268658912413827  0.82490250367999995  0.83714320131663056
  0.85177658586022520  0.86953638532843058  0.88390100878976663  0.89535547016396755
  0.90688139154493930  0.91700132733140816  0.92644136639111063  0.93566280870187601
  0.94318426624996377  0.95182952213382166  0.95954747586540934  0.96700143614439027
  0.97435335326374817  0.98256268294421467  0.99057611355086816  1.00000000000000000
 -0.00333948305347481  0.01920324823067150  0.03491805910840256  0.04603515079808367
  0.05279946345155171  0.06023126330843553  0.06557068538841029  0.07107254620820767
  0.07695097515096411  0.08365659798983499  0.09323500121395965  0.10593389603440022
  0.12677977675902496  0.14495799712351071  0.16281498034376271  0.17801691137916667
  0.19061840792483026  0.20181379117856391  0.20981860133415559  0.21754112079196417
  0.22348224923626708  0.22908179624850783  0.23650446376611053  0.24535684172463984
  0.25318474670219326  0.26332075967876856  0.27597639951018688  0.29088893216874145
  0.30703174963849916  0.32101635138748852  0.33286995796060381  0.34267835043191552
  0.35281362331234023  0.35786650224291222  0.36285686166420822  0.36863662229811600
  0.37562332521063452  0.38163223391498280  0.38856767639766510  0.39560679419335826
  0.40234351180526301  0.40880327660499372  0.41813490612410875  0.43273090517619406
  0.44809098867133135  0.46323852188883397  0.47813374211151310  0.48732054673349401
  0.49634239556754534  0.50499758428761121  0.51614953431355926  0.52794210830041199
  0.53638280456774745  0.54503269858525560  0.55425531723798227  0.56356138628563490
  0.57269712383064530  0.58839764346850953  0.60430567592862117  0.62111193587811231
  0.63743884905763648  0.65171939647287436  0.66506280573614840  0.67883086634448042
  0.68965528302662793  0.69895538234419297  0.70825400727426380  0.71681358066835521
  0.72710842618883509  0.73755829104373094  0.74257349392711902  0.74693239599650385
  0.75121925539834544  0.75650415533922943  0.76581848350434301  0.77643472093745269
  0.78657933162167570  0.79732318804431046  0.81033796569866701  0.82337877148794458
  0.83317569241466627  0.84106705734078191  0.84973451946325651  0.86187154915593078
  0.87934912527264486  0.89948353308788920  0.91983424834685956  0.93653964022589942
  0.94985014660742539  0.96101598194370441  0.97193775491275669  0.97705948615235216
  0.98433532561670778  0.98993241898206641  0.99490384049111957  1.00000000000000000
 -0.00206540809792939  0.00761779594445278  0.01505955434284683  0.02222510915178180
  0.02941502986073705  0.03672528856779915  0.04422782544800362  0.05082056890264401
  0.05721168492151586  0.06314821925274897  0.06765338444198191  0.07220421672081105
  0.07627876345703281  0.08045154807030458  0.08431375869205374  0.08853471521122012
  0.09514120950804657  0.10367275480083109  0.11056030545371723  0.11892429800342648
  0.12754955155227127  0.13530425211665431  0.14400805960883908  0.15382964340972496
  0.16324956108147365  0.17090622932925811  0.17680692754107211  0.18078713144834266
  0.18413199150611242  0.18699867309458165  0.18992784468804066  0.19322484997648648
  0.19705525059148526  0.20110873462319223  0.20871324867925894  0.21330673964844565
  0.21762826333060190  0.22209167435486465  0.22638469589974364  0.23344650837879086
  0.24340922571455459  0.25134996994150471  0.25892440480747464  0.26670501118343526
  0.27447721740894887  0.28602294554170127  0.29773162881408111  0.31058846351848451
  0.32460778526000872  0.33932600310137478  0.35537209861302871  0.37175182653018596
  0.38779002490872416  0.40084374189288563  0.41048736919899453  0.41859478201617012
  0.42654463781686175  0.43376178298674700  0.44249085792314791  0.45812327499466060
  0.47382458888614815  0.48881368063963893  0.50360844823940321  0.51637290685070780
  0.52827869772986435  0.54111808679801565  0.55590298143817940  0.57293240894589703
  0.59168541714622702  0.60485991660237393  0.61494902504299720  0.62452183716162457
  0.63232806695324351  0.63922313839349532  0.64689449717675918  0.65371211309698463
  0.66037126322051309  0.66965281564438472  0.68409956626678692  0.69772147135027729
  0.71073518459612772  0.72652119282813454  0.74514084607283559  0.76029855088555776
  0.77407152487181441  0.78934622806361954  0.80883123613208241  0.82625871977289056
  0.84412753761107584  0.86769764324264553  0.89142891388303891  0.90957605240228667
  0.92677526387768439  0.95133925025630783  0.97725194175243424  1.00000000000000000
 -0.00370090206129316  0.01488351677102948  0.02439230804419533  0.03172145834803095
  0.03903764315306806  0.04687418486249517  0.05600419427983049  0.06607734198777264
  0.07846477714954152  0.09202048505075837  0.10359841839807116  0.11577959153541442
  0.12410760039858758  0.13134888312018747  0.13821855091953411  0.14595524009950192
  0.15490186142860471  0.16466863595543418  0.17465032217765833  0.18440894674582844
  0.19373584270322244  0.20391101449251336  0.21308244973463406  0.22164933902966438
  0.22915665287614767  0.23651732002316078  0.24451669400408399  0.25365979389546806
  0.26287393747168925  0.27410079193421616  0.29007411038811831  0.30366116704485008
  0.31581611399578247  0.32550960217493441  0.33359962475895455  0.34154651505185379
  0.35027181224619408  0.35914588178870055  0.36963052517049805  0.38102324706180213
  0.39277142842960605  0.40419894119369765  0.41818286395434329  0.42827088018403470
  0.43349696626326917  0.43974808445625158  0.44704079120684936  0.45487960235033803
  0.46186854022021290  0.46978206176501713  0.47975037257129710  0.48976566975484725
  0.50000641079452701  0.51225459448208222  0.52673221784723867  0.54596346224551795
  0.56447132336965911  0.58024115725492753  0.59384468891985664  0.60640665673294269
  0.61901494611238039  0.63308034000615099  0.64844012752623681  0.66452749386331478
  0.68032445906625483  0.69496408787400643  0.70870927227696046  0.72331747790945933
  0.73985586270435755  0.75545666619615404  0.76595667922965383  0.77339928761175014
  0.78078560502521999  0.78752777193832646  0.79427791292755945  0.80082466512527462
  0.80977380844754976  0.82242662261769417  0.83684764957333080  0.85181005836379775
  0.86589074868962568  0.87548717183722435  0.88472942085592787  0.89490308543602082
  0.90903976056149327  0.91997459342356724  0.92525286247038696  0.93120875672532100
  0.93880707870225000  0.94681834880123861  0.95441139219544857  0.96093671152633064
  0.96782921657214183  0.97410991433055927  0.98308465634089015  1.00000000000000000
 -0.00112334469104985  0.00573606155723733  0.01234084907519864  0.02002627301865654
  0.02898219191062459  0.03809455110199235  0.04684943687761690  0.05509567093212073
  0.06388791411254949  0.07450561061491462  0.08392167517226629  0.09307550050687573
  0.10275745942503094  0.11346934854478685  0.12294245884105685  0.13206059791468036
  0.14240606387748928  0.15665061893444943  0.17039883596859332  0.18381461832843912
  0.19575642316736702  0.20485488549333514  0.21553422194787336  0.22576409046918502
  0.23480041866586074  0.24200595743766962  0.24948565886433499  0.25681095769775003
  0.26373345910442131  0.27216766031306922  0.28826631915446843  0.30693218194291494
  0.32085398190583847  0.33174585448261978  0.34132497958716657  0.35026568298215832
  0.35955699135920943  0.36914595537717926  0.37916872754185793  0.39098278523638402
  0.40494133470644672  0.41969031752797292  0.43180688429230030  0.44051855268115764
  0.44898862373579451  0.45821585447734842  0.46889229251541931  0.48319954448349833
  0.49712543921261027  0.51180500173635757  0.52539108281993463  0.53756830237871478
  0.54930990493456278  0.56154887430329414  0.57001809829880112  0.57808952952533965
  0.58452037594050055  0.59073928647662899  0.59801796675171659  0.60434252017480672
  0.61057518279185341  0.61753845018919251  0.62579261880675718  0.63563543504863329
  0.64677857737702593  0.65991437141297149  0.67712740281579720  0.69314825105724998
  0.70265742749501214  0.71108495413883799  0.71981003094193874  0.72968197550837199
  0.73969745285433519  0.75080603388470557  0.76307798577400454  0.77599135907049965
  0.79026821046971485  0.80423222182715493  0.81680334350893713  0.82737864326344113
  0.83929177512537001  0.85332164391323573  0.86435391866024558  0.87537111081456997
  0.88759860717745309  0.90199423181626537  0.91805572366616628  0.92629763132149445
  0.93548007267184718  0.94520533236759585  0.95713969689774847  0.96736345021962944
  0.97589163564962744  0.98395718566182322  0.99144391484753469  1.00000000000000000
 -0.00118305282628397  0.00700306749916054  0.01309600409924731  0.01851454727389228
  0.02362538758343968  0.02929193939818560  0.03582428456019142  0.04567183910493244
  0.05852811866635704  0.07232900926536709  0.08638579013978678  0.10045312066081735
  0.11418042240807792  0.12245550301708777  0.12926001727128364  0.13584757691305163
  0.14259978205142990  0.14966110069410177  0.15628055854084019  0.16575811316277150
  0.17590411472971501  0.18386219510377869  0.19164300172104351  0.20072166891491514
  0.21172126661188445  0.21999862770507655  0.22886762141832739  0.23822718432244214
  0.24536787282508191  0.25118984656175164  0.25779110547135992  0.26605820821363801
  0.27620742279037080  0.28811860067713735  0.29664760299171328  0.30306856996221132
  0.31054056135157931  0.31918368149876480  0.32961995221684515  0.34105360283411562
  0.35136386725208862  0.36147987494185574  0.37065855294714961  0.37879989271706627
  0.38760087925140346  0.39680444260557340  0.40515920834001667  0.41311400153945144
  0.42605962523281837  0.44385782121933332  0.46109601654486038  0.47649067782129517
  0.49153529647116162  0.50743214489271571  0.51816881777961321  0.52859864196790918
  0.53857697756583534  0.54952637839227580  0.56089763493691880  0.57440640900735973
  0.58591253120591114  0.59615718076795698  0.60577014109737204  0.61592411184746954
  0.63273884408522085  0.64884435288972120  0.66486474674760154  0.68004154303700604
  0.69304575163829218  0.70284169173685596  0.71271738528046535  0.72206440530803140
  0.73113392517836528  0.74014578957419908  0.75035989653762381  0.76096614058577250
  0.76754059793009899  0.77417864654804724  0.78157664458919796  0.78953219489142978
  0.79667909684564564  0.80481233333123647  0.81819131872970563  0.83462420799128390
  0.85041796832235439  0.86592162333549605  0.88399180164598312  0.90020995633290113
  0.91696806687023524  0.93117927582234039  0.94479574848162340  0.95689636714795379
  0.96729303030622060  0.97767899492987231  0.98851696511989140  1.00000000000000000
 -0.00208339328582555  0.06775233755126986  0.10790369130180479  0.14009804257446873
  0.17313207697256588  0.20922286065766121  0.24449964628921594  0.27592298526597042
  0.30527999561358510  0.33294951748206147  0.35571351733257062  0.37814608101612601
  0.40033991249450679  0.42169309925042031  0.44383073620315711  0.46843168246969386
  0.48903140036237119  0.50476185700435616  0.52240451028250523  0.54585021297925473
  0.57246088504474424  0.59662773836457206  0.61860435729252661  0.64242306147740003
  0.66290942969842837  0.68200499811466131  0.70134820720231084  0.72181827921208508
  0.74398576147234707  0.76665052146296619  0.78613323324535800  0.80408326954492748
  0.81919889659333422  0.83462624149693165  0.85003630552629095  0.86385225609864702
  0.87439475976286696  0.88469235391430034  0.89611956404493687  0.91035304441903386
  0.92127838367714310  0.93181139928149881  0.94185885569331196  0.95129541913927218
  0.95809489161313721  0.96136926272185874  0.96367306075474979  0.96585955464588902
  0.96793319459770621  0.97039636047695332  0.97261267149745789  0.97452516727010496
  0.97598435910165870  0.97740023125491970  0.97876419478636334  0.97988174890819879
  0.98090707097066621  0.98184871909260607  0.98271559638437023  0.98353337630899484
  0.98420168221560755  0.98486359351512920  0.98546490217980720  0.98585223752944151
  0.98620249777421609  0.98654361795522394  0.98685960990607535  0.98713259030159195
  0.98737248757798690  0.98761066906062178  0.98784668102130901  0.98806579532962646
  0.98826741804060680  0.98846038829778771  0.98864394273058398  0.98882540066430125
  0.98900281158913650  0.98918659226282202  0.98937014379792854  0.98953285934721447
  0.98969039417998350  0.98983861607940571  0.98998384308733856  0.99012471790691625
  0.99024820357315357  0.99034024942637833  0.99043229527960297  0.99052326236186483
  0.99061421450100517  0.99070698641314003  0.99080088240479791  0.99090487147552408
  0.99102989673105357  0.99110356498043928  0.99113839843780815  1.00000000000000000
 -0.00825514892946731  0.05131058403590857  0.06741930300489833  0.07622592737552400
  0.08521271971322943  0.09437777328777909  0.10295592026308038  0.10751964323358199
  0.11334909901262887  0.11881411930331977  0.12340734905367130  0.12732666227186537
  0.13121615859866873  0.13507625179791288  0.13791687770452382  0.14092015303135358
  0.14397497877733850  0.14790343882466650  0.15353788069963631  0.15945002080365323
  0.16407508719432742  0.17151796436342356  0.17937133596485341  0.18751260221693264
  0.19636554227998029  0.20539798998592990  0.21459747243792229  0.22442756052288754
  0.23847831285722609  0.25215206990013017  0.26406220600956043  0.27397858200112996
  0.27832582816456491  0.28319208967006954  0.28815048608883131  0.29265189063348368
  0.29817902433975407  0.30546790664555518  0.31140709036283681  0.31691187512185681
  0.32258766862577165  0.32965968929314793  0.33802157449622805  0.34655940197482787
  0.35433079438547116  0.36168822109462012  0.36748022946056269  0.37294983030300283
  0.37773454447287447  0.38159226572081928  0.38663558547275312  0.39208327675901722
  0.39815199320556016  0.40465525658639750  0.40902891743437897  0.41256804016352694
  0.41609402409863144  0.41933084572825241  0.42393595004667628  0.42840315275969609
  0.43283376706523069  0.43986441490257017  0.44901614786768890  0.45824549410552196
  0.46664269667738029  0.47472838087931074  0.48267383727666457  0.49065733595375810
  0.49867855717574844  0.51079084896199878  0.52001933600008410  0.52816763970601355
  0.53615618685287314  0.54423909802897474  0.55121375361976233  0.55704764104220938
  0.56325445321654966  0.56860813100737806  0.57396016064701216  0.57935800884821864
  0.58729675884331445  0.59963368501971559  0.61434452439817433  0.62928347036489707
  0.64594856009878987  0.66411834817668380  0.68245187240421912  0.69984606729522647
  0.71628835681385539  0.73246393005926125  0.74935358157884102  0.77368945176998893
  0.80056465736594074  0.83042464713384778  0.87378227123739882  1.00000000000000000
   1.9886851397495957E-012  -1.0000000000000000     
 T F F F F F F F T F F F F F F F F F F F F F F F F F F F F F F F F F F F F F F F F F F F F F F F T F F F F F F F T F F F F F F F
