  0.00330065950532360  0.01223510712140663  0.02391505198814512  0.03524766567567777
  0.04606130560940833  0.05605571414801443  0.06595769766376912  0.07544325906363811
  0.08539693950998058  0.09571864090669958  0.10678343449468479  0.11716767401222308
  0.12784474353261249  0.13875986553169292  0.15014609822941505  0.16088991371505879
  0.17195880922874190  0.18334136077439181  0.19461425440077881  0.20505991970689916
  0.21492793013461414  0.22463421451381607  0.23431534642975360  0.24525216197438665
  0.25615114897293773  0.26703919757242006  0.27745901727773026  0.28771823824560760
  0.29799273340997490  0.30850981376080344  0.31907503158193135  0.32970221415421119
  0.34039201292862725  0.35085691940680480  0.36120065809037266  0.37095879106733937
  0.38099271934348505  0.39136738381030112  0.40228965044106635  0.41370600267376900
  0.42503765005741384  0.43613820283419685  0.44722487151334639  0.45842975496347388
  0.46911829544981543  0.47927849595929833  0.48965946191322296  0.49962330472601096
  0.50952735003623839  0.51960768218693421  0.53071536883782366  0.54252318635485719
  0.55367261666814360  0.56362185839009060  0.57288282658832146  0.58229516405773885
  0.59264184493715333  0.60389124566227204  0.61528722950112247  0.62664629909291580
  0.63811389216533376  0.64921372966303215  0.65983410263334019  0.67056718775147472
  0.68122170210546062  0.69171152275679970  0.70200857150773921  0.71256740218996584
  0.72329615838470951  0.73401824760098466  0.74436802312749439  0.75435626667796918
  0.76475235779577877  0.77512302196435034  0.78599187050898356  0.79638985454177658
  0.80645685749036178  0.81561057910542256  0.82481281543385576  0.83415330837585966
  0.84439885352496591  0.85522586123430189  0.86632606752062002  0.87703745828044299
  0.88708415323182410  0.89699557119802487  0.90743453028153231  0.91871786523492016
  0.92955857804220943  0.93961761959825973  0.94854336972163134  0.95714878336876452
  0.96533782610730001  0.97375259914623569  0.98288095467862968  1.00000000000000000
  0.00111345273713084  0.02479487592895014  0.04408869084124760  0.05890698045230973
  0.07062779636758929  0.08230067485643307  0.09390486890905225  0.10606840049497902
  0.11781670777445746  0.12918066916903503  0.14016233538551731  0.15107720090135190
  0.16197286970091512  0.17350207729943037  0.18497413693673687  0.19607505316349896
  0.20676094860930108  0.21692565450790882  0.22683474224279335  0.23678555776893073
  0.24722146570192399  0.25875882006913165  0.27082133955942134  0.28247810453499961
  0.29316442364035755  0.30332853258301057  0.31332752296522642  0.32411770129975381
  0.33549447243453551  0.34715114532980385  0.35857730267062232  0.37039640023776338
  0.38177066642301294  0.39286725345423462  0.40366834979902155  0.41404660063290599
  0.42411908571699747  0.43447974259294625  0.44495525298887584  0.45536043565742590
  0.46563577132395129  0.47586524850396805  0.48642437399247485  0.49708306386396245
  0.50753097873038633  0.51777432369001652  0.52791995247864654  0.53818568121366694
  0.54872453469295934  0.55941616146791617  0.57010471111065142  0.58069650589668509
  0.59117716531458675  0.60167000831500317  0.61216678767096611  0.62320661689761292
  0.63439123540737885  0.64551590523875246  0.65648929213043672  0.66748947234088130
  0.67773927705291270  0.68685798385311392  0.69480903504168900  0.70304593281192529
  0.71180897157425738  0.72097660084769011  0.73018323857832657  0.73968543791267205
  0.74905255638775547  0.75845172874814559  0.76778316904527155  0.77775225618326904
  0.78831445395272670  0.79891996011811950  0.80902332536197008  0.81928931653202475
  0.82965795929218256  0.83983900465176753  0.84962725891163349  0.85918192959638107
  0.86862727748987589  0.87778863124587803  0.88629294579754703  0.89558917841796837
  0.90470943043116081  0.91343396690039480  0.92206761938643544  0.93110549666128051
  0.94102112536792148  0.95089472148180787  0.96003432168202463  0.96810472489711996
  0.97674045772250495  0.98470389298107419  0.99251839899136840  1.00000000000000000
  0.00000038673138978  0.00000051712655254  0.00000066991566908  0.00000085619098408
  0.00000106230602262  0.00000131849979301  0.00000160541224242  0.00000189658678356
  0.00000223151755725  0.00000259729092378  0.00000299714962598  0.00000342510822793
  0.00000387712970324  0.00000436637320761  0.00000481758616103  0.00000523945291055
  0.00000566475500034  0.00000609298123603  0.00000650759894748  0.00000692793740409
  0.00000740944416145  0.00000793043347907  0.00000849114836110  0.00000907347275469
  0.00000965478394011  0.00001026804672655  0.00001094469833267  0.00001166157142944
  0.00001240794011833  0.00001316323658966  0.00001393569838533  0.00001474207018099
  0.00001560313237233  0.00001649701423646  0.00001743323370556  0.00001840810025008
  0.00001947832493634  0.00002061230979595  0.00002181156031698  0.00002308299214047
  0.00002446842960096  0.00002599787623000  0.00002765368917402  0.00002946542397758
  0.00003137755878616  0.00003339299902414  0.00003560849796628  0.00003801071394018
  0.00004061278363396  0.00004326617988386  0.00004602444595146  0.00004894570748663
  0.00005204183334941  0.00005539088378910  0.00005902799295672  0.00006293700242426
  0.00006723408984945  0.00007182290594059  0.00007666843888378  0.00008175846027814
  0.00008714209416918  0.00009294665798838  0.00009910487622179  0.00010576152173912
  0.00011308592047183  0.00012131566071890  0.00013075906200743  0.00014149630911446
  0.00015374199956362  0.00016722437312333  0.00018161405064744  0.00019720148400401
  0.00021469459516619  0.00023435247020504  0.00025717177708204  0.00028425404340507
  0.00031606035056966  0.00035085425947052  0.00038826816399598  0.00043323389472178
  0.00049318401283074  0.00056411947436277  0.00063764051822214  0.00072750754566117
  0.00082719189940924  0.00095402594061656  0.00112648870615908  0.00131914755510573
  0.00147744637146012  0.00165524796467743  0.00186813421142906  0.00220531002602419
  0.00269282044045908  0.00511429598347097  0.00769756304785322  1.00000000000000000
 -0.00924686145929243  0.05672887193589766  0.09709105536563897  0.13068741324423100
  0.15941604464042092  0.18437735503519828  0.20595783735360523  0.22602169997438107
  0.24377200385582906  0.26117637197907317  0.27841504991921695  0.29498506669821328
  0.31025824524445289  0.32494251487071690  0.33908262359305058  0.35313553032965322
  0.36689432373550518  0.38047871094662861  0.39318695806473175  0.40485963349089521
  0.41610100920524518  0.42745434482568212  0.43885768756434873  0.44963396747819290
  0.45984560443396388  0.46988960851189454  0.47992072513502365  0.49032734326010963
  0.50080975771012093  0.51155257450670766  0.52192399389382726  0.53182395877933075
  0.54137143595715531  0.55080231215212205  0.56029486755914937  0.57011705809584723
  0.57982349822913903  0.58939546601403525  0.59886533562296340  0.60844871232032804
  0.61826225637780596  0.62819941410899394  0.63820266183330687  0.64790879604993168
  0.65724846100096812  0.66618602016087003  0.67482820286880385  0.68340267861629356
  0.69218416219380341  0.70118501590077675  0.70991969131711563  0.71769510941493431
  0.72511562743095481  0.73257442872434608  0.74015850395665039  0.74768551922813198
  0.75498410143987749  0.76184941520201888  0.76886667484376869  0.77561155323191699
  0.78192217950700438  0.78837321817365746  0.79488781768913763  0.80170179810299080
  0.80863615480934337  0.81575085303724770  0.82307385165867830  0.83021832658632488
  0.83730645888659694  0.84450518057471813  0.85114856773365832  0.85778993178280738
  0.86439450208680935  0.87096923127980364  0.87749463577654274  0.88372795278066263
  0.88977071695862753  0.89602163489693176  0.90228166155884171  0.90847889416666017
  0.91453536520540124  0.92051576036463467  0.92665551879672148  0.93285514439264461
  0.93902552597495137  0.94518345924214819  0.95111041673407126  0.95659381467589910
  0.96175171504891399  0.96685208359618979  0.97222264038021800  0.97784346078983042
  0.98316321744728852  0.98866615552030823  0.99411013414662919  1.00000000000000000
 -0.00256595374918485  0.00993601182005534  0.02099025138049043  0.03226931357297680
  0.04371520595829007  0.05495744065648955  0.06614116797770396  0.07739109480892323
  0.08853911608810749  0.09924754891080374  0.10999742308470599  0.12078125399385189
  0.13089936685257678  0.14121454659666957  0.15238977485611369  0.16382893930268050
  0.17459272492045375  0.18473373447235700  0.19486411312983684  0.20500716972538699
  0.21498815283979583  0.22492062764734325  0.23553001377140304  0.24583109269819778
  0.25628363939250970  0.26567690233975272  0.27613256423449067  0.28719916305185178
  0.29861093131283195  0.30903965525612270  0.31977306607236106  0.33083869775104624
  0.34124495154500012  0.35071882705517821  0.36059747542003667  0.37056950360387952
  0.38110691456819379  0.39177224358310025  0.40247272551435620  0.41314123118241119
  0.42341754996229169  0.43373385870831743  0.44483205938356501  0.45650488461916677
  0.46867126888647759  0.48047770922602445  0.49184936242551414  0.50301719016878188
  0.51352237662615119  0.52409676025890339  0.53494427196857319  0.54618044562280921
  0.55753997786119813  0.56862768796520069  0.57918803585249279  0.58915019864511975
  0.59888007834569168  0.60835460010523057  0.61771099784386607  0.62776663515038988
  0.63845036335766558  0.64950636366609904  0.66013832735362832  0.67006178262672833
  0.68003057251481558  0.68999870416672759  0.70026201398531795  0.71071518054007299
  0.72119572272035537  0.73119219097527532  0.74102486693562608  0.75047661048653891
  0.76040165362977463  0.77056646455983924  0.78108283857818317  0.79242381667299122
  0.80451685099182180  0.81618799454667768  0.82753367266860989  0.83912755126568106
  0.85090602282621797  0.86205513014157908  0.87268182630438518  0.88303314925078225
  0.89315763075908550  0.90296951333120745  0.91254662471101855  0.92205336757584233
  0.93150891446625628  0.94108503902921914  0.95028147127249774  0.95893931833101453
  0.96843600759958337  0.97805831608914806  0.98890417593138880  1.00000000000000000
 -0.00134819839007248  0.00439081018589501  0.01049027520665993  0.01600151748027035
  0.02224774009237598  0.02868972427101219  0.03517431257338118  0.04156167837458281
  0.04759175158192896  0.05334339498617650  0.05923137655658486  0.06515613145425103
  0.07147672914316087  0.07774722739306794  0.08384090635951467  0.08970647738952559
  0.09548306758306212  0.10142404976092413  0.10723243488050675  0.11296939047454189
  0.11887111606270466  0.12482976449188471  0.13077287657322095  0.13654629534358698
  0.14214777093593828  0.14758231356964452  0.15308245565844855  0.15886130980722671
  0.16492846390505764  0.17151296099831875  0.17795652551401636  0.18398354042370402
  0.19064381713961831  0.19773044495998404  0.20502406128280479  0.21235007087322594
  0.21970364850714036  0.22720431834227886  0.23477535568844787  0.24215471103597089
  0.24939155651888567  0.25684775875194166  0.26447994946966336  0.27159101102978306
  0.27909582217367573  0.28649579029912037  0.29444796086098185  0.30278904721893368
  0.31117600800088224  0.31957484454560603  0.32791331225933695  0.33631983399048809
  0.34455847766640613  0.35255111459244276  0.36063365785230839  0.36869035203424672
  0.37675922680335655  0.38531435741761211  0.39413203782404366  0.40305712170454228
  0.41216328323960211  0.42122908017900668  0.43026267715925076  0.43946949781631273
  0.44925798905009945  0.45975140182115459  0.47059743292625672  0.48190839501536659
  0.49359511512758286  0.50573139099297815  0.51789951388337707  0.52892139021377971
  0.53953111855316083  0.55027017836318681  0.56109876481364229  0.57213648794150240
  0.58393208879316982  0.59725744466282993  0.61044758125920318  0.62346919053270933
  0.63717167661979091  0.65096668709926475  0.66482643857538937  0.68025849181523945
  0.69778223277150808  0.71721136198356095  0.73747234379015891  0.75754417015721798
  0.77724999959146723  0.79776009853632679  0.81996601222822785  0.84341773201001935
  0.86900831947285018  0.90031072464444661  0.94160203600626025  1.00000000000000000
 -0.00268609825805375  0.01011061161882208  0.02105742474665723  0.03192326835725043
  0.04347419134503969  0.05578655919042767  0.06693967466832744  0.07687863625258889
  0.08654153915737935  0.09633756885718943  0.10712692590471776  0.11720554397888182
  0.12664025824767186  0.13574664823108412  0.14510676815836382  0.15474847165527270
  0.16446976789667186  0.17380041157950835  0.18319137314757558  0.19262217999196693
  0.20168112892428824  0.21072127929520310  0.22013418703883622  0.23014781425927811
  0.24105471153005553  0.25195707118374433  0.26281084253710868  0.27326887625038926
  0.28341764349157217  0.29335360005872790  0.30312136308087112  0.31302403287589370
  0.32318601870018954  0.33377139503765452  0.34453939484908586  0.35486642799004653
  0.36482838621068164  0.37500165298602600  0.38606656023531194  0.39846846948194697
  0.41115012933584688  0.42305412491284211  0.43433042704610142  0.44548240090539593
  0.45688341884314321  0.46747275325960080  0.47777531221753128  0.48855501230686094
  0.49977551817940341  0.51075154217731844  0.52160540766774188  0.53254667838161540
  0.54362244739631671  0.55518504901638988  0.56679174295989876  0.57799609951403885
  0.58915651441470052  0.59999437343271145  0.61002433327397487  0.61971121623350411
  0.62940873037612310  0.63863387595427257  0.64754091951233728  0.65674299782503986
  0.66621735019500805  0.67560722407540907  0.68473455450475385  0.69485691756672052
  0.70576115237376935  0.71675181757858986  0.72745135883720624  0.73802899518845710
  0.74858942319864130  0.75909394883745995  0.76965897276819950  0.78061696998899588
  0.79138669403616657  0.80221232327501890  0.81316730369716927  0.82416828427946942
  0.83482083049454492  0.84532426444796416  0.85576100249701403  0.86639483880685952
  0.87766625525829267  0.88875223328357444  0.89945413999446644  0.90979015938961849
  0.92040014766444689  0.93184608907418609  0.94293247348243336  0.95425678699586436
  0.96603336578563193  0.97797616136056287  0.98922354028253023  1.00000000000000000
 -0.00167169769143430  0.00805036930328387  0.01698211155728956  0.02616767551646328
  0.03610248399849383  0.04641847408123115  0.05643945241335682  0.06600692097633978
  0.07632373636777659  0.08670161435611720  0.09757833625445157  0.10834013613123836
  0.11879598893233684  0.12955900178867968  0.14121083941683388  0.15329671930510036
  0.16465995178802528  0.17552569104652158  0.18571498436324782  0.19544287683482764
  0.20474378993321082  0.21483278147862755  0.22532464003136735  0.23634112674049371
  0.24689804074630564  0.25776953216244375  0.26898785430829397  0.28028420348388361
  0.29176144082263583  0.30252431828368948  0.31333665849993769  0.32378338374922161
  0.33397900106068074  0.34389436466213813  0.35383412008465182  0.36410217167509462
  0.37486772905599441  0.38573905806723757  0.39653825230980122  0.40703454537640937
  0.41732772507591331  0.42725587870285464  0.43755900682485344  0.44742535231863095
  0.45729336488446676  0.46658389331067340  0.47595982006812959  0.48602033210715517
  0.49670199194134773  0.50779092034393380  0.51903108655038488  0.53096182718661855
  0.54328140754901522  0.55533965217466363  0.56730373258143452  0.57902851627753182
  0.58994585593743831  0.60045992816340577  0.61076581312110123  0.62142280001818506
  0.63179694335633974  0.64231976750749398  0.65252869096487931  0.66246250700030729
  0.67224313949476266  0.68182694523901888  0.69180822422444199  0.70207379727895192
  0.71303068825299165  0.72449622415592185  0.73528436708996492  0.74569049229090900
  0.75551723244548841  0.76551358431418814  0.77565107849473613  0.78563064131377136
  0.79556868430513605  0.80579276636510866  0.81647875278025916  0.82756493638955642
  0.83888749777878158  0.85057677290124978  0.86238046311883176  0.87397883801202791
  0.88551111193309562  0.89662215704715653  0.90689676453922241  0.91652626075384613
  0.92649502427838959  0.93698402316067886  0.94785648314609539  0.95782290789020086
  0.96829442527867238  0.97863866317472381  0.98929998657264206  1.00000000000000000
  0.29848911064434441  0.40650631970660972  0.50525033166912836  0.56104847266972446
  0.59476926802678920  0.61199992282203763  0.62366641897729058  0.63196638754157719
  0.63881554030167975  0.64518313839761310  0.65104246502317431  0.65682815905563441
  0.66251770426806611  0.66800082295574104  0.67287083767256417  0.67765457770064663
  0.68234680318591834  0.68710220708713976  0.69137396809141338  0.69566279100640305
  0.70007116495287092  0.70463297998759500  0.70909388213955793  0.71346326472620414
  0.71783150234394377  0.72211233884719861  0.72625559939788153  0.73025962032532510
  0.73420103148398586  0.73823880613381054  0.74236692268993665  0.74657756957208432
  0.75075046650172683  0.75474869310418591  0.75862752539597855  0.76247372083109199
  0.76645091010503252  0.77046309479301645  0.77439138576432909  0.77816672930107467
  0.78203667731168047  0.78609721097637697  0.79044458646268634  0.79461286205356818
  0.79872747163529068  0.80274714740429054  0.80676850059497807  0.81075947908538271
  0.81490781811299429  0.81910905527609312  0.82314270785091548  0.82706552886077755
  0.83097747605107042  0.83495617966912739  0.83905044646913229  0.84297910968574996
  0.84687128008674428  0.85081876877649099  0.85488240852159636  0.85896825296213841
  0.86289035448949769  0.86671156165128493  0.87046947412906539  0.87414019886536742
  0.87784763832950907  0.88162748235870114  0.88539022747828267  0.88913535259170551
  0.89281007019925018  0.89651382575283523  0.90042710286345218  0.90461546203938115
  0.90879096500100243  0.91300098784293693  0.91697726438875049  0.92085872146348680
  0.92457632757787178  0.92809992697726662  0.93152973177733300  0.93496471501295320
  0.93862450197511527  0.94240940398573925  0.94617669927014036  0.94997562459982898
  0.95381640495982212  0.95768345649371167  0.96153873781718935  0.96546584368462784
  0.96957816305049860  0.97355495246067147  0.97736203594949722  0.98112161274360865
  0.98518108163320472  0.98940267369342705  0.99446378397823043  1.00000000000000000
 -0.00968595141187018  0.05553929822116693  0.08176390431275153  0.09852217185450686
  0.11130868384899086  0.12245872889518600  0.13259915878100084  0.14241727867413570
  0.15193000665610432  0.16102861353715214  0.17016642615155606  0.17928457145742990
  0.18827210334508290  0.19721490315090440  0.20625313034388676  0.21517333485524776
  0.22444007807906244  0.23218381449466718  0.23956953187308666  0.24682041551903364
  0.25433581688272300  0.26262040508870366  0.27120794338702692  0.27961612668445163
  0.28775273304572024  0.29591072064592877  0.30413130555239598  0.31257153361748768
  0.32109168883552081  0.32972542211808359  0.33869610753900720  0.34770957809980951
  0.35702658386200009  0.36690304469074131  0.37706816347218336  0.38697972115144635
  0.39660313500101074  0.40611726811983256  0.41560474029905348  0.42504647960740766
  0.43416063094289220  0.44315935009225471  0.45220083867713473  0.46130567360875352
  0.47035048544044361  0.47918844025355217  0.48813436863758103  0.49718897926009409
  0.50648933495754989  0.51572386428023353  0.52460895616247705  0.53327858164619435
  0.54175026535890058  0.55007060193407731  0.55837480611505252  0.56665520025957172
  0.57471155681123476  0.58286800970821973  0.59146195199078910  0.60053484367478660
  0.60992188064396269  0.61924722694206513  0.62848136303826319  0.63737941978332890
  0.64666466790565913  0.65580320417069382  0.66527050196565063  0.67384541336502246
  0.68243489264766555  0.69069801283443133  0.69930620355583362  0.70780546693251367
  0.71668662299588592  0.72538451574954632  0.73390021138004546  0.74217821454576682
  0.75020823120321600  0.75800090863174296  0.76569493095742425  0.77353124968884823
  0.78150286581977735  0.78962257310385786  0.79798027244327041  0.80622535571860388
  0.81464769877144194  0.82321984916606628  0.83228166046936825  0.84252314734459155
  0.85326692190229070  0.86488846074889258  0.87590908927369249  0.88726958294367653
  0.90019448159015014  0.91677458759409836  0.94110128356466638  1.00000000000000000
   9.0319970030538157E-006  -1.0000000000000000     
 T F T F F F F F F F F F F F F F F F F F F F F F F F F F F F F F F F F F F F F F F F F F F F F F T F T F F F F F T F F F F F F F
