  0.00495905653842404  0.00525799256896810  0.00555731409477194  0.00587349554213679
  0.00619308665940139  0.00653455656298682  0.00689051053302573  0.00726939786356822
  0.00766245663040251  0.00806248761732590  0.00850020465252748  0.00897160970020709
  0.00948230945619439  0.01003793057392088  0.01062196176389869  0.01125812799919639
  0.01201447250732302  0.01275984595206417  0.01352500427037206  0.01431466654533829
  0.01513282014231307  0.01602592264165251  0.01695488007991818  0.01791674349518981
  0.01902693076142385  0.02033395586154129  0.02181859519166053  0.02340839059455975
  0.02506139791231273  0.02677379244501971  0.02863349516506656  0.03062441888672214
  0.03269110968109934  0.03478712221739784  0.03693726125849249  0.03914503045499798
  0.04160659472766668  0.04522640812016229  0.04925061799843006  0.05360459716589740
  0.05809097810909455  0.06267571790247820  0.06826627944128433  0.07440296239170265
  0.08130254299234696  0.08853447229968175  0.09630609725991715  0.10488737399799662
  0.11418187511555176  0.12327816479095603  0.13257108927882899  0.14286933951939018
  0.15473515092623230  0.16792790328811941  0.18056729082678161  0.19255244146568223
  0.20405075866210165  0.21669493495782616  0.22971805663432704  0.24322740854431554
  0.25756927554153686  0.27232491241639112  0.28708053478994217  0.30250041607637923
  0.31857502320904679  0.33510533623987443  0.35210268410386453  0.36837248806148259
  0.38330555289777996  0.39888649156755912  0.41581951346030810  0.43360866031114931
  0.45167501924286435  0.46988930057174444  0.48814268627214297  0.50672196920273904
  0.52414039075876118  0.54108440842577010  0.55852038668075366  0.57661297849126336
  0.59466409580852042  0.61271313303407238  0.63097668985475852  0.64925068625839388
  0.66749359026778754  0.68795164295980893  0.70974650757851598  0.73254375399680938
  0.75530648833585534  0.77892071431315490  0.80409414990220573  0.82913023346535941
  0.85712555396521195  0.89073165008016986  0.92963323246247698  1.00000000000000000
  0.34724315448984955  0.36863093506223066  0.38359183840893740  0.39849145176630907
  0.41333821494168704  0.42772555133797296  0.43857820359533090  0.44820160377433726
  0.45202993457329999  0.45675164991013806  0.46089434226287407  0.46426751404960359
  0.47030105891483787  0.48393119084172354  0.49030313407202647  0.49393467720828921
  0.49810181930754005  0.50154464409309341  0.50367097745353695  0.50550637408649146
  0.50735533190142945  0.51062320429804031  0.51650379037151872  0.52083212137691881
  0.52438456052409832  0.52833720609458956  0.53230965169028222  0.53596596117437945
  0.54439069165207843  0.55264175017149919  0.55774071336391151  0.56070819496415347
  0.56333002454752068  0.56632293112315446  0.56927061132865953  0.57228938107878702
  0.57576969600143324  0.57930231793793641  0.58315264153693214  0.58647916516463505
  0.58912297802242375  0.59186731246806323  0.59517643341808635  0.59873516698544493
  0.60191784224549882  0.60533682645645892  0.60913785583252644  0.61284403894401829
  0.61677444943055904  0.62063272117689261  0.62392809414411898  0.62711055329773735
  0.63066439121038254  0.63471356695237435  0.63925083177983055  0.64384946191838577
  0.64784603160290011  0.65151084321347053  0.65500539254912593  0.65860385678949340
  0.66263592646099678  0.66695970507476887  0.67153886505134763  0.67578819351107544
  0.67949403936503328  0.68439804306027563  0.68894975497393762  0.69311506870888728
  0.69759798023943731  0.70223953784098680  0.70693664642993259  0.71107362438746868
  0.71558532449975953  0.72025868828123740  0.72530709094973866  0.73024091336179320
  0.73485083370285165  0.73957519859467302  0.74466161389584207  0.75075186798474669
  0.75783963836570711  0.76511484530280560  0.77487133771476846  0.78888834757803461
  0.80469821463646229  0.82069173924651417  0.83613594354704357  0.84962030623471752
  0.86168440307259775  0.87348770689429289  0.88630280261959615  0.90035699171394667
  0.91569976999467118  0.93330884811555259  0.95689982824472142  1.00000000000000000
 -0.00238417091960497  0.01023851757847422  0.02103476478596416  0.03308113326257560
  0.04477951874221392  0.05508762826524015  0.06428310324655895  0.07436465759032113
  0.08569131974154511  0.09585956909652331  0.10406816506237312  0.11145344740701237
  0.11926856516808759  0.12798982858524613  0.13708232166399420  0.14570796672301703
  0.15319601811604347  0.16009402314307924  0.16811837976125749  0.17804751774259320
  0.18817856710853961  0.19778157308777025  0.20742335239214957  0.21798251101045032
  0.23000709239883085  0.24251335072641905  0.25476974114619699  0.26724201605183795
  0.27900145378455865  0.28976800859342366  0.30131224186175543  0.31331002302959787
  0.32591694181928160  0.33762281657158549  0.34959487825432606  0.36198628799960447
  0.37418948154103665  0.38435643903252875  0.39381393844070189  0.40467050840341995
  0.41503454468110634  0.42439477290224525  0.43376803889473681  0.44399993227104206
  0.45677495634074183  0.46926329752287488  0.48093514927520303  0.49189132623489912
  0.50278099856539815  0.51372093713169065  0.52619642194477112  0.53872475584641000
  0.55087086089169279  0.56202106024556131  0.57271662734430362  0.58355914701713929
  0.59461122720083259  0.60538631975769608  0.61591161678140915  0.62685271562920541
  0.63801733045810349  0.64875358108649539  0.65923122297305403  0.67019464933344930
  0.68176286759446225  0.69228558752192237  0.70203171899546735  0.71141384218526782
  0.71984503053257842  0.72771402583678657  0.73578318239583340  0.74447759926088541
  0.75713231247568702  0.77284971276005976  0.78845462652592069  0.79940498504218127
  0.80853550617945147  0.81773605938076765  0.82699534519813789  0.83701026995163996
  0.84769551395889209  0.86204781179823453  0.87496722026859453  0.88386844621402594
  0.89258145325106630  0.90236443818522882  0.91173196456982608  0.92014622442713112
  0.92841734582245883  0.93682768187019438  0.94768320570278086  0.95946651368981151
  0.97097959624704888  0.98129216844610712  0.99099559384231362  1.00000000000000000
 -0.00204138465717551  0.00857985809102698  0.01759533256106275  0.02753754437115791
  0.03792244696335054  0.04753490188504848  0.05798400164298109  0.06829289448141439
  0.07982179047547167  0.09185812966002585  0.10285686180655178  0.11438856547037511
  0.12498928554737548  0.13426735912943810  0.14451140198600296  0.15499648569334876
  0.16539966082176244  0.17416944174237800  0.18321031264564192  0.19278549070206560
  0.20521152747398189  0.21745637159548359  0.23006752327349578  0.24206921356556704
  0.25242608956820139  0.26070516474699529  0.27054271580483541  0.27987185283250193
  0.28867630501918851  0.29729251383116506  0.30671770200732829  0.31664404400020912
  0.32631327831720996  0.33546179876475996  0.34441899317807706  0.35356877884848631
  0.36232332769416775  0.37127124029156361  0.38114905369772700  0.39173827837579778
  0.40370936725603007  0.41802158532212808  0.43219118166812603  0.44583665274787670
  0.45837035564198664  0.47047634064189070  0.48182344073053268  0.49273021608759110
  0.50414395887088648  0.51686997454579808  0.52882304023097737  0.53971423635380278
  0.55169715285381415  0.56470131265919599  0.57916148305733783  0.59203240870509621
  0.60292396274175886  0.61353310841104947  0.62382867459807800  0.63430512847357012
  0.64349352620850142  0.65223466750478887  0.66169828304249723  0.67150551797380686
  0.68312738379583859  0.69451720323115285  0.70676192233903434  0.71817773755512626
  0.72997124194681096  0.73947116113653411  0.74791279922981302  0.75593713653671557
  0.76378071868798425  0.77313458037320848  0.78389425563912141  0.79426596042335085
  0.80430655620372338  0.81443994814329246  0.82488108220778500  0.83439425799186318
  0.84358858256017277  0.85306872474180406  0.86430274775849592  0.87552406858508969
  0.88592775810700830  0.89601030244356861  0.90638318735254009  0.91695714668621098
  0.92628097657290187  0.93598540010464948  0.94629055709617849  0.95767324085641514
  0.96798753787116532  0.97794255537247643  0.98859426930282490  1.00000000000000000
 -0.00160833502900450  0.00684477695370244  0.01431211903566056  0.02245465605255107
  0.03027904114156491  0.03806888514705219  0.04639175015032240  0.05567406160911870
  0.06637771267921738  0.08037026508363111  0.09271870289260377  0.10407429722296621
  0.11390340493753152  0.12489593160892477  0.13727253547073121  0.14881930158026643
  0.15901508871165984  0.16910983010864786  0.17986080367309357  0.19296640389583702
  0.20511204882027870  0.21618659813733473  0.22599259944483424  0.23649327250741073
  0.24833232397765992  0.26032364544936171  0.27245847400972650  0.28518736607314188
  0.29771318016085946  0.30954254642176698  0.32105442689989577  0.33159760218694290
  0.34078690346202439  0.34917576243956738  0.35797779468504498  0.36754823410898657
  0.37807343071502841  0.38981587528997974  0.40444247962156693  0.42064142951491440
  0.43562506806772927  0.44826703643607990  0.45821384017994948  0.46764039250391959
  0.47687229453806801  0.48688552403122382  0.49589852088731823  0.50524217179136222
  0.51477908753910884  0.52628127566835259  0.53928392267687353  0.55028289420828980
  0.55993612052938535  0.56961514156885251  0.57977075112939092  0.58997862149300428
  0.59971910898618686  0.61058255043199594  0.62304678616161457  0.63533380192673083
  0.64727641068437514  0.65874572239414619  0.67058307410848139  0.68278479538110148
  0.69319214692221376  0.70240498333372547  0.71177988133202896  0.72234293894287571
  0.73261055704163414  0.74203868326431721  0.75251326834520182  0.76471899529388332
  0.77756673784905328  0.78983880386217231  0.80080057176903585  0.81088349850742669
  0.82030731249672517  0.82986427500126625  0.83962409636841540  0.84868684177448506
  0.85840543045295525  0.86707310363520773  0.87496233557861347  0.88289879738696553
  0.89089533179841629  0.89934864767435130  0.90841761775523533  0.91794068712258792
  0.92727977933980310  0.93613534073352966  0.94512273467458563  0.95484697957879949
  0.96548900307385743  0.97651735976023302  0.98877785040777899  1.00000000000000000
 -0.00275916517534988  0.01068055620988980  0.02016595459994232  0.02936404413558628
  0.03864488662712412  0.04833342111163080  0.05827576964616454  0.06886597655736272
  0.07885438978302102  0.08999825716827833  0.10130793013897350  0.11344849151529704
  0.12550420262591749  0.13681943015476561  0.14755441198447783  0.15675126304228384
  0.16588932646161078  0.17463581420594984  0.18376677625848825  0.19287923527526848
  0.20251892909411401  0.21305909389511588  0.22391829911896877  0.23433295160764581
  0.24492164754164128  0.25609595091075582  0.26827146589557271  0.28045270984448095
  0.29204631437334794  0.30337715302382995  0.31466095813155426  0.32625321283650416
  0.33920662151907749  0.35330909388937359  0.36654529609907360  0.37794460404789876
  0.38710640223656634  0.39694180304190574  0.40664570102551312  0.41653154784654917
  0.42644364840613591  0.43730709219384784  0.44973580700272259  0.46321388861161716
  0.47508488321090686  0.48706385922245854  0.49703928681999049  0.50711440288047727
  0.51673356528773795  0.52695628574808784  0.53781833524324163  0.54923697623043044
  0.56005174920501555  0.56976229329377570  0.57904186970240479  0.58853399365877157
  0.59786778963431064  0.60703348467825635  0.61719951874225798  0.62898013212899195
  0.64081516003129457  0.65068580433862044  0.65966390886793413  0.66886439602785874
  0.67927901081083619  0.69010252288306873  0.70025439729858963  0.71014768631123393
  0.72014343675142911  0.73035435219016875  0.74015024846420785  0.74956186866766572
  0.75851787353367306  0.76754217523938439  0.77591148485898809  0.78468421435012503
  0.79383460216443802  0.80256141137357728  0.81026946371668140  0.82012054882101482
  0.83052417267617962  0.84129181094456063  0.85067638527098177  0.86157384383219771
  0.87274840070602178  0.88385980486784921  0.89528483467018827  0.90696763138156777
  0.91836414683703360  0.92906249960678244  0.93995835634371316  0.95189075051445815
  0.96434600413387184  0.97647933834564649  0.98841331302340463  1.00000000000000000
 -0.00301279976527029  0.01028123830397431  0.02287622193113512  0.03710860293988825
  0.04985584210451338  0.06114172499969262  0.07167557894208040  0.08250638174553547
  0.09350645644615632  0.10494730146272943  0.11762343885256266  0.13039990321212516
  0.14205001226484432  0.15235437252260892  0.16265336365248209  0.17254799924932182
  0.18296635249471105  0.19385164911741729  0.20587552264739606  0.21742231219517533
  0.22746358451767187  0.23603321580166139  0.24373765167597342  0.25183557752032087
  0.26077894366642485  0.27053039869947954  0.28023081855940435  0.29000733201276058
  0.29990702953962273  0.31014299234130721  0.32112103271412157  0.33265230317058336
  0.34323909705207045  0.35356728966400885  0.36404447460457035  0.37485637660971449
  0.38488016834967226  0.39295402484642833  0.40184459104786541  0.41236643856354860
  0.42253346960924232  0.43367288761895667  0.44509210155432105  0.45713423990283625
  0.47006684725883791  0.48344002585028417  0.49715908894628330  0.51058916059169246
  0.52259671878161362  0.53517259842892884  0.54626834703717775  0.55689086850212099
  0.56756003537617106  0.57805349638377823  0.58766329166014519  0.59698533786272001
  0.60726866222675868  0.61898471409143629  0.63131952086214860  0.64142393043205359
  0.65107969936765020  0.66019084735950329  0.66975755831235340  0.68134305438797982
  0.69379544416305194  0.70534090825665374  0.71570044871494332  0.72607151111723611
  0.73710933392821121  0.74975327427365523  0.76228422778909022  0.77448633840417391
  0.78558744506333567  0.79632372147828800  0.80734058258411823  0.81899055858217829
  0.83141407163631142  0.84456795358904235  0.85702077290352519  0.86930766320258746
  0.87906243158464592  0.88767511481258510  0.89504107070033057  0.90213572494795713
  0.90962519197728309  0.91722799235553198  0.92435021824135899  0.93149454375004603
  0.93888789390831651  0.94642048783471311  0.95422335507966094  0.96201882531930050
  0.97183017987270481  0.98163467340805932  0.99093678189704015  1.00000000000000000
 -0.00377912069091382  0.01265065713023431  0.02538519678106978  0.03761807908732400
  0.05018727655886767  0.06333751482071875  0.07702243729485253  0.08923353771705188
  0.10004412554757808  0.11034766810342882  0.11999326426028631  0.13017347311739949
  0.14104063686316554  0.15207103566374638  0.16274306069799327  0.17235168899381362
  0.18176374082228805  0.19287462999509719  0.20538875714664623  0.21725638696371535
  0.22844277011113959  0.23969595585007242  0.25111240445182992  0.26036966878781526
  0.26995156030231449  0.27969837851585672  0.29023989477349776  0.30216991613652644
  0.31465579405047250  0.32850998913763541  0.33916952815744761  0.34796128059762566
  0.35704921467649442  0.36642279712905435  0.37789629669953295  0.38842623591462777
  0.39819058357050335  0.40733621928057356  0.41690577464746459  0.42703549498850585
  0.43838882225441578  0.44915060921789429  0.46006984372218945  0.47295922410640467
  0.48713114967943394  0.50105994394348929  0.51336085579572199  0.52411141970064690
  0.53386205393527419  0.54335572399657717  0.55310979444489283  0.56310660098189613
  0.57365623539892363  0.58404161051045411  0.59446973674685655  0.60424007171370808
  0.61385044890120244  0.62365445980911927  0.63240714527177977  0.64069928767776763
  0.64898384584992197  0.65747631839167997  0.66595701236762983  0.67406505368061731
  0.68218035396642485  0.68994666722976505  0.69803502796892769  0.70575548533832588
  0.71539601588387114  0.72572274178800589  0.73697349252178157  0.74844114998249223
  0.76124065682103048  0.77499050361524247  0.78820413008928014  0.80047313954516242
  0.81222838474512349  0.82372164902758560  0.83534346877096310  0.84791534433508309
  0.86057548783194959  0.87276008693578699  0.88593258192234847  0.89842493864355122
  0.90933945684009521  0.91863924342306413  0.92715303694859741  0.93575522490585528
  0.94410953268948872  0.95265984801452752  0.96065497983814296  0.96786850990750672
  0.97524849606739716  0.98314087854670729  0.99182228015607055  1.00000000000000000
   1.9049293511780047E-040  -1.0000000000000000     
  <DiscreteSampler_grid>
  Helicity
  1 # 1 for a reference and 2 for a running grid.
  20 # Attribute 'min_bin_probing_points' of the grid.
  1 # Attribute 'grid_mode' of the grid. 1=='default',2=='initialization'
  0.0000000000000000 # Attribute 'small_contrib_threshold' of the grid.
  0.5000000000000000 # Attribute 'damping_power' of the grid.
 # binID   n_entries weight   weight_sqr   abs_weight
    1   4926   2.455939842129716E-040   5.631574672798928E-078   2.455939842129716E-040
    2   27   6.848729743463778E-043   3.534943306309074E-083   6.848729743463778E-043
    9   20   4.396141824766463E-052   1.180767678424242E-101   4.396141824766463E-052
    10   20   4.027748779460256E-055   8.754159526641394E-108   4.027748779460256E-055
    17   5320   2.571695913257559E-040   4.125677452891887E-078   2.571695913257559E-040
    18   30   5.234324957944294E-043   2.504600122257412E-083   5.234324957944294E-043
    25   20   1.593608634455343E-052   1.591826504858819E-102   1.593608634455343E-052
    26   20   2.259744860934499E-055   3.626076080663313E-108   2.259744860934499E-055
    33   3734   2.011375278853328E-040   1.985897472609168E-078   2.011375278853328E-040
    34   26   5.986277613537250E-043   4.521349086322540E-083   5.986277613537250E-043
    41   20   2.276356322860606E-052   2.835382614983477E-102   2.276356322860606E-052
    42   20   2.445658097940482E-055   3.445526735670423E-108   2.445658097940482E-055
  </DiscreteSampler_grid>
