  0.00369440493577310  0.01106682994007998  0.02058762719226973  0.03035669125520041
  0.03997291267949575  0.04951097303138671  0.05949696077798666  0.07095010438255953
  0.08317934802659845  0.09448078552427069  0.10557717515745414  0.11625294986130888
  0.12799115068219849  0.14037371404519250  0.15323301210073201  0.16544735933769453
  0.17798271736601057  0.19034790583905592  0.20236313289723426  0.21289252642657039
  0.22178987855467058  0.23070661428224104  0.23917119159325279  0.24793953794555215
  0.25689244691988167  0.26596511954121832  0.27519182616070909  0.28484216568465093
  0.29400485966741113  0.30271182534721280  0.31113894152981658  0.31994397153837068
  0.32962597223806084  0.34123617234730336  0.35397618938842706  0.36524964329725190
  0.37578330251594044  0.38581533514206495  0.39573311552819573  0.40591189505982839
  0.41565741995035710  0.42490618257701479  0.43406292603033259  0.44409843616373401
  0.45554784865063663  0.46757344541886170  0.47982991122228080  0.49185997390454550
  0.50394735918208822  0.51577367139412900  0.52745365913419473  0.53897209881562058
  0.54920923965159751  0.55812445337375005  0.56694760766031627  0.57580760356566552
  0.58531582505003810  0.59454036271613453  0.60349832506300471  0.61340479588332131
  0.62368045048755116  0.63431126711598129  0.64456102736907361  0.65458359661098298
  0.66449339275150654  0.67474362896462325  0.68582614653567731  0.69704023209916399
  0.70815962207180316  0.71857778646540327  0.72875441484415049  0.73925726796605973
  0.74926156037343272  0.75880446639942412  0.76863913216073554  0.77966615800050310
  0.79158561200222843  0.80265533946998113  0.81360895369544173  0.82520199222204560
  0.83771183284838746  0.85056198478123579  0.86269621589484591  0.87480014893993563
  0.88691531375647548  0.89915892446454015  0.91147448360626560  0.92340906781267051
  0.93507902453834646  0.94587384315106626  0.95617344320825159  0.96622753916166093
  0.97618741710140466  0.98497831718798212  0.99261538978941033  1.00000000000000000
  0.00065507251964736  0.02313972454063853  0.04148022189544912  0.05422477238432018
  0.06706807381953767  0.07927199562845559  0.09190189746009048  0.10475609289988147
  0.11791517520733652  0.13087971012261365  0.14349670387452565  0.15603387799637949
  0.16842619627478284  0.18047065111502048  0.19202163077497031  0.20290851917029909
  0.21314380038274017  0.22493517523925965  0.23460554576220127  0.24426530956545053
  0.25338260769162518  0.26262297812396806  0.27245561319839756  0.28257965355883391
  0.29195152604811975  0.30022182280580867  0.30818435928728560  0.31642237418050240
  0.32525281652172505  0.33432613409921025  0.34292865067383499  0.35078287651166418
  0.36011366207179801  0.37082028099444730  0.38187785377156974  0.39250713548948279
  0.40357994137318765  0.41515807086490408  0.42554119394161521  0.43581587828244922
  0.44583747995945838  0.45594769504830912  0.46583182302929688  0.47528537822331390
  0.48532231002746856  0.49547407827415502  0.50571970326918236  0.51539621886079390
  0.52566102593603814  0.53560606397243338  0.54533473216150263  0.55459362363150400
  0.56314695555128169  0.57328042226094822  0.58366048607493304  0.59447368388132005
  0.60492228267055148  0.61525598597281528  0.62540885805982926  0.63502239483755085
  0.64489318312069122  0.65556711359512587  0.66667080242785837  0.67794009363307262
  0.68853911985961302  0.69930117878783959  0.71047363854537160  0.72180101198988644
  0.73346057409281074  0.74447205371527458  0.75511383268714194  0.76418409520193098
  0.77247371943028986  0.78099692425895406  0.79046389299199726  0.80070660361109425
  0.81074424893653529  0.82080844631820904  0.83155128983755744  0.84294486758351506
  0.85376258010196426  0.86254814466633167  0.87051011358215069  0.87854858466908048
  0.88665840876823243  0.89577062629854820  0.90473165395168664  0.91281046300008573
  0.92231878176824289  0.93379310612691468  0.94543552003281695  0.95680053721672587
  0.96760440080915255  0.97873031907010977  0.98918075774042724  1.00000000000000000
 -0.00676808059525505  0.04080103554769662  0.07011429761830566  0.09455387697431840
  0.11678561109808236  0.13662868841960846  0.15494476332952947  0.17163008161993298
  0.18724725700113121  0.20175545200367020  0.21646450863582375  0.23133765238422407
  0.24575367971883577  0.26046353856556542  0.27476150076683958  0.28830376314973072
  0.30124027571770939  0.31381434663810270  0.32622808206921283  0.33852287227667960
  0.35107974350307986  0.36501802449627185  0.37908564903944286  0.39208114169550629
  0.40419996059866914  0.41517093464403276  0.42329512882439563  0.43175979970625067
  0.44111298961965534  0.45053724006648471  0.45933294515601975  0.46803206574619410
  0.47653890385766567  0.48513415775188229  0.49364845484134295  0.50263851724800768
  0.51193871561938020  0.52100507226056636  0.52951759949215549  0.53780941627021039
  0.54648668268458223  0.55558589024759386  0.56473856670389755  0.57382497943908939
  0.58303578670756773  0.59234906097036888  0.60146824486247308  0.61061074219084277
  0.61992062605349152  0.62921395048108875  0.63870798783374561  0.64805285380099198
  0.65691831945321355  0.66564470343845983  0.67413877841444525  0.68235905813236086
  0.69042902227869096  0.69878489794845922  0.70705774483153261  0.71656072581437458
  0.72603592508141435  0.73525725106046325  0.74391298357414881  0.75200635229820556
  0.75973680972973567  0.76764576559000763  0.77618211817223914  0.78465601756967496
  0.79286323774261724  0.80072437154908394  0.80848086320455381  0.81693384279776304
  0.82572048662727937  0.83498481515064504  0.84423095442905516  0.85316798935569282
  0.86185107480313061  0.87041879289630486  0.87813582490270081  0.88468968474560650
  0.89124001581107426  0.89786715932713734  0.90456475686182103  0.91085259443747191
  0.91720309779518994  0.92383923004549640  0.93053861282252548  0.93727561550002003
  0.94523345053024599  0.95340150412011504  0.96181609088256148  0.96981568677585572
  0.97738261538934446  0.98482093292660200  0.99238060307813647  1.00000000000000000
 -0.00300226053859059  0.01102931161616391  0.02181224751481646  0.03235986894323569
  0.04270516751194309  0.05316759850779226  0.06423126477543423  0.07596595356584629
  0.08811815158113204  0.10051570742413078  0.11239753313328078  0.12376260518925551
  0.13459022321354078  0.14497767761070743  0.15631025983135244  0.16806503608347165
  0.17960038597020286  0.19180810147381844  0.20304227932620900  0.21349532662422530
  0.22374953848293413  0.23402619104037584  0.24496965065435145  0.25537350863527436
  0.26720350847938013  0.27888643224109128  0.29095447140490899  0.30242870395582633
  0.31318153434703833  0.32406938775531652  0.33505599000024494  0.34697604306759616
  0.35837677363582854  0.36909140479891667  0.37852959322235474  0.38780883438149433
  0.39726132812297260  0.40724088624371718  0.41723087491775263  0.42794447022827320
  0.43828859975516116  0.44912526197070607  0.45986585897189569  0.47037956679898568
  0.48045524932888722  0.49028589257784821  0.49976870753380703  0.50948945417805847
  0.51974797218802971  0.53033389276960652  0.54019120309230440  0.55000702869498885
  0.56036221034122624  0.57161056853874592  0.58262685725942642  0.59359223944605921
  0.60476740921105776  0.61641159130885004  0.62804375278982183  0.63951976000144617
  0.65083849002471739  0.66161057401089218  0.67226474525623725  0.68281078896758751
  0.69326943573786881  0.70424816377746813  0.71617733149547658  0.72831048784629848
  0.73957768191553064  0.74977420509044113  0.75925091877206474  0.76861193043566856
  0.77803890116273433  0.78720630129534841  0.79598964428005270  0.80506510155234712
  0.81395938417340319  0.82227437605019693  0.83049567323405493  0.84014259610204989
  0.84975614423416079  0.86043600565435174  0.87182545360501285  0.88359477927716068
  0.89547104659938548  0.90737355767852101  0.91908850729726177  0.93075077232517744
  0.94086491605382527  0.94923091724322972  0.95708146764724811  0.96514055844456459
  0.97407196339494784  0.98337748026315597  0.99210167256367554  1.00000000000000000
 -0.00200036233383651  0.00766434952846638  0.01593237733595507  0.02391705740147843
  0.03203037512783554  0.03981619476987101  0.04692806003098164  0.05364894137295208
  0.06037051447996673  0.06699169987774856  0.07354593364600773  0.08015694277085736
  0.08691760566956733  0.09458409942499396  0.10218111357828347  0.11004648724335991
  0.11816106809031120  0.12596196171720062  0.13387798450250329  0.14223070951982661
  0.15059090035053874  0.15936372930428869  0.16843123618888250  0.17765251558512718
  0.18707038430759501  0.19643376076077232  0.20520544224678849  0.21327674013117581
  0.22101938039526056  0.22885672273121413  0.23775832988599507  0.24686716399344111
  0.25508026621134405  0.26281067876268849  0.27094981914977456  0.27948596643340662
  0.28832055311598459  0.29704260501617258  0.30552023657304983  0.31473913034009671
  0.32528001167167853  0.33655705392852481  0.34702316628403468  0.35690276679387173
  0.36675382493530906  0.37613688405748563  0.38406138504463322  0.39260611803382817
  0.40184370065964919  0.41117018624016050  0.42037594897061731  0.42906128652203274
  0.43829174826109935  0.44909419569264891  0.46019778800888334  0.47052693902892051
  0.48060979777605056  0.49043545007535677  0.49971518958116173  0.50836070975198633
  0.51716764524017333  0.52652510729164048  0.53543026673689831  0.54400493371125846
  0.55257942125174664  0.56152918142664066  0.57122361300301405  0.58029882143772860
  0.59062184509640203  0.60035671516863520  0.61022762888552085  0.61977911013651732
  0.62973660920125640  0.63957465208873887  0.64942976252440343  0.65949090873910843
  0.67004563357693636  0.68140149617883916  0.69384212255573674  0.70740763468355594
  0.72166865382825585  0.73528228508685922  0.74751631736332402  0.75974121721487531
  0.77267151389897470  0.78636164881569903  0.80164057996037641  0.81626548761167517
  0.83072314634009259  0.84737443403299750  0.86517444376701846  0.88388101317520273
  0.90496265601578596  0.92842234186370398  0.95919122275993007  1.00000000000000000
 -0.00176321636151539  0.00880329792354648  0.01751204439516614  0.02682933617801278
  0.03636562686785919  0.04716015848648210  0.05911399711483776  0.07070444565789058
  0.08210870535724407  0.09298358181626465  0.10423624956448033  0.11605851505240677
  0.12831102858144752  0.14023679981028539  0.15192774190772129  0.16403705863510784
  0.17620097295421192  0.18826412028152145  0.20005688853804279  0.21250303702244630
  0.22586078265362977  0.23943016550928869  0.25241624718338102  0.26454525102253795
  0.27583965904470664  0.28698238729247605  0.29804284899041894  0.30833449091718329
  0.31900658213991040  0.32980162524211748  0.33969358359334950  0.34820738832638831
  0.35713282420618730  0.36679966717037982  0.37575629896918783  0.38355166557501225
  0.39073544678970973  0.39910246277727957  0.40862765909564436  0.41851867333844606
  0.42819732186408793  0.43840955591627156  0.44992418732099043  0.46029275725294194
  0.46874100254660683  0.47695902280521502  0.48567559233365692  0.49522771939057231
  0.50497990962446826  0.51483633850382127  0.52514080512806249  0.53568317781010599
  0.54555195854582283  0.55515996694361602  0.56509405581747529  0.57634126065047420
  0.58832594015615203  0.60052956984813033  0.61282865241498974  0.62459235136991098
  0.63665393233719303  0.64869561499916562  0.66069595642708767  0.67302455833536234
  0.68473233234228414  0.69625239927869687  0.70721976804605591  0.71823865563369960
  0.72940712148107989  0.74189948372100789  0.75425443146331572  0.76631507333736304
  0.77672895651545804  0.78602664820553581  0.79466313311883541  0.80324523529043945
  0.81210204708154565  0.82094146011945512  0.82785174594558752  0.83516565655722652
  0.84313585525865398  0.85241911499328848  0.86275198490523342  0.87335225585797016
  0.88379534427753803  0.89437629345005498  0.90433745241739771  0.91484347345496242
  0.92614890456229371  0.93771486460392361  0.94906770435968391  0.95968239541748546
  0.96999417483041284  0.98015382595579226  0.99021732574716026  1.00000000000000000
 -0.00050030753432848  0.00064011327007288  0.00210262592923266  0.00397556897581699
  0.00573007065841044  0.00762268509147689  0.00966332373778336  0.01181573469412313
  0.01402630423423875  0.01631780219049360  0.01856405004775533  0.02095577980805281
  0.02350928683759149  0.02610253847578923  0.02897490039665428  0.03191658458366946
  0.03514365498279794  0.03835084983977016  0.04173328649737407  0.04544140827827536
  0.04917369176882446  0.05288700378997625  0.05661532297905553  0.06036988656710773
  0.06460920914002381  0.06913814721400818  0.07381570389590891  0.07845422048114323
  0.08311173280667340  0.08791603876718725  0.09271944305879404  0.09769468699010329
  0.10278624314215153  0.10844816335872105  0.11426612366864047  0.12021860411044409
  0.12647790384657456  0.13301052609828087  0.13943466615165809  0.14613483449954875
  0.15231789422095871  0.15884799255919183  0.16585947558809944  0.17334931564859873
  0.18130228827064060  0.18898967450213966  0.19633757936321891  0.20338451058354526
  0.21058060006753787  0.21841951810786756  0.22676327620449624  0.23587062173101203
  0.24498824272537670  0.25421456884912091  0.26417455728258327  0.27470345007574853
  0.28556267908908844  0.29644386570542736  0.30697212336471491  0.31703638762620284
  0.32657792149522519  0.33652718128069936  0.34762419877819478  0.35927804110520095
  0.37073295695297659  0.38246772963230835  0.39482366188182105  0.40778409851948039
  0.42087739490451492  0.43432784672392682  0.44869241103083918  0.46320825349849698
  0.47755808939286165  0.49096105580205390  0.50493184052570006  0.52016452186611928
  0.53647557084091346  0.55298514505432528  0.57134245178761833  0.59091050808999102
  0.61102729043981485  0.63050503508056543  0.65080492621479769  0.67226771247575212
  0.69430360946837544  0.71658755063399104  0.74106521284278237  0.76615029577519045
  0.79175583321578868  0.81877257405482262  0.84556663431766976  0.87397891118553794
  0.90373067875077773  0.93461644716664827  0.96613083007904565  1.00000000000000000
 -0.00257785117035198  0.01015868575024748  0.02139935347863729  0.03299310976688533
  0.04524766018020959  0.05626541233089163  0.06733393834264978  0.07809577696007927
  0.08919467342851489  0.10036339009128989  0.11243675702364442  0.12405774260694918
  0.13602593147731462  0.14773087897717510  0.15947298425707801  0.17089856534623463
  0.18190789266296206  0.19254627812387504  0.20368592412260719  0.21479826260090681
  0.22637719688148492  0.23762521322790825  0.24823747707652724  0.25897920268554631
  0.26985688724552986  0.27981854255431721  0.28869196363476701  0.29704009084090682
  0.30540994520554737  0.31393009967035157  0.32191010618178384  0.32990927941844800
  0.33915465509048509  0.34892955352972771  0.35766078782518934  0.36566077073539399
  0.37373359674364054  0.38399231066658651  0.39502602892348787  0.40726342508493213
  0.41945678964681721  0.43156190977063907  0.44378918369584841  0.45530630920220960
  0.46611532229752001  0.47664582677049561  0.48732648914538906  0.49824291643053209
  0.50917467629112123  0.52043078927865560  0.53310671615965188  0.54505610787934189
  0.55411568209837403  0.56262487619941848  0.57092688740957453  0.57882803039650521
  0.58663473601615324  0.59450318720257311  0.60278960046656538  0.61272348117790043
  0.62311508991923359  0.63342763675918534  0.64339424159622227  0.65285938888359318
  0.66175132485686938  0.67082363913630738  0.68059330794157880  0.69110495294297392
  0.70204786497200500  0.71320863010226088  0.72454733215191613  0.73496772720168568
  0.74536394447970389  0.75541654473783137  0.76607020562875139  0.77639407196670573
  0.78710093771471534  0.79825284813841590  0.80973741331847637  0.81987057780505179
  0.83026693992530842  0.83985742400330099  0.84965805588052712  0.85953843254716622
  0.86978744284754417  0.88071443535956773  0.89169534459767252  0.90280008960940450
  0.91451373933164859  0.92637526727415820  0.93941097363467474  0.95206387533981496
  0.96450742778906706  0.97618308339583537  0.98833402790311264  1.00000000000000000
  0.38485950934005786  0.51439020158002513  0.57458731431590004  0.60814036143152661
  0.62866867743803279  0.64261468488591089  0.65228321163982006  0.66032978873364123
  0.66744476289255572  0.67402189394529599  0.68022762348670662  0.68615253563132927
  0.69176255514834062  0.69697727118115982  0.70182904369917687  0.70647774658719431
  0.71076908785615001  0.71492027393494684  0.71906555296599406  0.72327807290059576
  0.72737989371570388  0.73133371083403020  0.73524406457531599  0.73917145174322707
  0.74304727909518520  0.74695588295204318  0.75090107546900364  0.75494515386904559
  0.75885733947566936  0.76255126052459832  0.76611243704576393  0.76965445976068148
  0.77332938075376545  0.77704690971703472  0.78070664579923588  0.78432083850681111
  0.78799127915850808  0.79185850646172606  0.79578648056850598  0.79966506406442850
  0.80339645257583092  0.80698250561631191  0.81052520953577900  0.81404100694816162
  0.81747652474840438  0.82087071385580834  0.82428466314074234  0.82768426766895931
  0.83101334052807707  0.83430007630939773  0.83753648111551871  0.84092384111985718
  0.84438549631597537  0.84779976553232916  0.85112813984828262  0.85440687783891311
  0.85769820805491226  0.86101116678489220  0.86431220283927002  0.86768013284874390
  0.87114260219543582  0.87479102421214372  0.87812709963280122  0.88145676532729411
  0.88474355771712410  0.88808480157009961  0.89131509716248813  0.89440335019572559
  0.89741266506710082  0.90047717923052562  0.90366340912295706  0.90704023982988802
  0.91027458795276883  0.91335728600100430  0.91643306322787665  0.91971253084946947
  0.92341401587724825  0.92712069043347023  0.93068876109863374  0.93391699670388095
  0.93701097596149518  0.94041183789217253  0.94349032237578279  0.94669762056888329
  0.94981803488127836  0.95306517426152837  0.95641197102040176  0.96009647695876765
  0.96403289409252479  0.96792310105349644  0.97181611080588293  0.97546268485123788
  0.97965591617148218  0.98450991140611988  0.99107643946280521  1.00000000000000000
 -0.01233059224882757  0.06757034462888134  0.09546787464256978  0.11626772619888924
  0.13476519806998893  0.15030270013850427  0.16234687124524880  0.17338382405056021
  0.18357235642908085  0.19291479425839830  0.20110098140949478  0.20894009375817746
  0.21705931951789850  0.22535020470063907  0.23355046603154395  0.24136910625445568
  0.24947643155659169  0.25743977944655577  0.26659529966140239  0.27521700082982326
  0.28371965241669028  0.29238906037800116  0.30059565254746001  0.30905525057388561
  0.31828559142783719  0.32805653614966079  0.33712747703423701  0.34534466556930632
  0.35301934814732333  0.36059228656398423  0.36843747406647831  0.37659292248436088
  0.38529360548113600  0.39401155887297507  0.40247045115181335  0.41101571835923534
  0.41973077426868927  0.42858477568066777  0.43665812860840214  0.44457511108565456
  0.45244596224707123  0.46024874248476716  0.46758596886541764  0.47459840612088422
  0.48198988676096988  0.49018598764420385  0.49881806104729692  0.50718900723594329
  0.51575620896994756  0.52399808829230587  0.53248845904690789  0.54035602516266057
  0.54804213177899952  0.55545442555227065  0.56358229776932589  0.57201248535163307
  0.58069314429628249  0.59083180715999617  0.60180415449601887  0.61113372497563678
  0.61907828896584993  0.62691762848943389  0.63480181517950041  0.64286343818900260
  0.64950625176137766  0.65526110450497410  0.66095102786373117  0.66694391180406709
  0.67379313028226384  0.68118352825045014  0.68839664031582959  0.69529380719921130
  0.70226353716089573  0.70998544798542595  0.71828698129609747  0.72572794566933907
  0.73240765854683609  0.73857811722146471  0.74546440548698334  0.75273377181015955
  0.76069433703204947  0.76890932933799205  0.77755574005757833  0.78603330236452262
  0.79424464676853224  0.80385759167286064  0.81303226402632167  0.82269085571139466
  0.83311926397531955  0.84442031156625763  0.85652987828592120  0.87032263668839360
  0.88635352969168046  0.90535562061305286  0.93318234698097269  1.00000000000000000
   1.4630580596701837E-006  -1.0000000000000000     
 T F T F F F F F F F F F F F F F F F F F F F F F F F F F F F F F F F F F F F F F F F F F F F F F T F T F F F F F T F F F F F F F
