  0.00006837391326524  0.00016204889761434  0.00021440057569480  0.00024960336361878
  0.00028984148389348  0.00034144191011805  0.00040818263148410  0.00047626733028646
  0.00055221278635755  0.00066445882852308  0.00078615255963532  0.00088557796820038
  0.00097057763016724  0.00105856546785259  0.00117941215431392  0.00129058685211133
  0.00136549747299103  0.00144818583197679  0.00150037824229063  0.00155907929406326
  0.00163956160856127  0.00171079561831811  0.00176220845701041  0.00185928073593498
  0.00202133726650652  0.00222446719300147  0.00244213223449830  0.00267432162993175
  0.00292123483754913  0.00319025956510400  0.00349477925444812  0.00380184632205468
  0.00410689002349825  0.00447827510080393  0.00477189471175472  0.00509575686002266
  0.00543904231923942  0.00581402477187742  0.00619233394625216  0.00654544894642344
  0.00690404852189337  0.00729667944011903  0.00772521147991165  0.00824673391041471
  0.00878086244163818  0.00935280064997435  0.00995125235043321  0.01058646344963151
  0.01126614792697558  0.01195592410035409  0.01269743493335783  0.01369515480649981
  0.01472193953893032  0.01574333575279420  0.01671983589987478  0.01762199544788393
  0.01846809141973536  0.01943360435706237  0.02060507631734961  0.02197265187454038
  0.02342118307368427  0.02496786853612730  0.02678325275908204  0.02873078993331767
  0.03094438645473055  0.03373115983141847  0.03735725478704424  0.04090902211255897
  0.04346351039642595  0.04549259724639903  0.04772116289189680  0.04988399579700446
  0.05231775493869400  0.05505335692015871  0.05804712078569912  0.06178087958126940
  0.06640375438943046  0.07220495348038515  0.08066382472387476  0.09350653386150851
  0.10173081376394735  0.10778018997118617  0.11351489122362034  0.11878435611934147
  0.12405807711129169  0.12938206097363894  0.13470604483598617  0.14602356924883139
  0.15946456097459208  0.18414979527762368  0.21275984337103640  0.24459186868418969
  0.28477854957985832  0.32946531630753478  0.42019240042367345  1.00000000000000000
  0.00005552661232158  0.00029568637604078  0.00040837095625494  0.00048485373943527
  0.00055218864554824  0.00060329922347848  0.00066757658809998  0.00074001555903859
  0.00082528545407172  0.00089052466260559  0.00094490508190139  0.00098711973238708
  0.00102308491572189  0.00106274803627321  0.00111396853381783  0.00118537844246131
  0.00128939963157808  0.00141923432715541  0.00157578031384639  0.00174278578255669
  0.00193850762629905  0.00218541313411677  0.00247721861572676  0.00274285778814388
  0.00297123984558788  0.00318671995990235  0.00340945454178990  0.00360841689164291
  0.00379460886586436  0.00401093509321704  0.00424045375506310  0.00450149296382820
  0.00483748078836251  0.00526322974264770  0.00572700997563164  0.00620050750627136
  0.00669694643817887  0.00722553120660980  0.00784272032198579  0.00857785461954878
  0.00916604299414290  0.00948053864406027  0.00975064107080490  0.01015231895441067
  0.01061157628335811  0.01101704061178232  0.01156992281580500  0.01205306261523730
  0.01245353834724446  0.01333342861286920  0.01456410064845024  0.01565404965116847
  0.01678406466348699  0.01794018322511681  0.01926984542958990  0.02067047588115759
  0.02249466647713934  0.02436372303156507  0.02629220992620761  0.02829569145840451
  0.03038907954933644  0.03260411887780807  0.03500519861373949  0.03762347991917661
  0.04039513652079928  0.04383039414481399  0.04776410730820855  0.05160398814635614
  0.05556115538335905  0.05991970980770203  0.06469422744386548  0.07029579337211726
  0.07568583680380879  0.08184065940747179  0.08837162049967329  0.09601112095539646
  0.10500761306093587  0.11595399049253499  0.13173920362584526  0.14767244507088881
  0.16720602132727183  0.19029993237565626  0.21720510528755646  0.24800675995737381
  0.27341607816886832  0.30837625717237510  0.33977036190454829  0.36395638959770088
  0.38520943402008362  0.41202110394328040  0.44499677612283733  0.48492054053698402
  0.56024337243282862  0.65255916155388416  0.76941537938874149  1.00000000000000000
 -0.00004388794558339  0.00003765561698988  0.00012654400180170  0.00029796436391866
  0.00049200618222703  0.00076560103674126  0.00105294903645919  0.00137837653461535
  0.00175675504443839  0.00215961812140509  0.00254999944493925  0.00295721035494276
  0.00336843230443902  0.00380003014574636  0.00426915745547719  0.00475786193740537
  0.00516793360542659  0.00554286040460343  0.00591284154822661  0.00627982412306921
  0.00669247774700279  0.00713543202351223  0.00772297617066416  0.00831578495927672
  0.00883854901330633  0.00925837648197807  0.00971170293716919  0.01020261417193880
  0.01070919758090305  0.01122283816215782  0.01177074901003866  0.01229672708781613
  0.01293784715965766  0.01375658869815694  0.01469389040111000  0.01584974460015620
  0.01704510640991539  0.01822002690762045  0.01934542140721555  0.02051284795626910
  0.02198616877405253  0.02388126665977374  0.02602833739820916  0.02825798503616040
  0.03045035106595901  0.03261624813532280  0.03466569844010705  0.03639590242978966
  0.03791729709558597  0.03933333329814484  0.04110779608460199  0.04356048818757384
  0.04650995997613417  0.04922366070522806  0.05167148178621820  0.05379776853191649
  0.05586995356322548  0.05821934947688512  0.06116176617029925  0.06521188273627183
  0.07123260784729793  0.07682954183254842  0.08231648895590375  0.08890339654576525
  0.09670725337670659  0.10505631035491508  0.11394379317603386  0.12267552762411753
  0.13113471688625702  0.13970769107413414  0.14873643489955957  0.15802144744142860
  0.16985806643285264  0.18597052388021118  0.20616709188133628  0.22713563685742205
  0.24865042274076088  0.27060005858310499  0.29371942535662299  0.31802163709902526
  0.34090426345682284  0.36756231397337513  0.39657851805567762  0.42935273258765705
  0.46262011151137455  0.50839993365071734  0.54990070144066283  0.58732581299526576
  0.64018820473357918  0.68294842468968187  0.71560267760064800  0.77424459934380241
  0.83678760151249765  0.88679857287700503  0.93866441622427377  1.00000000000000000
 -0.00214356404896384  0.00903642494546109  0.01988432743918048  0.03250164209006488
  0.04751767881144551  0.06070943787647593  0.07397942678819619  0.08435730587344269
  0.09587204111405245  0.10708365971363894  0.12016870753353839  0.13635468555554986
  0.15190596382905464  0.16935009946995266  0.18738056860799221  0.20597316651272135
  0.22223411637663820  0.23778212005394686  0.24707543244147764  0.25473328386562333
  0.26180222081405019  0.26939662594891178  0.27967571309823430  0.28857468351557758
  0.29855205992320305  0.31033607322732909  0.32293235694796812  0.33566545381820012
  0.34765221149940995  0.35750576338535772  0.36632418387829330  0.37602904788511826
  0.38446602222853649  0.39428335293916972  0.40545910305669358  0.41729127096477175
  0.42915278034866944  0.44058295875389181  0.45107696235254552  0.46187095777196091
  0.47206564559762942  0.48213468373205215  0.49277237948156899  0.50467763311656488
  0.51864096733178133  0.53491043326131105  0.55206095532821831  0.56727796551009446
  0.57993887816243239  0.59089515379337199  0.60172557676172833  0.61069695783877564
  0.61750143089806109  0.62466634667504461  0.63233497147130235  0.64266330706834718
  0.65338941409901363  0.66468491941298613  0.67515183634947695  0.68443577056337412
  0.69353131385716205  0.70380774392457723  0.71183259101583851  0.72023993385991480
  0.72957255830921619  0.73927360309316670  0.74939970097022790  0.76209615295275668
  0.77597413233401336  0.78799469398504096  0.79517283741823352  0.79956974940025993
  0.80433587399089279  0.80978104784438965  0.81691328118345674  0.82439469782216857
  0.83055226530637116  0.83425184976985767  0.83770507438457176  0.84202737342281808
  0.84766278390888372  0.85333452538020071  0.86030256844336317  0.86980255602285717
  0.88092904942004735  0.89473255102672167  0.91022851578005959  0.92446730083663631
  0.93716155958074832  0.94887391034118862  0.95964129032113743  0.96908247223256694
  0.97710265923036310  0.98526961671026536  0.99276765824285962  1.00000000000000000
 -0.00707883118200812  0.04798289779235680  0.10460799451161330  0.14584672320488579
  0.18882704154475807  0.23678408927209305  0.26569122563941622  0.29502947813122843
  0.31966086608679761  0.34709074039082777  0.37405888717374125  0.39788510840222946
  0.41767898665503894  0.43320840354806689  0.44928092921606466  0.46201889351571962
  0.47044443177192485  0.48325398890712584  0.49661127301525937  0.50634855963199898
  0.52386775160452326  0.54812722972155392  0.56463450026762307  0.57674332690587848
  0.58682249046357948  0.59892847599014709  0.61322823431812601  0.62940309846672204
  0.64438027231885497  0.65822403109001126  0.66998262587302349  0.68063692198017955
  0.68961138782056297  0.69940958942966280  0.71028061116328511  0.72094337223889382
  0.73332297780004141  0.74906150037611896  0.76338390549532076  0.77431294360195912
  0.78378236953868852  0.79245597117092914  0.80223895012614899  0.81309112561386332
  0.82374756257497639  0.83340867099241012  0.84258199041627124  0.85217955801200018
  0.86113207710572026  0.86948929955203014  0.87727559107964859  0.88259880186431117
  0.88702980993251324  0.89189606407045607  0.89778375250207365  0.90290057890117659
  0.90767476709414618  0.91236326299463044  0.91660295987880680  0.92083906867603393
  0.92520887142563590  0.92900908692632045  0.93248076437695238  0.93617109590223291
  0.93978099192201103  0.94445675726573530  0.94932856840184732  0.95374607365235931
  0.95721983994119952  0.95948745687414216  0.96139238684828510  0.96322196809140703
  0.96524471011747703  0.96801998334696371  0.97012650996742245  0.97229897659704045
  0.97445563697108206  0.97664358016584696  0.97885716141724100  0.98103419274704562
  0.98300403897741850  0.98459359176698158  0.98594337970699475  0.98730524758675109
  0.98878524071535367  0.99041717422134878  0.99217027623677301  0.99371650944485990
  0.99511702636893640  0.99602884753540566  0.99670043711641676  0.99735857316492027
  0.99799230766050495  0.99863577355350241  0.99932044246516938  1.00000000000000000
 -0.00066195496746860  0.00410327330662633  0.01041226534208158  0.01703353454449805
  0.02493729171090695  0.03671720453731142  0.04943827772336480  0.06026551214048003
  0.07081484795155095  0.08374715591852386  0.09703216527668532  0.10816178655975009
  0.11730297049284391  0.12705039920214159  0.14013307656067417  0.15423508942762282
  0.16740033881367725  0.17882851569908842  0.19003154622095203  0.20003600453366538
  0.20863426501040119  0.21575627583588761  0.22285309067078585  0.23305790120021902
  0.24628615365704185  0.25992123660065697  0.27416174329189258  0.28871750528669771
  0.29656622182118753  0.30424165419266280  0.31136491087308266  0.31822921560840534
  0.32470368112307219  0.33060748541141222  0.33575381266514220  0.34057960559802125
  0.34537266835456720  0.35082634871937313  0.35626744456797138  0.36096555533008678
  0.36698504183584635  0.37338996320272283  0.37882093612530149  0.38453673434406982
  0.39001088941612616  0.39379336241101309  0.39774543301792475  0.40452802412909422
  0.41536831325654688  0.42907308103681219  0.44510011869094263  0.46036701486025761
  0.47155696072170794  0.48123171171651341  0.49074485450734451  0.49922781628765245
  0.50831153155887732  0.51797114190694604  0.52851642085897976  0.54040605425111665
  0.55261240500070918  0.56480323915780040  0.57702000796789510  0.59104014109804837
  0.60490806974840083  0.61539457023720012  0.62454558030821783  0.63454890038096179
  0.64621559019911146  0.65811518410899650  0.66897646416154066  0.68035318253063037
  0.69206823970602338  0.70447828260691780  0.71812450450209475  0.73387516691678023
  0.74961279712082540  0.76403752604571340  0.77595893204386068  0.78412968278804629
  0.79356223991924435  0.80183505989451476  0.81119192119355710  0.82172826496186691
  0.83435871611124501  0.84913921525090075  0.86528548368927349  0.88181982753358379
  0.89709812991253268  0.91156708178327961  0.92692288130791944  0.94317537044589750
  0.95812447007589119  0.97133024095792775  0.98400910387639517  1.00000000000000000
 -0.00209577864436249 -0.00059902462352922  0.00089772939730406  0.00239448341813733
  0.00389123743897060  0.00538799145980387  0.00742978432734691  0.00978201475782109
  0.01213424518829527  0.01448647561876945  0.01760886882991740  0.02202538207760153
  0.02575159885602720  0.03184138852158884  0.03877180879599839  0.04411873686492820
  0.04829116653216212  0.05217382442684629  0.05679245128658324  0.06233921863925929
  0.06879503807611374  0.07688596184873994  0.08470808735591938  0.09160221597875959
  0.09950792947847416  0.10856628480929198  0.12197750957704398  0.13711826080046383
  0.16203256523314594  0.19516406793688976  0.23718330010910768  0.26404461216661285
  0.30279284200721357  0.35121115056818647  0.39445365988941389  0.42851176747721659
  0.48617479944536668  0.55665326517190927  0.61331470464744264  0.65481864478582286
  0.67648976351542101  0.70012391664340212  0.72359050391462632  0.74381024751915636
  0.78707220323724070  0.83333240107778206  0.86841331376432007  0.89921792846388104
  0.91941657611126193  0.93211241763510155  0.94207029526265695  0.95497486383121788
  0.96428147350166760  0.97030260534541291  0.97342852919772871  0.97634368663529691
  0.97909053593496009  0.98145434761387174  0.98377451103926328  0.98625395963398266
  0.98810379586044417  0.98938104291477191  0.99053585032848990  0.99174640699270977
  0.99294993527419273  0.99403329228341275  0.99499062229210877  0.99586741976615778
  0.99656365936552160  0.99708038975336044  0.99748964552649200  0.99783444034745772
  0.99813384013590201  0.99838570331969945  0.99860518022958711  0.99880050718579727
  0.99897047431611319  0.99911841040265603  0.99925425787070965  0.99936697529833107
  0.99944459553272169  0.99951723932856273  0.99958230518489377  0.99964064179510925
  0.99969568869010239  0.99974214492439628  0.99978540852309916  0.99982249480037455
  0.99985361589781729  0.99988401529750404  0.99990957626707022  0.99993222321080955
  0.99995035964560741  0.99996790917435519  0.99998395458717759  1.00000000000000000
 -0.00239542036804459  0.01091099142123575  0.02548034486601147  0.03724803210814438
  0.04805491624106142  0.05954924434024348  0.07167008905876307  0.08522786381201090
  0.09770365392485263  0.10930830241925135  0.11954937267061540  0.12768014960395302
  0.13469512131394226  0.14151510667372591  0.14703476178028271  0.15310865745286351
  0.16022555273455799  0.16791918036235873  0.17631632465255034  0.18453641546663235
  0.19304273819533554  0.20401812930497443  0.21503197285711623  0.22539974442089000
  0.23569526632512286  0.24637971389530006  0.25771660534775948  0.26894068530187293
  0.27437565929146146  0.27972196792352311  0.28530522119998214  0.29129614894597833
  0.29519205890263905  0.29765137293232441  0.30030663910203792  0.30512681248679058
  0.30997434426636683  0.31623709166888958  0.32330326394931880  0.33011332527906800
  0.33859904880345804  0.35041462571514848  0.36334091233337895  0.37617569730648093
  0.38816382196557137  0.39932777627599131  0.41114131775164847  0.42351842187206212
  0.43642528621467469  0.44956722161546547  0.46171492863736002  0.47268762221276528
  0.48249827266422579  0.49244225045700274  0.50380768608078996  0.51528198753452703
  0.52518143975402631  0.53201390281468186  0.53843312957782652  0.54595609338101303
  0.55586484310449558  0.56970526452390646  0.58488052615685016  0.59934803028694272
  0.61145626425726807  0.62341379816833586  0.63625074830557538  0.64730535931102606
  0.65817745469157918  0.66949852820267874  0.67970681388177911  0.69106695255445805
  0.70450938185361245  0.71714832264298634  0.72921662485007299  0.73938918789885111
  0.74890183577267977  0.75916314677773022  0.76892045711028367  0.77914473035276466
  0.78820873857267271  0.79881365809308158  0.81122961199345300  0.82399181912948705
  0.83689237638344138  0.85515574281508688  0.86936283377802759  0.88426021141910949
  0.89916352796592447  0.91843586373014863  0.93797423529651325  0.95517446965128672
  0.97033972171729455  0.98289688983968915  0.99228237492674720  1.00000000000000000
   1.6186836717823898E-019  -1.0000000000000000     
 T T T F F F T T T F F F T T T F F F T T T F F F T T T F F F T T T F F F T T T F F F T T T F F F T T F F F F F F F F F F F T F F F F F F F F F F F T T F F F T T T F F F T T T F F F T T T F F F T T T F F F T T T F F F T T T F F F T T T F F F T T T F F F T T T F F F T T T F F F T T T F F F
