  0.00227277110104013  0.00425134531396798  0.00568314663949248  0.00728539917260116
  0.00955712847463341  0.01170627809280783  0.01403295454769059  0.01640965199140672
  0.01874892880565061  0.02118920442243748  0.02411714015604086  0.02703846935681632
  0.02992984649684019  0.03300006817193802  0.03600812903965597  0.03899991578998935
  0.04237382410362260  0.04718713817721707  0.04959148381495413  0.05195947519590557
  0.05429446807583815  0.05668350070048916  0.05942475098955026  0.06219582967982804
  0.06492260013915072  0.06765213535471366  0.07046226475015753  0.07327136873719489
  0.07604927857738958  0.07876022054991051  0.08199044198294160  0.09008496598385549
  0.10023557810200802  0.11007965706844088  0.11992477668914790  0.13026144500082601
  0.14189297695362182  0.15417956598868315  0.16616971403517766  0.17767849258327525
  0.18903404832256981  0.20063475159374572  0.21207940340129350  0.22509278719827711
  0.23894434655673769  0.25256368156754405  0.26584963994269012  0.27863775722029571
  0.29137720355121211  0.30705548620450446  0.32710392756047418  0.34992890661974552
  0.37440962079790663  0.39465973756296907  0.41536907663044176  0.43799387011581836
  0.46564094796865485  0.49345665317137133  0.52134208368504475  0.55361434642219520
  0.58262544225792090  0.60502596145572396  0.62598088994307932  0.64469400897270757
  0.66090286662147857  0.67850140767793499  0.69579367607171039  0.71231070961832110
  0.72743709076805663  0.74074477367539582  0.75545612522051031  0.76965492430017723
  0.78221753552189144  0.79398077610567741  0.80567115638364062  0.81732654752912226
  0.82896407167557740  0.84059133756110405  0.85225776353833138  0.86293883814839356
  0.87290681371326240  0.88245789463166346  0.89165368918851340  0.90064765913644729
  0.90956279892255110  0.91826931860184513  0.92688525997775872  0.93544779618132556
  0.94399638653552553  0.95238675788557769  0.96072033140599089  0.96900212619494897
  0.97708399623197539  0.98492400279115577  0.99252995235877495  1.00000000000000000
 -0.00101757734794039  0.00000322241962899  0.00155013803038837  0.00554401619558355
  0.00882402123785729  0.01215948251033937  0.01535266525987880  0.01860160301720901
  0.02231967714125419  0.02690298836134236  0.03146342691275014  0.03569779452062499
  0.03962164291701564  0.04614029290132311  0.05885081542273952  0.07401247085973475
  0.08908042626450313  0.10247503236566886  0.11474621697245160  0.12697900998173675
  0.13947229255753801  0.15268432842445570  0.16653780001542837  0.17936962981496135
  0.19173145851415627  0.20397980507057914  0.21641679941668784  0.22103600312371277
  0.22422491271553430  0.22786194117826405  0.23144038972120176  0.23510267243886546
  0.23878716195924804  0.24235038645807133  0.24607609794258295  0.24955187348323957
  0.25335618797366100  0.25720224846881001  0.26080195334429307  0.26406762892377889
  0.27011115678613273  0.28340728503192547  0.29641442619076286  0.30921819585552390
  0.32223070131429737  0.33522565117431630  0.34778447462090795  0.36030780899186438
  0.37427951796883713  0.38978302682017996  0.40795910380993222  0.42504715413147465
  0.44181214195323559  0.45874005933879980  0.47609227637114249  0.48908226446660186
  0.50155574687880655  0.51297778107274683  0.52510613132991346  0.53779032224302181
  0.55019602717432670  0.56274561241333099  0.57580308099152711  0.58861922983572224
  0.60204150987877580  0.61628427944531561  0.63068162094656954  0.64476273772853698
  0.65845404672307661  0.67186578360602200  0.68507737760862430  0.69796814919894745
  0.71050954809742251  0.72450644459882951  0.73792906821131410  0.75106683944456842
  0.76408425708900307  0.77701151658359457  0.78993821445203216  0.80299997467747397
  0.81634912378988789  0.83010314198338631  0.84160661247709811  0.85311378367344393
  0.86442853714057954  0.87490065430143493  0.88554519371063956  0.89764317242250813
  0.90952436877209830  0.91951578084055585  0.92737554103414377  0.94042657683756514
  0.95909553969871442  0.97984319405919462  0.99528394838359913  1.00000000000000000
   9.9145452874111826E-014  -1.0000000000000000     
  <DiscreteSampler_grid>
  Helicity
  1 # 1 for a reference and 2 for a running grid.
  20 # Attribute 'min_bin_probing_points' of the grid.
  1 # Attribute 'grid_mode' of the grid. 1=='default',2=='initialization'
  0.0000000000000000 # Attribute 'small_contrib_threshold' of the grid.
  0.5000000000000000 # Attribute 'damping_power' of the grid.
 # binID   n_entries weight   weight_sqr   abs_weight
    2   20   7.925294189316857E-019   2.670023615521626E-036   7.925294189316857E-019
    3   11084   1.020857930476274E-013   5.339909551202262E-026   1.020857930476274E-013
    6   20   9.898590571713594E-019   5.465889934307009E-036   9.898590571713594E-019
    7   48957   2.297143059647738E-013   7.185201675481235E-025   2.297143059647738E-013
    10   20   7.925294189316860E-019   2.670023615521628E-036   7.925294189316860E-019
    11   20   7.925294189316857E-019   2.670023615521626E-036   7.925294189316857E-019
  </DiscreteSampler_grid>
