 -0.03460287343156659  0.22717900863470783  0.34178275324595797  0.39188675055053279
  0.45708140881178949  0.49001345409861846  0.51739732899218160  0.53950436027395698
  0.56132198785327792  0.57549949486470664  0.58825654208274014  0.60127841736726828
  0.61440590494098135  0.62585807508542046  0.63585426837743786  0.64515863998825862
  0.65229044954095639  0.65853196576477224  0.66390690701650634  0.66667181249546648
  0.66968118708047830  0.67358237750640038  0.67738176697823305  0.68101116693445196
  0.68619524484066219  0.69209901134719432  0.69702318704929345  0.70048145662190087
  0.70356794312318838  0.70652483459314186  0.70960776345802146  0.71291910409840520
  0.71692357896099956  0.72041252265006106  0.72335782580019481  0.72590983238792617
  0.72809596931572618  0.72989665842461626  0.73213475157628571  0.73488892590807331
  0.73827958001072036  0.74221702658487210  0.74481262850510299  0.74663814599000733
  0.74851165452728974  0.75045131643175389  0.75226161275300074  0.75359742143313491
  0.75535376559785505  0.75750143691141014  0.75986768033502639  0.76250147181317274
  0.76517924164523021  0.76748566129343099  0.76921822780711380  0.77223048008471917
  0.77965567965550364  0.79642362674033329  0.81134237274332077  0.81513691998405391
  0.81832021558252543  0.82124590002606224  0.82414659653694466  0.82717377770838196
  0.83035925188310278  0.83389853782780010  0.83756962837150417  0.84124496099273727
  0.84486733141042480  0.84839186368724517  0.85177551414046859  0.85423737767838948
  0.85665796238963687  0.85947983427784691  0.86230170616605695  0.86498971754010512
  0.86753003453216682  0.87007035152422840  0.87255505207597017  0.87499675207159855
  0.87743845206722693  0.88013768850735929  0.88306085083161001  0.88598317729046638
  0.88873034895956760  0.89147752062866870  0.89442077653150798  0.89779540515195966
  0.90117684508147389  0.90460783929299893  0.90803883350452408  0.91353452038280958
  0.91912857182346286  0.92517137246994618  0.94509553416518355  1.00000000000000000
 -0.00001310621041627  0.00005957560750080  0.00008828234330513  0.00010559664841905
  0.00012072918928999  0.00013594662379808  0.00014977027229915  0.00016381528077809
  0.00017817387303212  0.00019408966989132  0.00020762219354336  0.00021963256952669
  0.00023218811852741  0.00024632508512892  0.00025979196992838  0.00027324118625644
  0.00028695411363925  0.00030092295881985  0.00031430182079226  0.00032715536194478
  0.00034011880860909  0.00035392244513298  0.00036833440218334  0.00038220474069628
  0.00039550175062306  0.00040831501977995  0.00042160619501880  0.00043768805682736
  0.00044844305703735  0.00045473640386888  0.00046076754666071  0.00046705102949671
  0.00047350217508244  0.00047975827618367  0.00048653204078024  0.00049339442000858
  0.00050164657059620  0.00051773014358588  0.00053184633346137  0.00054620738204954
  0.00056227971834858  0.00058219331907849  0.00060070486229166  0.00061899519088262
  0.00063855440539432  0.00066043139646778  0.00068178197274365  0.00070959510868746
  0.00074119006436139  0.00077567470156963  0.00080707335514750  0.00083618444158413
  0.00086482426883904  0.00088939316592768  0.00091461154733916  0.00093836616014166
  0.00096012445868657  0.00098170757669146  0.00100023365598200  0.00101580612474386
  0.00103823534058867  0.00106092829885078  0.00108383137404764  0.00111188528507190
  0.00114426513861204  0.00117098322816368  0.00119494232407773  0.00121838837450614
  0.00125304739604301  0.00129560993132528  0.00133920641326939  0.00137967028931082
  0.00141929015063592  0.00145261521005373  0.00149301813600798  0.00153143389923692
  0.00157757218465638  0.00163388293101936  0.00170056100056668  0.00177764335229517
  0.00186973247898758  0.00197650056670864  0.00210717081666856  0.00223620338374204
  0.00235061395055050  0.00244917222661759  0.00253477669627849  0.00259942296084260
  0.00269356506732483  0.00282878533417817  0.00301666013666082  0.00333649234841960
  0.00442711292746324  0.29510550818412085  0.96978479331543355  1.00000000000000000
 -0.00008743851363136  0.00022356856950216  0.00044583408552033  0.00058988985660295
  0.00074399169750105  0.00094011700686926  0.00112941960067057  0.00128510861446836
  0.00141675127903016  0.00153001791271077  0.00161150661035555  0.00169715932133305
  0.00178259182716581  0.00188226462443925  0.00198603470104871  0.00207647520757653
  0.00216482498245105  0.00227491456824241  0.00237260921421782  0.00249033310254796
  0.00261692797107762  0.00274663442585578  0.00287214070493127  0.00297153147770636
  0.00306953655482385  0.00317346881469479  0.00325420286676952  0.00334462398819325
  0.00341079371696243  0.00345876567777405  0.00350937777955939  0.00356779530298093
  0.00362917220393520  0.00369075837341726  0.00375125094900483  0.00380623451778740
  0.00387338582185790  0.00399202203839432  0.00413462529862121  0.00428130303253406
  0.00446344472469756  0.00464043770814166  0.00479181370678840  0.00491866828417294
  0.00504694018513187  0.00516433420509891  0.00531796946690807  0.00547836432584950
  0.00564238156483825  0.00583492294959777  0.00606064914361404  0.00631228029532402
  0.00657591049240451  0.00686214015583211  0.00717980463420423  0.00752376276159741
  0.00786749466203340  0.00823239658214516  0.00874784160607250  0.00926191442323081
  0.00972171804908047  0.01018179067277684  0.01067078796046868  0.01111845221213058
  0.01158695403542736  0.01215447806901089  0.01283840964134641  0.01354717912601074
  0.01417566999580992  0.01483308565985758  0.01557655490675775  0.01634707443368077
  0.01714142083023173  0.01798765911423883  0.01899670469709142  0.02025769526380429
  0.02160823820651585  0.02326538235782639  0.02533444383790066  0.02784385263873459
  0.03104840692241306  0.03465000875724428  0.03775002616192680  0.04038506642800526
  0.04311958428786603  0.04619608322646847  0.05099354837735438  0.05828531346991370
  0.06494178257998758  0.07192533192011744  0.08049456323334656  0.09837938478571701
  0.13605818067502062  0.20732265843358921  0.51129430376060558  1.00000000000000000
 -0.00185249737547172  0.00956828057054425  0.02119467461714055  0.03380269675646525
  0.04720004672626740  0.06622047264321233  0.08565309548428846  0.10045900488749938
  0.11150111623436057  0.11941894592967706  0.12588411633292620  0.13358901061717093
  0.13984583127095129  0.14637227227226296  0.15532236730084667  0.16612557767679836
  0.17593142800681696  0.18429703935660030  0.19275783972197150  0.20275266923456123
  0.21393559781702212  0.22492949365046813  0.23547484233895266  0.24688906652209275
  0.25946868429877890  0.27562362263399831  0.28934779758319357  0.30275629934997206
  0.31507785901959912  0.32493952084425598  0.33467150042839955  0.34487808888849752
  0.35355963797274143  0.36019256194666094  0.36641862827192384  0.37449070080312047
  0.38602557582312175  0.39852788112246784  0.40981830234835942  0.42150507056687880
  0.43360398728350513  0.44511671424359900  0.45705025671062244  0.47022498348029790
  0.48166577944192629  0.49455385589974665  0.50760661985044064  0.52045165476767075
  0.53358680980873296  0.54581083838862088  0.55542458711106357  0.56385246869224204
  0.57135953760254365  0.57558896192278564  0.57868908535995778  0.58231359858894316
  0.58689559451168760  0.59136619048917682  0.59671816900784624  0.60265522830979956
  0.60797074595997536  0.61969607213497824  0.63192938006446953  0.64089261086714266
  0.64905704418562160  0.65689936962586137  0.66497741370779861  0.67246402865709076
  0.67943014022804127  0.68721015222733473  0.69877285747734075  0.71242878558164657
  0.72565152194211835  0.73687718253691781  0.74817492572315647  0.76022391368572806
  0.77192181380610936  0.78356340750330400  0.79540387581624927  0.80712821966924753
  0.81748394092535848  0.82606311388521714  0.83534274725473490  0.84583061611552102
  0.85659611121585522  0.86910753980225075  0.88176778854799309  0.89420560373596791
  0.90775039880755171  0.92275247778522507  0.93723335932185758  0.95279616365183373
  0.96644551858925620  0.97840301624638826  0.98965474392456887  1.00000000000000000
 -0.00765805200512392  0.02304050963579615  0.06086423252476249  0.07652937356475176
  0.08889249227780857  0.09883353446485819  0.10728266080461916  0.11496153184206566
  0.12201007640904646  0.12833029509740362  0.13499934158560017  0.14193456050261571
  0.14926036320115429  0.15862984506949562  0.16821265502276636  0.17462621322805619
  0.18042945741655728  0.18658095643241399  0.19342641913303835  0.20068250008529917
  0.21823987592280131  0.22920203382873616  0.23766564538021046  0.24400407296825816
  0.24938356075328519  0.25441863917907365  0.25927938106092741  0.26495189139011055
  0.27066376862565322  0.27676911863974324  0.28298449947004400  0.28918673091501990
  0.29626186779138702  0.30394542170768851  0.31092085152350230  0.31750622039787652
  0.32298681761919279  0.32780710061434237  0.33205602411291990  0.33594312838593188
  0.34001830175461245  0.34562583544284203  0.35049165084506145  0.35532868914974169
  0.36091542723564957  0.36654016696433456  0.37152113209106119  0.37675044702790822
  0.38276446245778145  0.38950954880001531  0.39586320731218011  0.40115017218582050
  0.40556317754804067  0.41122907912018225  0.41698818432375062  0.42172290916980132
  0.42747384432191288  0.43363410456737733  0.44143751911072848  0.44877618104643807
  0.45585690927021222  0.46303459703461619  0.47010281254577613  0.47688633009729953
  0.48395520427138322  0.49337481333495931  0.50330177106969343  0.51002739230470084
  0.51664488434803890  0.52532527526270323  0.53711853393998454  0.55141759773219423
  0.56711387277574055  0.58162840372784863  0.59506504326026477  0.60785459746266823
  0.62020711751697055  0.63078724762509197  0.64017550979581939  0.64864240013090912
  0.65683459601730732  0.66643812586558671  0.67749100080336666  0.68723487064326383
  0.69863063663812530  0.71129847206492569  0.72810390773127676  0.74263361221237278
  0.76304702989348838  0.78605019569356960  0.81234125210877706  0.83791641872184197
  0.86206011881257871  0.88608248070292606  0.92067201064138493  1.00000000000000000
 -0.01371722663560700  0.04419687358081083  0.08415402100599230  0.11414003585861698
  0.13889732039337252  0.16085513841695614  0.18141549388633216  0.20034575054954973
  0.21777711716525869  0.23433132180998370  0.25059401408235538  0.26862364814446155
  0.28352044743616983  0.29563104065325435  0.30333415225068028  0.31027952333427289
  0.31662486641443716  0.32611309120418064  0.33787526691007291  0.35132271618139033
  0.36150921599743407  0.36485814945572526  0.36653922809768230  0.36827719895935596
  0.37010336700468488  0.37198071369731400  0.37406725481011888  0.37643585735250829
  0.38122677439272123  0.38715324207799812  0.39304561026442597  0.39859580093129426
  0.40389917448209323  0.41029163199629076  0.41666041820912969  0.42376311143154877
  0.43044104480590811  0.43751831213067627  0.44446557514678608  0.45072631916787531
  0.45684715998341352  0.46242983378472535  0.46774493519234039  0.47289392018660270
  0.47813767478724079  0.48338285581882784  0.48850377098241538  0.49343216306425108
  0.49825612876483866  0.50317688695557361  0.50834546597620822  0.51344351800568211
  0.51850350910780507  0.52370849307702017  0.52921333105643797  0.53517949158901523
  0.54090742641584177  0.54660919674433428  0.55209882079073325  0.55707801452118766
  0.56111257272983395  0.56487657684252823  0.56975002470420588  0.57528675848456401
  0.57914614908822604  0.58358058080750874  0.58941517831477319  0.59559717842505100
  0.60065045527366978  0.60546124881577956  0.60969288870812910  0.61662588928664108
  0.62565492673582712  0.63349256510870422  0.64163052573648749  0.65096723479268004
  0.66072596362592795  0.66879287434920931  0.67434784258653191  0.68037165554217738
  0.69194125056757494  0.71202146193185656  0.73129759547562923  0.74673575028441130
  0.76186465774872181  0.77762401481713950  0.79519672819246734  0.81387209865393140
  0.83249522732783066  0.85352220044326821  0.87218325165071520  0.90349524185896513
  0.93462509007685712  0.95735082170391983  0.97631525270150099  1.00000000000000000
 -0.00018384802642730  0.00109844635780859  0.00231619452086943  0.00334276839773634
  0.00421771397188641  0.00489897974109947  0.00555712396018130  0.00626205245850694
  0.00698813209972676  0.00783687324528431  0.00881629328397622  0.00979898031263023
  0.01079407935051705  0.01186846830037584  0.01314440128536773  0.01437503547976717
  0.01548685638575873  0.01648547273246262  0.01754227581057990  0.01864751321733022
  0.01972164993349328  0.02094389164177171  0.02223041381730197  0.02336614461845387
  0.02451747764871141  0.02592391250654316  0.02762864811441710  0.02906157608299500
  0.03033339055600596  0.03159965288654015  0.03275140823353822  0.03400319166989478
  0.03549594726644423  0.03725692247612009  0.03896578598964903  0.03962482560176845
  0.04027106491657561  0.04100638597985275  0.04195080318668416  0.04282977434955143
  0.04369194878353230  0.04472788210159057  0.04586050668704321  0.04689486148040032
  0.04889366148617526  0.05155738590648470  0.05417605377708997  0.05677944838953667
  0.05944909634007839  0.06204569954218699  0.06464841558018779  0.06731672675033255
  0.06990238194600186  0.07268560220107652  0.07581367071146214  0.07935027632666874
  0.08306124243320158  0.08677696900022905  0.09119987650161104  0.09447588457806386
  0.09733454488894380  0.10012806305540684  0.10256501665527792  0.10473405436359416
  0.10829796135234793  0.11413695772299988  0.11951555360519422  0.12477557811471507
  0.12914717496735076  0.13383302776589198  0.13827376953445056  0.14249365024846708
  0.14795292595108486  0.15763035565995809  0.17081056615794671  0.18488642076244807
  0.19665515144239418  0.20458384555797371  0.21321331244409258  0.22068206741759414
  0.23161929760429362  0.24480132300398491  0.25672819657605472  0.26930560056861330
  0.28401137368395762  0.30286518663033746  0.32819852952330858  0.36128912079682401
  0.40171734788331842  0.44815640176802002  0.49380942285660256  0.54223932999432822
  0.61426555363297053  0.67208263393358858  0.89746026830061598  1.00000000000000000
 -0.00138113931170075  0.00415914806219843  0.00865760708241557  0.01369873376203888
  0.01998343879178896  0.02656046494916724  0.03329271479067028  0.04044721528470917
  0.04985421898901954  0.06059675975952280  0.06922462168521634  0.07747130065745497
  0.08491813059313869  0.09165106526604599  0.09768805541204285  0.10378849664029755
  0.11093517946934087  0.11839873599443039  0.12612375197979153  0.13507266660066813
  0.14479342208109156  0.15218567447215486  0.15931129160706059  0.16753762963990890
  0.17736444973943008  0.18798792067279643  0.19763185911339759  0.20818391432663003
  0.21812325472674018  0.22938412236269232  0.23798178368203776  0.24780795724988078
  0.26078513711756285  0.27600648448315990  0.29088443653860185  0.29996629833625721
  0.31208730650408417  0.32934694569299422  0.34632327174503708  0.36629759457759387
  0.38891044519687862  0.41325678256535453  0.43895624971703001  0.46481800085287972
  0.49214827803942290  0.51781254349368999  0.54286939935981504  0.56589335138817420
  0.57989243310272953  0.59819250741196550  0.61837376883320505  0.63910804579716030
  0.66099391779268601  0.68149492046392590  0.69728195656076530  0.70997486176293889
  0.72221630265097381  0.73388067448351868  0.74657832647736222  0.76071329782492814
  0.77195613023044052  0.77824874800390464  0.78425866680792755  0.78946778193478728
  0.79432780840878980  0.79959522598724175  0.80469530044084436  0.80838970971438340
  0.81176431312158204  0.81803923952660629  0.82651054805469926  0.83471707294708630
  0.84305738675916275  0.85214846550852807  0.86220350076164320  0.87316927839515668
  0.88439457124918286  0.89525068904277860  0.90460228682118027  0.91172375700207120
  0.91770715465101416  0.92308968307580275  0.92855750657978864  0.93251562114842501
  0.93648999723431037  0.94086091742867362  0.94464000105655588  0.94776795392198809
  0.95195632521969908  0.95752662287724233  0.96315369852863775  0.96762341552112507
  0.97235774499885064  0.97801517213929956  0.98548404777185594  1.00000000000000000
   2.7855205317691512E-016  -1.0000000000000000     
 T T T F F F T T T F F F T T T F F F T T T F F F T T T F F F T T F F F F T T T F F F T T T F F F T T F F F F F F F F F F F F F F F F F F F F F F T T T F F F T T T F F F T T T F F F T T T F F F T T T F F F T T T F F F T T T F F F T T T F F F T T T F F F T T T F F F T T T F F F T T T F F F
