  0.00203768577275235  0.03524307504699453  0.06044801461977495  0.08012045208158289
  0.09712583162432868  0.11250058149234658  0.12664122394948088  0.13993735430927232
  0.15249352424679721  0.16454692568381404  0.17606988922008324  0.18728522999309657
  0.19810191233225732  0.20868341072102681  0.21891567108496668  0.22896112580856345
  0.23874153232947018  0.24837730180754269  0.25781074521917768  0.26710879223813772
  0.27624508597220476  0.28525777751449699  0.29415490336510591  0.30293719718305134
  0.31163865476948216  0.32022762137237049  0.32873668011266205  0.33717275913086359
  0.34554436105380382  0.35385986902307975  0.36210127684543025  0.37029129729602589
  0.37842217204533141  0.38649485326703842  0.39453164974885502  0.40251160602274211
  0.41046278941827297  0.41838780680378890  0.42627402345991611  0.43412718568254660
  0.44195141018104850  0.44975640786670329  0.45755202790811322  0.46532837564925672
  0.47308625200626503  0.48083790760227468  0.48860055700443594  0.49634880528107311
  0.50409853029256702  0.51183079328253511  0.51958683188292176  0.52735145086764812
  0.53511741160032933  0.54288342287711322  0.55065468680676177  0.55843568840197189
  0.56623128477286355  0.57404316558012025  0.58187965215897319  0.58977770918595429
  0.59773261377111486  0.60572158752894978  0.61375605430061142  0.62182050886729634
  0.62994312994624468  0.63812505910050654  0.64635763944922942  0.65466353917043663
  0.66303043795802663  0.67148825880552698  0.68002376097642026  0.68862626140169081
  0.69733898211972967  0.70613927054608350  0.71505088980401554  0.72407248049351680
  0.73321651169346325  0.74252630375927819  0.75196059911373625  0.76159501865179435
  0.77135712013870461  0.78140758211764849  0.79163354179666534  0.80221926884266292
  0.81303654113067259  0.82427605506843638  0.83583287269856066  0.84791371533781579
  0.86050482371654546  0.87384647390665993  0.88807790485425930  0.90350273485426780
  0.92050375258387751  0.94019167168817785  0.96546735790650218  1.00000000000000000
 -0.00249437907290016  0.00947325878501121  0.01968480511245584  0.03024637841809889
  0.04080624839719151  0.05124571392871372  0.06158637241211554  0.07207359947074420
  0.08264583021262348  0.09334176015456939  0.10400876487864651  0.11459067515962415
  0.12517513522061535  0.13569211995088368  0.14626940079998360  0.15690428835224798
  0.16756555342104759  0.17809400682807153  0.18864078044169069  0.19912099076714807
  0.20964063428709379  0.22019296427450094  0.23068250284115119  0.24126473418517591
  0.25174927244181255  0.26232249191395252  0.27276280848250645  0.28328473213215305
  0.29372208620773127  0.30426347754737393  0.31473568819397424  0.32529237581045878
  0.33581728493171414  0.34647258831304723  0.35714059440961587  0.36784171792265979
  0.37836594603130064  0.38880754596984446  0.39937370436034164  0.40989133596773875
  0.42035612719611581  0.43057072442470756  0.44091941227876102  0.45135200807621129
  0.46185848635606680  0.47238088179684634  0.48295194380718987  0.49354244202344733
  0.50407853573372408  0.51456289512424902  0.52503287964113254  0.53545122784035215
  0.54587017818806005  0.55635445725926469  0.56685752295406555  0.57742058820848241
  0.58801925732017690  0.59860261332793907  0.60918469392281838  0.61971616835275833
  0.63031427455896172  0.64089003433196234  0.65147623866956528  0.66206078260361090
  0.67260057166851805  0.68308706183729995  0.69351253547145486  0.70402073988194547
  0.71450942520323102  0.72502753147905863  0.73554284801451264  0.74607488316117820
  0.75673291196414405  0.76731460270245133  0.77787092659147072  0.78835348228284796
  0.79893020848345964  0.80955507945946015  0.82021840645922517  0.83082403038726427
  0.84154928387729455  0.85222400779686835  0.86282835550818771  0.87342266029217008
  0.88408542944754298  0.89478602239459970  0.90543500196189575  0.91605099194296680
  0.92659577097831547  0.93718842831592075  0.94777850892151405  0.95844346440467210
  0.96889155848265884  0.97932656287132391  0.98969262039371797  1.00000000000000000
   9.8283230180856392E-008  -1.0000000000000000     
  <DiscreteSampler_grid>
  Helicity
  1 # 1 for a reference and 2 for a running grid.
  20 # Attribute 'min_bin_probing_points' of the grid.
  1 # Attribute 'grid_mode' of the grid. 1=='default',2=='initialization'
  0.0000000000000000 # Attribute 'small_contrib_threshold' of the grid.
  0.5000000000000000 # Attribute 'damping_power' of the grid.
 # binID   n_entries weight   weight_sqr   abs_weight
    2   22   5.681056706621287E-011   4.731549412751794E-021   5.681056706621287E-011
    3   7012   1.718206658177232E-007   4.554392256278757E-014   1.718206658177232E-007
    6   21   1.132649993356346E-010   2.823582840701761E-020   1.132649993356346E-010
    7   23   1.034151851804951E-010   2.578053860940454E-020   1.034151851804951E-010
    8   98   1.292384486705034E-009   1.134965653753088E-017   1.292384486705034E-009
    10   6962   1.681985183713193E-007   4.391405499554927E-014   1.681985183713193E-007
    11   20   6.115290857044513E-011   5.186058391846749E-021   6.115290857044513E-011
  </DiscreteSampler_grid>
