 -0.00346436073755366  0.01430066411367250  0.02732119578465464  0.03897788660200494
  0.05140719822147723  0.06394469603770250  0.07510187188260671  0.08735295405044251
  0.09976429791483109  0.11142621442890346  0.12265555806750153  0.13371968516687405
  0.14483253027343815  0.15635445089813987  0.16714942222412099  0.17693436436105903
  0.18762172871592736  0.19764785061438866  0.20918170694296986  0.22076091760402966
  0.23293763818305799  0.24542967926144960  0.25848925182226995  0.27176731434358964
  0.28552141208386922  0.29778942164558803  0.30859742079554175  0.32092624632614103
  0.33426401239675191  0.34916692908001040  0.36076047781099069  0.37088766759897268
  0.38079921134720990  0.39084783914507387  0.40131498859661607  0.41290707075929634
  0.42082403036920701  0.42663990077565206  0.43268953811129635  0.43859279343734314
  0.44487455316073116  0.45164818755251313  0.45854817259802283  0.46483650979003988
  0.47110464979903455  0.47749262835628814  0.48629049459725748  0.49718088330227939
  0.50778758602940499  0.51690211787496987  0.52601602408590009  0.53540019336500455
  0.54591059852328672  0.55572011142423117  0.56518399628055382  0.57427080312404621
  0.58334865497913857  0.59335083197296601  0.60319080654538149  0.61525802855973044
  0.62714369583792506  0.63886987039228238  0.65020992633523711  0.66011808775975367
  0.67095028742251916  0.67988031852933706  0.68861753136245407  0.69737171975509682
  0.70625185092293130  0.71649962168641312  0.72709895339126385  0.73878773402361453
  0.75077884723023247  0.76162618009149041  0.77179929771996769  0.78088386357604567
  0.79103379762280557  0.80201304328131195  0.81400121414058280  0.82657956082860318
  0.84041947668116701  0.85313537170783005  0.86429874139686191  0.87516824324280196
  0.88816602920313992  0.90110794446189602  0.91401782225269379  0.92701083482669189
  0.93885150404127704  0.94838588051203820  0.95622374780967667  0.96367680373716846
  0.97222620438471719  0.98258971820798702  0.99185036387284498  1.00000000000000000
  0.00008420481085138  0.00033540073742902  0.00048815083953388  0.00063403506515146
  0.00080373023418509  0.00104239134687424  0.00128308824129433  0.00154049903390007
  0.00188594542725382  0.00232574815442830  0.00275332270743103  0.00321153555640872
  0.00377306078294174  0.00449666335704600  0.00534920090114973  0.00627154986746937
  0.00737631419485779  0.00864922748116792  0.00993750313236562  0.01088487631019523
  0.01196211528624715  0.01309686614734896  0.01422485092094617  0.01577290065468816
  0.01771833490346080  0.02038504241381893  0.02302191365379198  0.02584425053245519
  0.02866010709095727  0.03177319021180664  0.03556975323230285  0.03962986343267993
  0.04417804110663091  0.04874199857049149  0.05388893744933584  0.05939870022145789
  0.06545464505951357  0.07230998327321243  0.08105903823678680  0.09238334008618156
  0.10547463272004311  0.12024887453167386  0.13621345417415270  0.15284988750176584
  0.17169328009750007  0.20304951188581535  0.24559678791870571  0.27958523578159100
  0.30262808104517369  0.31771309257564795  0.33476909492463153  0.35504566181763808
  0.37602068199680677  0.39208123465723066  0.41118113747825796  0.42814094563618332
  0.44631016673697887  0.46549124186010693  0.48679021901873054  0.52975001137434186
  0.59975272498682297  0.64848877813597894  0.68554804333891972  0.71593156160065019
  0.73590705855334326  0.75323457955523865  0.76835555665742650  0.78407629413936764
  0.79808968505871136  0.81030803704287124  0.82077244783050485  0.83124531542163249
  0.84144548158713361  0.85144727136989362  0.86114740560382697  0.87005503398196571
  0.87868306345307579  0.88635790704160478  0.89291526752485173  0.89787891899005956
  0.89995892253974663  0.90203928909158237  0.90421111251826725  0.90647392156946205
  0.90882470677044558  0.91123066542583675  0.91371144924016867  0.91641561968502439
  0.92302742630042856  0.93330375595954329  0.94195591401183010  0.95038752388778958
  0.95954006993537633  0.97302671329025092  0.98651335664512541  1.00000000000000000
  0.00000003058296616  0.00000014958477389  0.00000026647895272  0.00000037672598664
  0.00000051939377027  0.00000069034327743  0.00000088748588636  0.00000111893728468
  0.00000136597353095  0.00000164315074204  0.00000197244855883  0.00000229319946504
  0.00000270973473415  0.00000340462631418  0.00000424318603524  0.00000515377854172
  0.00000611775735574  0.00000720044483324  0.00000847384371822  0.00000990501377422
  0.00001148800474114  0.00001321157319976  0.00001484456673155  0.00001770485675510
  0.00002199610988200  0.00002703356644470  0.00003289471901933  0.00003974128159287
  0.00004819954979841  0.00005687829322671  0.00006566107665266  0.00007620832401567
  0.00008875785578689  0.00010321879420103  0.00012147146212823  0.00014362918937564
  0.00017125241437524  0.00020290597255215  0.00023941948331179  0.00028545770254576
  0.00034256455635302  0.00040739243465629  0.00047913039363325  0.00056061741667677
  0.00066030157539691  0.00079611208380552  0.00095234672607166  0.00115258835570090
  0.00137328503006183  0.00161935428715438  0.00187660185154552  0.00214446630923730
  0.00241592487547642  0.00272094414562806  0.00298215739033570  0.00331537889755219
  0.00389492908428514  0.00459705809556989  0.00533606372204606  0.00628989720352553
  0.00773833847832384  0.00955401573803645  0.01172146625273385  0.01483775361659238
  0.01825428760903430  0.02030081988446936  0.02246588433558997  0.02450344112587800
  0.02623374279880030  0.02927408745176967  0.03271571178734983  0.04054845547975880
  0.04747792516787378  0.05203550521235393  0.05720260637172134  0.06323999908572166
  0.07006600472248004  0.08076102772995813  0.08715971555846641  0.09156203904247508
  0.09398666791903330  0.09646342964644559  0.10037370235058551  0.10595858521324913
  0.11209465733976560  0.12280968079218985  0.15340469962436304  0.22156355014479917
  0.34188728726017859  0.51516025561164969  0.77745099733921685  0.89832179254151301
  0.92708897979549265  0.95387354993837703  0.97693677496918885  1.00000000000000000
  0.00731734824944665  0.05625505296621451  0.09865722237737756  0.12468381028812092
  0.14886211105961933  0.17304209158460473  0.20010991242105677  0.22520615635378102
  0.24866009366466679  0.26938097689106244  0.28680553371204115  0.30215998636972052
  0.31723151601559085  0.33358154206545637  0.35274349734272936  0.37075246995429884
  0.38427709674150390  0.39538462713127853  0.40742567869998686  0.42090351354804684
  0.43444811764051727  0.44754034064695392  0.45960596606061555  0.47066408438330420
  0.48012856335636145  0.48873370085340867  0.49748080783835563  0.50709488930365010
  0.51782567281567238  0.52930068327672508  0.54135572458918935  0.55353346382950319
  0.56501587668980224  0.57607114606477106  0.58614673408632956  0.59647518622525864
  0.60700568195002735  0.61774987052742281  0.62951017832229728  0.64113176920221582
  0.64864322688159759  0.65382372180824577  0.65875604984380609  0.66339932555389136
  0.66723772413020677  0.67168617600720848  0.67685787982736534  0.68227433450841635
  0.68683543950446069  0.69080289109417958  0.69456692047034285  0.69867571322284605
  0.70301819453797620  0.70858485458462228  0.71602946071285767  0.72371992961473697
  0.73076797890294809  0.73707901893546690  0.74337309170791710  0.74983247977691458
  0.75649232074169359  0.76387603922634817  0.77217716645770962  0.78152679095015676
  0.78945584350278686  0.79713095435338699  0.80468864604354329  0.81204881389724493
  0.81825968067175658  0.82467592981570903  0.83104076345363265  0.83703087309880986
  0.84298903236412859  0.84879425138542386  0.85449398011689914  0.85994440244721004
  0.86562453803184902  0.87184077034491825  0.87834246847582509  0.88500228631335520
  0.89212240717581226  0.89803715044025423  0.90445904860495674  0.91107779747452711
  0.91816672883760198  0.92624404163308083  0.93454495813510541  0.94226543784135786
  0.94941478727454409  0.95633094869952751  0.96292932031683776  0.96980427393563851
  0.97686463939610979  0.98399172284976688  0.99203690908463904  1.00000000000000000
 -0.00241939593332080  0.01052750791461641  0.01990381984880595  0.02865104864165970
  0.03811148202740523  0.04833350403102073  0.05780506191145952  0.06766807443061532
  0.07834449697430933  0.08964049937327673  0.10060224150239609  0.11127648764239995
  0.12225557973310140  0.13395760839502663  0.14522164576727187  0.15307186346646245
  0.15985570311511474  0.16628687856634985  0.17346726689758832  0.18039849625865406
  0.18688863336100675  0.19328429317597726  0.20030981496200270  0.20735832648536520
  0.21978773116484610  0.23306231620034448  0.24190598173983366  0.25051450294785749
  0.25917912284357025  0.27000901801704841  0.28171162876194239  0.29179385953292675
  0.30290420039572319  0.31489834557332308  0.32781036021059018  0.34050775306766445
  0.35119909463064153  0.36097365161060435  0.37033567805326673  0.37993821286213253
  0.38985786977055914  0.40007076388359242  0.41086500947768317  0.42143818020615292
  0.43163476034644238  0.44180082846305196  0.45219503169270886  0.46269033482027289
  0.47292677484385820  0.48301687839006796  0.49414152512213289  0.50509371692480287
  0.51577202854231530  0.52554352551663686  0.53647446875029237  0.54727749823593441
  0.55652290215334832  0.56799667130269538  0.57996050006504341  0.59233744081699324
  0.60495399186162546  0.61815067078482244  0.63096556552091576  0.64247400358677775
  0.65329634435878736  0.66419111717477153  0.67613266874089895  0.68865774236190325
  0.70011990300814420  0.71086590992310417  0.72036717599559930  0.72955834502313066
  0.73925223621018321  0.75009751816511605  0.76238979638830351  0.77543635906929076
  0.78811373305726684  0.80061625833009042  0.81334784543855343  0.82646634775021832
  0.83729536038805907  0.84751263467941651  0.85834340447021107  0.87077187211292972
  0.88306363369787666  0.89309407007687025  0.90168863821257506  0.91013895927799693
  0.92012238001410962  0.93161907960126189  0.94331858576383820  0.95567946545610372
  0.96871708519664090  0.98063252976891613  0.99073541779919683  1.00000000000000000
 -0.00674454154991543  0.03583236508689817  0.07306284079211339  0.10559497465580388
  0.13854405566551048  0.16971941203837229  0.19631554470092852  0.21994748106772083
  0.24331736208426619  0.26990101685066065  0.29609480356503171  0.31948824144565613
  0.33903954756379134  0.35924640131616764  0.38088083330497396  0.40804921114358061
  0.42955752893150584  0.44972836498683572  0.46733867249922229  0.48274652338446838
  0.49718205460620896  0.51231331332592411  0.53341416713920176  0.55655847946823167
  0.57589281962650485  0.59259702014948490  0.60916297447547407  0.62630941700024134
  0.64117634965518966  0.65523158258571446  0.66856332818698327  0.68009130312058885
  0.68982523765818882  0.69916250558494686  0.70885625733764934  0.72009844643230059
  0.73177565761888386  0.74302183839696756  0.75350617433686140  0.76397856858489899
  0.77522897493892962  0.78593074705366006  0.79585157060305822  0.80590077915730840
  0.81611848038351475  0.82582996293402311  0.83534278323767197  0.84484266015253318
  0.85454055689564701  0.86329477130438781  0.87138687898754286  0.87905046417241894
  0.88564428648298721  0.89273794281561902  0.89936360146400707  0.90560724607766219
  0.91097760158024799  0.91590000705391239  0.92054847106785054  0.92510212131404534
  0.92983757269968470  0.93478485952119561  0.93913116642698646  0.94253089973402715
  0.94592103340865963  0.94939607377074120  0.95291704740931660  0.95632186758374971
  0.95941292460219629  0.96209073762744080  0.96488142645616370  0.96756626741990792
  0.97015762127229055  0.97261558826035011  0.97501410522211518  0.97736093616605357
  0.97951578217933555  0.98144043207723752  0.98316828849263782  0.98467789250644988
  0.98615572309089761  0.98763273868747148  0.98908015919239944  0.99045201198530741
  0.99174090495028577  0.99291585906464508  0.99393152467993218  0.99491237449864678
  0.99570070540843003  0.99641277282780760  0.99707824267134104  0.99767913002376152
  0.99827015723487478  0.99884452390166567  0.99942161984381184  1.00000000000000000
 -0.00204244020289039  0.00975796414564116  0.01928927655053224  0.02778947334337760
  0.03588041891094307  0.04692137552779785  0.05918477476743052  0.07504884280941189
  0.08979679507951756  0.10183379067845501  0.11296099641374746  0.12424837521334660
  0.13605122413879431  0.14812643979737716  0.15949631931846464  0.17088163138010784
  0.18126025278137242  0.19166197482080685  0.20232306087907784  0.21159746449937294
  0.21778194047011962  0.22404083991499632  0.23019253788314251  0.23617496991525846
  0.24126802790340129  0.24666790546042086  0.25254784221740745  0.25828655322963012
  0.26359034263581566  0.26905898312948584  0.27887779257503198  0.29338487676804575
  0.30559782773064459  0.31726233723773517  0.33065575864984043  0.34045820012740524
  0.35002231068577055  0.35900973852477785  0.36698074002965270  0.37616453824931156
  0.38601440417425809  0.39657435839773919  0.40828054016034110  0.42125884805625369
  0.43323345903669036  0.44306010877463065  0.45063629312119197  0.45869424924821045
  0.46707054073699156  0.47602431832260522  0.48556582912931773  0.49603007015247647
  0.50811578387256173  0.52108748455377596  0.53309828267079618  0.54399984786459421
  0.55493172181492856  0.56587317393619574  0.57706996091547536  0.58923255996282364
  0.60102198006521879  0.61291934899065836  0.62590355245912166  0.64018547345021659
  0.65362669821537933  0.66717470506469545  0.68206297244223524  0.69762989054430824
  0.71166411038481814  0.72341683944659552  0.73382566796118176  0.74266932322904666
  0.75103867076292996  0.75962648086481399  0.76860445189860516  0.77807753115811773
  0.78728441280226302  0.79768074738211614  0.80932775906728349  0.82059602419068123
  0.83129260782184877  0.84270038054066598  0.85456183247744599  0.86701418777523931
  0.88071344744409275  0.89466976493310690  0.90869391477752781  0.92227501468593553
  0.93632112026963799  0.94652782698052362  0.95509162763143385  0.96388023084332530
  0.97354312938663734  0.98329491779296485  0.99194649625221021  1.00000000000000000
 -0.00272044882159883  0.01015134875687627  0.02069770754669453  0.03118022063179798
  0.04243305497692103  0.05271015123406785  0.06207451577645660  0.07225151166178272
  0.08200713484148707  0.09172800823454831  0.10127117659916647  0.11073908411280052
  0.12227943313306189  0.13396815410238172  0.14440935608506292  0.15489817112294174
  0.16558988257317439  0.17748261554221881  0.18992594199912288  0.20116489050522843
  0.21222202715489641  0.22353108948629530  0.23590495368372777  0.24975919078214770
  0.26291191014777032  0.27432493199656727  0.28449428923841491  0.29514414452978582
  0.30550216604489944  0.31528560935807060  0.32496359679703274  0.33533874027998400
  0.34718351039606105  0.35874954240445350  0.36992187747694960  0.37731348157256167
  0.38177507156866863  0.38644448562346057  0.39244756387992447  0.39961983049843858
  0.40486838764520316  0.40879950825579636  0.41287256217270579  0.41729501933349938
  0.42298620213836968  0.42885967774550304  0.43420009044302510  0.44283405471742737
  0.45581195385643397  0.46747208359830678  0.47918585447194317  0.49123514447057798
  0.50297569935462916  0.51485391213434872  0.52648569620565489  0.53787388860632357
  0.54853608329669901  0.55816976686866382  0.56994128639546893  0.58324324994850185
  0.59828646821422160  0.61414640618756167  0.62905086516026254  0.64256670552861062
  0.65399269669099769  0.66289959157169898  0.67265519899748538  0.68268840206052428
  0.69320236167968596  0.70432921895487699  0.71670339033221553  0.73012263794798449
  0.74360602986179680  0.75650131110250152  0.76920504376861809  0.78256415461609319
  0.79672136823076989  0.81116266608676701  0.82504890360550209  0.83730065532888864
  0.84766408422934236  0.85746663586352556  0.86726927725573555  0.87759537617289374
  0.88873732457570109  0.90170530112974578  0.91522822123066183  0.92738407136039080
  0.93788161861191532  0.94702848065167966  0.95575645126255171  0.96428247137206657
  0.97224097880225580  0.98041291125275543  0.98938002974492001  1.00000000000000000
   7.6863554459902187E-011  -1.0000000000000000     
 T T T F F F T T T F F F T T T F F F T T T F F F T T T F F F F T F F F F T T T F F F T T T F F F T T F F F F T F F F F F T F F F F F F F F F F F F T T F F F T T T F F F T T T F F F T T T F F F T T T F F F T T T F F F T T T F F F T T T F F F T T T F F F T T T F F F T T T F F F T T T F F F
