  0.00508021501818867  0.00512368122603204  0.00539710879678656  0.00580976423987370
  0.00621107447014497  0.00659616049235506  0.00696453572804582  0.00743033738461437
  0.00793540661760404  0.00848598824542892  0.00901569253656731  0.00955049069649833
  0.01015791655896739  0.01078165711075859  0.01142583814588189  0.01224029830558696
  0.01314103323056164  0.01412263144201858  0.01521912141118647  0.01635918828136003
  0.01753194350484845  0.01871179610368984  0.01999673850557111  0.02135144804423343
  0.02278303740425384  0.02432748035916921  0.02600615451458648  0.02770215613464606
  0.02941846700548726  0.03137915356531457  0.03371329535177212  0.03640580184947051
  0.03919759931923544  0.04249748300977412  0.04651030650514429  0.05091587054258036
  0.05550485902102185  0.06038773195258524  0.06591681956931310  0.07246836676624316
  0.07919129456454926  0.08642344195423862  0.09399235356746678  0.10191677621449836
  0.11044794995008912  0.11945107336345198  0.12918558972890831  0.13946627820796037
  0.14971380666357786  0.15990771814926411  0.17053186217700317  0.18181529385856884
  0.19384674863517362  0.20505041487326789  0.21589324557942852  0.22703617705256057
  0.23937237778412915  0.25233211007294248  0.26607219161686130  0.27985922488566434
  0.29338466085307313  0.30645204860594483  0.31990863334072089  0.33423154330702276
  0.34898701468404780  0.36423469476268583  0.37935068712832853  0.39558073744816147
  0.41206383929287349  0.42837792138248348  0.44434676808628665  0.46003004509101186
  0.47541200029616254  0.49079618864114438  0.50648516498418983  0.52312808356677420
  0.54143843243532086  0.55994552080935878  0.57781675336469140  0.59469655307754210
  0.61192645120361788  0.63012903082816063  0.64744059254230346  0.66492941344529044
  0.68396754299496731  0.70445906007695247  0.72478217526799626  0.74556461204749847
  0.76724043417200627  0.79000579321994679  0.81360135983048321  0.83810701551172118
  0.86524673569696053  0.89512710201842505  0.93313529842693144  1.00000000000000000
  0.33324397969414959  0.37441286294957454  0.37930615327498240  0.39350733133170401
  0.41781121701004370  0.42942005074475892  0.43412200776439708  0.43838851240771687
  0.44249435891479855  0.44503705540021560  0.45068225577755949  0.46478356010736011
  0.47253336051017797  0.47653063365018611  0.48345912835309773  0.49080430434457439
  0.49803385231164565  0.50447022177854028  0.51083351757265405  0.51709750806445909
  0.52258381035148915  0.52870563234758494  0.53622855370207301  0.54457165728462065
  0.55299890979424049  0.56407679988606252  0.57395946407298948  0.58051391669947872
  0.58497200771578517  0.58923585315618687  0.59346702500129433  0.59713330974953016
  0.60056888766862038  0.60447299985561287  0.60921105436955114  0.61433089198783397
  0.61960526566945473  0.62501636518609105  0.63022352193041831  0.63495200318228984
  0.63916329491077639  0.64287097581589370  0.64632487503432934  0.64974707629365136
  0.65291024108154294  0.65581673434638965  0.65870281546052367  0.66096374711955053
  0.66299851730112280  0.66498549450451061  0.66710544017020845  0.66967891330055751
  0.67247164466849108  0.67495130982989437  0.67729328738933692  0.67994789974932479
  0.68299774201742247  0.68561758965778952  0.68810275506697405  0.69199238844889832
  0.69604357967221098  0.69904884146993906  0.70111521078458205  0.70314663223262397
  0.70515634325527565  0.70728936282869670  0.70975467877038623  0.71297509399201375
  0.71658048506325156  0.72105523490870382  0.72668321649957146  0.73229033597147875
  0.73757217686547671  0.74219235493295121  0.74628024856896114  0.75075977443599617
  0.75663704916305163  0.76374276339395053  0.77174968108087105  0.78077069737409965
  0.79179197243136612  0.80340386599991964  0.81506923668772824  0.82625404759107746
  0.83678171571783855  0.84706983631810773  0.85787322716507808  0.86873582031094920
  0.87961419767600246  0.89037648680020409  0.90156111683346052  0.91376834498907555
  0.92736434346428820  0.94300772711722924  0.96434086439152711  1.00000000000000000
 -0.00250001024443407  0.00882196701121850  0.01919000753166632  0.02970238607857335
  0.04031063985141561  0.05056021482266231  0.06119430860877435  0.07236044787543520
  0.08385770284715638  0.09579685611583208  0.10657674311446921  0.11539715913733664
  0.12356577953042951  0.13280249752996509  0.14212006829693646  0.15114138230047694
  0.15924117155528594  0.16799502206064437  0.17855221248880079  0.18913023352036062
  0.19860012665891452  0.20823960613611806  0.21903931146640379  0.22993878832099790
  0.23870535811108171  0.24721242529938875  0.25604442486227202  0.26585303452892950
  0.27596584990620171  0.28780544524273594  0.30025271975747597  0.31195695138445029
  0.32304386239411009  0.33436417980152855  0.34566600125005503  0.35670760381326738
  0.36798966733409150  0.37858626298950177  0.38860865286038038  0.39753534174556859
  0.40633115009930315  0.41582573570628412  0.42633748845034336  0.43752100359823548
  0.44749403831373358  0.45644729004241680  0.46436301953479414  0.47248941771637198
  0.48056924015431718  0.48893722144649188  0.49768852681347497  0.50923483825813842
  0.52046607879298323  0.53351053626951561  0.54659585646585596  0.55937858340698288
  0.57127986119504370  0.58245120191656752  0.59408114064359752  0.60540165590662331
  0.61734001894781332  0.62726989192218630  0.63672920266729860  0.64598753062720404
  0.65558644582052672  0.66555403363874588  0.67522383647158246  0.68499114657223392
  0.69543412225706036  0.70601374569622000  0.71592939449884996  0.72583812689808747
  0.73571966424110735  0.74517366421816766  0.75390188496338884  0.76214992527697689
  0.77072015068227728  0.78094983528054440  0.79246144402916296  0.80411545046439026
  0.81627498755475836  0.82898671523442002  0.84193605560993834  0.85302109794651837
  0.86396306644341880  0.87517244608991074  0.88872012108906262  0.90131815175570762
  0.91258615203540239  0.92265869566148939  0.93424785791302067  0.94550744734012271
  0.95759783129359488  0.97198576760503252  0.98564017504725432  1.00000000000000000
 -0.00145790112428385  0.00629781143413044  0.01328841015012102  0.02126225494218105
  0.02965647825190969  0.03865051994472919  0.04819882208355813  0.05845701313498615
  0.06934504796138710  0.08116405519943144  0.09389359095717384  0.10667691983922481
  0.11816669410384736  0.12837942025175320  0.13816399567421336  0.14731098094212930
  0.15571762473052167  0.16397377575565145  0.17252882528882804  0.18134345361419307
  0.19004184625807086  0.19808138053546651  0.20631341750925736  0.21541203573897849
  0.22486623400518094  0.23409051993657007  0.24392655617576983  0.25575909996641139
  0.26932183738317483  0.28193691423710715  0.29413098380267938  0.30672297570377915
  0.31930594088282899  0.33180982962732947  0.34415970888629271  0.35766958793460796
  0.37098056356305803  0.38416120603467746  0.39606818932339105  0.40727311604586930
  0.41820100829653628  0.42929116003781437  0.44114932442599847  0.45287348349356960
  0.46196263660300285  0.47140115208719957  0.48018684158487829  0.48973723861163643
  0.50077568592180732  0.51216225008613636  0.52322882308377217  0.53505976457116811
  0.54684411695076307  0.55839814866164150  0.57039888545739525  0.58275720857724655
  0.59435664291649826  0.60469564728936742  0.61434022749314443  0.62391290119479881
  0.63356004994222681  0.64356434070448398  0.65479639442335835  0.66683876161827804
  0.67788148434259154  0.68749695377750686  0.69572078491629086  0.70435564635577808
  0.71384420932315962  0.72271991028466054  0.73080748971045961  0.73902755128183861
  0.74749881526032236  0.75717327215165176  0.76732970052296912  0.77759436934198578
  0.78835938293199859  0.79975730581273186  0.81073367407268959  0.82082784308839885
  0.83063689145813768  0.84002225198456348  0.84931448751534189  0.85875313698072420
  0.86784184262580844  0.87769187926441838  0.88812871141667882  0.89904308414871004
  0.91045550019682653  0.92250997659647183  0.93551221982426136  0.94817403249847632
  0.96105648604705274  0.97444367006896571  0.98699616141859448  1.00000000000000000
 -0.00304968251180573  0.01357128165638125  0.02565697230304458  0.03649699523259071
  0.04743943113297751  0.05824161070745827  0.06932245920633984  0.08097335800095977
  0.09328123708428514  0.10617658364818108  0.11891969527576765  0.13079480419290868
  0.14193183188107006  0.15334459728558114  0.16460541718844710  0.17574265549262458
  0.18652621322091256  0.19541532247800344  0.20520250079131880  0.21514767030618603
  0.22415515644999345  0.23297671965029942  0.24154789528418893  0.25013239403471926
  0.25934874153866078  0.26896746665063637  0.28133851928928638  0.29250553831132781
  0.30440513151764897  0.31577329704322482  0.32736169174831709  0.33917278405897938
  0.35080040485222841  0.36252866012116675  0.37414472368052393  0.38452222424800470
  0.39467660550112171  0.40476185377502655  0.41505648004559359  0.42518842966166026
  0.43482566038156267  0.44250597277821879  0.45023180862336404  0.45929186354566820
  0.46816321951677270  0.47639884276097072  0.48408514209447528  0.49209877788929762
  0.50032259403394452  0.50841413133987390  0.51644439890738525  0.52406005787780452
  0.53127772812249896  0.53764529227197211  0.54634451819112573  0.55689462291462988
  0.56827051991102939  0.58043945332045355  0.59257560618228122  0.60412286755766087
  0.61604967981206304  0.62912363673532368  0.64299172677819705  0.65525102631223975
  0.66653212679536311  0.67789849925070444  0.68901879717763126  0.69942201504788926
  0.70953419933220108  0.72052174489870546  0.73196727542005402  0.74292749753372522
  0.75360087238134843  0.76187872422114222  0.76994318740479595  0.77829475093568412
  0.78809189646586697  0.79992911932021304  0.81158017166484198  0.82367206561472617
  0.83541741150879822  0.84740245056534480  0.85898823744981834  0.87022800276507739
  0.88105403138058536  0.89133616044134067  0.90200382085857955  0.91300127124812813
  0.92482025842582838  0.93518036959618545  0.94432357462868344  0.95344693764551547
  0.96429699800549185  0.97695969784779202  0.98897934031908852  1.00000000000000000
 -0.00279555413093091  0.01121706514194155  0.02126429773790922  0.02982760547635521
  0.03825379385790694  0.04667470118977201  0.05455996269486744  0.06283443768339703
  0.07060869894513642  0.07810353035254596  0.08585709789302165  0.09389749329513807
  0.10137168683093041  0.11236513410040476  0.12480474952378329  0.13663458755814797
  0.14764209831292530  0.15820842620898498  0.16912973075746768  0.17998051405633880
  0.19178545469177130  0.20356607439507104  0.21545970133249820  0.22677600937837158
  0.23743609888762457  0.24805093655233476  0.25897290168493758  0.27003461586588856
  0.28159276381282167  0.29280068537401993  0.30396844173269033  0.31533032245941311
  0.32772530445423803  0.33972339871226764  0.35130209638146026  0.36251136568292447
  0.37261010813671486  0.38201741471315320  0.39219864846049990  0.40189241801289843
  0.41352679043216212  0.42698755672402894  0.43843319821159710  0.44693724280749331
  0.45532714275637171  0.46379610540719873  0.47202799298425363  0.48019801761450770
  0.48850605880504716  0.49655114561651714  0.50647618800607652  0.51952405647754574
  0.53329956248762656  0.54579725280303726  0.55743233009478532  0.56829388114206103
  0.57875258200494284  0.58973826531662166  0.60107768611398438  0.61187395415056411
  0.62134395079129345  0.63052293499012146  0.63948055748442989  0.64958416224901283
  0.66001944648455813  0.67040957814243374  0.68061045393798048  0.69020816648871119
  0.69943306725901222  0.70892225749618532  0.71865712874145971  0.72863850857036250
  0.73921215438613630  0.74933093047009192  0.75923364039152219  0.76929974872680040
  0.77899114764245814  0.78824799743504836  0.79798285283822745  0.80817648582294288
  0.82082328315436048  0.83441820086266971  0.84789444704659889  0.86172671040316673
  0.87584167797573376  0.88943994521099790  0.90183340248477206  0.91437035262374478
  0.92678864548409068  0.94026391345441829  0.95171874573192661  0.96205037236373858
  0.97128549785956408  0.98068985240745044  0.99042003783148447  1.00000000000000000
 -0.00213460714930201  0.00944659557239337  0.02013002079950576  0.03040947042166283
  0.04072189111001501  0.05051181765254670  0.06046536451099828  0.07091945937256211
  0.08178476759995394  0.09254768844179082  0.10225135696687626  0.11033201418008370
  0.11846043742954841  0.12724558983043552  0.13562719716832830  0.14380381891126337
  0.15211771443071628  0.16010589227992997  0.16847661968770983  0.17988081101051642
  0.19233305647069199  0.20403385719734232  0.21447658526586172  0.22453617689006033
  0.23525430283406684  0.24731887350452683  0.26000805285133227  0.27364904258370581
  0.28740088595053143  0.29928373532409996  0.31006755458554042  0.32180518044496870
  0.33350639084853095  0.34386891635803896  0.35409352894128543  0.36504340824479897
  0.37675347340224524  0.38879013411766833  0.40122529881713248  0.41395058303917387
  0.42548572709263283  0.43660996282523917  0.44681642081146300  0.45618152302725234
  0.46527119726216543  0.47424121351200188  0.48342850212623351  0.49403049460303694
  0.50518436398129485  0.51735200614406396  0.53048447083605632  0.54249943428578373
  0.55384915023986203  0.56467810020880960  0.57610655385279974  0.58876414022287338
  0.60228352421779707  0.61517667488628791  0.62751974365692420  0.63958262192816595
  0.65056272769515211  0.65985986271911801  0.66859891162120488  0.67754203070722285
  0.68725881996330807  0.69719320681827157  0.70704964575699414  0.71822119535304219
  0.73013099950357652  0.74125745021166078  0.75169776702724345  0.76242115795304988
  0.77416532899272605  0.78636365025379218  0.79685282003476066  0.80848363704374981
  0.81732347619458867  0.82585472769313450  0.83374314317720544  0.84153840880044295
  0.84954812429058313  0.85767390275245559  0.86559788404787275  0.87304675549759625
  0.88101234563681841  0.88936969736663818  0.89837998794556018  0.90822314773883650
  0.92031107421874248  0.93420851908140790  0.94575696522290320  0.95513126599307596
  0.96449908499721237  0.97372411005224846  0.98623295043796599  1.00000000000000000
 -0.00275520251254863  0.00883323283564313  0.01993031367877318  0.03118689211704204
  0.04247850437960842  0.05259854637005742  0.06164504776604621  0.06804419164657012
  0.07419940091345698  0.08124454921132597  0.08788032914993021  0.09506441401054569
  0.10257794017464461  0.11051820476699448  0.11802915731398210  0.12780859998718841
  0.14091587734702435  0.15326032982438470  0.16368829077480629  0.17384578635175008
  0.18462386769783146  0.19651130088937147  0.20760412699681366  0.21670926903640222
  0.22583001193826924  0.23619441370106395  0.24651985338075430  0.25714476707594658
  0.26795304369076800  0.27952481379707683  0.29186908712842258  0.30330245784128002
  0.31432906953566014  0.32516737015528296  0.33642766630738585  0.34806508348591031
  0.36004655148553177  0.37227470901580501  0.38441189875192955  0.39675206034464500
  0.40703522237857137  0.41593994125193073  0.42438810605022392  0.43339603346188632
  0.44357735562345768  0.45374433288679195  0.46383136104747230  0.47559081499098854
  0.48715702762592394  0.50001895151646958  0.51313153125014976  0.52596746489459401
  0.53865308382642940  0.55058817086774969  0.56164813081240206  0.57177653412709395
  0.58150334801029513  0.59158359978543729  0.60145053998711817  0.61146421289165354
  0.62151705161763637  0.63230819987431774  0.64356825141473184  0.65562461878435263
  0.66736719097532238  0.67897701230718122  0.68998369367766232  0.69988431277167873
  0.70922586310816127  0.71837346105731748  0.72883697483868159  0.74018603725579679
  0.75036585927692090  0.75972040967164067  0.76923378304954226  0.78009582818779744
  0.79253787716619084  0.80510718286443417  0.81731851324286886  0.82850097034416392
  0.83925973241147889  0.85019075245971787  0.86091962944256151  0.87156233744176048
  0.88295934367416518  0.89499818077955762  0.90659649151599953  0.91789751409810594
  0.92895574032274020  0.93992956788934678  0.95102895164473578  0.96212348243221413
  0.97216855749077780  0.98140869318995905  0.99046488185385495  1.00000000000000000
   5.8949046895316385E-019  -1.0000000000000000     
  <DiscreteSampler_grid>
  Helicity
  1 # 1 for a reference and 2 for a running grid.
  20 # Attribute 'min_bin_probing_points' of the grid.
  1 # Attribute 'grid_mode' of the grid. 1=='default',2=='initialization'
  0.0000000000000000 # Attribute 'small_contrib_threshold' of the grid.
  0.5000000000000000 # Attribute 'damping_power' of the grid.
 # binID   n_entries weight   weight_sqr   abs_weight
    1   3752   6.419083853775146E-019   1.137599116311535E-035   6.419083853775146E-019
    2   33   2.679320658848727E-021   1.898349737341909E-039   2.679320658848727E-021
    9   20   9.419293650510185E-031   8.845599489838854E-059   9.419293650510185E-031
    10   20   1.805701890504132E-033   3.703901972112151E-064   1.805701890504132E-033
    17   5314   7.929726804859545E-019   7.373344208961090E-035   7.929726804859545E-019
    18   26   2.607623170286209E-021   7.439154766561418E-040   2.607623170286209E-021
    25   20   7.281935055242845E-031   3.152099978285078E-059   7.281935055242845E-031
    26   20   1.261169741644295E-033   1.060404881135279E-064   1.261169741644295E-033
    33   4914   7.869721380268759E-019   6.369636477867892E-035   7.869721380268759E-019
    34   26   1.903482546006640E-021   4.430485334563142E-040   1.903482546006640E-021
    41   20   1.154700889936758E-030   1.670576941369714E-058   1.154700889936758E-030
    42   20   1.240263447238250E-033   1.508474902118659E-064   1.240263447238250E-033
  </DiscreteSampler_grid>
