  0.00577586722185521  0.00601400545796252  0.00617736082787408  0.00630226724948643
  0.00641999159059870  0.00653494825690608  0.00665056109879915  0.00676476192125789
  0.00687479015918295  0.00701523905665134  0.00717206777484953  0.00733636382424718
  0.00750588521174819  0.00768533278335537  0.00783807593091903  0.00797489741389542
  0.00811962500501622  0.00828534000450982  0.00845315307633052  0.00863783263739765
  0.00882007077710870  0.00904964674404572  0.00930731737443107  0.00955884306875887
  0.00979176275614555  0.01004436754325343  0.01031122721975033  0.01058554535278641
  0.01088884844874009  0.01124436039464305  0.01163725858987656  0.01204099943077478
  0.01244220104563459  0.01285683385669677  0.01330064711108935  0.01376536538854786
  0.01427076762734698  0.01478870473365720  0.01533833729147529  0.01591994691290251
  0.01646111851358642  0.01700612076481853  0.01760036720964004  0.01821404172331749
  0.01886076813276490  0.01965326151341310  0.02056891430188561  0.02156552465612810
  0.02266832485862946  0.02388546032650978  0.02521380865514296  0.02665230312393076
  0.02824561612404197  0.03004811408866837  0.03216902809363958  0.03452152374664712
  0.03710669761377553  0.03985153006004425  0.04318521981769775  0.04823260823878503
  0.05409011937329904  0.06017718089523781  0.06727913052714575  0.07553540865179714
  0.08484620896004449  0.09564134668545557  0.10676473075526770  0.11805908483002331
  0.13022272770035126  0.14443140752234843  0.16128011694048644  0.17982405187474484
  0.19751609324978978  0.21633045191215428  0.23767829545849428  0.26110424780830183
  0.28456385356690916  0.30707008349837162  0.32967323318889291  0.35393552614019913
  0.38186381649876422  0.41013550790758241  0.43697956050605324  0.46551220974690566
  0.49575195828502966  0.52456528993199769  0.55300073545042894  0.58616434139705886
  0.61980227352138051  0.65495576766998875  0.69370223249121565  0.73223943540977221
  0.77451554864665040  0.82201870485144568  0.88118356040762980  1.00000000000000000
  0.35693886495053950  0.37183080840863503  0.38315725895023467  0.39432242602264628
  0.40623406911471238  0.41904406035429892  0.43107905267127494  0.44301728848618510
  0.45493901393636865  0.46634857962827048  0.47732923207538164  0.48826706323258290
  0.49918859456766995  0.51131694139316020  0.52195998738252281  0.52808925426197983
  0.52919976757742426  0.53064643654319776  0.53208151111934665  0.53370999177226952
  0.53775338075669232  0.54337579774947531  0.54876090250318132  0.55419091797892106
  0.55985805182010306  0.56570473914918384  0.57164957936520744  0.57782845142516792
  0.58344751890876834  0.58810705976859690  0.59283220979398521  0.59755687359923615
  0.60240076157072009  0.60675316020493020  0.61289201049646480  0.62061220186500421
  0.62876703152948532  0.63385206082671230  0.63649853720970295  0.63984067477032247
  0.64303517262081644  0.64630551524925406  0.64824603398729397  0.65002720899632682
  0.65254727041024796  0.65572004676406237  0.65915301609529209  0.66300179840103912
  0.66685687583027553  0.67299284070693166  0.68057005024437867  0.68796418236789936
  0.69520018376593828  0.70291604642810523  0.71060659788755764  0.71720930921788939
  0.72311831463648246  0.72916370388398966  0.73541443081284985  0.74200971684826034
  0.74863612809877678  0.75499073612857115  0.76126448358540544  0.76813696155143329
  0.77571386186747160  0.78437238924863983  0.79255875009243792  0.79804254865349999
  0.80281327244979650  0.80745840866627205  0.81260679263930280  0.81778519595459132
  0.82252936853432723  0.82719524260850641  0.83243141257407938  0.83838649688011679
  0.84437809021278332  0.85030287220697987  0.85621773218722119  0.86221514250324260
  0.86865431358441847  0.87546028296357559  0.88155943402066739  0.88704287508402213
  0.89232824329956728  0.89762260333207589  0.90305596001678334  0.90862091938947720
  0.91439402222891331  0.92052883763207582  0.92674758796059231  0.93339463231148767
  0.94191524318214992  0.95233673862037427  0.96858883767849702  1.00000000000000000
 -0.00232134828125669  0.00951945995734805  0.01969358886265337  0.02789351337134561
  0.03487446900867256  0.04174411612938362  0.04873433947669827  0.05711659082271326
  0.06639674460964481  0.07506790836935054  0.08446326925944155  0.09554898025194351
  0.10730728574512917  0.11896337782812763  0.13104703235412712  0.14357307254223822
  0.15571447176587649  0.16765025721835294  0.17933645671529128  0.19105520719089297
  0.20252376279335391  0.21367382337792484  0.22511898510314873  0.23725814433058057
  0.24997211951080217  0.26285335117667613  0.27564200172265263  0.28852127376651532
  0.30058346430923361  0.31126445959644283  0.32215878515027890  0.33301207282974304
  0.34293031325964451  0.35247719350605733  0.36113478413413358  0.36925133871583332
  0.37954993649944480  0.39005029264049279  0.40095591298362299  0.41293607265001692
  0.42526451958210626  0.43674345106892654  0.44720688421175669  0.45770902845640399
  0.46900968716097069  0.48041827656589464  0.49142086253340839  0.50246654675961411
  0.51382685498115477  0.52610615541440764  0.53905932698914483  0.55267194195425506
  0.56543577741372664  0.57736475714731428  0.58946998876026258  0.60101022631502021
  0.61131761325470824  0.62109534838144242  0.63141555921578985  0.64217911723269849
  0.65311616282950669  0.66298063160792031  0.67152490796029241  0.67914469038372982
  0.68692352326518014  0.69531539632844030  0.70547200353303208  0.71708835286299499
  0.72891425478055305  0.74037975454567917  0.75144077774359119  0.76261856852619325
  0.77382116706175641  0.78545964135027990  0.79493616179162796  0.80321901983791455
  0.81197419709697927  0.82019823746929033  0.82777654498830189  0.83742402863298471
  0.84780874758019309  0.85808528883642665  0.86823236577050267  0.87832974301410860
  0.88987115803674488  0.90054566391577240  0.90938377569522033  0.91865354493634677
  0.92776938744021431  0.93594563818467724  0.94555807445491080  0.95306122677420702
  0.96325988387261663  0.97529747719586868  0.98780417998376935  1.00000000000000000
 -0.00024322379734778  0.00092285245879697  0.00296366968050594  0.00617275307973756
  0.01074228125683714  0.01503492332586927  0.02260657475173469  0.03367519520527770
  0.04519871100861204  0.05673929732106134  0.06888811605123991  0.08164138957091879
  0.09509365281602508  0.10944409364166306  0.12378388584869549  0.13650910893898399
  0.14784281196832041  0.15812853158720341  0.16823105174320699  0.18014414273323540
  0.19232973350556420  0.20427666579553436  0.21605591528976270  0.22728571441212492
  0.23721979650794689  0.24724917478690953  0.25755402166561381  0.26782202218978030
  0.27794411591753188  0.28930805094228557  0.30331875374276596  0.31801204302445851
  0.33088668692854395  0.34279706996495152  0.35472115261919190  0.36596807384532509
  0.37667069440067230  0.38754207964812964  0.39795829811858918  0.41023317706806445
  0.42171121609687440  0.43347119920665206  0.44619497349730841  0.45931263889031959
  0.47130283177981619  0.48179573283726357  0.49147970609154279  0.50085083287750087
  0.51102718749332587  0.52283234617815844  0.53532539492715991  0.54629673497975806
  0.55526528570210054  0.56350267264481657  0.57171828040237904  0.57981245823739225
  0.58829512382871163  0.59661051216283700  0.60503078087679074  0.61578036931856650
  0.62753884468478682  0.63980269990953376  0.65029819431078151  0.65953820338623004
  0.66929048842826833  0.67829046034961404  0.68656396475312442  0.69583651419176895
  0.70223682715695046  0.70867562430899456  0.71546037957527131  0.72316422910936107
  0.73285557221175579  0.74347998071017340  0.75488950227941620  0.76825184983309358
  0.78230289869512548  0.79554991202173575  0.80854750778649398  0.82117447316936665
  0.83419335413083584  0.84719184239526646  0.86054234313025257  0.87392965690436697
  0.88544196909269979  0.89412848987807358  0.90235069432333681  0.91099069105678487
  0.92076785111972670  0.93291691410010558  0.94572799658473905  0.95707588257453158
  0.96757768516782927  0.97898850259238268  0.98946311518556551  1.00000000000000000
 -0.00260003407842190  0.01012181057636495  0.02240627466283589  0.03456098058620895
  0.04735866147722164  0.05758028905802989  0.06741897969596114  0.07643255956046303
  0.08497362047393375  0.09410108194755533  0.10554480970733089  0.11547090708355100
  0.12391774192686696  0.13273041811660585  0.14111092083416574  0.15010686857763383
  0.16087081417176310  0.17249601700895503  0.18380829375928426  0.19233257743978213
  0.19921897039497893  0.20669796859431203  0.21409037118916147  0.22192068183154051
  0.23037514776888124  0.23824237786063901  0.24570452263945175  0.25655488511432506
  0.27033765894357092  0.28361600308920626  0.29589113735830402  0.30770313882276379
  0.31989754186278413  0.33230808414066459  0.34437238252073621  0.35592560167244397
  0.36688145779743647  0.37831886307032464  0.38954884651293087  0.40154355601145036
  0.41398146440571337  0.42639407296366305  0.43886052201359155  0.45115098095807743
  0.46288152572782121  0.47428350548194698  0.48607520541785798  0.49815469920760552
  0.50945978208958809  0.51986934646041383  0.53058127677172096  0.54068269727240270
  0.54868501281838311  0.55593828625647868  0.56295589918619859  0.56806046822491563
  0.57595446618955504  0.58530804259326108  0.59306563598509221  0.59966520104774934
  0.60655573437309018  0.61529949820575802  0.62465767887140178  0.63567216085933997
  0.64796428566653208  0.65990812533201415  0.67173307546362027  0.68339647570472584
  0.69513204940742590  0.70751071760682782  0.72037664980772187  0.73365692314815012
  0.74703905570500695  0.75993072870296763  0.77258359620655948  0.78535037746855740
  0.79778779186456061  0.80997267636388148  0.82207323629761975  0.83436385846607397
  0.84727627366145808  0.86114276012843050  0.87402953618149548  0.88557481575706010
  0.89704055710037722  0.90848221004702667  0.91884091680881519  0.92812068138176063
  0.93645817802831410  0.94656802261707629  0.95694091710775631  0.96569669343021303
  0.97389983190012019  0.98227131141693391  0.99020618313491138  1.00000000000000000
 -0.00238526311288760  0.00956713907988109  0.02094192028086815  0.03018924463496746
  0.03970837074966947  0.04962968650532319  0.05838473835093600  0.06691578932044118
  0.07722602491706201  0.08843712629300284  0.09949100265607336  0.11004673090958883
  0.12093749524567379  0.13243545941316878  0.14495313468390880  0.15739126948433216
  0.16923920512839669  0.18056269682001572  0.19160773906425749  0.20247783285279838
  0.21341166698726310  0.22473377455564350  0.23651679454707128  0.24866658227725713
  0.26116994126776910  0.27405464038417560  0.28712079968781878  0.29954168784674251
  0.31048078653371169  0.32060373441275253  0.33084151398426448  0.34086919844809760
  0.34993469971297347  0.35910657918063144  0.36977407701782006  0.37974219253275521
  0.38764680041835897  0.39561607491460532  0.40418674413685690  0.41364305355129033
  0.42268249082994080  0.42785108630807572  0.43216725743451873  0.43721773045480977
  0.44295084762360587  0.45410047609919652  0.46402799879487555  0.47410139014238595
  0.48397571064342371  0.49355461249581462  0.50583829496426636  0.51746147045690538
  0.52727330606534251  0.53495858393783191  0.54231034170160586  0.54946575101773887
  0.55680698659777572  0.56497038836441116  0.57359419937222789  0.58188420055841306
  0.59387902459384756  0.60774809929833540  0.62001895207543101  0.63308805118124356
  0.64689703282372901  0.66045809159279156  0.67376400145938520  0.68672187748024238
  0.69921787605638841  0.71082662672638930  0.72131804132651201  0.73198421742369590
  0.74318429081622905  0.75422050435242660  0.76495442135739355  0.77632124831283211
  0.78852975565176164  0.80022279315168832  0.81143977925278044  0.82135967003273014
  0.83030294068530586  0.83925123819054170  0.84849552745955747  0.85825972520706517
  0.86943332061620227  0.88187571141557231  0.89432909937216265  0.90605297489334391
  0.91705784812310431  0.92787502652829101  0.93920869316560174  0.95145682986487656
  0.96391842312547193  0.97558024061591320  0.98816578977988645  1.00000000000000000
 -0.00337236757298818  0.01254344005892488  0.02480416159655086  0.03524144956089792
  0.04573087256113408  0.05672176985438397  0.06794580689302443  0.07911539297295053
  0.09016146978856349  0.10152627218834739  0.11122939732022598  0.12011731427683985
  0.12824577228384362  0.13608482087369753  0.14420151046070431  0.15295119715840222
  0.16177947281179267  0.17341261216134402  0.18625700873425563  0.19727950162273317
  0.20792832631038680  0.21908761389396963  0.23087118968015372  0.24316104113545334
  0.25549664079031165  0.26808635774569428  0.28134058824885450  0.29561525730414023
  0.31016795390640406  0.32311218964530114  0.33456030016976707  0.34409936050150092
  0.35337446060007721  0.36373248423222149  0.37390758566881549  0.38378257306105340
  0.39072068312834907  0.39770301558844984  0.40575653020294983  0.41349498244943866
  0.42064313251104746  0.42809535029051748  0.43521540411918924  0.44121380393680698
  0.44680972783359979  0.45286096590550468  0.46104147899049047  0.46949193166250514
  0.47755113597417392  0.48859595290856045  0.50252601005504260  0.51594246239576691
  0.52911445803553359  0.54158715807212132  0.55430589269677699  0.56681639891372571
  0.57971037499614564  0.59223080293682273  0.60264414722966753  0.61163011072658124
  0.62013264361838361  0.62831568424219830  0.63823886660093088  0.64870633373158293
  0.65864787662628566  0.66803183384601428  0.67715134189196380  0.68621714256892929
  0.69563937506436424  0.70543203665639354  0.71588202734510253  0.72698085361776899
  0.73898450599938625  0.75106135837856325  0.76301453468868397  0.77512396313011800
  0.78682893156016398  0.79929546805762675  0.81127909544321941  0.82227936310950234
  0.83266422759210901  0.84321505319179424  0.85495798740626539  0.86586087419355140
  0.87731446409821512  0.88919996657988032  0.90056737193460279  0.91176452492719839
  0.92202523866170283  0.93233977919183353  0.94427327609153355  0.95691198568495417
  0.96856577942095345  0.97979552265612657  0.99063862793446522  1.00000000000000000
 -0.00315481642714252  0.01084954255846442  0.02087593849002807  0.03111988696712415
  0.04088014409861802  0.05024341852461055  0.06021006054804688  0.06992431341888948
  0.07976988222503052  0.08993317301053937  0.10066809763077325  0.11341492076470468
  0.12599816518593446  0.13824468697558337  0.14995500229514988  0.16135535740268525
  0.17323845513350980  0.18483610493106337  0.19470600567292770  0.20432642188774600
  0.21330183911472922  0.22182524142189688  0.23114811150323830  0.24324872714644100
  0.25609099724396439  0.26929492203555816  0.28106529820674792  0.29095598456545307
  0.30089206212030978  0.31089216372248230  0.32108299129950335  0.33281333523305451
  0.34372460365824381  0.35430757078515179  0.36493527258939817  0.37622396928972807
  0.38850321629703832  0.40129876550826876  0.41396792450976783  0.42589549819581546
  0.43750410703475839  0.45046059372704039  0.46318887144417420  0.47194042662787056
  0.48005481190890770  0.48788245662747504  0.49545720193413911  0.50350573342210603
  0.51412985624783381  0.52494739337962693  0.53569574834085243  0.54706700899839478
  0.55959958244731112  0.57263504457637593  0.58534776602063920  0.59692124626617860
  0.60747238961579675  0.61818618665389835  0.62923601118704986  0.64134487232058024
  0.65348662740488872  0.66620273132894159  0.67934584344468729  0.69187131087327258
  0.70323747583569185  0.71404037004118448  0.72486744297554440  0.73622787387151489
  0.74767465703300029  0.75779911373214293  0.76574508115783169  0.77274069374598964
  0.77951615504719618  0.78672174153170349  0.79473990059044630  0.80310024076764852
  0.81160101981073896  0.82315251899627462  0.83727906719898582  0.85104301264438542
  0.86364520998865069  0.87505840849823302  0.88498934856410694  0.89507108146810199
  0.90511540247475464  0.91489181478529635  0.92465030403565640  0.93479993054690980
  0.94693617944779074  0.95868232166332623  0.96734805651828892  0.97354175758034478
  0.97898035613826684  0.98560323181008969  0.99322337129456395  1.00000000000000000
   1.7474213866585813E-038  -1.0000000000000000     
  <DiscreteSampler_grid>
  Helicity
  1 # 1 for a reference and 2 for a running grid.
  20 # Attribute 'min_bin_probing_points' of the grid.
  1 # Attribute 'grid_mode' of the grid. 1=='default',2=='initialization'
  0.0000000000000000 # Attribute 'small_contrib_threshold' of the grid.
  0.5000000000000000 # Attribute 'damping_power' of the grid.
 # binID   n_entries weight   weight_sqr   abs_weight
    2   20949   2.399500754916778E-038   7.157216872158591E-074   2.399500754916778E-038
    9   20   1.005368793799596E-049   6.435694640175669E-097   1.005368793799596E-049
    10   20   6.740602730941465E-053   3.800825192541850E-103   6.740602730941465E-053
    18   16441   2.041465378626887E-038   9.520233648075130E-074   2.041465378626887E-038
    25   20   2.586952399454603E-049   4.464720196108751E-096   2.586952399454603E-049
    26   20   1.960264709127175E-052   3.203635426120380E-102   1.960264709127175E-052
    34   22919   2.583665702861417E-038   2.340343773492937E-073   2.583665702861417E-038
    41   20   9.283961573214203E-050   7.040974390437003E-097   9.283961573214203E-050
    42   20   1.828527643545193E-052   2.422919593869972E-102   1.828527643545193E-052
  </DiscreteSampler_grid>
