  0.00504352263556975  0.00515839642193337  0.00527507286784989  0.00543162722477276
  0.00558712190984802  0.00573751758394026  0.00590454130429565  0.00612908703816467
  0.00636346449167513  0.00666262717601266  0.00696197675373420  0.00727875579891233
  0.00759571308259375  0.00793653027890098  0.00828377191538552  0.00866874100517224
  0.00908470245818605  0.00954857242852099  0.01005015135512624  0.01055586644351876
  0.01105491351620671  0.01166837232799760  0.01228690014160502  0.01289944487477272
  0.01350159028121003  0.01416980201502549  0.01487257231342852  0.01561493306188393
  0.01650236156060258  0.01776647688693532  0.01917993174581289  0.02062911859099997
  0.02215829876220201  0.02408314265719754  0.02602259440370727  0.02814738582525449
  0.03042086668955050  0.03279385537282386  0.03529060589075378  0.03791523720652574
  0.04087370653108658  0.04432394115481294  0.04837580415831403  0.05261117226202226
  0.05731588758557257  0.06222894246774019  0.06871681213176545  0.07531112886520042
  0.08307309049510904  0.09419842055903707  0.10642907901139827  0.11735968583286961
  0.12838864439684047  0.14048821305062514  0.15350890326312669  0.16698327397308937
  0.17980396693345596  0.19245145007574768  0.20530167001414790  0.21664593219278733
  0.22684404705979991  0.23703122177800534  0.24819886088987081  0.26027190847670706
  0.27369305199648031  0.29201662464537426  0.30755522818272613  0.32117817504184409
  0.33647179781079206  0.35146806542957243  0.36618454989721977  0.38232687429598045
  0.40324055361120381  0.42622410711733461  0.44604822619170820  0.46396519108272954
  0.48175278503958707  0.50007347564028559  0.52028738275465147  0.53987547970902638
  0.55960384663797402  0.57972309403431810  0.59893024989328081  0.61853939078284925
  0.64014780005915684  0.66222971810885978  0.68524714723937008  0.70943205979917334
  0.73425505225652044  0.75805288766288348  0.78384991290328432  0.81406708345334322
  0.84640198109344100  0.88163388498053830  0.92355734683510382  1.00000000000000000
  0.39315084576482334  0.40147571024457396  0.40828233999900049  0.41472091788867688
  0.42108322386166652  0.42620385633507030  0.42992859665652466  0.43105478155514232
  0.43285177892102489  0.43549250606793194  0.43730114346850019  0.44076748630214169
  0.44559129806030906  0.45151636558466385  0.45812459225599500  0.46473281892732615
  0.47335176392404527  0.48885711587297864  0.50436246782191196  0.51986781977084540
  0.52737944057353847  0.53292119204161237  0.53846294350968626  0.54022267322587303
  0.54130355651373252  0.54235308338102639  0.54340851477300545  0.54446129741878402
  0.54547532491496020  0.54647821481964554  0.54780467506346753  0.54933800222507700
  0.55042860017207507  0.55142724672094268  0.55244631017785550  0.55442176722129488
  0.55610199634250512  0.55761329299292584  0.55916689576307743  0.56053843240134216
  0.56236389352780758  0.56587417749726654  0.56912453278240860  0.57273426840035235
  0.57789225244796949  0.58695213596346496  0.59677938341527093  0.60739415133592500
  0.61830702968341222  0.62996039541095006  0.63654224848775220  0.64124333778274933
  0.64557659870778561  0.65143514462945384  0.66828111240908916  0.67505234998813357
  0.68032915167397356  0.68508306076731140  0.68946579547085618  0.69585706092147726
  0.70825575916969130  0.71739024983494915  0.72038800197594632  0.72317687018912924
  0.72613588641125337  0.72894594376230526  0.73142537127518525  0.73406401494334583
  0.73704325626035150  0.74025762291548314  0.74362536386970013  0.74709920181342526
  0.75080437288647561  0.75535624847513805  0.76014703028854436  0.76725500068187680
  0.77810675995680945  0.79187146008654163  0.80310661280302920  0.81252894636014317
  0.82266845693527324  0.83293895586153499  0.84277923280517686  0.85110595694526958
  0.85918792719568471  0.86784822346514701  0.87679678391363891  0.88634924858899300
  0.89672655620097641  0.90725097494333995  0.91718669956425536  0.92763424436147213
  0.93859812706614687  0.95075290532303969  0.96726294878559937  1.00000000000000000
 -0.00612355109909811  0.01432955426927955  0.03140742465501747  0.04496110874496839
  0.05297675530855953  0.06266226820774481  0.07405333142454394  0.08470670947146602
  0.09397191679488349  0.10376317586176560  0.11553619589035578  0.12786601864116054
  0.13923452593623772  0.15019900450395135  0.16013128412810668  0.16967051916914927
  0.17955721709007622  0.18925084096857075  0.19959173595541310  0.21029948100856460
  0.21982066409429127  0.22681522239688048  0.23308990003924140  0.23956692044428443
  0.24602381923903316  0.25520000675951837  0.26622708391809624  0.27722556760566286
  0.28561703247056908  0.29267912347687591  0.30100234824139210  0.30948850714141996
  0.31806497673398770  0.32908035439880701  0.34105739192832996  0.35291626697979261
  0.36328715911122983  0.37160063160277457  0.37946292843333462  0.38815933215833504
  0.39805772750636331  0.40684097205420400  0.41570739232512677  0.43010441048441267
  0.44586505219128103  0.45656168656265278  0.46589165916036246  0.47445481596781236
  0.48394286235481138  0.49374721371822483  0.50232063848900599  0.51007600190246427
  0.51919792859483049  0.52698658044358182  0.53306984306979588  0.53936517264490080
  0.54637282181468894  0.55221834243867784  0.55762155403052527  0.56458838377780196
  0.57237945230302634  0.58053728075463706  0.59090877896840477  0.60349307395184759
  0.61476908644284467  0.62484270460879288  0.63456304682836995  0.64485175562377706
  0.65551888763548327  0.66785443663905297  0.68281915812421756  0.69762318913133436
  0.70976972922118364  0.71953374451659069  0.73007090329293090  0.74041183691212109
  0.75047973577647542  0.75998649790863071  0.76885767542812378  0.77760813995613931
  0.78838303179059865  0.79917763694351507  0.81220672491040957  0.82830993358708571
  0.84471396720729797  0.86034553468450736  0.87588083738848277  0.89078001235334003
  0.90792948005664487  0.92159097906097176  0.93465370449269269  0.95095839184869946
  0.96524500813807390  0.97663810311447774  0.98762943956524119  1.00000000000000000
 -0.00152945413817805  0.00664039272757591  0.01521598361978660  0.02284663974644954
  0.02991732150001374  0.03771202321109207  0.04562607484637699  0.05393873187092416
  0.06183080431489616  0.06831585392948362  0.07466036925909497  0.08188874614064974
  0.08899086470347124  0.09436648564680067  0.09948600218744340  0.10573373608175110
  0.11415529691831554  0.12690793863547040  0.13869600099656496  0.15097454175925579
  0.16196234844268959  0.17094270703740636  0.17950263979664416  0.18851207213380516
  0.19753909910816089  0.21081868510711735  0.22609805429125243  0.23810527130052989
  0.24840081049297114  0.25865504044273979  0.26901279498806135  0.27972800009290255
  0.29040482955309727  0.30156743564047084  0.31414459885720958  0.32806991292928045
  0.33865091561739030  0.34769244246230291  0.35521017663819965  0.36108044635407738
  0.36763393129029454  0.37660295352812068  0.38492817270962520  0.39372141666348892
  0.40145643285817739  0.40929499015819909  0.41827320424816922  0.42743567821486267
  0.43617217782765477  0.44671516781612269  0.45920622022486524  0.47020009476024499
  0.48129330768368955  0.49648913943644241  0.51306054231212850  0.52979552747749081
  0.54558213666365873  0.55855250215941743  0.56959367029222296  0.58032639060270941
  0.59290180004959547  0.60245226741339031  0.61172739717339475  0.62140220928355383
  0.63141591524508467  0.64089438414030464  0.65442441795797912  0.66920260460188719
  0.68525609980262070  0.70028975729407617  0.71505819079134814  0.72932924405250821
  0.74243644162885170  0.75437526752366113  0.76559942420189808  0.77631774287279853
  0.78642028271626119  0.79647949414534569  0.80672731451552693  0.81607508451216981
  0.82550384021943257  0.83671929800883293  0.85159185258054415  0.86534174545578091
  0.87775928898299749  0.88911707283125563  0.90003498969897888  0.91188772705123666
  0.92431087980555648  0.93677271169936727  0.94864733900214149  0.96025113951737029
  0.97189549936245223  0.98241877900762320  0.99156069742591202  1.00000000000000000
 -0.00200197306552387  0.00781072015000415  0.01707710118049870  0.02827024160850932
  0.03863859018550586  0.04763352831281186  0.05482060829394737  0.06270841669076510
  0.07034190667763307  0.07851799958508357  0.08677737001555166  0.09676188735450708
  0.10764864065755934  0.11574357655373459  0.12367093761977796  0.13153515204540989
  0.13982318371683139  0.14831287050989389  0.15633946149032052  0.16376853885926862
  0.17278197344849580  0.18407727113416431  0.19674435200405652  0.20944246233122812
  0.22390640920966881  0.23831271805041160  0.25442167707627683  0.27056930970258414
  0.28856284511839281  0.30114176184955899  0.31179776117721431  0.32085261047877395
  0.32863429778536546  0.33550792253046219  0.34301149165346712  0.35207668624716637
  0.36092638926147302  0.36796661343583370  0.37469526072054765  0.38141123033734609
  0.38868618849957698  0.39615408872065283  0.40665151538391225  0.41789688648118678
  0.42976900535885654  0.44641802211721998  0.46022706751088832  0.47111776892746776
  0.48192253342947489  0.49026791622186161  0.49807530477634387  0.50512233255817396
  0.51200140043689135  0.52126090067412778  0.53554343296732621  0.55108684701010613
  0.56783149135280064  0.58297761071754151  0.59662814472150916  0.61026513451445652
  0.62564532043323262  0.64302599323794596  0.66107507617774219  0.67270060820364297
  0.68157627816932176  0.69041677172323346  0.69943476763986889  0.70941167052170062
  0.72440682819264690  0.74124089461640397  0.75592409734423638  0.76884164739402483
  0.77719575443791600  0.78497912591000973  0.79301506824617307  0.80149856198690927
  0.80990271404483771  0.81772531031951357  0.82527155228794868  0.83341523634593162
  0.84276665984177901  0.85260661319386755  0.86255066885169651  0.87347547321466645
  0.88551490775026331  0.89724853919852443  0.90898082482128861  0.91967343767178156
  0.93051605002490811  0.94086360862373819  0.95236299027571647  0.96200938122185231
  0.97099045866733458  0.97984642231302399  0.98947780729525858  1.00000000000000000
 -0.00387988983154562  0.01331461210764581  0.02458072985987664  0.03474761259634519
  0.04611763425646653  0.05760739513938855  0.06737395043930934  0.07599091260557897
  0.08457316744739764  0.09498220389814716  0.10646145394929787  0.11798340899185722
  0.12966933176714016  0.14024471375162795  0.15074692034959661  0.16167936807756991
  0.17390398611935171  0.18687733620011898  0.19934475317891112  0.21134491811164990
  0.22332241029686928  0.23562444267386062  0.24801438044853960  0.25909451332975320
  0.26967024557433938  0.27924751058931485  0.28823143733770962  0.29805804473455771
  0.30846485521558181  0.31972982213148932  0.32975287581884266  0.34180776617947312
  0.35390698026516598  0.36294681965875075  0.37096201604478762  0.37872174440401352
  0.38612845304577270  0.39429058850832593  0.40510407411211474  0.41650650233955439
  0.42916502490609487  0.44217534867641972  0.45549272617934944  0.46714710534917958
  0.47757092676014717  0.48715033690489234  0.49641871441222790  0.50738742822409177
  0.51957442049124125  0.53156307953384074  0.54261809234999159  0.55372113903841480
  0.56506744036678014  0.57763329015109410  0.58847523579294569  0.59700086245712458
  0.60632454026418081  0.61697305264449886  0.62625129820065595  0.63225074755220356
  0.63773153530983373  0.64400457148007939  0.65214547838679848  0.66161234935074531
  0.67145057881345460  0.68173569917884813  0.69101311051285941  0.69902949614073440
  0.70398463813074219  0.70945093047386965  0.71467310045986332  0.71985721886615128
  0.72717724720916455  0.73866121821129249  0.74879307140413554  0.75844536826188880
  0.76799468349824584  0.77902209446468906  0.79312429465700574  0.80924337473301633
  0.82530785548494012  0.84069973128053233  0.85274949231334163  0.86581975787087850
  0.87799758678536977  0.89025792270557624  0.90452026205470748  0.92029256938662185
  0.93402426828723861  0.94512989415871240  0.95451634710866562  0.96347478819678622
  0.97279169686775802  0.98197033882549645  0.99049097887555826  1.00000000000000000
 -0.00263805826389679  0.00900350956436435  0.01861291964269416  0.02912326937806107
  0.04108980805987270  0.05451887970091671  0.06872193161368159  0.08345896619473873
  0.09996944383554858  0.11606162184184671  0.13057097319301758  0.14333851374984363
  0.15505732618372753  0.16640760853724093  0.17889156306877096  0.19247661018199513
  0.20703577476158233  0.22050068918750398  0.23172345050880061  0.24186817900162216
  0.25190266992861665  0.26388015109781471  0.28007961616306920  0.29959975520902005
  0.31699958996863487  0.33042069308024813  0.34111521082300766  0.35158488080285027
  0.36207594586608399  0.37292935347465872  0.38440965884898337  0.39629695301577689
  0.40735501923157763  0.41938078251336397  0.43165301948997620  0.44364686857055763
  0.45577582059624422  0.46847235671738818  0.48217440817965557  0.48976710452713285
  0.49825878163745552  0.50749581037873326  0.51721415996107911  0.52835093052610627
  0.54168339299211954  0.55573012371089059  0.56867366598569036  0.58001488387264011
  0.59348146339091190  0.60392282056213453  0.61149327971346545  0.61945162749925475
  0.62763521709772319  0.63528497564266639  0.64347477429798139  0.65175837995040231
  0.66031028546924941  0.67061351909169065  0.68214308586438688  0.69363464010185982
  0.70451775125006055  0.71498407692143240  0.72744879513022731  0.73797407289686934
  0.74936598409725164  0.75738218842386340  0.76719596077295704  0.77625576089272619
  0.78562424499520356  0.79516652597186177  0.80353906184322599  0.80987598637337499
  0.81616750925051185  0.82443943088176341  0.83355315505824834  0.84296799853060700
  0.85465744405720168  0.86359108375266047  0.87197530748097352  0.87891680600309352
  0.88585977419361606  0.89370579911295778  0.90222923191631355  0.90969768591781708
  0.91613009947065427  0.92267537819559098  0.92850535403998136  0.93470328581700712
  0.94119928151360532  0.94846484289852984  0.95718084446239471  0.96541555319331773
  0.97377157071280651  0.98332509186351669  0.99190583683102540  1.00000000000000000
 -0.00378289421362656  0.01693075286467152  0.03031290896342676  0.04232593728654244
  0.05272037427485764  0.06311661296049031  0.07401546312639372  0.08474802826362379
  0.09452084626839616  0.10440871043366062  0.11373945168189009  0.12276115684787416
  0.13245439243889112  0.14160306414297991  0.15317167164132953  0.16607338861031404
  0.17832315052108347  0.19092422241828014  0.20432286410086614  0.21783225925163366
  0.23259817736069313  0.24751002282103898  0.26221659123924640  0.27351451293114659
  0.28128173021696723  0.28844825693505149  0.29679901914219398  0.30543532989785438
  0.31564120914453431  0.33057038910688530  0.34675817511387702  0.36198242684814136
  0.37371544996647471  0.38195430127238827  0.38924945739043421  0.39654949823042113
  0.40342869862749281  0.41256139195723596  0.42312850981346106  0.43411209345002827
  0.44508484357428352  0.45544474217229669  0.46576672491798099  0.47641325383972838
  0.48940927031525561  0.50300026705353063  0.51478076690783614  0.52768124273302208
  0.54159764304071867  0.55349043415435129  0.56472415947315568  0.57583365995478453
  0.58528937543034298  0.59699659556010809  0.60755672817325312  0.61786965780857139
  0.63053299266837015  0.64250533082531047  0.65336890319774821  0.66323911714523442
  0.67265376489326723  0.68302242365064003  0.69473001984122018  0.70872562211764523
  0.72442167577070127  0.73456368488188561  0.74261417423356713  0.74901575775786733
  0.75405790000628314  0.76022205220894878  0.76599866675296568  0.77278336296838546
  0.77980540212354343  0.78717434224984706  0.79594478840393046  0.80493420720664510
  0.81405047818514842  0.82343767813419377  0.83388140409959932  0.84486022694497653
  0.85624187311344802  0.86698963150768538  0.87686495787374974  0.88776079760501836
  0.89811110711649966  0.90714717716928983  0.91659930009988877  0.92477369400415854
  0.93223135351804443  0.93955995903329870  0.94724307565195320  0.95491050514009190
  0.96368226245732602  0.97307451372560316  0.98349188989120506  1.00000000000000000
   5.5323517393237231E-041  -1.0000000000000000     
  <DiscreteSampler_grid>
  Helicity
  1 # 1 for a reference and 2 for a running grid.
  20 # Attribute 'min_bin_probing_points' of the grid.
  1 # Attribute 'grid_mode' of the grid. 1=='default',2=='initialization'
  0.0000000000000000 # Attribute 'small_contrib_threshold' of the grid.
  0.5000000000000000 # Attribute 'damping_power' of the grid.
 # binID   n_entries weight   weight_sqr   abs_weight
    2   3098   4.417025817737061E-041   1.224303150272526E-079   4.417025817737061E-041
    9   20   6.295868431252021E-053   5.862152036441165E-104   6.295868431252021E-053
    10   20   3.965066559777403E-056   3.149594422191495E-110   3.965066559777403E-056
    18   3436   4.653450522824711E-041   6.731015485513696E-080   4.653450522824711E-041
    25   20   3.614975704212773E-053   4.187203030312515E-104   3.614975704212773E-053
    26   20   2.849020881303611E-056   2.094669890162805E-110   2.849020881303611E-056
    34   5701   6.994095270005242E-041   7.478684822248570E-079   6.994095270005242E-041
    41   20   4.196493056400679E-053   3.906200508493280E-104   4.196493056400679E-053
    42   20   5.555357136157941E-056   6.031189459661665E-110   5.555357136157941E-056
  </DiscreteSampler_grid>
