  0.00272456252443506  0.01408650046960499  0.02614743734487600  0.03779169985275407
  0.04958775768791320  0.06102621383286608  0.07152098691883871  0.08170441599455287
  0.09212504090592488  0.10242930425202111  0.11311187460738138  0.12480439890778716
  0.13794434629087937  0.15103350783784988  0.16116594905878076  0.17087058517371714
  0.18045360604096333  0.19091369747678061  0.20161852576236516  0.21217185555536816
  0.22253196291522997  0.23337552860208591  0.24439303980561616  0.25512910351536977
  0.26608991346775596  0.27699952773221204  0.28907153700611393  0.30142243826061116
  0.31351591558904057  0.32487060892299136  0.33628751337559998  0.34837453069287000
  0.35972389986876513  0.37043698073387177  0.38044334012973485  0.39066357699938398
  0.40087501186257823  0.41086270440085426  0.42170012569953358  0.43246064999899897
  0.44362528918761213  0.45470812834852520  0.46579837291747783  0.47660911395168604
  0.48730526704501381  0.49793473604413319  0.50784652107627593  0.51754574005894238
  0.52786666360457835  0.53859320623610851  0.54859306553653431  0.55731883721480291
  0.56615623073148169  0.57567316360863019  0.58581535858499245  0.59594074096120564
  0.60618407306533695  0.61735782030830089  0.62850335762585585  0.63958365576406806
  0.65053577343704128  0.66135052397214056  0.67327093098275603  0.68540790374508187
  0.69718177050103547  0.70827766178019702  0.71740712426603859  0.72624528974477376
  0.73531466349525221  0.74532835417827825  0.75582686329528725  0.76665763265006237
  0.77792807132909081  0.78895301970926346  0.79922952803216207  0.80926734040147741
  0.82006880371014268  0.83179687442593397  0.84178659555865132  0.85073463609675570
  0.85937290330854077  0.86808207385659364  0.87664164281679591  0.88520934929962314
  0.89312544468794552  0.90273938312867785  0.91147618806498343  0.92169262849075262
  0.93277044268771503  0.94298337167479240  0.95433599383979006  0.96397354568017446
  0.97384592731090991  0.98360337788025154  0.99269877808417717  1.00000000000000000
  0.00233386190942171  0.01836861220854157  0.03288436593873849  0.04454544454522257
  0.05370291209820378  0.06295536496501319  0.07305956833261239  0.08369899517215622
  0.09393749223729715  0.10418276493242659  0.11481270333795175  0.12495698328082820
  0.13392639759612848  0.14242496599433710  0.15096911302532037  0.16027941207381247
  0.16961489901207780  0.17997863498509792  0.19020807871018616  0.20090710214639845
  0.21125500473553044  0.22225321052647293  0.23344295405627991  0.24392261335283094
  0.25452969536382020  0.26452042450150659  0.27523472710916880  0.28537634225589320
  0.29620058931973686  0.30746702598918729  0.31766425219897632  0.32772662303898537
  0.33863614664316460  0.35163982041677083  0.36454022904636857  0.37611843104791948
  0.38743500551406906  0.39903135968766074  0.40836638226280447  0.41854338645575373
  0.42872050472802137  0.43879755099625434  0.44897503991286314  0.45860381322125143
  0.46872457709789189  0.47910005224301028  0.48960702440611453  0.50033594038922713
  0.51116148231794989  0.52155953855871862  0.53194941669453200  0.54285507386185716
  0.55438293711837305  0.56549344155226788  0.57648222434330698  0.58756375709312603
  0.59891460636392835  0.61026253427751809  0.62131187127961218  0.63260457533042591
  0.64341257004329988  0.65304436733486715  0.66164885005887863  0.67102032282623580
  0.68079209218992864  0.69084961788618526  0.70075475449600300  0.71057440099761060
  0.72045871274830930  0.73001774838187716  0.73991792319354677  0.74974424686484997
  0.75995619738440678  0.77039716163319916  0.78020884653025135  0.79013041745550661
  0.80054799375510999  0.81112812659009814  0.82054163367463706  0.82896729197669639
  0.83782479878416050  0.84776798159759581  0.85789602904881668  0.86784648844951306
  0.87727647619480020  0.88814151269716612  0.89876744466812419  0.90920533671029735
  0.91995021592868209  0.93082198936273264  0.94122683898231874  0.95171017229393129
  0.96284085519931850  0.97381843036205529  0.98331567766478201  1.00000000000000000
 -0.00245168439815958  0.00946169296666498  0.01997091488324256  0.03153143446416056
  0.04214724859684293  0.05240852742730907  0.06259073516399524  0.07326773105599949
  0.08435496736115550  0.09485342900678451  0.10478682272862384  0.11439344701674277
  0.12467137347544174  0.13523505160210433  0.14497908312623106  0.15470250187918311
  0.16424300619124835  0.17366123834766947  0.18307413222784100  0.19252579166392741
  0.20212070740822652  0.21146812729525552  0.22011183926180825  0.22856483650833445
  0.23788321098194234  0.24791463945513745  0.25767670024204581  0.26727019486592385
  0.27757065154624677  0.28833476600868940  0.30036803190603539  0.31194842168899506
  0.32354663461847860  0.33474419764201740  0.34662118742164766  0.35751649405440539
  0.36696459558031674  0.37571621130864025  0.38384864222299170  0.39262519739177187
  0.40097150174866991  0.40816710685829660  0.41525072436014471  0.42263158460889105
  0.43085585133212417  0.43992830285771306  0.44991906639616286  0.45944897998425238
  0.46891839867960394  0.47766968734814969  0.48582470316474097  0.49384227904229522
  0.50157373907911773  0.50937434115996461  0.51730070674903184  0.52522705988878526
  0.53430434200258259  0.54345846391747554  0.55347167739444292  0.56333929724822773
  0.57379859828935942  0.58355382771248099  0.59285680090482518  0.60200191849393736
  0.61080295511087412  0.62054949334240073  0.62961848007965637  0.63926774375389650
  0.64960938702960780  0.66133078396566436  0.67138972187984969  0.68024159710221499
  0.68859370598312741  0.69707464268174657  0.70634560690687453  0.71636154459857260
  0.72604035046236470  0.73610159994521518  0.74682307633246403  0.75728167792851420
  0.76777477759275992  0.77806353254312810  0.78863225343235577  0.79982680379905136
  0.81239172210411537  0.82657911634863901  0.84140718801353187  0.85597189333126056
  0.87047184122976218  0.88579588204975157  0.90202313111870003  0.91881725020004701
  0.93604872998464850  0.95430279427620612  0.97523249286879543  1.00000000000000000
 -0.00314506820460265  0.01254876927350696  0.02450227099317191  0.03591058844810153
  0.04756327380754641  0.06022673361554230  0.07300933786381700  0.08509056659666162
  0.09690707354326464  0.10798583005355616  0.11782276181264492  0.12787912219130473
  0.13747213918155993  0.14898298729191362  0.16037917957716205  0.17180097601109062
  0.18278000930255578  0.19346527285913631  0.20367591065578605  0.21398585003289999
  0.22442977068143000  0.23381776272507304  0.24260050085912691  0.25157804828896818
  0.26064442389695386  0.26999855653971111  0.27947650865487733  0.29039402014063159
  0.30163169416832608  0.31265523153083641  0.32288274704046599  0.33310134709888933
  0.34401390096725831  0.35531564674955246  0.36560657439144706  0.37600183275739490
  0.38614557439115532  0.39700626960626473  0.40665031725285739  0.41646504766682707
  0.42673147722590982  0.43713417707292063  0.44781591463612458  0.45883904083741450
  0.47117876339565856  0.48332837853205973  0.49488754638851834  0.50589430852937489
  0.51627950322960980  0.52600626412481188  0.53610726759809257  0.54732331957609603
  0.55945598739832447  0.57187884194589911  0.58409430572226650  0.59509463851358146
  0.60687721875092770  0.61770348313721024  0.62858716323092745  0.63939020500524768
  0.64997811248445647  0.66016890663781902  0.67025661543431037  0.67971574661663203
  0.68957928437969729  0.69853131159748849  0.70829699760253184  0.71822808164169361
  0.72859674154213550  0.73703345950908350  0.74583948645442677  0.75552768918390278
  0.76587450532731005  0.77689666493262843  0.78823338917531693  0.79882509720036043
  0.80804827937445134  0.81655262801546835  0.82446249970042584  0.83279366398890720
  0.84144564412222356  0.85002817866283509  0.85842995597793914  0.86787937198465082
  0.87714183402636425  0.88732917673845835  0.89793297489019952  0.90830695460737676
  0.91871532530842714  0.92934914531703616  0.93989923405710729  0.95047652292148777
  0.96150532030272351  0.97391529668470200  0.98657209280910718  1.00000000000000000
 -0.00380350343002429  0.02266128819069159  0.04213961798950392  0.05840655341997542
  0.07346637302020481  0.08855852314755508  0.10361510469200978  0.11744791004756197
  0.12993128726439163  0.14213122827210387  0.15374656667188302  0.16477126733195074
  0.17550639276523189  0.18619632482065948  0.19649666140447319  0.20714949681435327
  0.21807751820591925  0.22904300394285040  0.24035785454001235  0.25229658175124225
  0.26445436477558726  0.27640920116423245  0.28760897984065886  0.29933990128991178
  0.30977735521752342  0.31897307554837151  0.32765414908278451  0.33622603668283141
  0.34486707830031516  0.35337172932653926  0.36122698703152401  0.36857846574065217
  0.37610716028607560  0.38452973927414774  0.39343357076836866  0.40183580299775401
  0.40986221504320269  0.41758120043589192  0.42548508711764715  0.43314388332217324
  0.44121359379482233  0.44991578540066368  0.45928682934333037  0.46933497607895303
  0.47960223701421933  0.48981808203464183  0.50035477690769881  0.51129730740877144
  0.52188639057367769  0.53458199264499273  0.54663013789659742  0.55875435204695045
  0.57082581767796314  0.58236455799267961  0.59309502043732154  0.60274012577886871
  0.61162583550825900  0.62035243993503908  0.62927254227161877  0.63799396332535052
  0.64732641866340346  0.65658295973004077  0.66640975843558814  0.67622075734733589
  0.68619360232379800  0.69566692191027812  0.70555396372263557  0.71495477097936067
  0.72438375395162846  0.73390260047500833  0.74447659808459121  0.75477319948602961
  0.76428145055579710  0.77372768288040938  0.78261017330930682  0.79257219396048217
  0.80302849795597886  0.81318174808511023  0.82337792249386932  0.83370839860631296
  0.84388813481939162  0.85386670504754636  0.86328952662123171  0.87257365767210782
  0.88231485631511342  0.89139831394549629  0.90104589211227071  0.91079520134069969
  0.92112489735597702  0.93208792164286103  0.94294142535775183  0.95487128185449299
  0.96705675851329331  0.97922884287024725  0.98964944900306218  1.00000000000000000
 -0.00296809650613956  0.01007247674480322  0.02150134040712873  0.03355212159070552
  0.04631348467913098  0.05837297494667476  0.06955987716676283  0.08017217633966270
  0.08975325340917537  0.09887143016726335  0.10800047203720854  0.11781086649033663
  0.12804388029772421  0.13825207293952216  0.14919916582494328  0.16112472897661814
  0.17300440748962004  0.18533677507063206  0.19802371900228802  0.21034714015080450
  0.22216686318270085  0.23350201674142865  0.24439969758428434  0.25540071972791367
  0.26475103396329114  0.27381827670119147  0.28296358773855884  0.29261068676013613
  0.30432179949509491  0.31561866752618484  0.32679314386763492  0.33837228788475904
  0.34944490956086099  0.35947128521383076  0.37008335289352268  0.38047731391221395
  0.39097017050763672  0.40085963625993426  0.41088505424386829  0.42114648479454525
  0.43129848790631919  0.44101281127619119  0.45045304759825866  0.46000552659327371
  0.47025070936686908  0.48111326779872798  0.49261506274257305  0.50462178926908641
  0.51660864746930568  0.52854381450670640  0.54070223945705631  0.55282794596908946
  0.56458469556886415  0.57596368446885038  0.58694045756535396  0.59750961351640597
  0.60843039342841743  0.61907321016395089  0.63049822941187195  0.64176164437054350
  0.65246245733307517  0.66287049522369013  0.67378307782108893  0.68447325433839945
  0.69469954198873352  0.70438777671432484  0.71488410615603137  0.72497522736916087
  0.73478136928830984  0.74396086748939838  0.75327841821389652  0.76275904078088286
  0.77214201945038918  0.78124679789487805  0.79038237678417134  0.79958850146069860
  0.80920820522092352  0.81842875580638452  0.82827119509929348  0.83803336181616794
  0.84991056759022598  0.86138576725218285  0.87342915313559177  0.88423079061544030
  0.89455886682147845  0.90431480454077429  0.91397890027914275  0.92353791926854589
  0.93250184288716176  0.94095798969265598  0.94921726928376571  0.95757940249196116
  0.96722017204888755  0.97721340461906214  0.98827456971619576  1.00000000000000000
 -0.00062384278043425  0.00076313722479864  0.00246809113882633  0.00462366095750267
  0.00655116986833077  0.00869650161782434  0.01109020721560607  0.01361454757762956
  0.01615795590865528  0.01867441840228255  0.02115915951925225  0.02376713773823080
  0.02647153477012755  0.02935569711096491  0.03231744071407614  0.03520481720270747
  0.03819565113429007  0.04147962665108974  0.04486924277946941  0.04843089513754872
  0.05217996580095059  0.05601205063824145  0.05984032266154217  0.06352363061226932
  0.06762307895730502  0.07174531603904864  0.07591632760139165  0.08013069264743268
  0.08439179621662878  0.08886028509507454  0.09362922583870932  0.09858067628187182
  0.10378650931935587  0.10949187596316849  0.11593624767630997  0.12235090317017974
  0.12843388285701765  0.13400380651328547  0.13971203917640151  0.14549212317481866
  0.15156244449315956  0.15785421895035409  0.16445494820228271  0.17077289230318529
  0.17721588022167692  0.18333794020153493  0.19111615690031517  0.20021910930625250
  0.20959322688868132  0.21862494376704500  0.22740126697107491  0.23649132296492661
  0.24629393144035930  0.25671367810558920  0.26766935718682860  0.27888100812298305
  0.29013890355025374  0.30112918151618812  0.31214003560824644  0.32323930921964916
  0.33441532384527278  0.34571980275277303  0.35714236742726801  0.36847146422004884
  0.37953693488564005  0.39074274177183310  0.40259691303314127  0.41517183750875941
  0.42865393811330565  0.44230402923532242  0.45620568099488346  0.47041608934640589
  0.48625742933002630  0.50307126973952121  0.51880872825997137  0.53459059714261448
  0.55176693114725417  0.56828361912672287  0.58421901503535500  0.60039552004335095
  0.61720954479001200  0.63502610136059312  0.65396629114284655  0.67483843431415891
  0.69683207173344486  0.71926050578422340  0.74305451941517764  0.76667479052074816
  0.78990302226361153  0.81569758557976679  0.84398404890329237  0.87153578515682673
  0.90039248075486744  0.93202388619025278  0.96529790460083742  1.00000000000000000
 -0.00226440425299630  0.00929537758940980  0.02108711553324564  0.03326740277793406
  0.04579329363867327  0.05741274553322524  0.06851336915347908  0.07909189976349887
  0.08919410226366341  0.09889580540127685  0.10929073392815239  0.12016399317913429
  0.13145817402477461  0.14291077013960501  0.15448364012264379  0.16595231845196909
  0.17674723666558495  0.18709140712942537  0.19752336021008932  0.20878928185188170
  0.22032199279554834  0.23136992846463941  0.24199659795507272  0.25235348496308313
  0.26311884866663049  0.27335996919662880  0.28299725327543102  0.29228897145109489
  0.30098553987545618  0.30942619710666686  0.31807038557643219  0.32735672657601605
  0.33694786903240781  0.34702388844403298  0.35664716760157139  0.36613116089345205
  0.37521029840445252  0.38476949917244946  0.39401715242954283  0.40305977188570280
  0.41228213463527680  0.42266319217505466  0.43395988533358454  0.44472511215385352
  0.45505663754792303  0.46586055198110088  0.47770124019644616  0.49006590390954230
  0.50228857720527831  0.51394389022956422  0.52523643459051428  0.53666542107655257
  0.54811552544069342  0.55915134636874919  0.56945211570857901  0.57940636402088463
  0.58903111138578423  0.59849763119507460  0.60810050817529193  0.61722198797047556
  0.62624824561695502  0.63484931775266351  0.64490951287586584  0.65467568477052707
  0.66461752941479557  0.67441031081483127  0.68358353587927789  0.69243931441324347
  0.70150699689273466  0.71130239684101937  0.72157909445262824  0.73157037180079565
  0.74101567974759786  0.75025142066559503  0.76021564702009703  0.77121751564261920
  0.78222711951937340  0.79311896015530814  0.80468275405797407  0.81720416899156745
  0.83025408427191916  0.84286437616985188  0.85577820202246313  0.86825171886646213
  0.88109361462628644  0.89224483915319475  0.90177637412608280  0.91101052745397804
  0.91997792369752263  0.92924923283702321  0.93893658334417829  0.94937476085385697
  0.96056975616606288  0.97284657810338049  0.98523980567086666  1.00000000000000000
  0.35197488704630830  0.53396736735037220  0.59801154987098426  0.62531003996788714
  0.64123345517253216  0.65236011986622378  0.66140717332250532  0.66921417833972652
  0.67551975764289263  0.68173356054513679  0.68752774287657603  0.69270189812258898
  0.69758762288581744  0.70240704711300150  0.70685661654855236  0.71087460295065452
  0.71477124995381824  0.71885196658992079  0.72312319622744836  0.72726457125980493
  0.73115549680383085  0.73496577698367205  0.73859889399892698  0.74203010803793978
  0.74544720592063396  0.74887861203656825  0.75252348464511210  0.75647456639476274
  0.76042148601810533  0.76454276819884570  0.76870550669438098  0.77295464066534902
  0.77709359715573090  0.78121148174655619  0.78530123265118468  0.78930066477911731
  0.79316211977158524  0.79689147141637329  0.80059357311079282  0.80420497350460429
  0.80775947413760185  0.81120891830958364  0.81445126835773629  0.81745312526304204
  0.82023865684997987  0.82290751668469708  0.82558961611634507  0.82832172521014957
  0.83134044944475494  0.83447591973587909  0.83761737867817532  0.84076402232105341
  0.84378420353565198  0.84655339542141328  0.84939583534374064  0.85230879739756182
  0.85543043606413949  0.85860710930766682  0.86174907360383068  0.86495610950507729
  0.86826694661627013  0.87142313725627984  0.87441724285936184  0.87747614215561665
  0.88065891065621593  0.88405661008558734  0.88738046316332797  0.89067371447159938
  0.89403313140072382  0.89728842131960229  0.90050188325096414  0.90372809278462507
  0.90690406021989978  0.91002978185062744  0.91289414326111518  0.91574657459117492
  0.91873675918122688  0.92205874307631608  0.92570499987837651  0.92912998681648096
  0.93231453233601003  0.93518586512846080  0.93806272534134716  0.94113836527105266
  0.94457126015561677  0.94775968241434116  0.95076164916170613  0.95385739343944154
  0.95746596652812088  0.96199245395488542  0.96699688462075151  0.97184543102506094
  0.97692386863172953  0.98286220892201159  0.99073114664108275  1.00000000000000000
 -0.01656422372257343  0.10166493902755619  0.13764026959675496  0.16023337683002473
  0.17913717518941522  0.19529161444492812  0.20996494217595238  0.22284643604973961
  0.23398047069446271  0.24394364920004444  0.25348436250421047  0.26259952232251477
  0.27183655204426843  0.28077627390804721  0.28963144331440599  0.29775812908605520
  0.30521038022890229  0.31278048913293982  0.32087926340416495  0.32897366557378621
  0.33718053683424587  0.34561404726904443  0.35402090142796422  0.36144045045750711
  0.36828714869748830  0.37423318882519968  0.37955238758105569  0.38478866946556028
  0.39021925667349289  0.39555419669981656  0.40056556145219863  0.40552342905323041
  0.41063345656448408  0.41616469738708339  0.42161766366571035  0.42696231944136442
  0.43215223672179542  0.43751404163326141  0.44271010963075808  0.44843363044719065
  0.45397688085448579  0.45992758009299495  0.46603381443122321  0.47198817535688303
  0.47800080117083016  0.48354432653756313  0.48873070822999126  0.49395449764439397
  0.49927492097931853  0.50476264631455559  0.51034323190430575  0.51581849549822112
  0.52119179277481975  0.52652593993335495  0.53171081409941867  0.53673387153698349
  0.54191586270311198  0.54745926641116482  0.55363009262397400  0.56014847528994871
  0.56652014399222028  0.57269894743750038  0.57887246897055034  0.58508734767166204
  0.59171495445175049  0.59872948802225201  0.60544804954856046  0.61142133542379007
  0.61742990343925641  0.62331401308956902  0.62972097586847720  0.63724021548635512
  0.64498621730670724  0.65236016083014059  0.65963815125159098  0.66707814223242057
  0.67440621578573645  0.68176760794421098  0.68954408514270316  0.69709932127329410
  0.70517348265266655  0.71346992453789859  0.72233031630126465  0.73103592277680551
  0.73933198311360449  0.74835596625284140  0.75805042154371427  0.76837586710804728
  0.77881660178619283  0.79034388137878830  0.80380996022923079  0.81968727760788151
  0.83784109366485726  0.86099074334425196  0.89896156505417624  1.00000000000000000
   6.0377799356051066E-008  -1.0000000000000000     
 T F T F F F F F F F F F F F F F F F F F F F F F F F F F F F F F F F F F F F F F F F F F F F F F T F T F F F F F T F F F F F F F
