  0.00004043915503881  0.00017353768312657  0.00024661253843431  0.00032532958076950
  0.00040816202516045  0.00048607283783176  0.00054276878970661  0.00060508427150890
  0.00067075686092634  0.00073741272430006  0.00081011250802078  0.00089693030497054
  0.00101406487552468  0.00111827090631845  0.00119575075683581  0.00125172209247534
  0.00131119471556863  0.00137926605414831  0.00144883914439399  0.00153409951376243
  0.00162155107211682  0.00171652332989835  0.00187325421546032  0.00206274655502100
  0.00224566680376115  0.00242776674548237  0.00262408301345256  0.00283322522448969
  0.00307812671238412  0.00330097995547613  0.00349400889439940  0.00369129061203203
  0.00388665098077056  0.00407957146390806  0.00430713008919440  0.00456231610213983
  0.00484884565160241  0.00511001845679964  0.00534071520642333  0.00558380234720346
  0.00586980318485681  0.00617184104832762  0.00644858269252866  0.00671586840024003
  0.00697330260072906  0.00727420619722161  0.00765204318267279  0.00811309083307690
  0.00861632166689430  0.00910510733687257  0.00959664335421853  0.01012953151910073
  0.01070963249047400  0.01149294721063384  0.01228054860511460  0.01310632930333800
  0.01397884993112186  0.01488740350823231  0.01591573065789971  0.01723135395152614
  0.01858254353824753  0.01999943316730837  0.02150653388305050  0.02303381667981733
  0.02429015085702601  0.02581071797283724  0.02767084608456196  0.02926592085810838
  0.03081679329943801  0.03245439641383897  0.03401358967318704  0.03569012854393854
  0.03739704836381460  0.03957384402840439  0.04136828130581722  0.04322184106032138
  0.04538287659124968  0.04913640753417166  0.05372266800744833  0.05716823121733667
  0.06007304280253646  0.06392581468469237  0.06901251396015939  0.07338241362910294
  0.07692644132522519  0.08340284374605719  0.09091698923075579  0.10068815725421286
  0.11143153144335854  0.12799329971756096  0.14765241907153748  0.17114090101172388
  0.20703087335001336  0.27469608467728879  0.41767423327414838  1.00000000000000000
  0.00005855454024823  0.00020248581492053  0.00030780766111742  0.00040744638042022
  0.00052627700126436  0.00064198249227603  0.00074565598865874  0.00082760658328879
  0.00089838811180933  0.00097631703543801  0.00106111040971709  0.00115892019662425
  0.00126444005860707  0.00137554764940351  0.00149871736218451  0.00162747427935901
  0.00175506314408261  0.00187693099630976  0.00198242552825675  0.00205800665662490
  0.00213815523753409  0.00224107392709872  0.00234127017610807  0.00243739479200278
  0.00258022648008807  0.00272110559305404  0.00281462665541958  0.00294097239475936
  0.00309493455361276  0.00323812306804525  0.00339341833480980  0.00360567195536291
  0.00382974768538069  0.00407838291994481  0.00434028880153538  0.00460565314039711
  0.00486707438820797  0.00511125710189174  0.00534180645277695  0.00557980060231025
  0.00584253978488379  0.00610394321107514  0.00635630360744129  0.00658737776499659
  0.00684316517970552  0.00712558071282530  0.00746887298653630  0.00778965308371957
  0.00808133900097288  0.00840739324524399  0.00876858871299317  0.00916690955125295
  0.00961510928528717  0.01009484767747978  0.01063498508193318  0.01124305432522318
  0.01191894418197771  0.01270208419971746  0.01349737008919552  0.01433594975905816
  0.01527054792123145  0.01626842567041602  0.01730175248509521  0.01832629759105646
  0.01927116507526129  0.02014526474553914  0.02107796918285118  0.02204745902899620
  0.02302855460075771  0.02408724801146119  0.02520343647439688  0.02629260667845582
  0.02752417573407941  0.02929009219214418  0.03141569993039235  0.03350806653274551
  0.03539240540615374  0.03743286563616541  0.03958798055248294  0.04213576661565317
  0.04547786184333976  0.04911713340442556  0.05449566376496246  0.06020392975242661
  0.06582627714365498  0.07167476088584350  0.07815094083723832  0.08584978440150509
  0.09489739244939169  0.10517043533487019  0.11959964968879690  0.14060850162620070
  0.17208279236491561  0.22276497589080663  0.33477690984077013  1.00000000000000000
 -0.01616106842667473  0.06072485083599578  0.08969487949758956  0.11254069306055850
  0.13478062024096338  0.14977003660056101  0.18318790992964368  0.24510802225012174
  0.35692738602534363  0.44135894144015181  0.49439413103873747  0.54586248564979012
  0.60189324063217575  0.64976970719539584  0.68636730721796879  0.71147674795198534
  0.73009040238612688  0.74713103525138835  0.75867395054025788  0.76938494719767991
  0.78086128176515657  0.79178720497428134  0.80164840298714701  0.81103685258681713
  0.81998331168404104  0.82859788640738652  0.83367579460621755  0.83867541862527917
  0.84422218417460926  0.84903012137407508  0.85465028902330142  0.86358917524319123
  0.87326254116058200  0.88206137345102931  0.89000668559299201  0.89650082418375510
  0.90364754823424864  0.91013468776901663  0.91570635798311273  0.92005812680661903
  0.92347144685452531  0.92731805546559587  0.93086274548102055  0.93424339784678989
  0.93755185258587193  0.94063777998001263  0.94365996787507866  0.94672696716940008
  0.94967784086390261  0.95230617143324092  0.95472244531702655  0.95706859817552004
  0.95924191189964558  0.96143793122265164  0.96360543845754121  0.96571621116157669
  0.96764878983215630  0.96934171605294384  0.97086159488040735  0.97228316315038776
  0.97362938185422965  0.97502410919617732  0.97642264492692754  0.97782595646447268
  0.97913223532836025  0.98029198409872675  0.98139867696501093  0.98248803084395331
  0.98355093210675282  0.98455806486231512  0.98549393634690940  0.98637383373280374
  0.98718294576829424  0.98791713507004975  0.98879023992294635  0.98965509598328572
  0.99044110561870025  0.99113575691474731  0.99179514763864474  0.99248838157578478
  0.99320877138967900  0.99391620193550345  0.99456194004770226  0.99513934018105665
  0.99565764679363244  0.99614874225838546  0.99660996540564795  0.99708314777931761
  0.99753885693119881  0.99792671205820849  0.99825992307248812  0.99862505428150772
  0.99898293974272523  0.99933278419935623  0.99967224725571502  1.00000000000000000
 -0.00466082154452170  0.01429568608225476  0.02895684585365199  0.04084410491328392
  0.05024261125751821  0.05915504986962423  0.06999516261998277  0.08328204541296313
  0.09565162777832009  0.10644226383227498  0.11949871135870271  0.13349295678722489
  0.14582084788622454  0.15589118123851933  0.16495809511938342  0.17363049733875191
  0.18222273227585065  0.19105732217671781  0.20025147441192126  0.21044783210290458
  0.22172135058020795  0.23381159207806970  0.24630727738116370  0.25832997545175390
  0.26946152113383692  0.28036982077947981  0.29128442461733173  0.30240966581217105
  0.31282497028617029  0.32192910702954103  0.32978342358091101  0.33888925610409826
  0.34872024825385911  0.35687721547886081  0.36457805797328929  0.37146742909546349
  0.37955384634657013  0.39171456532704557  0.40435909611355253  0.41622457489916248
  0.42669862478314607  0.43780944253609028  0.44464751909176320  0.45050549126215772
  0.45711625491622287  0.46364282776249471  0.47141759163683677  0.47886873752482650
  0.48593395088341867  0.49340859835191753  0.50102847623535485  0.51017373746377204
  0.52088845897284775  0.53309297181778248  0.54670921621999269  0.56108112934339394
  0.57393142628099780  0.58671865689129377  0.59657897644825630  0.60580798461167840
  0.61523989094000053  0.62548883269997102  0.63449157218105379  0.64329455783686895
  0.64907924148710694  0.65517964811108442  0.66194596770920899  0.66873089407484609
  0.67592585154905194  0.68298230454061026  0.69290875301985033  0.70526152057982705
  0.71963354719464501  0.73612635056871389  0.75158597841684549  0.76537662774594994
  0.77839667909965549  0.79081808669405496  0.80289021232456947  0.81480630442707258
  0.82655950474540318  0.83845779560558087  0.84991020851928412  0.86110859418905694
  0.87302183753551454  0.88311399558893400  0.89341064661950365  0.90525008042984334
  0.91776635175544030  0.92933626989132789  0.93995389078984803  0.95169224556582521
  0.96375218387037143  0.97566066563350373  0.98780711093751938  1.00000000000000000
 -0.00715325435824554  0.04144150990961722  0.11403126191936838  0.21468983307352513
  0.31146906256890888  0.40553783536800186  0.48875702952156624  0.55031040771232864
  0.58772848462626037  0.61179582666360144  0.64388410408568264  0.66973835693472084
  0.68587110258515960  0.70486426702070060  0.72115892067789644  0.73827956031684305
  0.75633112447000073  0.77378569621955950  0.79045370554473782  0.80183817780008337
  0.81163851744164883  0.82240548415488923  0.83059777240551669  0.83650194086384844
  0.84244500982393333  0.84960992722504414  0.85763079654764318  0.86647918523427347
  0.87526727512001556  0.88258029203812505  0.88900650968744988  0.89504094027046466
  0.90100893384588632  0.90786726865259926  0.91387724499797907  0.91918229230952708
  0.92400091289007269  0.92841637649095410  0.93261882753171721  0.93656585181845509
  0.93949706292975343  0.94183356397930074  0.94461453513935689  0.94720839635210352
  0.94952507727086699  0.95185237797848421  0.95410399200244356  0.95624746679335049
  0.95833521138903333  0.96068537757958106  0.96291487453820135  0.96511966662275150
  0.96732950549350671  0.96908295235204001  0.97068147944387106  0.97216554166697822
  0.97341196799360297  0.97455159786051815  0.97562743957297626  0.97667391163049000
  0.97774901235408440  0.97889172940693892  0.98003797014724203  0.98112558038759246
  0.98217705038048597  0.98321937013055760  0.98425880229027718  0.98527088725729695
  0.98627496841110385  0.98715993471252317  0.98799553475679480  0.98879060438228694
  0.98955516305733582  0.99033301493187120  0.99110975481316432  0.99185476095592695
  0.99258379260212293  0.99331453214202425  0.99389139111881186  0.99441843555751530
  0.99489584165301559  0.99535420642140293  0.99580784201699202  0.99624137851138850
  0.99665586196011802  0.99704511812843954  0.99738036117099149  0.99768190276447288
  0.99796505825105419  0.99825581531278651  0.99856760215971607  0.99888057565824717
  0.99917304119182915  0.99944737343860324  0.99972123586752559  1.00000000000000000
 -0.00291131821604166  0.01026497739460574  0.02412110911970504  0.03698902922906795
  0.04816610066732055  0.05980113840968132  0.07139276884975773  0.08193760520624403
  0.09254961326914606  0.10263725884906652  0.11118015737298893  0.11792294261294330
  0.12559436050648867  0.13634398221712918  0.14781683605859769  0.15742602419055232
  0.16723520140513853  0.17761745548776484  0.18799831139291603  0.19935557693150624
  0.21017550157523840  0.22131282482379913  0.23359062273771342  0.24581905049515090
  0.25716287937460458  0.26785493769771690  0.27714899680865607  0.28596200097824631
  0.29647652998975049  0.30749314133962469  0.31930729770087918  0.33085764294776687
  0.34051642612564614  0.34801646351246995  0.35583930977684064  0.36341796166126572
  0.37402209672954156  0.38568705456376884  0.39622253967109189  0.40647619400313756
  0.41653971110760712  0.42643347024733708  0.43621247249490425  0.44435050515961677
  0.45223600298102207  0.46096069628844394  0.46925193516811031  0.47920340604751738
  0.49089230325087030  0.49960789858212284  0.50653410552152522  0.51348637751709036
  0.52096271131517247  0.52884332094197783  0.53654890093410235  0.54441043865054084
  0.55459095044863516  0.56479208383310198  0.57392028419164509  0.58135602431908640
  0.58849628203710103  0.59785758522109989  0.60990869567565642  0.62376545071753564
  0.63881119359556371  0.65407584864608426  0.66883919460870889  0.68268870020765637
  0.69526105681523398  0.70695243571976496  0.71920025871868209  0.73082821266605191
  0.73984589691437330  0.74833788967508763  0.75773266144997764  0.76965851258600049
  0.78033595942679845  0.78793711899850127  0.79789945757354730  0.81128291274044551
  0.82598346293515812  0.84057542616439063  0.85375753018295497  0.86553678640067733
  0.87632245984631874  0.88671922659463331  0.89766320854298631  0.91008977989975681
  0.92282962798017276  0.93364711050962146  0.94426865716618635  0.95637231181664029
  0.96712067233250931  0.97747191400267308  0.98789920219351601  1.00000000000000000
 -0.00051447962130661  0.00108073826507586  0.00327940391339308  0.01864009961248617
  0.28854367859339020  0.84681617430963407  0.92780078008279054  0.94187499943016761
  0.94565355248885397  0.94893241993157507  0.95173806829457341  0.95463246113182698
  0.95881823762261442  0.96209871949117054  0.96445482542894023  0.96608794243714813
  0.96772747508185009  0.96978283627101758  0.97218064817277150  0.97447463784445199
  0.97709228772826551  0.97976110667427030  0.98190343141933145  0.98331372214119228
  0.98442608680900667  0.98543555049251019  0.98635834218658280  0.98718678560091044
  0.98795284049875842  0.98867001817192601  0.98931988032788787  0.98988412154412020
  0.99038170496988820  0.99082957431205920  0.99121737700691170  0.99153776266323557
  0.99182368111897234  0.99211973298065848  0.99240221786834959  0.99266403827914496
  0.99288975647841682  0.99308999364918349  0.99327569293001949  0.99345209869784623
  0.99362842538893903  0.99380028123995545  0.99396719496497865  0.99412924379371193
  0.99429833809601675  0.99446602256373384  0.99461901822849907  0.99475835618243102
  0.99489868161182793  0.99503701754181995  0.99517416942322645  0.99530983305293486
  0.99543326119370223  0.99555119643861822  0.99565898899735061  0.99576095487755578
  0.99586819307507479  0.99597202003558416  0.99607874705769317  0.99619116975684163
  0.99630898374086541  0.99643497918032309  0.99656396282413795  0.99669386821209449
  0.99681989429244555  0.99694715982294324  0.99704673090703655  0.99713488271393980
  0.99722079667203756  0.99730458965795243  0.99738739189240755  0.99748522748487922
  0.99759858634060805  0.99771386548408703  0.99783399404832884  0.99795660206096937
  0.99807713309803958  0.99819465379092454  0.99831154627321506  0.99842069850822723
  0.99853365827350349  0.99865177294090823  0.99877183004769898  0.99888978992047439
  0.99901090919797353  0.99912124468387276  0.99923044512280046  0.99933644931430965
  0.99946580731085799  0.99960917064599619  0.99978843100718695  1.00000000000000000
 -0.00573270291382398  0.01818157951901422  0.03696066105478971  0.05162053935877881
  0.06374914288477369  0.07442865272615329  0.08496291508781365  0.09490077258005773
  0.10372455433605944  0.11350628716268496  0.12355611253159202  0.13292462054300805
  0.14306929103965862  0.15351158596024070  0.16417044771589107  0.17624974466154988
  0.18874468686747481  0.20131708989138575  0.21388955788335112  0.22552773285009339
  0.23715895120572186  0.24814168630326483  0.25710333455891271  0.26570482990189886
  0.27510423691627200  0.28390752664769059  0.29240345762115821  0.30197733088708384
  0.31014998141821587  0.31939244938840661  0.32946314340254024  0.33995769468353321
  0.35075044488443868  0.36337463122994296  0.37521127988386244  0.38566263413281482
  0.39559101813975234  0.40593701767433488  0.41579222723414749  0.42428348005345279
  0.43323523416949616  0.44395744678745425  0.45636278010873976  0.46748195478173765
  0.47662392569867823  0.48498000822874643  0.49316622281349065  0.50138871885565595
  0.51118842151908128  0.52100063158393051  0.52662676357648497  0.53361489713744437
  0.54199680338643752  0.55058980777524014  0.55874779527842344  0.56611977412442560
  0.57241044081856352  0.58033745129950431  0.59052277385656216  0.60259616481004941
  0.61476662807652394  0.62791451605132909  0.63950429567812339  0.64943372960014278
  0.65683053919683054  0.66541796632312655  0.67434774582939472  0.68431989968863560
  0.69426471587515415  0.70236034948388537  0.71211175035218166  0.72132661644838991
  0.73145600179782178  0.74237481579128750  0.75164838027441971  0.76046799071929461
  0.76986959354576134  0.78044046417041202  0.79094909695344129  0.80040783639311519
  0.81011397352500902  0.81932087519142205  0.82874141339809670  0.83888663438181266
  0.85073409466148153  0.86441265058174688  0.87922966802594638  0.89528668628694852
  0.90995669775576105  0.92174294761543063  0.93261935987436673  0.94479588345556464
  0.95842150984669949  0.97385956789017880  0.98766576222197255  1.00000000000000000
   3.0496616056302782E-015  -1.0000000000000000     
 T T T F F F T T T F F F T T T F F F T T T F F F T T T F F F T T T F F F T T T F F F T T T F F F T T F F F F F F F F F F F T F F F F F F F F F F F T T F F F T T T F F F T T T F F F T T T F F F T T T F F F T T T F F F T T T F F F T T T F F F T T T F F F T T T F F F T T T F F F T T T F F F
