  0.00027293699969787  0.00038949706274682  0.00048529240122686  0.00057391076387954
  0.00066854181444629  0.00076210387205325  0.00085815707053203  0.00096886194191927
  0.00109389191038914  0.00122174768210406  0.00136621204156713  0.00153999080825708
  0.00172258814626639  0.00190035621413843  0.00208879900239750  0.00232062640656597
  0.00261884462926675  0.00294956425833795  0.00331471270754712  0.00368710165902184
  0.00405858404031703  0.00444778568138797  0.00484113909629338  0.00529404062305533
  0.00574093426054965  0.00621154560500479  0.00672451792448805  0.00720392372891819
  0.00781991480412299  0.00856052580330204  0.00933469389801011  0.01005547304973723
  0.01077974441102181  0.01151504325656847  0.01254724058079646  0.01378690499022865
  0.01505697892667610  0.01618941522640332  0.01730756529329359  0.01850573617591094
  0.01999796396392418  0.02175877621942121  0.02327371667964960  0.02462859534054471
  0.02588896969069962  0.02714183847817433  0.02847612801859776  0.02989803061569444
  0.03137460125847294  0.03301336886719029  0.03469156262996190  0.03651416386109277
  0.03859433496967245  0.04148081621117834  0.04509790838363623  0.04851128066398240
  0.05172971201576376  0.05500373868351845  0.05893996235685159  0.06322322022901751
  0.06927368711993215  0.07657327440611986  0.08417857876133980  0.09158363374896482
  0.09783501667214450  0.10329404687872755  0.10991742608430669  0.11640459998818511
  0.12318277806911482  0.13280642648581836  0.14214057521411333  0.15098912584339802
  0.15867920378478745  0.16951055553071043  0.18358541557421007  0.19982694686798008
  0.21836752176477064  0.23993602132077241  0.26126781905470070  0.28423816060373996
  0.30638149653464303  0.32558073031928370  0.34583022926100088  0.36578013787023161
  0.38743287858871828  0.41081042633724768  0.43529431880430003  0.46274359376156982
  0.50241877127902057  0.54614187031698713  0.59294815708240045  0.64023263694281984
  0.68694734933701629  0.73635898250025555  0.80424172082789436  1.00000000000000000
  0.02460151180688376  0.03430628508976770  0.04307491978467057  0.05196521353508878
  0.06450715142864771  0.07503375363744683  0.08409595791157912  0.09264021512071836
  0.10111850000288065  0.11315291141635159  0.12792006811406165  0.14443483000096627
  0.16095911011841796  0.17606593016611799  0.18918240122324750  0.20060503089680778
  0.21254915005968583  0.22292757854782880  0.23432382681602920  0.24677596388549139
  0.25970020453116427  0.27133854187320178  0.28222853774262635  0.29209085528695733
  0.30222757892244484  0.31321316052802123  0.32499977408206698  0.33799215999616827
  0.35074748192577443  0.36167040518207044  0.37147885026625155  0.38155814060258808
  0.39267921372150727  0.40348497431702446  0.41414783647207187  0.42588050814167977
  0.43873389869505208  0.45173360803140838  0.46407031795058412  0.47580122118734708
  0.48803674080947124  0.49989684790015293  0.51190030790236618  0.52379903822246654
  0.53533152086924918  0.54640545564118159  0.55783842419927421  0.56886654888910759
  0.58007910526515716  0.59177819584774471  0.60328559098400414  0.61454149542622305
  0.62687019160724944  0.64021898163226221  0.64906069969203128  0.65318322248507910
  0.65768305225855095  0.66313437613054504  0.66959580712790745  0.67629694214826575
  0.68304501883515434  0.68904206346824148  0.69572025806968807  0.70331674212962225
  0.71397365052613915  0.72487778748227827  0.73420321673127675  0.74346680557099731
  0.75277624600851367  0.76147083583341846  0.76923514675874438  0.77661850948033184
  0.78230514022448439  0.78734887828215228  0.79309922274079236  0.80060392893443333
  0.81055056962431271  0.82065604177762386  0.82985945983544573  0.84099511590595610
  0.85142614175164189  0.86041912311602198  0.86913631493422006  0.87844137952507417
  0.88855342256047953  0.89832049461792185  0.90796716307455450  0.91661397844489323
  0.92414632480797565  0.93371958422937862  0.94291660684753076  0.95021178400384643
  0.95694820330272989  0.96372770529505003  0.97104422602770712  1.00000000000000000
 -0.00016257716140322  0.00013086775484096  0.00042983934185981  0.00116558736457493
  0.00197892397272287  0.00305992586724314  0.00451914018774815  0.00635783620657145
  0.00842278893039947  0.01073396892760229  0.01330557007935786  0.01618084212438145
  0.02052537208091212  0.02730821038973416  0.03668884757090544  0.04779575530553688
  0.05993632853859635  0.07303593154313096  0.08771863026283297  0.10395097451687986
  0.12091782833371573  0.14165478252732577  0.16793691470686589  0.20276468246614210
  0.24331846052920608  0.28284635779924278  0.31848648275976837  0.35238104867563752
  0.39174540227628646  0.43267120009588139  0.47276808116355595  0.51315141334731129
  0.54810566671411620  0.57689699080797852  0.60312225062784197  0.63051251973550848
  0.65732556430617872  0.68011106463997228  0.70611701450783193  0.73151235020443406
  0.75277562022775535  0.77256405421300756  0.79148592447371624  0.80810953861986101
  0.82233145234514993  0.83544482589396529  0.84770236496574547  0.86015675258170488
  0.87130888712037380  0.88146885226804261  0.89149719390898063  0.90122488732775952
  0.91040508193699543  0.91828478314967232  0.92489185360838522  0.93107845835398662
  0.93687742057314760  0.94216729910479657  0.94736535027732982  0.95225912830179460
  0.95657434146452891  0.95985610878362304  0.96227692059998271  0.96468079285482344
  0.96722583311599231  0.96953401213462742  0.97169082870993395  0.97388899603255530
  0.97613359117424925  0.97830590748653867  0.98021870485251161  0.98202116486345059
  0.98366676132210429  0.98499920633271154  0.98623331478010245  0.98741907973055720
  0.98853236228524710  0.98963312779340729  0.99064342574282538  0.99158245697630587
  0.99245482078996039  0.99333306262719290  0.99414434209020430  0.99484933211331883
  0.99548024406047531  0.99601651894630971  0.99647034513636346  0.99693712542796986
  0.99744000324702720  0.99794640164121151  0.99841534040985491  0.99882528027987427
  0.99915681639708698  0.99946245754447549  0.99973138695077224  1.00000000000000000
 -0.00295284336297282  0.01243114650811919  0.02500222982340168  0.03670261791311584
  0.04569965719821954  0.05456801738642555  0.06524422153273786  0.07903353961243516
  0.09457365453838018  0.10950243314656752  0.12225595019495401  0.13296154733030741
  0.14258952274051168  0.15144003817413040  0.15991934835831589  0.16807784250904262
  0.17743814043183134  0.18840473706581537  0.19885839568085767  0.20877987469751857
  0.21847895753488047  0.22813450003110700  0.24017233633816748  0.25372563574371571
  0.26563492349730594  0.27641559458606169  0.28767769324442777  0.29950139454418140
  0.31058747696033717  0.31924257540384715  0.32910052444104804  0.33918532497504489
  0.34979647526992835  0.36155640697485658  0.37170033951229869  0.37859292253640531
  0.38533214566388796  0.39345915722877423  0.40049735252746416  0.40709717271669893
  0.41342443282147517  0.41956768672475442  0.42582817385616401  0.43377395996300583
  0.44066437960177374  0.44713996621178159  0.45384912244901204  0.46194716452822726
  0.47045429165637659  0.48010309247304012  0.49596357889242815  0.50607816109252979
  0.51477894827353099  0.52343196777716239  0.53216177311375401  0.54108232585317817
  0.55033418936407541  0.56123144778122236  0.57315681115053418  0.58583162102566821
  0.59826804222947705  0.60889531631126714  0.62028154177434291  0.62912112508633489
  0.63831855063773235  0.64839480999374211  0.65947846532586363  0.67095457822161586
  0.68022341477791060  0.68960457734237302  0.69958049093837493  0.70897809700222580
  0.72020123321619245  0.73550234194264907  0.75005481224905268  0.76365235839962475
  0.77624789632568703  0.78760605663093708  0.79806633678101957  0.80824279790160880
  0.81927016451476564  0.82945186438390806  0.84298096787283727  0.85520541944789419
  0.86869632701549671  0.88179371696698405  0.89446764990516636  0.90655488996310052
  0.91804077753194047  0.92864955638409663  0.93901126000168911  0.95013823377808881
  0.96281881789229617  0.97616398208546296  0.98881215219014529  1.00000000000000000
 -0.01445568439268838  0.07984026878857914  0.14243376741016639  0.18839303047248226
  0.22025003955002054  0.24638421270960711  0.27011593401992828  0.29047197466834912
  0.30789797736865859  0.32367835863289945  0.34165367607820724  0.35939355148297958
  0.37250879918752106  0.38043771430231316  0.39030879434110499  0.39852028551902341
  0.40636921122727165  0.41556546757096091  0.42352360822131807  0.42938537467407500
  0.43573072902783588  0.44512651976652717  0.45866581311528642  0.47342672789043566
  0.48654207217468143  0.49807815047090243  0.50796740957595998  0.51578567789411101
  0.52527597656361202  0.53450606693428904  0.54324409896999026  0.55223498042623498
  0.56066648365622385  0.56797622388607394  0.57529307350840087  0.58302455661115016
  0.59049924930362507  0.59854348603481966  0.60670249200843784  0.61522189413207296
  0.62424959832331650  0.63399962213257666  0.64473394977393295  0.65414863506370180
  0.66256947293123913  0.67010062692566819  0.67674292185595830  0.68334044260808968
  0.69028220957045272  0.69640549700743259  0.70174187088017292  0.70687772028856344
  0.71256857972554510  0.71845478552396047  0.72316805722915034  0.72763315706585563
  0.73184493869941891  0.73607173191072595  0.74077140940326514  0.74739395781605633
  0.75509235400179608  0.76206024626636182  0.76822229165746925  0.77395056720645894
  0.77970323059756896  0.78605243829754445  0.79263193876403137  0.79974428291890853
  0.80671148661418268  0.81377949882227096  0.82038543456685087  0.82647971360198802
  0.83315116379214949  0.84116191320752465  0.84979567224200792  0.85757609491692310
  0.86457254069404443  0.87169923333948995  0.87908078428724790  0.88614206623126701
  0.89269674692588297  0.89898073958290758  0.90526080209764903  0.91092987806052239
  0.91641758741559831  0.92177108431934729  0.92719589587680318  0.93317094774984866
  0.94010190628509926  0.94682301519549927  0.95339523007838112  0.96030539807632576
  0.96755936556631639  0.97548789295735516  0.98755552990852757  1.00000000000000000
 -0.00341054949160552  0.01134687953519112  0.02203153169518521  0.03207195647067383
  0.04176312166113250  0.05050016479594800  0.05893869596625732  0.06616814267364077
  0.07268019826559044  0.07844335196214730  0.08494766943310474  0.09243088615823852
  0.10033811334716568  0.10953819925233013  0.12034329308726960  0.13076790464994481
  0.14164757621006621  0.15135987746828561  0.16155148096431227  0.17305158103631993
  0.18563897224465711  0.19815965182302139  0.21046681936935016  0.22352103166987500
  0.23638018908275943  0.25003682835457519  0.26379478287364844  0.27762812529097286
  0.29227503257511867  0.30707433136094087  0.32258788420275503  0.33508002133109216
  0.34730585644453776  0.35847195280084698  0.36979531642165703  0.37841981938587543
  0.38648267607811382  0.39259756491699621  0.39609896428584640  0.39981890118817159
  0.40374847085740950  0.40823115474580995  0.41288444546907493  0.41717993048839475
  0.42226461336179461  0.42785750894253366  0.43492934852849424  0.44552330155139869
  0.45941644639507917  0.47370121821182359  0.48642797258176468  0.49886490954662654
  0.51075262330121063  0.52228220606965214  0.53368601946494465  0.54554830347912819
  0.55761321500832151  0.57081347801838489  0.58178690019221935  0.59145730614277758
  0.60129988703795823  0.61099103197810178  0.62057133812477872  0.63375060722368037
  0.64490983752662290  0.65536445256325826  0.66460997161265578  0.67299048187264143
  0.68327761572079748  0.69533536773559312  0.70830486076213917  0.72068972795395736
  0.73301492459017181  0.74700857133566534  0.76101919480247893  0.77263903779025445
  0.78205470968362267  0.79306664494694468  0.80531660493630042  0.81652023915947280
  0.82638838309984219  0.83591112364791287  0.84767378964320705  0.86182074488752003
  0.87356074718577292  0.88228557080696046  0.89032627380819651  0.89838450037001882
  0.90754901420995138  0.91894937034686563  0.93274381502245218  0.94498410141743505
  0.95737864497641390  0.96941523983381195  0.98389458008376718  1.00000000000000000
 -0.00016161175103621  0.00088765136426542  0.00205138179382750  0.00366649607166417
  0.00572684112821516  0.00764794237318360  0.00925891486430807  0.01061187118514586
  0.01184160435224553  0.01299892240607367  0.01421210403816615  0.01571609024050121
  0.28156361817771169  0.98238656886762454  0.98411418364880288  0.98501262650952515
  0.98623510767472033  0.98754727441864198  0.98861129143523219  0.98966716128173071
  0.99035153838691226  0.99089975522777651  0.99142878152979086  0.99181741287469993
  0.99229364436763223  0.99272674995913845  0.99310574041339061  0.99344645746922366
  0.99371219441248493  0.99393481648531934  0.99414594249632837  0.99435830434159000
  0.99456947337774260  0.99477426559265292  0.99496949052431660  0.99515642484231914
  0.99534340177070801  0.99553439508703345  0.99571739370723600  0.99590030976606592
  0.99608374782298725  0.99625428782503789  0.99641667541922352  0.99657245878210921
  0.99671802559396161  0.99686296291798682  0.99700462705266180  0.99714951977271660
  0.99729550483876861  0.99743157045301079  0.99755292858593592  0.99766309254401064
  0.99777024737092146  0.99787893402187655  0.99798333889894508  0.99807599458227825
  0.99816028494666520  0.99824036647411596  0.99831928576086348  0.99839912701587619
  0.99848040650186598  0.99856193514810210  0.99863893019635286  0.99871299504103939
  0.99878595033390249  0.99885768026815958  0.99892874596084935  0.99899960435398916
  0.99906847296193557  0.99913354196906601  0.99919733863428095  0.99925692972986380
  0.99931259075164647  0.99936473337882181  0.99941099253497023  0.99945466376998016
  0.99949481821645514  0.99953320674429147  0.99957069997387393  0.99960849330391643
  0.99964466199871771  0.99967632627954084  0.99970724274709410  0.99973737546468755
  0.99976375545142482  0.99978824484398920  0.99981387633028940  0.99983989635364645
  0.99986578273353666  0.99989000739854372  0.99991164908881935  0.99993137019635403
  0.99994960808141498  0.99996712476897687  0.99998356238448849  1.00000000000000000
 -0.00184916304315773  0.00767894807497710  0.01801392284405343  0.02827649284489713
  0.03904266766801785  0.04752898402926896  0.05566647182557302  0.06369804890471756
  0.07326277521262371  0.08415608573038216  0.09656883844610319  0.10718678808483624
  0.11662241524879757  0.12718975801994772  0.13956696499707069  0.15244042147466605
  0.16257133174616692  0.17213308098438129  0.18281015827713604  0.19221928058785551
  0.20230670636265011  0.21290758457369743  0.22447290320413893  0.23924788799017827
  0.25509001470334369  0.26937811321806332  0.28105809585353869  0.29194922690067532
  0.30280452057477453  0.31409483959846340  0.32719595242674915  0.34133462038506152
  0.35241723270100839  0.36020971835379478  0.36696592103380110  0.37381927248354019
  0.38117755704826967  0.38925450072419754  0.39962529148331077  0.41094074230232269
  0.42214905605506026  0.43246183885827139  0.44141847750310798  0.44920646542875814
  0.45822074625169174  0.46830117895037288  0.47948883396258229  0.49050260047555910
  0.50167298927636816  0.51248289379043621  0.52172160392611233  0.52998470121422303
  0.53768925476849971  0.54786648891154111  0.55605267216151610  0.56331218358992785
  0.57006089059038656  0.57705383802325583  0.58534054328262108  0.59594714887185174
  0.60845654343970978  0.62052513277485033  0.63301813621944114  0.64496247348407620
  0.65748550804961992  0.66930403872580668  0.68170728968905114  0.69216797930099871
  0.70281851042656962  0.71429622713736318  0.72579352343675985  0.73653670119048853
  0.74669332332228444  0.75717928400642975  0.76830048034539500  0.77965593219052642
  0.79170672166522427  0.80360203059227686  0.81575515971737766  0.82744212945308893
  0.83710883156590576  0.84577513090249734  0.85458686024479724  0.86239122762748122
  0.86982296919416746  0.87775546208359112  0.88589776053510327  0.89273937874821285
  0.90096603965379252  0.91373209453779969  0.93005512878692465  0.94558902707685311
  0.95935061490867746  0.97229446763194782  0.98613017126047664  1.00000000000000000
   3.1238239201538225E-010  -1.0000000000000000     
 T T T F F F T T T F F F T T T F F F F T T F F F T T T F F F T T T F F F T T T F F F T T T F F F T T F F F F F T F F F F F T F F F F F T F F F F T T T F F F T T T F F F T T T F F F T T T F F F T T T F F F T T T F F F T T T F F F T T T F F F T T T F F F T T T F F F T T T F F F T T T F F F
