  0.00004807382476678  0.00029255232240351  0.00067297950838559  0.00091074513095208
  0.00101897126979095  0.00110081880694743  0.00125283439843659  0.00184196522369842
  0.00228308692981487  0.00262206174831965  0.00288315387973104  0.00310554600956262
  0.00329855112249288  0.00354116133589198  0.00385384133223386  0.00428265127830146
  0.00484864435221933  0.00533985410625599  0.00563261361509751  0.00580961213544326
  0.00598942244390071  0.00619024292839420  0.00647569909240088  0.00676399749675314
  0.00704877854926555  0.00731772170915389  0.00787084239003806  0.00844421242575279
  0.00901295709202931  0.00955546077430443  0.01006828318263487  0.01078710568483511
  0.01156976526174831  0.01306223993611506  0.01525783843470591  0.01795364635804407
  0.02013956043502879  0.02240547741366511  0.02481890890404166  0.02687234781930891
  0.02876505383272790  0.03005091657201828  0.03128568208031607  0.03254153887648149
  0.03382516762734043  0.03516050749306089  0.03700580257411767  0.03927423442507440
  0.04197965204781003  0.04470909919937334  0.04746437592612106  0.05114083032787902
  0.05531307161901945  0.06063121695869872  0.06594936229837799  0.07627682342144324
  0.08698241354979364  0.09828171273054606  0.11063917193891949  0.12530253711495504
  0.14066105119943637  0.15795053843490434  0.17021636489257949  0.17806214379132199
  0.18607535258067981  0.19534973711454012  0.20570410346013926  0.21755029280166691
  0.22504019539593387  0.22965569278418471  0.23531806094121360  0.24278796050612442
  0.25063304816754245  0.25844363765361744  0.26900444186660644  0.27848137591388716
  0.28706523686942820  0.29535994585988823  0.30365444295377730  0.31066357552209067
  0.32013574704376407  0.33108434415862603  0.34061782798273427  0.34772002005910813
  0.35527756876368533  0.36376740493030074  0.37468513001907794  0.38400170205952688
  0.39510071029910449  0.41460539775096183  0.48913515639546856  0.54867535464777040
  0.60387542758339807  0.65695004226774523  0.73456237164543747  1.00000000000000000
  0.00006383816024107  0.00026258696586478  0.00042445225933371  0.00054403415917126
  0.00069349108601852  0.00091729382017467  0.00118372694576182  0.00176861668087681
  0.00220469943049499  0.00278976637729559  0.00364488336198922  0.00442369655345282
  0.00476276558788342  0.00512275733643515  0.00550120750447581  0.00593137300340825
  0.00654938840955466  0.00697628533858757  0.00734449493440197  0.00758591841481133
  0.00783158045418408  0.00821048454906050  0.00880964121905979  0.00930524587669170
  0.00980926145017259  0.01024516196547360  0.01046920272381797  0.01066304933080589
  0.01078550233599119  0.01103127518579411  0.01135552410877487  0.01152156177079031
  0.01172983330976752  0.01193242982402304  0.01219607115019589  0.01246339099492313
  0.01282985958744213  0.01311050252390334  0.01355222460475638  0.01400337142116845
  0.01436398635462918  0.01477364420842939  0.01513983179366927  0.01540264440284779
  0.01565757072441008  0.01598602438593206  0.01716009130035942  0.01828244949748567
  0.01953085888876449  0.02131024481445700  0.02382806458787160  0.02869346048317631
  0.03342034938556931  0.03699500667979837  0.04021328432509215  0.04338945916246673
  0.04667175035272022  0.05067511166702363  0.05512278496359845  0.06012527382664795
  0.06407107632317598  0.06779808562448443  0.07136347320304642  0.07480139287845138
  0.07905786529247365  0.08331632899279592  0.08784966094699449  0.09327957007406810
  0.10356714457231155  0.12492552939038465  0.14747573799214650  0.16182589494108313
  0.17200855228461182  0.18111578566497974  0.19054333638882986  0.20229883522634662
  0.21604805184178408  0.22676669126808036  0.23446619205709179  0.25128787379295181
  0.27266732363274859  0.30043797368087799  0.33722357564990801  0.36568034774542585
  0.39229732730855105  0.41727904535033200  0.44303693802135530  0.47320633430542869
  0.50244241798007916  0.53435368428823804  0.57560936166973242  0.61863431922035961
  0.67405620967957225  0.74605728503429880  0.83188113292816701  1.00000000000000000
 -0.00012966552027102  0.00019188316329666  0.00049991130542092  0.00081712269582301
  0.00112961845467193  0.00125417806795834  0.00138340820024265  0.00152305697593914
  0.00165005207975031  0.00177327197111547  0.00189402842769123  0.00201859006064158
  0.00215391429270494  0.00231930237735796  0.00251374948285458  0.00273288143957677
  0.00294458975680427  0.00312905009860169  0.00329752674569563  0.00347330757642548
  0.00366248343469050  0.00387906716618740  0.00411583754363621  0.00430407419257551
  0.00468317664789918  0.00509555671655317  0.00552392286462495  0.00596043143220524
  0.00636459321586347  0.00674818237872280  0.00717489594483425  0.00759268364488158
  0.00801152628470015  0.00846031851981015  0.00902490880502644  0.00966017545567142
  0.01021083721697727  0.01085784862058570  0.01163598362964475  0.01244726714836581
  0.01330002345526951  0.01434657822872776  0.01536106769820233  0.01648199725504237
  0.01738916979356893  0.01789935775733220  0.01836951889078685  0.01888601372332210
  0.01944725985621843  0.01994478025011440  0.02042683552341883  0.02115273128944257
  0.02242122988447677  0.02372626784782454  0.02497486996918072  0.02626761792865113
  0.02755645433885702  0.02836154208843611  0.02906556952324556  0.02975819686231318
  0.03057175395817380  0.03150072647968177  0.03239278532685801  0.03342190703591617
  0.03520996242766043  0.03736088835987968  0.03921420454494010  0.04091149512009351
  0.04396288340124502  0.04823735621550301  0.05287894909332901  0.05696104523738581
  0.06112835506285028  0.06538764153890626  0.06977903501461757  0.07493972500331719
  0.08190437466587937  0.09267660565203054  0.10529181433657686  0.11970443913474423
  0.13436248900409928  0.15133609566939063  0.16745006181296351  0.18260732128009038
  0.20229604586975242  0.22519574401890302  0.24628825059494056  0.29385672956834519
  0.35782716869433157  0.43605025760561728  0.49522952700802275  0.61740003476591276
  0.74338007882163415  0.82330603759986976  0.90251956103314013  1.00000000000000000
 -0.00409702448910344  0.02384697181824913  0.04483288839178330  0.06421237083409197
  0.08094022348894502  0.09783613881376318  0.11426346818892849  0.13036531679505822
  0.14516903403906406  0.15562964918554517  0.16475265411988471  0.17313081396336044
  0.18015107610292769  0.18721886989280156  0.19423973375190060  0.20106759445493005
  0.20719568965533455  0.21126396666381453  0.21537769413234245  0.22014738335504141
  0.22494050598896642  0.22932028618193478  0.23419852285960960  0.23785969362186046
  0.24113429818549842  0.24790155180497625  0.25868723021983869  0.27550216722305187
  0.29125462270311114  0.30592601356864835  0.32152165619041162  0.33736155046465388
  0.34927843163743139  0.36256031399600436  0.37698993941648928  0.38847470959786551
  0.40395360774987371  0.41976525233423828  0.43532069071331042  0.44462410712308009
  0.45323271342368876  0.46077419286058746  0.46661867938879170  0.47307161595178732
  0.48288385017367053  0.49434423063230326  0.50868830792313269  0.52885498265397424
  0.54282889645018062  0.54625144417649818  0.54996351734660431  0.55453775401930072
  0.55903180881223480  0.56270318269390041  0.56620684872586957  0.57155651316588918
  0.57604638247943474  0.57926624250112468  0.58177559350641472  0.58594185663565534
  0.59078530468174306  0.59478525933134874  0.59873273607060962  0.60240071784385840
  0.61337473125564179  0.62643923567103776  0.63992358439410746  0.65113428814334995
  0.66323485731575271  0.67734865516333320  0.69605650787572215  0.71147579387606208
  0.72587391726478279  0.74251454272857187  0.76290962516082894  0.77581814285455797
  0.78366345004391325  0.79041953648733099  0.79631916492588339  0.80205447932443230
  0.80826841053675447  0.81437972445739426  0.83136864184647064  0.84684641089369739
  0.85938583378700040  0.86662265211718770  0.87296039149203730  0.88112408032868239
  0.89122981207763330  0.90467153950267509  0.91761261749565171  0.93098336195574016
  0.94434497735448097  0.95860248257186198  0.97685292539756896  1.00000000000000000
 -0.00415710114505678  0.12622147873367123  0.26387558290054836  0.43980804451706029
  0.56854615996150948  0.63963105029342804  0.71424793815985432  0.76101405053248838
  0.78389991357730127  0.80032723211888435  0.81622812376469756  0.83274935050778842
  0.84619623415433298  0.85642029759724503  0.86379154759560461  0.87782265859653097
  0.88955592806461470  0.89805464268597268  0.90331078104938756  0.90750196043595188
  0.91225195423667382  0.91884979840980519  0.92775340310628296  0.93611736422959468
  0.93950876015799434  0.94108586563441787  0.94361828749654386  0.94565193627180377
  0.94769844464966480  0.94972681676100856  0.95121887049833020  0.95275233599449660
  0.95454435559531547  0.95663786832593589  0.95882943578966928  0.96159952458431308
  0.96390871869105244  0.96553229026643539  0.96714224330743515  0.96877089491921042
  0.97031253347515334  0.97185535205248319  0.97340250689236829  0.97487315929774543
  0.97653237891830236  0.97808141150289762  0.97899462590762731  0.97972049151998031
  0.98038936837850887  0.98103459791390302  0.98181170978572652  0.98287199470839581
  0.98364190045206257  0.98449847169086746  0.98528903320488603  0.98618594348474198
  0.98723767088283387  0.98828530108073753  0.98911932169103101  0.98977221214996347
  0.99034170089859419  0.99094326637632191  0.99159811460659519  0.99240379328973771
  0.99314913967065022  0.99371206105034537  0.99421168308855890  0.99467241921778460
  0.99504220975736546  0.99533869300778832  0.99557714220941240  0.99580670584667552
  0.99603155091595685  0.99625184490802055  0.99648235653991291  0.99672411752450407
  0.99698913818089052  0.99724896606152813  0.99745724657123913  0.99761194725320823
  0.99774554380860214  0.99787381001057229  0.99800872888226655  0.99817351963572409
  0.99833203674687399  0.99847436113931232  0.99860831421560392  0.99874375582877828
  0.99888452801235683  0.99903942281612612  0.99920473796872156  0.99936370474503011
  0.99952365595955495  0.99968378301637661  0.99984223896213398  1.00000000000000000
 -0.00400272825711277  0.01322853564915311  0.02693703293720180  0.03967586977413919
  0.05207044113319829  0.06472987345496693  0.07835830848104540  0.09449433677804953
  0.11186086941670360  0.12807095169626159  0.14390493069608473  0.16406543634508886
  0.18412463454076611  0.20115587300388887  0.22272510611158242  0.24366392554893171
  0.26595041354441412  0.28680091714899264  0.30660229299487440  0.32545510937592864
  0.33997592813241745  0.35355297018698617  0.36565513881886114  0.37758428041662984
  0.39012659946426775  0.40186242066614419  0.41276510229833685  0.42907346371196947
  0.44432528227149848  0.46258396870924545  0.47545003965005112  0.48653419119849217
  0.49611487912655711  0.50190339020945229  0.50633868510136870  0.51075745247140925
  0.51574157990278269  0.51941296327486763  0.52345673277653382  0.52779100336579943
  0.53135997879377039  0.53361934694780055  0.53523465168151108  0.53728867975162886
  0.53972019501146085  0.54305752509981020  0.54580118387380128  0.54924461158935411
  0.55271596162557213  0.55545568982367566  0.55781683641839674  0.56010260827766956
  0.56354364291405423  0.56894350286781015  0.57779545212615913  0.58520246450128088
  0.59502758541891221  0.60789184441618993  0.61973133628627197  0.63841853734260512
  0.64405285499260756  0.65017858564192610  0.65769666498916535  0.66455802250473206
  0.67049055570183214  0.67593739046405854  0.68143399007442651  0.68989740507749953
  0.70735027690985119  0.72328514598703875  0.74174778479844838  0.76197034896972216
  0.78076048474851922  0.79437104689632931  0.80275622095174759  0.81339275433177038
  0.82087100054970330  0.82702815252877371  0.83169923319676797  0.83615173280861421
  0.84087586881556375  0.84610008607817588  0.85267354194336697  0.86013450782005874
  0.87093252447411917  0.87907138335002011  0.88640367729338398  0.89532905596889967
  0.91099145225836853  0.92958270763944573  0.94400770235478004  0.95407594465262124
  0.96386382687940331  0.97529451890384256  0.98709299113677207  1.00000000000000000
 -0.00481554623543121  0.04892011219490629  0.11048828310312120  0.27088593761918134
  0.35181179810240937  0.40126750871731948  0.42876815433138682  0.45877754553233896
  0.48438271200915461  0.55597409194789327  0.58935878990833068  0.66371529397177731
  0.71360287982917769  0.77764196025872634  0.80103453394402069  0.81501835479448947
  0.82487985167652933  0.83394136655247753  0.85211369734303244  0.87012585362460482
  0.88736209396328602  0.90367715972669560  0.91590784909332912  0.92884929318191889
  0.93895963623114498  0.94810970302006414  0.95609558876052769  0.95991905388502796
  0.96094794599587008  0.96177642797538399  0.96260995781657732  0.96363541309137224
  0.96474177737006617  0.96629716364775120  0.96873698201936631  0.97099955917535885
  0.97300354725618954  0.97452274955493012  0.97578415350761005  0.97705234805115160
  0.97826077885551399  0.97931723487138456  0.98090917831641455  0.98227890684158736
  0.98312123611642821  0.98372274458165254  0.98419098269989624  0.98466640668607275
  0.98522429449402071  0.98569768376513145  0.98608518782368249  0.98647186738738635
  0.98685823425433239  0.98727191394374303  0.98767787342258795  0.98810677398471092
  0.98867333520618783  0.98920695804752545  0.98974642191456164  0.99031130737055928
  0.99090402951159839  0.99142651675771465  0.99197504091791711  0.99244638855174472
  0.99286802412540287  0.99328969621721874  0.99369201722057876  0.99407859753134931
  0.99442154291563989  0.99478404853692137  0.99510376541915802  0.99535568219899273
  0.99560247514302891  0.99584585973134976  0.99608865181629491  0.99633088386930235
  0.99660258302341198  0.99691726677703862  0.99716081768672504  0.99735187863291364
  0.99750978435475479  0.99766626572631967  0.99782208184441668  0.99797355414457023
  0.99812420169628402  0.99832665746120341  0.99852472272052673  0.99871807670539370
  0.99892335963887069  0.99909831856606623  0.99926041054307380  0.99940557369419558
  0.99955104198421829  0.99969679526912170  0.99984743914051188  1.00000000000000000
 -0.00479781332207229  0.01859440352714500  0.03899724744369408  0.06414137017186357
  0.08614449248899363  0.09134413245695969  0.09555224447890713  0.09921094973859433
  0.10473146230663108  0.10920390880458083  0.11370628433088975  0.11843848315476471
  0.12246403559363307  0.12692154882402554  0.13192881389875855  0.13810733990212670
  0.14380679088162668  0.14841851397714637  0.15480150296839892  0.16334470727183037
  0.17314919336457207  0.18543211008249788  0.20041349770926198  0.21494387569567258
  0.22976179725989784  0.24679720401476854  0.26483145362692684  0.28367082626819379
  0.30216304108909009  0.31855898020772688  0.33065563778598978  0.33764225254872704
  0.34823704283908896  0.35541661982164136  0.36183256390900442  0.36772997645402850
  0.37341263582182332  0.37873483604597596  0.38397154614459350  0.38939340370154407
  0.39601879019880665  0.40155429360379724  0.40648463893360670  0.41079830373395076
  0.41516398497609519  0.42017317793135162  0.42578811853194776  0.43265752607859559
  0.44719228108835979  0.46282391895334279  0.47842582525657085  0.49471746773352976
  0.50995349027743186  0.52233438246664110  0.53357671708635568  0.54517801073832650
  0.55682640334145705  0.56854059699043480  0.58397112387892791  0.60340787290471753
  0.61806652829644737  0.62892327841127049  0.63771696356979224  0.64540842350635053
  0.65335839566951481  0.66231521297886509  0.67421303919865005  0.68319611276517822
  0.68992332192461747  0.69765795356820981  0.70567500442956299  0.71383637951834722
  0.72621518256782402  0.74271185198013434  0.76048841145145951  0.77677434140558221
  0.79295503041037718  0.81191852100542006  0.84127965354342449  0.86168521724912861
  0.87447948802677111  0.88229390857413437  0.88818112239913194  0.89272044421426311
  0.89657503562688223  0.90124239118258975  0.90727216025337332  0.91255054876987840
  0.91659598337461079  0.92259321090638691  0.93038115018870904  0.94348054834371708
  0.96322454043013761  0.97722461088042734  0.98963634266507972  1.00000000000000000
   4.7928696342840608E-015  -1.0000000000000000     
 T T T F F F T T T F F F T T T F F F T T T F F F T T T F F F T T T F F F T T T F F F T T T F F F T T T F F F F F F F F F F T F F F F F F F F F F T T T F F F T T T F F F T T T F F F T T T F F F T T T F F F T T T F F F T T T F F F T T T F F F T T T F F F T T T F F F T T T F F F T T T F F F
