 -0.00221342212797857  0.00860487115614989  0.01812647260376457  0.02825383177532501
  0.03861539668984090  0.04907435362440548  0.05973434502110600  0.07052959002230415
  0.08151157148589758  0.09224661927989215  0.10283911926333147  0.11310114979641066
  0.12359652338259450  0.13396588546460367  0.14462952140458271  0.15530243244790629
  0.16637927579756201  0.17719907971692020  0.18793216168484714  0.19822949562285641
  0.20859957144917601  0.21874897716407810  0.22889372611689443  0.23901753093417091
  0.24941974108782858  0.25992981459704256  0.27030280708640736  0.28055659752524320
  0.29095990060522975  0.30142562428033420  0.31198595385896222  0.32242712737930879
  0.33305909502497422  0.34374737183757487  0.35454058728276977  0.36520612633657279
  0.37569879044321164  0.38613831853213465  0.39658208394362032  0.40710584965508856
  0.41752407935164321  0.42797624074820467  0.43849366004331747  0.44896696921661478
  0.45942298962239170  0.46986415171791218  0.48037557510624673  0.49088939092781037
  0.50144617328184715  0.51208738276839316  0.52270978502559262  0.53344625327684947
  0.54413298553114497  0.55473417243836154  0.56528299382368918  0.57578073740269531
  0.58632523159052186  0.59663080347171804  0.60704799378438279  0.61766049942553081
  0.62836750741180025  0.63904071841300070  0.64962976946119322  0.66031341426206602
  0.67095183750708842  0.68159830591233550  0.69211462832202153  0.70269028362441055
  0.71316505010915099  0.72364624050618664  0.73408940023627434  0.74442818759314211
  0.75454426125681584  0.76468202000504382  0.77509796248830765  0.78594449002385136
  0.79674006656355945  0.80733862810667401  0.81786025366611070  0.82868544947459111
  0.83954655858504723  0.85014869031299223  0.86069499674595817  0.87105059330743717
  0.88168985671008726  0.89207459166865311  0.90310495110369371  0.91424507707055058
  0.92510616763561504  0.93563430063236430  0.94614160850709517  0.95658215013435255
  0.96732795277367489  0.97778888753188620  0.98892459370448671  1.00000000000000000
 -0.00244716143231360  0.00951793747424007  0.01986692709559294  0.03049144389462778
  0.04137153560914009  0.05251485908962421  0.06360744380606471  0.07439823432917063
  0.08497435233836223  0.09523727881848063  0.10544894622490829  0.11575460687264671
  0.12625263283420465  0.13685595239177384  0.14760601317621733  0.15829007579989840
  0.16876772270676602  0.17909397501784055  0.18949888804854190  0.19988740253855700
  0.21021925242225858  0.22043130867367866  0.23087632920598919  0.24159412179757922
  0.25252000813488590  0.26327414897049684  0.27386146764670732  0.28448504479933612
  0.29544282106011771  0.30630435252213550  0.31706217606302134  0.32762401323723706
  0.33823278460775624  0.34847357395730749  0.35869886081685781  0.36883883975637544
  0.37925012601547786  0.38964706913305508  0.40012323245349468  0.41049698496809972
  0.42092711861877102  0.43116817190685819  0.44126141245747219  0.45140921185912153
  0.46173932759666309  0.47214967323107798  0.48245638275551006  0.49287178078782617
  0.50345198499957233  0.51412909676672136  0.52481996365034600  0.53544722611500561
  0.54602290239189244  0.55655978230646219  0.56697941816340969  0.57719897517067875
  0.58719513132306433  0.59731037101616347  0.60764375629519451  0.61820344808450156
  0.62886586125424626  0.63941298975094363  0.64982160403896727  0.66014752223026885
  0.67061940977089807  0.68115839177714399  0.69169666262519958  0.70232835385132275
  0.71323472212268169  0.72428428114402976  0.73514146777819755  0.74582005854263633
  0.75637126325962467  0.76689015186919451  0.77743537377452476  0.78818894623537572
  0.79889018616592555  0.80938668470440844  0.81984151369468972  0.83046132017573171
  0.84102490602792590  0.85130649638646005  0.86177684669204835  0.87223083275990232
  0.88324276850918115  0.89386649275502028  0.90460759434768667  0.91528038035647041
  0.92609284597842734  0.93722049729927914  0.94802908098745742  0.95908245268163927
  0.96969044287822659  0.98011397141802103  0.99014431458967722  1.00000000000000000
   1.0451450937862754E-006  -1.0000000000000000     
  <DiscreteSampler_grid>
  Helicity
  1 # 1 for a reference and 2 for a running grid.
  20 # Attribute 'min_bin_probing_points' of the grid.
  1 # Attribute 'grid_mode' of the grid. 1=='default',2=='initialization'
  0.0000000000000000 # Attribute 'small_contrib_threshold' of the grid.
  0.5000000000000000 # Attribute 'damping_power' of the grid.
 # binID   n_entries weight   weight_sqr   abs_weight
    1   2973   7.362097436979385E-007   1.367534730711107E-012   7.362097436979385E-007
    2   20   4.640647121053854E-013   2.635634766589785E-025   4.640647121053854E-013
    3   20   4.640647121053854E-013   2.635634766589784E-025   4.640647121053854E-013
    4   1685   4.424741907387763E-007   4.659162604584426E-013   4.424741907387763E-007
    5   2812   7.223078081214106E-007   8.462104899790895E-013   7.223078081214106E-007
    6   20   3.862544043703047E-013   2.814369123688379E-025   3.862544043703047E-013
    7   20   3.862544043703047E-013   2.814369123688379E-025   3.862544043703047E-013
    8   1851   4.551733132004339E-007   3.431603135018576E-013   4.551733132004339E-007
    9   2621   6.979794866273618E-007   1.163379534389371E-012   6.979794866273618E-007
    10   20   4.640647121053854E-013   2.635634766589784E-025   4.640647121053854E-013
    11   20   4.640647121053854E-013   2.635634766589785E-025   4.640647121053854E-013
    12   2038   4.917112877464321E-007   5.923073343881713E-013   4.917112877464321E-007
  </DiscreteSampler_grid>
