 -0.00001370235911690  0.00007507913609568  0.00013041282480437  0.00017941139312023
  0.00021407501252519  0.00025560393424229  0.00028633209286577  0.00030864506677308
  0.00033731588758485  0.00037891133886931  0.00044415794777455  0.00051569006150033
  0.00055814070943591  0.00059601101075399  0.00063627143436010  0.00069100077065120
  0.00074908047511385  0.00080713387316289  0.00087735202476547  0.00098434887135408
  0.00108153189366553  0.00116270050004599  0.00123263767147945  0.00129544349835906
  0.00135241498188057  0.00140622570549936  0.00145501683939040  0.00150411254211376
  0.00155453226911078  0.00160707473591138  0.00165846615513660  0.00170419680078722
  0.00174991864088429  0.00180430385392705  0.00186331293056472  0.00191566960319744
  0.00196694085952200  0.00202033379955861  0.00208652965030075  0.00215011553118346
  0.00220028600776759  0.00224957506994877  0.00230534749372147  0.00237895357517412
  0.00244778960685199  0.00248861002140274  0.00252902153468299  0.00257054567830672
  0.00261805834049503  0.00267393700146748  0.00275536030769094  0.00285916084052695
  0.00294341894223502  0.00303144388584001  0.00312068256881656  0.00324516843559809
  0.00340481166447150  0.00358389994061044  0.00376538362676388  0.00388640738851497
  0.00395821692664112  0.00403663682031112  0.00414356674831532  0.00428351570660299
  0.00443761620559307  0.00458667183516120  0.00472867232573613  0.00484048867417672
  0.00494061856834331  0.00502824074310934  0.00512626322017519  0.00525169977189518
  0.00558806182988559  0.00605416851892955  0.00659074700242715  0.00727752480121400
  0.00802973582682865  0.00881799697434178  0.00958259978025166  0.01033543464943067
  0.01112667962017747  0.01199794017403902  0.01286059304328386  0.01327222436038173
  0.01371415753045337  0.01430983804632617  0.01514188877423038  0.01614599825135744
  0.01800176906121569  0.02221797552744249  0.03005994874656164  0.03739756855301332
  0.04643456698983226  0.07628305903210472  0.16108767145363082  1.00000000000000000
 -0.00007065970903368  0.00208232141776507  0.00622810708214520  0.01006044887275743
  0.01393465529898485  0.01678734415918227  0.01969677077831718  0.02373219096239166
  0.02830595945826009  0.03266569247818073  0.03756529516339744  0.04234232864884634
  0.04495227633090609  0.04700026587385482  0.04879684429138977  0.05124351071606915
  0.05292995111283046  0.05416811763745340  0.05635853340362235  0.05812220047702624
  0.06064315316420170  0.06662252710368731  0.07404965350743779  0.08043046824111286
  0.08536412979001785  0.09003889095215911  0.09513313945478417  0.09964383136775289
  0.10352168345285052  0.10727651428281154  0.11124659057791182  0.11591210047828943
  0.12222421654153062  0.12831790826838119  0.13427313518136008  0.13974394308474425
  0.14794261025520983  0.15713577882475077  0.16561223104490011  0.17322785523427592
  0.18053626878290910  0.18778949093162409  0.19439680092429568  0.20035149372132624
  0.20548986207706582  0.21036368879852352  0.21587879207727076  0.22232798914301108
  0.22933332040794341  0.23540859536264599  0.24008418202067747  0.24478284069513634
  0.24939115374932871  0.25441121531715366  0.26053964418328951  0.26705778702729366
  0.27626672588905327  0.28458002778100394  0.29232818985853337  0.30051567042207211
  0.30921360935218334  0.31709738556552225  0.32284830575677098  0.32812569187006391
  0.33322713052447545  0.33908605587294777  0.34840144768275200  0.35750139799375330
  0.36556816854496132  0.37183041684185869  0.37802027684671324  0.38585438193898014
  0.39418627693956748  0.40356088068388041  0.41383846833721105  0.42464903192975545
  0.43387707978636492  0.44197877235261657  0.45025234881168380  0.45570957001882745
  0.46085274583969921  0.46584425658766077  0.47283688419944891  0.48225608657652969
  0.48299863096371848  0.48387487006182467  0.49747022200268842  0.51373087308151111
  0.52885233832110790  0.54023419691059726  0.55009417044306486  0.56338994092661254
  0.62699537521803761  0.69060080950946268  0.75420624380088674  1.00000000000000000
 -0.00003810581281897  0.00029235560235340  0.00055030031325689  0.00091687390569526
  0.00136451324105205  0.00170927245374450  0.00201054872920553  0.00223009352812223
  0.00238229284453653  0.00252878979636002  0.00266212156014303  0.00280807939399126
  0.00296364769505637  0.00307296404716653  0.00314444770808138  0.00324514022768211
  0.00338418646077953  0.00350949116299879  0.00360181652726322  0.00368892652807935
  0.00374363724515910  0.00376894484849449  0.00380273513330361  0.00383011238815558
  0.00390933402558534  0.00400434763838611  0.00413502856304295  0.00424928778960367
  0.00435086042211924  0.00445277295079583  0.00461000068438977  0.00478240585827838
  0.00500155349627340  0.00524729600483694  0.00542754207172715  0.00557711325745870
  0.00573114394078548  0.00588683050575363  0.00602878391191942  0.00619457763939892
  0.00642979134506801  0.00673642511693450  0.00704816528499487  0.00735829432191293
  0.00765466328627859  0.00790495582171052  0.00818318255879907  0.00847236894685883
  0.00881522181240081  0.00915561015756878  0.00940718210832022  0.00962303139314396
  0.00984349592449799  0.01006204026478702  0.01032141264341252  0.01058206888230754
  0.01099035084074087  0.01145517605072110  0.01191315131982088  0.01237323301257950
  0.01285792959315521  0.01335900140077372  0.01389434443696151  0.01434431702978238
  0.01484035453245403  0.01532442944739112  0.01586649574887189  0.01669437521573480
  0.01738047730636919  0.01815622847329979  0.01883352847726324  0.01937863059489930
  0.01993617691516589  0.02053689620448093  0.02124455291860326  0.02203840822424745
  0.02320285693571334  0.02448066534104854  0.02567712340069703  0.02673011048906268
  0.02777596555330354  0.02911623439710288  0.03063537994410553  0.03252946437312008
  0.03495448020490082  0.03888539261908681  0.04387701943551511  0.04931487403343730
  0.05613473663695602  0.06381778318252726  0.07271073179311606  0.10115564441267041
  0.14496243036802123  0.21948891410631971  0.86960029746720724  1.00000000000000000
 -0.00503444169961856  0.01837549479007792  0.03974350866462417  0.05662065098873101
  0.06934366351539187  0.08239760483390128  0.09685202841891827  0.11281049328690343
  0.12789781607693293  0.13906366014466723  0.14773694139277294  0.15493469050273301
  0.16273080287718178  0.17115784366458195  0.17998884131213394  0.18965700127860263
  0.20305653058032486  0.21847242185116883  0.23336640727946520  0.24796149760456926
  0.26210247298821587  0.27552529028438771  0.28346331693666510  0.28985041849139653
  0.29628401713242913  0.30268889021904549  0.30903899339368934  0.31490235695771657
  0.32522304344023578  0.33715678496393109  0.35091998769170746  0.36624227425565409
  0.38043994963784944  0.39259601336295258  0.40415378233231242  0.41516977267497496
  0.42522002511637325  0.43550503871128576  0.44720263463246795  0.46185093408756867
  0.47573360489676086  0.48773651784091349  0.49800142356301691  0.50912036654574222
  0.52024182557016230  0.53066280333749816  0.54288860309545084  0.55725218649642871
  0.57034965731239928  0.58094682807560394  0.59667417755213081  0.61032992751592952
  0.62040805362528062  0.63112832499213067  0.64269145187927768  0.65277351946365780
  0.66337930510955723  0.67499070182437426  0.68598723501818060  0.69624713790987047
  0.71106962068722623  0.71818731080571885  0.72411158973492973  0.72950021162146039
  0.73491114423690884  0.74248169574081446  0.75394024624965827  0.77374249799958683
  0.79126271583991847  0.80737904369537872  0.82254039341166807  0.83635086344332221
  0.84733907808704667  0.85724375955137244  0.86832487687620785  0.87834413119472732
  0.88645323808898047  0.89419052875986393  0.90276009971591564  0.91162029529925637
  0.92160689699912401  0.93392553546070212  0.94005633367957431  0.94592355829467434
  0.95218046637282272  0.95487344846812916  0.95674865660486363  0.95881908192750498
  0.96109320130966058  0.96359005326893221  0.96836069047365114  0.97519900692475181
  0.98151274699976854  0.98715179742362213  0.99301219892145598  1.00000000000000000
 -0.00028361643991908  0.00383447639235952  0.00666622725028136  0.00930093479656768
  0.01223005738745371  0.01516981277003068  0.01803205127965732  0.02010422455998194
  0.02228854240098197  0.02506826425730014  0.02804455261621185  0.03072755423635369
  0.03388070883350201  0.03674097972217384  0.04037834566010988  0.04509853243531026
  0.05117175324428390  0.05640683865118530  0.06169353403249131  0.06836360473886763
  0.07621826568931253  0.08433667088436876  0.08806731794197417  0.09152202649973619
  0.09424012508626427  0.09681758347837122  0.09997248016078275  0.10286976149880060
  0.10460919169765726  0.10696636190626641  0.11059576613995072  0.11471416937629002
  0.11894925636934492  0.12350875406657799  0.12776549253279609  0.13082198233723746
  0.13502966187521023  0.13960795594809716  0.14346921021722536  0.14817801303151318
  0.15599415182579315  0.16309271460836905  0.17108489258016768  0.17734842672293510
  0.18430807784712630  0.19205597765462282  0.20111766272146284  0.21122506445158221
  0.22113250510416255  0.22705586527769572  0.23214307524661118  0.23622463693135343
  0.23881867863697195  0.24351644919960577  0.24846597682772850  0.25415979849278603
  0.25992634847282459  0.26489646639299347  0.26912511232004438  0.27403371098048090
  0.27920893014935477  0.28477642288532490  0.29084157527125765  0.29686573252433812
  0.30231328792704848  0.30713236882861061  0.31167872650967465  0.31682130897654509
  0.32232506567890601  0.32793713558906462  0.33415775754476013  0.34419185021804855
  0.35610645816596098  0.36817393072157950  0.38162278726022297  0.39534713056822512
  0.40820812407762247  0.42464838908761066  0.44129319392155802  0.45700164034019686
  0.46986502173723993  0.48200041848642061  0.49230817910469582  0.49827642587148158
  0.50216118320345904  0.50771128555517708  0.51898369066583938  0.53503260925252183
  0.55349748821714806  0.57683389579918010  0.62682092074570561  0.67362268165017858
  0.72485178588168842  0.77993202398034145  0.88748560241364005  1.00000000000000000
 -0.01525309553835867  0.09504377183670873  0.16691614181502923  0.25070073579212659
  0.29174766693123055  0.31129634667028694  0.32564485936739795  0.33845532335234835
  0.34964580400270590  0.35882382438903726  0.36648070884774941  0.37609679378785887
  0.38751702186036119  0.39742570363103180  0.40703625592798642  0.41449203156199060
  0.42027558796047426  0.42472539571048412  0.42925651565176154  0.43383345564743719
  0.43813851852510549  0.44121979946906759  0.44348489687257647  0.44641321657378985
  0.45010385232297195  0.45327590534816586  0.45639827924629806  0.45914667924942626
  0.46134977573825686  0.46354240929184498  0.46663382073900406  0.46947629210658381
  0.47209415830338181  0.47435591898381257  0.47632595765854246  0.47806379618174888
  0.47971515463054154  0.48094609140484801  0.48177522438857151  0.48253807562691592
  0.48322931926900969  0.48408960143279917  0.48496585256540597  0.48601155136184593
  0.48714555636213808  0.48816091413735546  0.48896811510129473  0.48970158206703862
  0.49047860171984975  0.49134489655489033  0.49329507301144010  0.49578917733548294
  0.49842041375448976  0.50089660186848628  0.50276050048141996  0.50446550007217983
  0.50611534683792481  0.50803108544877551  0.51040198929713587  0.51337011337547955
  0.51711205904813640  0.52106106196678059  0.52469912209923608  0.52830270230042597
  0.53226404301791719  0.53624531196686809  0.54029383415980559  0.54479098776926149
  0.55023521360259597  0.55672496580313013  0.56499716728217453  0.57316295843503007
  0.57882158641625558  0.58491144631255709  0.59131124659656242  0.59653405485418887
  0.60139844248381613  0.60586438056486114  0.61039251289387919  0.61484884198915879
  0.61994892803675172  0.62528180122630217  0.63248390499970375  0.64245776781126906
  0.65476976399393372  0.67345205717719936  0.69698842021163165  0.72095810713524977
  0.75672184975162815  0.79576751418316050  0.82691231079339955  0.85048424198257122
  0.87428669985287599  0.90255435063651113  0.95307904315992698  1.00000000000000000
  0.00003532137914122  0.00014904651840544  0.00037794126276974  0.00060923507295634
  0.00083735461985338  0.00104895684996380  0.00126376964311467  0.00148606486084900
  0.00171756644684067  0.00195598721526641  0.00222302086507653  0.00250537546736646
  0.00281364518516925  0.00314899500360114  0.00348342177644239  0.00379707838165929
  0.00415500692273110  0.00455350052851888  0.00500006967879586  0.00554011859052070
  0.00614903049790645  0.00678582046845034  0.00742363531348989  0.00810591687074163
  0.00876051125056244  0.00930552301320535  0.00977064425835501  0.01029166006837107
  0.01079495428573844  0.01123885514332946  0.01169158017165384  0.01215365809128341
  0.01276045356020234  0.01354542550217700  0.01443457143257182  0.01537446362404994
  0.01637586749620571  0.01751124140699018  0.01857698896402498  0.01933887099372605
  0.01989254826454701  0.02050606310595082  0.02115173920675061  0.02175394295300104
  0.02234104159813486  0.02301182326038214  0.02355571826038213  0.02408876425318292
  0.02463970784649690  0.02521785362660615  0.02586490959886609  0.02655649495919411
  0.02741235253587871  0.02883555891449707  0.03139719972630542  0.03383831474086541
  0.03559428935234474  0.03684061711300007  0.03803607602199561  0.03941424026078051
  0.04072249125477966  0.04193185076330091  0.04317857969141769  0.04447861708850204
  0.04630642096856646  0.04871107035857756  0.05125226937563422  0.05447051028459315
  0.05733958182812944  0.05976637733769933  0.06209775981450299  0.06443976122849733
  0.06723316612018695  0.07118329044487494  0.07553125198766295  0.08037659110266891
  0.08609177630571775  0.08985378391985988  0.09333889533713162  0.09826286279445569
  0.10378564475948951  0.11115136782749839  0.12273931858085664  0.13554453213744516
  0.15450268059654299  0.19235712575133956  0.28195286979797052  0.31490918310918120
  0.34052747105521203  0.35596931636840556  0.36802052217293701  0.38002622232246674
  0.40831266053388188  0.45761509248900850  0.53542324075291903  1.00000000000000000
 -0.00530615218689600  0.01706063040919820  0.03287980659021050  0.04674474927882762
  0.05958327006377045  0.07024927403860107  0.07855801745411840  0.08546283736112201
  0.08974208638732736  0.09357886688180830  0.09732698655385108  0.10136870243292162
  0.10541155447468703  0.10906445868452620  0.11612722181083462  0.12715882729942229
  0.14177502193711256  0.16107797532066906  0.17776987910313327  0.18898206133420714
  0.19485916450068252  0.20167896304696364  0.20926650208927197  0.21818376258994396
  0.22450654742505069  0.22832632468074340  0.23341526353039199  0.23780581313338020
  0.24162347103251711  0.24573973456551501  0.25063324943870924  0.25870690108414485
  0.26953543619145326  0.27736259703319988  0.28595318242087625  0.29348082863765679
  0.30076792264369206  0.30701981376819876  0.31298873917376618  0.32603815975297268
  0.34025846153976358  0.35131398683825860  0.36088352142547492  0.37136417654400439
  0.38218369518342060  0.39327455258533012  0.40615852074869913  0.41988875610243354
  0.43347264329063651  0.44855546461772150  0.46581485003109069  0.48464210214093673
  0.50365294073060007  0.52258355765297626  0.54184122813123647  0.55949529673190523
  0.57748235797188208  0.59516002373624954  0.61067077319162300  0.62194854830183766
  0.63346395545344836  0.64638709778189496  0.66008548168447445  0.67324417117471314
  0.68594915037096194  0.69827819566764038  0.70947498777363138  0.72046136992429233
  0.72804294258468083  0.73560643337689802  0.74319410220842386  0.75091417002082395
  0.76007655416863384  0.77131362614065602  0.78202906230665770  0.79178397705023562
  0.80349733078087648  0.81706578015560916  0.83062199462081920  0.84411034974963772
  0.85868657752471478  0.87291702940205051  0.88535240868816145  0.89762201484540183
  0.91142573787955172  0.92431232563066978  0.93694596306167977  0.94891127657638030
  0.95851671228822177  0.96585023285035609  0.97293522453276937  0.97993692275714006
  0.98518930654729342  0.99026684108165730  0.99506464564176111  1.00000000000000000
   1.4040341799175357E-008  -1.0000000000000000     
 T T T F F F T T T F F F T T T F F F T T F F F F T T T F F F T T T F F F T T T F F F T T T F F F T T F F F F F F F F F F F F F F F F F F F F F F F T T F F F T T T F F F T T T F F F T T T F F F T T T F F F T T T F F F T T T F F F T T T F F F T T T F F F T T T F F F T T T F F F T T T F F F
