  0.00484452068229192  0.00499165795599428  0.00533531452108682  0.00582994942257789
  0.00644861587355538  0.00721677090322029  0.00802708421891583  0.00890402031990922
  0.00988035716658787  0.01094758653308794  0.01235171368383170  0.01402292704866293
  0.01606794472572851  0.01818810765810318  0.02021913593933069  0.02221273308041408
  0.02436408679740153  0.02661120688630011  0.02904407937461766  0.03168429668505262
  0.03439377933947925  0.03739840186467067  0.04095185211621595  0.04745463073876895
  0.05417028469099117  0.06098753604249225  0.06822954378787902  0.07555611788552390
  0.08293203352089668  0.09048513867292678  0.09985789551473263  0.11065059060791653
  0.12041396302028844  0.13034799504661967  0.14134193479044235  0.15311849590393256
  0.16582937371688655  0.17915781828084809  0.19220115830991932  0.20491499724014658
  0.21795252607337387  0.23049153804478517  0.24194743364209162  0.25171016612042341
  0.26086740101798989  0.27075300123597429  0.28243319253326421  0.29375168162757676
  0.30409593849222410  0.31505836083826561  0.32695132481033701  0.34283841097879036
  0.35747357088825260  0.37291178005697995  0.39280557757623463  0.41002594508206075
  0.42192256342873874  0.43140361826283663  0.44056673299355331  0.45538924845170875
  0.47041947719757560  0.48384974825910415  0.49542908175427902  0.50693787121487854
  0.51751216903257291  0.52774802245084496  0.53931966512890539  0.55167126434258384
  0.56445141021072631  0.57828375328902093  0.59213236007006376  0.60388117298004129
  0.61631892908226971  0.62933179228243175  0.64221868090235434  0.65831835585597842
  0.67450777980233301  0.68710927253367382  0.69877070309666689  0.70972649451460545
  0.71918245082019283  0.72897514075802705  0.73853251852705226  0.75381141080360514
  0.76971928624185437  0.79144986952748575  0.81136934558319418  0.82532550353097678
  0.83878658801526684  0.85145287727512386  0.86550273248346954  0.87986298645699312
  0.90199615900104990  0.92762676086384577  0.95506292573532869  1.00000000000000000
  0.00001736542092997  0.00001995068899087  0.00002071381945533  0.00002145302008853
  0.00002226245101448  0.00002296810633120  0.00002356455812138  0.00002410750704467
  0.00002468160211876  0.00002527554844376  0.00002591040767279  0.00002641319722342
  0.00002679288414833  0.00002718827425474  0.00002760788336851  0.00002791723267895
  0.00002823557016134  0.00002858977114672  0.00002896265235229  0.00002928264121092
  0.00002963302860534  0.00002994776356839  0.00003025933784384  0.00003059533285861
  0.00003102409840706  0.00003153519226341  0.00003212736110662  0.00003278721156898
  0.00003348471270998  0.00003428917859049  0.00003508944129944  0.00003592859365360
  0.00003677288778348  0.00003783198257838  0.00003910261862471  0.00004076413793376
  0.00004352495000415  0.00004635022120317  0.00004939798347751  0.00005169733684297
  0.00005275678980769  0.00005344516158186  0.00005405142796100  0.00005467177578704
  0.00005524674523866  0.00005581697999661  0.00005635012877548  0.00005692001443128
  0.00005763162923611  0.00005843818585245  0.00005928998735625  0.00006005159838768
  0.00006062866438996  0.00006115720401848  0.00006172009067603  0.00006231723721046
  0.00006282287992263  0.00006333334418012  0.00006394367004203  0.00006460310825639
  0.00006521235832417  0.00006569788315718  0.00006618305525291  0.00006668475000074
  0.00006719140788077  0.00006765064041766  0.00006805344977772  0.00006839061368860
  0.00006871405835883  0.00006910458691764  0.00006951733269928  0.00006995091508845
  0.00007033481207279  0.00007075184250582  0.00007128539170876  0.00007176362937968
  0.00007222943834994  0.00007249344901179  0.00007277378986127  0.00007301805472285
  0.00007324792614443  0.00007348344918272  0.00007373384923838  0.00007399879833874
  0.00007428078375745  0.00007455038141219  0.00007488491216481  0.00007525554116953
  0.00007595616667089  0.00007707168731554  0.00007804812795977  0.00007834636533873
  0.00007864460271768  0.00007886627052714  0.00007887680949064  1.00000000000000000
 -0.00148026266250351  0.00822478025919076  0.01740054844853232  0.02743570650077209
  0.03724616195274130  0.04576545948139821  0.05299021260675309  0.05922527729808189
  0.06538852141974738  0.07180861845148868  0.07882759560755026  0.08666523659160894
  0.09508204918111965  0.10428493812625660  0.11366956877758480  0.12306291540383826
  0.13248994824201607  0.14243890245102567  0.14895146623705718  0.15425048346775702
  0.15926154598851125  0.16477275891267945  0.17078070203817589  0.17616326780869060
  0.18088844058071077  0.18565216571535403  0.19064103040241429  0.19656952814756651
  0.20339478913029421  0.21065187818162318  0.22027229777719051  0.22935084493177196
  0.23879168846408660  0.25092845329356789  0.26399617672708697  0.27682199071942021
  0.28837698880145313  0.29790130404113191  0.30708904974153828  0.31654671169208137
  0.32488215446658142  0.33396937942725685  0.34235955401497553  0.35178151007155722
  0.36138944320347577  0.37000578048368088  0.37803954371109055  0.38609002518399760
  0.39291835252588164  0.40050525407076198  0.40921089161751295  0.41853976422759737
  0.42961428955417430  0.44243280115741318  0.45548992830770113  0.46625230247021693
  0.47479190914675778  0.48334186574272109  0.49212525705889631  0.50093126082540251
  0.51002626657732064  0.51882522298680578  0.52940438172776094  0.54038523858673626
  0.55263975797489417  0.56665741107826995  0.57939623693815157  0.58708780570323660
  0.59187279277311289  0.59763292721293304  0.60441177413850133  0.61134416501765143
  0.61782215573545418  0.62486580378371626  0.63157898443077520  0.63905791713278792
  0.64964483980976373  0.66431209178641248  0.67768248393970709  0.69015087976918554
  0.70164319539221420  0.71622769953647780  0.73432396129670430  0.75648802252129610
  0.77986795753975446  0.79793984328680445  0.81350592831653135  0.82870149233967894
  0.84526836720436516  0.86201392671774180  0.87375687213323561  0.88647521441038701
  0.89820359085936241  0.91824364696549599  0.95380223687504084  1.00000000000000000
 -0.00214111358668023  0.01097827166149510  0.02141149220174181  0.03209093540397361
  0.04271811978337139  0.05350072994581270  0.06251407047552926  0.07201130036579274
  0.08187908948639470  0.09239319790916987  0.10384359751633494  0.11602789927282844
  0.13053179460909659  0.14169991436756854  0.15219776014875058  0.16218348705652341
  0.17313514755617557  0.18457812446087535  0.19572565864286889  0.20654630143539707
  0.21339813807253782  0.21999082413970841  0.22697453127124254  0.23517654855614031
  0.24319705790335866  0.25168316829461768  0.25834338151678915  0.26375924058396255
  0.26932840027483290  0.27820695411692919  0.29335229309499700  0.30592393723068390
  0.31689004693183864  0.32706468096279573  0.33608790821816859  0.34384313661965354
  0.35184643004624211  0.36080076613482931  0.37144548043601006  0.38307729924707612
  0.39485198828611900  0.40695859430670739  0.41917314434846914  0.43125441975804157
  0.44262202262313499  0.45345594713751330  0.46375458545136755  0.47329157147138784
  0.48071726808905779  0.48521309380760630  0.48960732740800367  0.49511452889134072
  0.50307558968613941  0.51206120397868027  0.51853399373104714  0.52521518598604433
  0.53259623641627474  0.54264539665900979  0.55677510331853097  0.57065253173374419
  0.58179243405765790  0.59207891088151965  0.60334178445671427  0.61453593178977417
  0.62719835499695731  0.63890162635696712  0.65151719770700134  0.66371364634367702
  0.67591699336845690  0.68889760499816044  0.70072439151417409  0.71185868188155199
  0.72248388740858083  0.73362213586330460  0.74904403706542477  0.76528518781322374
  0.78016677299420167  0.79369645632788366  0.80683229479057261  0.82224360367428084
  0.83678075136589847  0.85095696829782586  0.86339857821716837  0.87474230444988410
  0.88611183249570702  0.89848792121481147  0.91104708120134659  0.92047101793543573
  0.92888033376530532  0.93753617624110586  0.94595607838140161  0.95496341842663113
  0.96443498750368661  0.97421418907618262  0.98633148562505846  1.00000000000000000
 -0.00244126615705634  0.01184549375477029  0.02342508175975476  0.03318350906595269
  0.04144680543600321  0.04795680795559622  0.05445598473607874  0.06178671988101848
  0.06962612366421361  0.07808494135894201  0.08577366054812539  0.09220319748495683
  0.09825992402994187  0.10500823832630682  0.11241041930874211  0.12193312248670593
  0.13271410710936751  0.14412684214406885  0.15295347193312600  0.16215956422056674
  0.17017851060879646  0.17973922208441340  0.19096812258411477  0.19987111338457678
  0.21074117721570362  0.22223049884463042  0.23232961219308096  0.24384371587141090
  0.25648525308522813  0.27087703382879846  0.28438322479420575  0.29635661721070355
  0.30763821553665610  0.31874713107881025  0.33055820173560341  0.34253317893827268
  0.35327114418873801  0.36176431864998532  0.36869968407814169  0.37590318823804469
  0.38225815139835556  0.38778895052634532  0.39316691630802220  0.39951907433623940
  0.40722734369435820  0.41524391271903982  0.42634833872796568  0.43999745260724127
  0.45392164980479754  0.46766763692200203  0.48188189401484055  0.49427908372338669
  0.50415256661072538  0.51304230717626875  0.52152347512788910  0.53076610937943036
  0.53994400045729407  0.54991610756905185  0.56252961062527151  0.57669194574127725
  0.59037613267492151  0.60338149733883839  0.61147839362967304  0.61815598905321256
  0.62470770520384611  0.62926842145549089  0.63453400196037635  0.64192161350147703
  0.64955699998041228  0.65719332482686588  0.66370950844567900  0.67214989264029534
  0.68079372106115776  0.69021125618292789  0.70339068314645103  0.71702851542974477
  0.73026020384099810  0.74250483459626848  0.75521410663770083  0.76764862062751060
  0.78287755492408562  0.79638172397901008  0.81082688550835536  0.83155745728155361
  0.85421715671895426  0.87289604393732123  0.89167168641713690  0.90671098846526910
  0.91854873687885608  0.93146334726757452  0.94435715381512475  0.95708139062822417
  0.96636484792569488  0.97687248955304751  0.98779928708886744  1.00000000000000000
 -0.00272812040179155  0.01153673783194258  0.02415431798111772  0.03395339447739421
  0.04299905001257399  0.05217989700074849  0.06149950860409017  0.07200398141845157
  0.08393419030590539  0.09542562762497081  0.10693123469122703  0.11885355951935871
  0.13161840965544655  0.14351993592153336  0.15470208702233199  0.16615133824079370
  0.17895811017261859  0.19291734441266001  0.20715206794053811  0.22072383152494240
  0.23385375615315665  0.24537054590908955  0.25561277307050484  0.26583045368238789
  0.27622077846914345  0.28669568000352219  0.29811690041297773  0.30987243360270444
  0.32125315445476355  0.33144899640675374  0.34156826406512009  0.35142018579228096
  0.35907291827606935  0.36747121361693025  0.37477389863062527  0.38185657340188550
  0.38905042121732586  0.39642753599676162  0.40402768298494535  0.41173500219697839
  0.42074641091907089  0.43212542712762708  0.44536561985506856  0.45529520913350485
  0.46497131707045569  0.47403853751510938  0.48213361582038700  0.49070005807013750
  0.49840110359365647  0.50534421727752221  0.51171129332171894  0.51914863959332169
  0.52807089418343056  0.53678171417153120  0.54571059895039087  0.55763551273917467
  0.56827118804194465  0.57812856840258964  0.58744647950682349  0.59669963717703645
  0.60631642360640170  0.61622899817584154  0.62719363462310029  0.63710488019946987
  0.64984753810103058  0.66131531074743533  0.67359479618072449  0.68535050804259634
  0.69685785975769776  0.70901132720490812  0.72105639175229252  0.73414687253611910
  0.74968505201429225  0.76217391636151666  0.77326786052075935  0.78402699832103184
  0.79539522930558226  0.80710825140280706  0.81838000195915928  0.82997193688278270
  0.84119886877092132  0.85114360760043872  0.86011308247623575  0.86928469691926780
  0.87974141365291414  0.89179649993665389  0.90362447611473939  0.91447777294981514
  0.92436342819641615  0.93438107157536121  0.94499229914681981  0.95671207206214515
  0.96894372888177716  0.98038491496768299  0.99061919942939136  1.00000000000000000
 -0.00178122919081138  0.00956714995476565  0.02018673562999969  0.03258348114964794
  0.04300434406872468  0.04958869292767328  0.05690202460958623  0.06522867509801063
  0.07238504691613852  0.07974660825107320  0.08687184016629536  0.09352666359370770
  0.10087035234818964  0.11232782574501377  0.12688128191879081  0.14031571354499464
  0.15244849174539943  0.16353199475647709  0.17536853392826113  0.18724917919043882
  0.19670905408125194  0.20719001334211504  0.21742347927609593  0.22701707770115812
  0.23606324079710456  0.24492352135930404  0.25359354840706494  0.26173169292410525
  0.26902931136294239  0.27567334034538415  0.28254062412859327  0.28889393512610856
  0.29540307374389729  0.30295764400843755  0.31137168672891868  0.32050481464014752
  0.33163619749984596  0.34362405072015495  0.35566795601662782  0.36882741865728136
  0.38029358104186228  0.39092967118528843  0.39968450841113518  0.40729400604764876
  0.41498756806514692  0.42249147035747642  0.42922695002870653  0.43500977545114478
  0.44068393274899514  0.44727656483079775  0.45443963336708154  0.46157797026481051
  0.46909832920711675  0.47672603842084188  0.48583677384597357  0.49564975623094831
  0.50478467668433291  0.51344921929420606  0.52235246403843194  0.53003350688427264
  0.53828422553976774  0.54556248079815628  0.55215309459435524  0.55846357054719598
  0.56563732011592738  0.57365922720821871  0.58092419859636268  0.58800422257844120
  0.59507360635747397  0.60292249863938052  0.61234394006204518  0.62331192669965718
  0.63327254858579396  0.64511143868444598  0.65762840319140936  0.66870771501104687
  0.67912824381100978  0.69031754440007009  0.70100786515192182  0.71144192413638963
  0.72236420314297856  0.73596959495188330  0.75330537193637714  0.77041635977147738
  0.78487221939846485  0.79762529465543386  0.81085505602558205  0.82543318304192281
  0.84156369074597936  0.85988548291028444  0.87649256177171930  0.89262615010166735
  0.91265700542027806  0.93961436021076439  0.96700379453252239  1.00000000000000000
 -0.00136529141276155  0.00668396561061152  0.01501211178890335  0.02425556911153538
  0.03483329122608329  0.04616115467184557  0.05825040417877018  0.06978294420985667
  0.08113984204706524  0.09452087596177543  0.10737754780109346  0.11579566118064831
  0.12228617604360757  0.12834277004542030  0.13544942557287670  0.14417698566066448
  0.15473259582171656  0.16396940632018400  0.17390357267162648  0.18406865603582551
  0.19613047128690303  0.21134618295737412  0.22398079304790031  0.23740419907796695
  0.25038118597573711  0.26418284697212019  0.27668279478504237  0.28791576071923192
  0.29969405102104063  0.31148399851044889  0.32322626738771904  0.33380639700897502
  0.34289573151348957  0.35176859440327807  0.36087148458416518  0.37146284549292502
  0.38490014665324729  0.39816958041754752  0.41105264008279907  0.42266017270228134
  0.43382891907987009  0.44525758814090660  0.45704706942809398  0.46922052928721286
  0.48102788999531748  0.49132788408654737  0.50121060193570321  0.51030133586232695
  0.52028257035264025  0.53096668623527399  0.54206657368477373  0.55555546511388876
  0.57028898629413760  0.58462014344728763  0.59917985238032867  0.61163700285020750
  0.62277160209297744  0.63307565907265362  0.64240054517951461  0.65216147819118986
  0.66288636734209616  0.67276552300413750  0.68065051013924494  0.68805586776150318
  0.69408185294923386  0.70103604195711844  0.70760415897117224  0.71651679487554820
  0.72912419964093378  0.73674478872213822  0.74360473206664091  0.75056574079864935
  0.75757803058378548  0.76359501835695520  0.76882641756117664  0.77383113960879746
  0.78004930801164363  0.78714129314870263  0.79495381836635937  0.80775624103671684
  0.82205462040060029  0.83589027328700782  0.84829953711384143  0.85929595184962926
  0.87004063952873023  0.88298904171068671  0.89803153344491793  0.91285630162430142
  0.92524418255523222  0.93565534537078521  0.94545446795625865  0.95502733877601087
  0.96453423908660041  0.97508936722288120  0.98712255362962398  1.00000000000000000
 -0.00269372682158311  0.05380245676167467  0.08044293565834690  0.11476327448499890
  0.14490467955977132  0.16921199363229694  0.19512838221957973  0.21940303613068982
  0.23979777272671160  0.25687789765774255  0.27521469477137317  0.29493073039681600
  0.31915139601287218  0.34599686808747210  0.37124506403751412  0.39282071380613831
  0.41295156281724038  0.43235426491757889  0.45166888443232023  0.46923997823294145
  0.48571519536684166  0.50099028119153366  0.51386730888688281  0.52655669200598976
  0.53891531981118534  0.55227615091628723  0.56832350685117516  0.58724051757421991
  0.60570448852030634  0.62282674122850856  0.63833023461707217  0.65354952568127278
  0.66902874172493321  0.68525974115466703  0.69983389184396150  0.71245055828429260
  0.72534843576247476  0.74004791750375676  0.75315711670744112  0.76219243753409205
  0.77179902182069859  0.78092624800587995  0.78884637275179248  0.79685100753955540
  0.80532079763349074  0.81292355326641830  0.81941128591850720  0.82620751431136319
  0.83428609177135571  0.84184865048438362  0.84940975060090529  0.85766924149820811
  0.86504865481825688  0.87077516440916569  0.87814801600022885  0.88776385068179864
  0.89791878628388888  0.90663206744910019  0.91438711123628169  0.92200062260691185
  0.92901831731545503  0.93565781075438226  0.94125515296535056  0.94603534706855286
  0.95045829619677025  0.95463978109814240  0.95839058125052090  0.96203838079337245
  0.96563567464690536  0.96880359229908142  0.97134736604664496  0.97351065221998301
  0.97541904667877932  0.97710161793806127  0.97862383465303171  0.97994019019478928
  0.98111331593189399  0.98214565979535617  0.98310642807385640  0.98400628154324776
  0.98480022052777183  0.98540055596578513  0.98594400273110039  0.98648926150409066
  0.98703512179362707  0.98756876921854120  0.98809807178878661  0.98862323196405000
  0.98914533891053713  0.98964407143063671  0.99011895084941715  0.99054445464656282
  0.99089474461799765  0.99107443469378176  0.99124368242868666  1.00000000000000000
 -0.01515198975304187  0.10313849877886465  0.14585533113951527  0.16959306124278187
  0.18740271554092452  0.20398091888020928  0.22042220556210984  0.23636091020356198
  0.25035495174705541  0.26048369084582562  0.27058453874106220  0.27894957426634936
  0.28786014369557250  0.29505146743342581  0.30111797804822354  0.30708788337715814
  0.31439536837550508  0.32311495224436987  0.33218963559833581  0.34000733352618129
  0.34672786074488771  0.35425674745530605  0.36236842836367350  0.37037165028593938
  0.37777393050687319  0.38531776278876562  0.39215113162600507  0.39785659698999376
  0.40353301016308318  0.40873286524487490  0.41408171324747417  0.41932732775858850
  0.42454573565527576  0.43031622259080721  0.43616626343117038  0.44036257399373435
  0.44384360095057046  0.44705972768076108  0.45128061661359903  0.45591899448871348
  0.46041961431988715  0.46449910690257573  0.46820264218962193  0.47206253727782621
  0.47556757131008637  0.47859625175190607  0.48178707256523134  0.48501926723694083
  0.48843275004846121  0.49239036391807472  0.49682558693240370  0.50204993955825805
  0.50864309349087378  0.51518869280167856  0.52110289511775854  0.52709564997981151
  0.53325823406175066  0.53906201517653385  0.54457782593131809  0.54991083350693815
  0.55579696459609695  0.56181874258597220  0.56836540554473713  0.57578459986540720
  0.58297450713493515  0.59066508900374814  0.59867073163194251  0.60532209543406701
  0.61264852209664411  0.62037412771788902  0.62810083019299556  0.63651907091184612
  0.64589728991574080  0.65436006148577475  0.66215661771283252  0.66959568869312902
  0.67723788326495493  0.68563112729872999  0.69312894346760001  0.69992593620377852
  0.70731255990599418  0.71361695783904511  0.71934244386810475  0.72550994264785273
  0.73259557533265185  0.73952613934362599  0.74602887701668608  0.75496448069163125
  0.76718974945220597  0.78042730150844997  0.79536154255462332  0.80968403410302781
  0.82748058232519717  0.85419398057266605  0.91068215607716474  1.00000000000000000
   1.9924986923533331E-012  -1.0000000000000000     
 T F F F F F F F T F F F F F F F F F F F F F F F F F F F F F F F F F F F F F F F F F F F F F F F T F F F F F F F T F F F F F F F
