  0.00000000005010256  0.00000000093126205  0.00000000233990517  0.00000000376876620
  0.00000000485651633  0.00000000607949983  0.00000000746521463  0.00000000958607530
  0.00000001307435498  0.00000001675737171  0.00000002013154286  0.00000002377751585
  0.00000002793062555  0.00000003148598517  0.00000003539386763  0.00000003960961825
  0.00000004445526335  0.00000005175233528  0.00000005926595991  0.00000006651631689
  0.00000007417519710  0.00000008268090792  0.00000009195423916  0.00000010143884559
  0.00000011121840450  0.00000012110382367  0.00000013224734839  0.00000014391144476
  0.00000015446830047  0.00000016530577302  0.00000017623523328  0.00000018661932969
  0.00000019770177895  0.00000021044161835  0.00000022404662480  0.00000023625319237
  0.00000024805001597  0.00000025965932270  0.00000027086377748  0.00000028257992112
  0.00000029478843497  0.00000030958480707  0.00000032615698006  0.00000034398219360
  0.00000036227172359  0.00000038114407827  0.00000040017825516  0.00000041821623370
  0.00000043508070663  0.00000045170848976  0.00000046671425771  0.00000048314923938
  0.00000049928076211  0.00000051499226935  0.00000053164263270  0.00000054954844110
  0.00000056722945719  0.00000058803077797  0.00000060987027535  0.00000062984526445
  0.00000065227784606  0.00000067752428735  0.00000070304914275  0.00000072838801694
  0.00000075756817799  0.00000078416041507  0.00000080696231411  0.00000083114959311
  0.00000085651143999  0.00000088286339792  0.00000091509403062  0.00000094284695109
  0.00000097407347883  0.00000100868318379  0.00000105003418712  0.00000109715266304
  0.00000115071216338  0.00000121367587262  0.00000127904799829  0.00000135362186295
  0.00000142526453235  0.00000149152992966  0.00000155923422772  0.00000164628626181
  0.00000176736404644  0.00000188998817209  0.00000202270001710  0.00000216860272851
  0.00000234306828428  0.00000254006477026  0.00000275173473674  0.00000299746627907
  0.00000340179541805  0.00000408865427706  0.00000534152732702  1.00000000000000000
  0.02321239700913148  0.09057820657238455  0.12587994313624160  0.15065644483278032
  0.17086597442102200  0.18935979633323613  0.20834711040996967  0.22731363815341607
  0.24419125301813066  0.25919838715674942  0.27428198333752279  0.28886112316502915
  0.30331781705859578  0.31741851880661370  0.33147298903072964  0.34506282177450781
  0.35482923694395679  0.36317644731077176  0.37078978567945264  0.37779519179450027
  0.38727539579547987  0.39737830856606421  0.40991381365679069  0.42327071689412105
  0.43742269774850523  0.45097852085987095  0.46614906060801492  0.48135738852297394
  0.49501697775299686  0.50771089876839237  0.51737629551117459  0.52738120740578198
  0.53720922684616623  0.54741450102417277  0.55865080994162764  0.56935173784286897
  0.57943181246468478  0.59098734826364341  0.60191267311729346  0.61542436111406562
  0.62773468864767756  0.63607316508064338  0.64430092432493280  0.65330536542055051
  0.66150284911451740  0.66865148082329873  0.67548397803646909  0.68248920809551716
  0.69096842249307588  0.70104824367929497  0.71163056154242033  0.72228852063817639
  0.73333310435698340  0.74480896796573004  0.75107604238890768  0.75740254745835811
  0.76370184466539137  0.77021504104834304  0.77777789578688450  0.78696414082843247
  0.79514922079344164  0.79956925556926473  0.80334674858799693  0.80708580197919033
  0.81085210314889034  0.81445595212457533  0.81797319464529517  0.82299671938251906
  0.82899577038405026  0.83505920297966796  0.84187540921913251  0.84919256499493767
  0.85672490039015026  0.86391014348774309  0.87085926881335929  0.87938943893885291
  0.89059927029398156  0.90038514207574794  0.90846063551410816  0.91516907474924514
  0.92137168103073186  0.92700696728656651  0.93235038974614193  0.93739129543898214
  0.94141357291191785  0.94526437483482628  0.94893121274962244  0.95249529008949241
  0.95602001332936737  0.95915518568327007  0.96185636828212062  0.96489468805459766
  0.96776653046465722  0.96995500928682965  0.97010604152731306  1.00000000000000000
 -0.00000000958275055  0.00000001061586239  0.00000003081447533  0.00000005101308828
  0.00000007467780734  0.00000010575051453  0.00000013682322173  0.00000017388872050
  0.00000022957324972  0.00000029251740937  0.00000038153599305  0.00000058015152389
  0.00000080331535396  0.00000104548929567  0.00000129951278531  0.00000155509405897
  0.00000217121825432  0.00000327946053591  0.00000478274252973  0.00000699540778865
  0.00000950252507942  0.00001263548623539  0.00001681573603371  0.00002260858899542
  0.00002949948212637  0.00003733353849782  0.00004622982997785  0.00005524577255452
  0.00006487357230538  0.00007500671123086  0.00008592776829088  0.00009792913183374
  0.00011186845292746  0.00012798225103647  0.00014719480039049  0.00016864645582214
  0.00019006108301057  0.00021254993500617  0.00023879482111784  0.00027119023473906
  0.00030890217650135  0.00034719038089267  0.00038701301432417  0.00042936399364462
  0.00047763346118124  0.00053096583301340  0.00059484922887046  0.00065948238430542
  0.00072358337271271  0.00078887721811386  0.00085515920579268  0.00092593873695666
  0.00100142312485848  0.00108408476973468  0.00117648420379649  0.00128187503837329
  0.00140019266145699  0.00152491056086727  0.00165399552005203  0.00178726181480205
  0.00193385417284822  0.00210003390453470  0.00228456255628999  0.00249288262873551
  0.00269810273606868  0.00290339768962493  0.00312901161687526  0.00337945247740472
  0.00365846612330504  0.00394818236728798  0.00425268334221254  0.00459027245548887
  0.00494749631030408  0.00529145271187508  0.00565612682795287  0.00606513536675353
  0.00653919129712373  0.00709472705838909  0.00774033769232858  0.00836152640240407
  0.00892201014955263  0.00948273188894246  0.01025673262849993  0.97452008129748069
  0.98207949387211479  0.98399274563643913  0.98590170153230750  0.98772789683498885
  0.98955409213767020  0.99111088065800435  0.99261881026928966  0.99416384976078076
  0.99573681267768910  0.99722911100340761  0.99861455550170386  1.00000000000000000
 -0.00320048202638520  0.01485271201793834  0.02836445754750274  0.04064433038720652
  0.05218241557073926  0.06351236483135220  0.07504614236298118  0.08684741590689940
  0.09851870175336080  0.10984721113080943  0.11988574428317107  0.12947880412487400
  0.13937937413690768  0.14936997627749921  0.16101386735255305  0.17340126976164627
  0.18667550930487042  0.20134674119461829  0.21480227320222361  0.22521599341351914
  0.23368215579826843  0.24245831674167651  0.24994501318021400  0.25781692221634323
  0.26673798244643032  0.27616330537261463  0.28561997924877031  0.29482725717012814
  0.30383078605393687  0.31014916224551775  0.31870472113391091  0.32777710152300449
  0.33754978267251895  0.34923165044467053  0.36306389456204186  0.37675159760605609
  0.38994497171165160  0.40181965446058066  0.41386764455330799  0.42550473689593832
  0.43669694609587473  0.44687580446371700  0.45514309155087257  0.46394078296413083
  0.47281774094781764  0.48163999434863136  0.48977070910721482  0.49728617792819452
  0.50205748888616397  0.50626767593501842  0.51126985640232847  0.51810814082387957
  0.52424678319205875  0.53076856585688881  0.53845114797933580  0.54616673640998770
  0.55444481389096423  0.56348172147732245  0.57617969423318427  0.58642377239940080
  0.59529591769117240  0.60469890419981520  0.61322175634835163  0.62217727787429777
  0.63267641611659342  0.64376801235381520  0.65449792571818111  0.66505442088653177
  0.67465069988387205  0.68551702676690895  0.69636784174107702  0.70817562128449962
  0.72221153833789553  0.73692675136684638  0.75080316475920672  0.76238446244577340
  0.77320874723835720  0.78348592425447661  0.79391102425346893  0.80432540465701319
  0.81450773207036742  0.82656900209006323  0.83847702320774908  0.84999886170784067
  0.86153491298516593  0.87226131551114594  0.88423771295892706  0.89681427950724146
  0.90888239981168717  0.92044385860340416  0.93194500845068440  0.94407307028398613
  0.95705817601532217  0.97101037719395422  0.98534844024914869  1.00000000000000000
 -0.00268142354258872  0.01247778480513634  0.02363167372939281  0.03524872594147957
  0.04658017493930097  0.05851066236891955  0.07053320646305034  0.08338126115469847
  0.09828397767086944  0.11357792813571022  0.12576208650060872  0.13536511264981407
  0.14384450591676012  0.15237085383246063  0.16259911487328751  0.17367929079184752
  0.18401856105023770  0.19336941420485940  0.20264095596592824  0.21243131861427025
  0.22474757919801550  0.23851692872139649  0.25221700337540531  0.25895247510763880
  0.26524155903028457  0.27135945881392326  0.27824155618600682  0.28670019376038408
  0.29603814269578022  0.30612280603186465  0.31410755859373030  0.32113833716489315
  0.32905576823151750  0.33655626357846524  0.34424471185452499  0.35454577382219765
  0.36736277006570744  0.38085447524350430  0.39457402999855273  0.40844157658521901
  0.41982371707503569  0.42642383803174422  0.43318144106797218  0.43999887209673338
  0.44861514033738120  0.45833507859369965  0.46714424977055602  0.47518760171460539
  0.48520510045594900  0.49696053082217473  0.50779548953018649  0.51927178172279131
  0.53158595814312704  0.54686481595761605  0.56132132402616230  0.57551897495441984
  0.58739924512497910  0.59849075025646348  0.60762752600437664  0.61654951018214466
  0.62508193117262312  0.63779220869621212  0.65035842238012376  0.66494174780617621
  0.67824207020857408  0.68888659216112103  0.69849434236459829  0.70733430526104191
  0.71505601422806531  0.72287799121236918  0.73150517321378938  0.73924572205339167
  0.74743513588709609  0.75629112268382948  0.76672809290536470  0.77721901688923267
  0.78625089958786731  0.79502529303418201  0.80274211408367524  0.81063617057945736
  0.82164795946599778  0.83431386912427330  0.84319272122559163  0.85117521132445506
  0.85934491971532878  0.86789535414077101  0.87733257139380083  0.89088741418781447
  0.90449655054707234  0.91861849560504660  0.93249706736760396  0.94620097000425929
  0.96119083127074456  0.97535443713484760  0.98790464858116145  1.00000000000000000
 -0.00229618423939828  0.00879648407507057  0.01889620055160073  0.02952467748791559
  0.03947413267086516  0.04862118651329476  0.05715496961498298  0.06519252165246490
  0.07255838052599947  0.08009409943133158  0.08830953899545391  0.09796990630522738
  0.10857805014229667  0.11975710280172196  0.13149440495492173  0.14292241076089451
  0.15391641726387167  0.16434592272647250  0.17392655954299857  0.18251119432358484
  0.19003171198402222  0.19556000562375883  0.20059557387374755  0.20568882363026311
  0.21051500705739695  0.21799769714850653  0.22564566191442029  0.23227854227410963
  0.23908843680217196  0.24679383877109862  0.25820301163644549  0.27238832305107669
  0.28765051254726726  0.30116757202781225  0.31407698456831851  0.32435641548159688
  0.33463177037362324  0.34384729744180237  0.35292428210334398  0.36334301113724371
  0.37403631643837332  0.38858508673436098  0.39999477679999390  0.40986400938313960
  0.41944466368489253  0.42797041148912374  0.43696483815890447  0.44463684231482486
  0.45082373693677497  0.45663695377154967  0.46277912236818530  0.47203679823038486
  0.48355065928994695  0.49500410277190926  0.50331414406034336  0.51196897554175547
  0.52121135279343411  0.53157920010158077  0.54276329992001560  0.55279569062754486
  0.56226304332471588  0.57170952900282701  0.58270113742562468  0.59582598287206379
  0.61063122336156417  0.62054634948591270  0.63057347262715424  0.64051742395706524
  0.65095607064442906  0.66497910789794712  0.67752939115607003  0.69129111706488799
  0.70535928416693761  0.71778850222623602  0.72662056725555169  0.73529870082734072
  0.74416486662155945  0.75325237793670041  0.76537246458371488  0.77920518065780353
  0.79424329744225730  0.81068073394071816  0.82232489514949969  0.83177298857944437
  0.84074929754388672  0.84994099796974132  0.85979334167061383  0.86979861112818346
  0.88367538046227290  0.90080270833212528  0.91786485729045741  0.93433592385342012
  0.95083789482830461  0.96810584103423558  0.98385036393506620  1.00000000000000000
 -0.00167256726479927  0.00746461578231017  0.01318277713163042  0.02020923168480035
  0.02669711270810705  0.03320111547551469  0.04002832312626436  0.04708337656649791
  0.05525248209857003  0.06588467972850119  0.07802634608363659  0.09062217145757230
  0.10274740321036159  0.11505704227692241  0.12893298432220734  0.14267188142924347
  0.15553436537076895  0.16686312946179235  0.17695902556458670  0.18708356466603959
  0.19757979108305015  0.20651240107645613  0.21425660196399676  0.22315695881845851
  0.23199887793304971  0.24157905347243039  0.25357378662495761  0.26466501794932284
  0.27517465294592058  0.28650595269778434  0.29697951862505956  0.30831847311553373
  0.31917663213849296  0.32931810723718591  0.33849904054630486  0.34586859740153925
  0.35245788532641958  0.35853978487798494  0.36545026422635790  0.37458214847390658
  0.38368167964164590  0.39163333341391854  0.40155964087706481  0.41437465738017742
  0.42686311669595789  0.43751620108064648  0.44455239849519007  0.45221729792459958
  0.45980032946071869  0.46740357042886871  0.48027856035733080  0.49207432578408478
  0.50400422329334016  0.51755619614432236  0.53204029897061311  0.54707293585472283
  0.56195961770489034  0.57402636081504232  0.58293315460838435  0.59224313287711083
  0.60203571331001704  0.61294535968750008  0.62459720927813100  0.63275765089498237
  0.64132521305602630  0.65036758256649174  0.65979618033205767  0.67166458263920348
  0.68382606698952653  0.69581288692907250  0.70811459008878208  0.72104610373990718
  0.73366040562136947  0.74648047333433165  0.76047351661258900  0.77470584620169625
  0.78858915905527405  0.80314028055256825  0.81811100153613203  0.83187794426559947
  0.84504132162183587  0.85598591284340020  0.86466556077091317  0.87274329239038706
  0.88131737588351167  0.89100626775682201  0.89910645668526890  0.90528326784618696
  0.91113188632815223  0.91854623276585068  0.93015576242158537  0.94247555142833472
  0.95584154662637877  0.97039062040569968  0.98536633517063688  1.00000000000000000
 -0.00339524704402427  0.00719784453833159  0.01721446693443127  0.02677750817784126
  0.04007488355803823  0.05138842844524190  0.06181040543234434  0.07268748310600549
  0.08444014602565518  0.09664423144036062  0.10905682991391555  0.12192367581796547
  0.13262707409345559  0.14056752440372264  0.14817782725209563  0.15584884808133440
  0.16351732938959251  0.17316048677771079  0.18745100874240786  0.19877262888645095
  0.20920351902526890  0.21907095726650599  0.22805478500501258  0.23641581997762320
  0.24471600590556292  0.25364598635785146  0.26468398639916563  0.27849986657098680
  0.29185865571097441  0.30451187808492575  0.31566118022287315  0.32689956598775116
  0.33715842931867307  0.34869359358028296  0.36074749992421579  0.37252630293811040
  0.38574738151578519  0.39965376010796771  0.41333008380933639  0.42665599007776511
  0.43978120896366568  0.45324954985193705  0.46607315097730795  0.47906372289386950
  0.49149772851558232  0.50335312610170069  0.51468631647074337  0.52631638855792151
  0.53901952959154953  0.55208880694503881  0.56316200093562041  0.57431738991129577
  0.58465703648814049  0.59527142397270350  0.60610950209094538  0.61703895988478552
  0.62709267697724458  0.63580774729521927  0.64377226953913191  0.65096249966023123
  0.65988033573293725  0.66891723836099182  0.67830658380466546  0.68821586502738985
  0.69835856675744412  0.70827011666161532  0.71842622220014218  0.72839244055631081
  0.73986400407717501  0.74994167239459975  0.75643808518773414  0.76413297117100343
  0.77112976244199283  0.77739421146947574  0.78401264499952039  0.79081679536286686
  0.79683441908383623  0.80427234365091027  0.81165840833727032  0.82080937355577299
  0.83067948470031494  0.84391537245176029  0.85781956865278608  0.87155291953135727
  0.88519698632331023  0.89804133225149263  0.91130362621291705  0.92469427264262949
  0.93893811413972517  0.95197473228372453  0.96224680720083111  0.97096667219647881
  0.97953996881122718  0.98671572572586896  0.99339791129926902  1.00000000000000000
   1.2880250595794087E-016  -1.0000000000000000     
 T T T F F F T T T F F F T T T F F F T T T F F F T T T F F F T T F F F F T T T F F F T T T F F F F F F F F F T T F F F F T F F F F F F F F F F F F F F F F F T T T F F F T T T F F F T T T F F F T T T F F F T T T F F F T T T F F F T T T F F F T T T F F F T T T F F F T T T F F F T T F F F F
