  0.00493573357620053  0.00517266403675715  0.00544207535782675  0.00591424353839412
  0.00638431906347013  0.00685063563332728  0.00739185147960469  0.00799316502309308
  0.00863379602398285  0.00929645234137856  0.00999868560847832  0.01088347843970556
  0.01182359765764095  0.01279334029703312  0.01379319113907165  0.01486987721682064
  0.01601172871639709  0.01720909892122482  0.01848071113221136  0.01991223154563125
  0.02146782009055020  0.02318443703456968  0.02522891466696135  0.02743693058084835
  0.02980017787027509  0.03236652341193302  0.03516616705363464  0.03812355230982209
  0.04144589058929253  0.04532319163205253  0.04954881811848330  0.05392367011963357
  0.05830474772864634  0.06271378369707482  0.06733348309881179  0.07242336241453974
  0.07781583653540969  0.08366963310427102  0.09046130111667719  0.09778260467646104
  0.10582872201903820  0.11437340735458297  0.12309923482609345  0.13181040342442912
  0.14085932891786301  0.14999013638708553  0.15957186374804458  0.16958970699627854
  0.17961824791975006  0.18988827314321086  0.20032723674913996  0.21115943157572617
  0.22193722399040616  0.23320286327145334  0.24480173808154163  0.25670872641925252
  0.26855848525324061  0.28028735075933064  0.29242664398222218  0.30502443746607516
  0.31756752536149618  0.32978058652228553  0.34261900006528989  0.35704604176788307
  0.37200287810270888  0.38686074474149967  0.40165734925633934  0.41665501936168114
  0.43190234060137528  0.44746262745594134  0.46322314183197272  0.47940382989257224
  0.49510062732822929  0.51040386794384762  0.52588233962965203  0.54190251774285769
  0.55838459694078091  0.57539855561516684  0.59262689210226638  0.61049158644062096
  0.62853416152597763  0.64689047263831467  0.66413852345508362  0.68101311834584977
  0.69857185579247494  0.71670429286659376  0.73584963072188270  0.75466025569879935
  0.77368263043889440  0.79392187756406696  0.81742913582635168  0.84131969289057185
  0.86614431253999435  0.89408461804521622  0.93290246290644085  1.00000000000000000
  0.30879335277475134  0.34242405117488117  0.37236973652513544  0.38881698345723403
  0.39903701628900778  0.41098860032858497  0.42608780043011263  0.44075036941346707
  0.45509972868612397  0.47035615286082538  0.48652168377711230  0.50512559211622265
  0.52162856560391502  0.52552119875803838  0.52755617780278763  0.53223134429611219
  0.53726314664000296  0.54092495492508674  0.54489592103349782  0.55007784090358269
  0.55701690695387762  0.56175241730927061  0.56506034991764398  0.56837361102483863
  0.57153825977550132  0.57458720974615118  0.57739732409588396  0.58093538378857534
  0.58436810602244937  0.58760677771627223  0.59107308436324624  0.59448943319309788
  0.59747120578561730  0.60047877045054343  0.60287814622476543  0.60438475775206402
  0.60600587879132173  0.60764851026045541  0.60935907807130874  0.61108971845059079
  0.61240713705865801  0.61788436169081040  0.62493497373359042  0.63124944348752743
  0.63413041842230311  0.63685440718242525  0.63962135635806106  0.64227858167302010
  0.64491387968496916  0.64838333404715331  0.65176606718530583  0.65489173151082269
  0.65779517078031380  0.66089619959716472  0.66418254042604619  0.66801679596352692
  0.67198305985534978  0.67583631377352460  0.67986319408664841  0.68402195776627028
  0.68866182355861716  0.69313407855588682  0.69706153934851356  0.70096362115732191
  0.70556437848138198  0.71039773148435759  0.71542543832687799  0.72074950696225648
  0.72490865927364390  0.72872333046830173  0.73219470295299904  0.73583470096616865
  0.73949736860940130  0.74377666031916234  0.74906012820347989  0.75550776817373200
  0.76264008091487867  0.77070112688599479  0.78004490298994589  0.79230541146662636
  0.80467248274513770  0.81689404663460330  0.82846004343733226  0.83960996208942018
  0.85009763471437794  0.85968814361952572  0.86880086790604649  0.87793457074019154
  0.88716176169854288  0.89693057535692822  0.90742426710093183  0.91847227819517041
  0.93066326285871082  0.94509495938918731  0.96541312161740744  1.00000000000000000
 -0.00218114175592300  0.00887966753358183  0.01951974855429732  0.02787475472614745
  0.03541075291407415  0.04260912026163446  0.05031219252220312  0.05899152286884759
  0.06911137580773018  0.07823670435656833  0.08736508821190889  0.09706868651886297
  0.10718284808201861  0.11730604208264066  0.12709377613901113  0.13665155397954881
  0.14596076731669644  0.15593510482708861  0.16655899063141555  0.17712105421162913
  0.18766537299215719  0.19804097604141846  0.20850587995120087  0.21961215240910550
  0.23100087197022040  0.24322912862173462  0.25525870622665814  0.26738943585365865
  0.27939427683144746  0.29190243827333989  0.30295254727178333  0.31413085010308256
  0.32535253184909041  0.33763521282284575  0.35087795164075686  0.36475998838418616
  0.37768509715661991  0.38902025133990614  0.39974239384443383  0.41041377654362443
  0.42108334588485297  0.43134464534481187  0.44125530297039756  0.45207638493048674
  0.46218236816678054  0.47421071580834795  0.48550375938003343  0.49577696206054156
  0.50569783678168267  0.51547325661454757  0.52569409104433718  0.53584901120874795
  0.54587566923028719  0.55544474791030263  0.56512991345886554  0.57528920798384076
  0.58603550834053686  0.59728015782702171  0.60854873908370966  0.61983981309279301
  0.63104140932799380  0.64167123746303834  0.65190336278351990  0.66149437837377245
  0.67179535337623331  0.68336621742893167  0.69407838067531014  0.70409423706241125
  0.71388247035265129  0.72389608360197344  0.73273779939157602  0.74146768431621024
  0.74999680658445556  0.76111672745605385  0.77034276009478075  0.77888366951384103
  0.78718585363292459  0.79653872661247282  0.80733572294300415  0.81880512901876790
  0.83021633380506932  0.84152626869072600  0.85206887345321725  0.86185164116134261
  0.87230411111373940  0.88475968715511266  0.89822098684759089  0.91068068321560225
  0.92228070700310483  0.93358554465193899  0.94442390009762012  0.95517108915982030
  0.96634942283375747  0.97838353299761671  0.98906298431512685  1.00000000000000000
 -0.00314853515618118  0.01127061036898387  0.02380531967148292  0.03553817245301003
  0.04666734477354664  0.05690899840316969  0.06711793653138862  0.07729418525982799
  0.08722090888220294  0.09701772233038640  0.10717585699997187  0.11846842156637324
  0.13173300299553620  0.14497368859472498  0.15882590538248378  0.16987937469426723
  0.18122557532167602  0.19156588943217986  0.20362809685285324  0.21626212852044938
  0.23004342151923052  0.24235510526059656  0.25422396975221251  0.26517809809850867
  0.27641342974095084  0.28776087000837330  0.29936457158202701  0.31060654961672596
  0.32206108001829875  0.33314825068547493  0.34511847679557345  0.35664059882944010
  0.36784486423062174  0.37917214082939155  0.39082124111907940  0.40073458261984929
  0.40945587607423928  0.41828914265358674  0.42731788966305823  0.43585253603805330
  0.44426559622864925  0.45329670094419661  0.46393135429274834  0.47556636879473713
  0.48631361742355045  0.49570362627077319  0.50490712065304544  0.51427511994271624
  0.52415708262080951  0.53351025079308745  0.54202164929212338  0.55136449845156510
  0.55989148569778224  0.56932121592934870  0.58173520538523060  0.59377709798272071
  0.60345032923448694  0.61300534947455332  0.62199486375352198  0.63160610584368948
  0.64143583225615097  0.65004599041453703  0.65734471884565349  0.66529386160958792
  0.67370942864691430  0.68312791303481135  0.69277849947766412  0.70198910625407407
  0.71126213110258152  0.72153295602461243  0.73223973965915445  0.74353873618387556
  0.75546670317744635  0.76761784012242229  0.77988871584054975  0.79197803905150643
  0.80356982956433554  0.81495280553490579  0.82632509936273679  0.83780174998145662
  0.84828959960616224  0.85792433747781405  0.86766115830245594  0.87771301515149891
  0.88903735804793738  0.90081254592042603  0.91064346602610124  0.91999296367621886
  0.92997739107322663  0.94111268894313393  0.95235950527033852  0.96195669459085797
  0.97141872990917222  0.98046377381863670  0.99033448601328489  1.00000000000000000
 -0.00275767244178454  0.00920425285530978  0.02010942165321317  0.03027722640752476
  0.04095203544445503  0.05214370567095050  0.06347062263884522  0.07362554238187224
  0.08417735262166647  0.09548283101447007  0.10764515575004988  0.11845751082469348
  0.12874604975567125  0.13898770249224926  0.14907190786812410  0.15853255290965268
  0.16759374114747205  0.17795051433514064  0.18891706378968290  0.20088446861338946
  0.21300511262760963  0.22424411658882420  0.23499329290725773  0.24485759369980159
  0.25405907197899913  0.26281225916711765  0.27245264822085513  0.28347644813121109
  0.29439293862117760  0.30451494036987337  0.31422589963347974  0.32453199067658922
  0.33566695038094058  0.34664300090121186  0.35587134163568396  0.36318984810500982
  0.37099387815393592  0.37970455056204844  0.38851834987432188  0.39652403735071662
  0.40407859444728028  0.41222339937511271  0.42222511669619961  0.43423922345373822
  0.44551577759054117  0.45591403782641649  0.46597559699353069  0.47623438781027622
  0.48740918517261189  0.49920516861995834  0.51069983703800137  0.52132974048285741
  0.53168847072173331  0.54177113102004926  0.55237908265762614  0.56328987263813990
  0.57385843298487715  0.58465030652186056  0.59591665502845859  0.60778133891248509
  0.61953240419143474  0.63155610720191580  0.64398849891640786  0.65682919910371773
  0.66916391178044032  0.68036215128597388  0.69058344664346372  0.70138800244957999
  0.71328056514191929  0.72377009076953258  0.73245642531483635  0.74043762273125213
  0.74888890869928826  0.75903625930583463  0.76943659566057210  0.77971113806501680
  0.79061577717862841  0.80182148362320860  0.81307816124355214  0.82332051318548527
  0.83382718249773013  0.84453055242851527  0.85683258950861996  0.86891565958252737
  0.88114441811432920  0.89288055634923857  0.90512344073790962  0.91700025684629360
  0.92944031210515043  0.93965157130754140  0.94882384312482992  0.95766917834580290
  0.96631101308728728  0.97756251786151660  0.98901741344960392  1.00000000000000000
 -0.00285889587428914  0.01027724894094496  0.02096684460224493  0.03189192233557200
  0.04267605408363622  0.05409164759462106  0.06489424197638556  0.07654531951581872
  0.08752441610199926  0.09897095951037160  0.11081143269889342  0.12284476610031661
  0.13525387567275624  0.14709666141483974  0.15857564131072194  0.17042697039812305
  0.18208137222923262  0.19303844279489110  0.20357680041109205  0.21444609957487962
  0.22559155296339339  0.23673569172189407  0.24750090850523326  0.25770195040235572
  0.26780170071119375  0.27855960355067583  0.29037211273009939  0.30293403426179477
  0.31628265116322779  0.32930431029909885  0.34115120845010510  0.35211195466833367
  0.36357778161628362  0.37495470542078851  0.38612112244771096  0.39725217548096675
  0.40867087163911631  0.41807016394884644  0.42630949448431299  0.43480285120808948
  0.44344929420602336  0.45344453666637080  0.46402900976654554  0.47470866387253907
  0.48559679190427008  0.49456832402538231  0.50378897345876694  0.51319101982187920
  0.52273187509400221  0.53259540747028855  0.54277753009681928  0.55451510204317800
  0.56717019319726569  0.58047516000183519  0.59207087654318458  0.60163891384440704
  0.61060003653837636  0.61931507952575149  0.62755357982787019  0.63561057265293119
  0.64397468355134158  0.65301746211963863  0.66187001130079093  0.67081104725726648
  0.67952858191169596  0.68868931720024407  0.69865257277655324  0.70851713867055788
  0.71837877299756947  0.72844699194228291  0.73837650813626432  0.74956479359745465
  0.75908846721529666  0.76886453149324308  0.77855855342004199  0.78890143418447956
  0.79974169787031080  0.81031694322945058  0.81960108482829708  0.82921598247284156
  0.83923790620643179  0.85060397483108019  0.86297690586109155  0.87360808489892749
  0.88384168442560529  0.89421282090818244  0.90623535887641804  0.91785039776978739
  0.92851588905419069  0.93844553039006451  0.94817504475523129  0.95867877596039852
  0.97028087613398428  0.98164040769188354  0.99098907503934686  1.00000000000000000
 -0.00252377969095948  0.00937014907093336  0.01947252006053729  0.03089955613295793
  0.04174749957977777  0.05194919629842903  0.06225993609075455  0.07247131141105807
  0.08259168680813152  0.09017435498278394  0.09732143842724240  0.10551935467061392
  0.11445495880623964  0.12231856362604294  0.12973609567300420  0.13718159281531711
  0.14463747518887166  0.15320613549972847  0.16288137925533905  0.17265690920316829
  0.18367316325460653  0.19480012046462844  0.20595253110804174  0.21639752178187388
  0.22631482530892075  0.23714996265204780  0.24848712915112767  0.26064739501318812
  0.27275791663730059  0.28495690216986702  0.29585813199274230  0.30646611945861973
  0.31708442620279104  0.32684450578489982  0.33720606286657240  0.34713171225041484
  0.35628932718915585  0.36755588263249095  0.37844929351650725  0.38827066621860967
  0.39784391802213226  0.40717486821804683  0.41705210299578915  0.42769971169789489
  0.43934323047960766  0.45112238975979785  0.46207544259114725  0.47301252602325977
  0.48496589634821063  0.49683197266076573  0.50803112148530194  0.51924550706683692
  0.52785496078072969  0.53703228016497229  0.54666743297980014  0.55635493067839314
  0.56635222693039233  0.57594334637489197  0.58567687475206609  0.59640508229823153
  0.60789328898123596  0.61911443737214056  0.63007747440011064  0.64027039105144579
  0.64968293263952892  0.65913051564211778  0.66863029245435535  0.67921028137180095
  0.69187357264085436  0.70446001509047218  0.71699899558152957  0.72910819404229532
  0.74027130813194086  0.75111560974296243  0.76233800634362736  0.77438339766336151
  0.78622243359994226  0.79813886048506988  0.80976475985116647  0.82173026520587267
  0.83306605555728763  0.84463809343346385  0.85665201118276502  0.86909723699345609
  0.88171123748683899  0.89353885543512723  0.90524266138422471  0.91695619661014893
  0.92908569606556757  0.94108977615352374  0.95110069119447238  0.96100847992660643
  0.97045344816052015  0.97970977027299799  0.99011508230274681  1.00000000000000000
 -0.00317458244774852  0.00916351924729482  0.02064442863000038  0.03153344191579874
  0.04236427057660151  0.05336715042042465  0.06345148397303081  0.07404649105473320
  0.08464334563308501  0.09522132636881894  0.10542139502119716  0.11488742820338420
  0.12488393390040116  0.13554993564464668  0.14744086770278703  0.15971639491988765
  0.17143203111297650  0.18237194875511162  0.19286842392733738  0.20379736657784861
  0.21447618815374817  0.22448782603794726  0.23387617803274313  0.24288554764494530
  0.25232394413453818  0.26224086665149221  0.27321551231158747  0.28564777457236878
  0.29694576511081872  0.30614898629492526  0.31516533766083055  0.32461532694000156
  0.33561368176909828  0.34674250052013700  0.35861162676163416  0.37029821994215939
  0.38167603215733670  0.39213592536310676  0.40242268286597010  0.41236042582986698
  0.42198951276420188  0.43166425483373000  0.44215482222547386  0.45434104699889938
  0.46642110969368300  0.47728872885020229  0.48764064924015066  0.49772884390005706
  0.50845800531167085  0.51907377118011555  0.52886659325849583  0.53800936980720948
  0.54726309391559513  0.55711744988002787  0.56804780540514199  0.57854751602279242
  0.58882110205508165  0.59902674892632479  0.60970794493522407  0.62168597877958487
  0.63414300249550581  0.64614189343425910  0.65868317178494395  0.66908713585333124
  0.67788696015276273  0.68721560939266291  0.69667380011304214  0.70640322822610535
  0.71561680879300471  0.72447044157840168  0.73375854212375258  0.74377911679241615
  0.75426133426101705  0.76585048468001504  0.77759473761926790  0.79034622199271753
  0.80395957444979860  0.81737699284775589  0.82983114014310644  0.84188680367647928
  0.85325539859954058  0.86315301188964655  0.87240287009920903  0.88188869578959372
  0.89133769720584666  0.90047917756441409  0.90950148951692689  0.91861842293407303
  0.92965309167231602  0.94020699828373633  0.95039332167290880  0.96046248730385309
  0.97147243946834194  0.98166070644119074  0.99093695386028890  1.00000000000000000
   5.7739715358974725E-019  -1.0000000000000000     
  <DiscreteSampler_grid>
  Helicity
  1 # 1 for a reference and 2 for a running grid.
  20 # Attribute 'min_bin_probing_points' of the grid.
  1 # Attribute 'grid_mode' of the grid. 1=='default',2=='initialization'
  0.0000000000000000 # Attribute 'small_contrib_threshold' of the grid.
  0.5000000000000000 # Attribute 'damping_power' of the grid.
 # binID   n_entries weight   weight_sqr   abs_weight
    1   4845   6.939668756348205E-019   1.333014317664307E-035   6.939668756348205E-019
    2   21   6.234167740600644E-022   2.271324762157090E-041   6.234167740600644E-022
    9   20   4.099101882738063E-031   2.966027997160314E-060   4.099101882738063E-031
    10   20   4.049089211786494E-034   4.589929102888233E-066   4.049089211786494E-034
    17   4432   6.476530841401361E-019   2.044154104184969E-035   6.476530841401361E-019
    18   21   7.143386620424652E-022   1.190781929119849E-041   7.143386620424652E-022
    25   20   6.950687269194450E-031   1.627640129661365E-059   6.950687269194450E-031
    26   20   4.477627575849897E-034   4.377211014290332E-066   4.477627575849897E-034
    33   4703   6.630112913818234E-019   1.341111702024663E-035   6.630112913818234E-019
    34   21   9.151578633611383E-022   1.920928546804003E-041   9.151578633611383E-022
    41   20   5.053032591336653E-031   4.189852476933151E-060   5.053032591336653E-031
    42   20   6.195297698871569E-034   8.964028867011357E-066   6.195297698871569E-034
  </DiscreteSampler_grid>
