  0.00493713319487734  0.00525668097378136  0.00557622875268539  0.00588519423771133
  0.00619251718479562  0.00653081001769597  0.00687819996222692  0.00727431167551915
  0.00768020902905391  0.00810103960100152  0.00855221834972656  0.00904825250722657
  0.00964935571158759  0.01024496681931704  0.01085434414431037  0.01151216109973164
  0.01222502217973583  0.01298529177150525  0.01379945439552553  0.01468152509666171
  0.01554728158625184  0.01644286005203148  0.01742614398750944  0.01850541405649588
  0.01967501387623134  0.02101647018706995  0.02232506930800309  0.02366977561708461
  0.02512231577830617  0.02674423733026426  0.02869519217672819  0.03073936213937818
  0.03272046645952319  0.03479519004232134  0.03684495373810049  0.03921880162019694
  0.04184982280150575  0.04511271437514067  0.04916228332138374  0.05320188515753992
  0.05753905034582881  0.06220600664853823  0.06790737537311395  0.07451605549168573
  0.08097368599078587  0.08808596516919197  0.09546766808405172  0.10382972494705810
  0.11286799574923012  0.12243418123189934  0.13288000340636832  0.14374696510558749
  0.15494487087844500  0.16587662889399024  0.17719981747331395  0.18937813941430542
  0.20252448668689083  0.21588366060949038  0.22909647564341773  0.24245252926277666
  0.25578824359171026  0.26979513085707330  0.28399947583334056  0.29859978086835948
  0.31338493812213869  0.32859592418447320  0.34324728256812398  0.35823465551135625
  0.37446783831283392  0.39108020429124324  0.40729796786270250  0.42292346773807371
  0.43823602040760645  0.45372619669328246  0.46942933013992133  0.48600340842292045
  0.50371652206696815  0.52305469884996314  0.54395077863678987  0.56434126943862439
  0.58388412859678951  0.60271329942169716  0.62213825045868454  0.64204791018749674
  0.66071408417569932  0.67979153278608162  0.70122550042456855  0.72494702321254501
  0.74888731337944481  0.77445617274112721  0.80103529779699201  0.82724414455578432
  0.85752268706281876  0.89069804060153057  0.93136282915960000  1.00000000000000000
  0.29406389876340161  0.35885456983891295  0.37759382507492611  0.40217147259428615
  0.42648799628200706  0.43035572594632315  0.43439194597839043  0.44372915721958289
  0.45497995220010973  0.46578557723846281  0.47374109322063784  0.48113552806164117
  0.48696278059441511  0.49120998142603051  0.49539695715754278  0.49994474409911110
  0.50411171909524488  0.50786332125118339  0.51558447167480936  0.52349837415440137
  0.53054160361137681  0.53685451133745032  0.54161488488967324  0.54556274511979919
  0.54906428892331560  0.55191262477875158  0.55425907207024494  0.55656981747390732
  0.55928955591474105  0.56176748305053681  0.56424203783196891  0.56652795228315023
  0.56829092822458172  0.57151502073626825  0.57606089153390716  0.57986906500137381
  0.58279783822048370  0.58583396310043212  0.58928472851326474  0.59279368946433275
  0.59623207946205947  0.59970675144269636  0.60293449178110547  0.60563634459946369
  0.60820840637349904  0.61067050838435188  0.61314922898239843  0.61582675282295440
  0.61884392248731801  0.62222329677937260  0.62463726297504774  0.62659512472056333
  0.62835037766360324  0.63035265353195424  0.63310706339169542  0.63656614585204707
  0.63970458956899456  0.64245437417640150  0.64488125643896432  0.64718470195513944
  0.64963253837975887  0.65246581438044482  0.65570176083241605  0.65924986404945507
  0.66324235931295161  0.66847892908206896  0.67446662468853957  0.67983145991047977
  0.68388104738367017  0.68783493186726408  0.69176447781265538  0.69651075789006089
  0.70230392506718542  0.70779009626176315  0.71251239712453152  0.71706395765157060
  0.72185015262467611  0.72725985210141741  0.73302158966372066  0.73907413531131871
  0.74584666695074620  0.75405020691642377  0.76474567878045374  0.77880854735019067
  0.79210642905656847  0.80600445340139237  0.82112697189998862  0.83729914876121314
  0.85183256976450505  0.86516755156027747  0.87871801764302127  0.89342690493124532
  0.91009241211532177  0.92915120190600609  0.95488288405489130  1.00000000000000000
 -0.00334579683105017  0.01302204605875364  0.02581132239538947  0.03819472323607200
  0.04907704813882315  0.06097624594113854  0.07347296047764984  0.08614704693943741
  0.09684171017737242  0.10789484717008060  0.11797487689040191  0.12746841654967911
  0.13610327615529264  0.14459453565895988  0.15355617891774828  0.16314458215608055
  0.17330418424732033  0.18234180443455794  0.19066078333349379  0.19915185391388993
  0.20878370737239638  0.21918646622913199  0.22890356187348143  0.23802077105996530
  0.24734373545202076  0.25720610910977343  0.26675885462947763  0.27635554341179602
  0.28579265052093789  0.29572103966300178  0.30681077149050817  0.31827512504843936
  0.33044846104918346  0.34305434446177868  0.35485691394087843  0.36490026256832425
  0.37593349160089573  0.38940323159516188  0.40342241855118632  0.41546011535817190
  0.42529541195056664  0.43348565922321991  0.44268131848309494  0.45161390589116257
  0.46104172918000369  0.47069835707074331  0.48136420267722552  0.49326726587095776
  0.50587233096302275  0.51718351854762967  0.52729815407906444  0.53589250026885515
  0.54510351200382123  0.55474752289311824  0.56526121131052443  0.57507573426555247
  0.58447542162853150  0.59521890213510253  0.60736341144345596  0.62042050977200536
  0.63352074374251388  0.64620267120993924  0.65630874126376060  0.66619521701287199
  0.67622821279565837  0.68516755520979111  0.69424422906364258  0.70376068082029442
  0.71396282035913039  0.72442130207485533  0.73467885846038172  0.74367168927473570
  0.75249994603965242  0.76196948990569358  0.77316605575406538  0.78574608503141030
  0.79752341587008768  0.80859411184254459  0.82014970810030130  0.83345522486804469
  0.84872936061932791  0.86184339693037226  0.87194739672074728  0.88122101074494885
  0.88923621304714695  0.89699713697239103  0.90410046511099051  0.91161151653003991
  0.91960518959798410  0.92950955690952142  0.94031955117580279  0.95149739933116606
  0.96357514312246895  0.97573112529754258  0.98751760808811295  1.00000000000000000
 -0.00266050011756953  0.00912659637032949  0.02011039405611609  0.03097511811619273
  0.04229638803563075  0.05441063238228672  0.06544323328517246  0.07470257794293837
  0.08507497858140643  0.09442609570112021  0.10336084478087121  0.11202282324356366
  0.12096255875273157  0.13151231578598804  0.14251344416743750  0.15348963114967065
  0.16399146390104277  0.17493881160628591  0.18548279566119455  0.19643603896695513
  0.20782067179358754  0.21926066365571414  0.23051547817466841  0.24214979640395778
  0.25452852361559836  0.26787755574187500  0.28118517768312434  0.29394490959488118
  0.30667910338596949  0.31927299847008878  0.33066556396166347  0.34233402102045729
  0.35414765873799925  0.36596534549704596  0.37794033471938904  0.38889276120796701
  0.39889748755156096  0.40711419974078666  0.41630578193928713  0.42618067946290261
  0.43596213001278372  0.44561042362357783  0.45488010138141655  0.46537341744301736
  0.47589454545486026  0.48545913954667730  0.49423982415008555  0.50350524838015864
  0.51387715837774950  0.52558371495762402  0.53871725981567309  0.55309026142406992
  0.56817097561847474  0.58337325462065570  0.59709757204412117  0.60888953528811707
  0.61992822504071166  0.63119560267396446  0.64183913407141213  0.65619324997712036
  0.66838130209265179  0.67861304210606799  0.68894340853766733  0.70048365396829393
  0.71267179048241613  0.72502949946541562  0.73761792781581714  0.75040094577526983
  0.76242580218802558  0.77355686191935680  0.78281199129486989  0.79167484067226368
  0.79954614422354153  0.80666295696425816  0.81411134235002891  0.82231448366291671
  0.82982060338884100  0.83854304870626728  0.84789398298627106  0.85776468209512757
  0.86768398395618074  0.87742586951926671  0.88666375643881545  0.89478009381550305
  0.90246060303431241  0.91062056213606046  0.91933051565596846  0.93005157701441898
  0.94020374080318514  0.94907371068497093  0.95736122969485926  0.96709720541674149
  0.97663363689040938  0.98468102468310381  0.99230336662498408  1.00000000000000000
 -0.00320586194611418  0.01167314158431471  0.02374133635460035  0.03559360804571365
  0.04582558074760047  0.05453185755582368  0.06289515883390875  0.07097656868732961
  0.07941990851342511  0.08845194499072058  0.09782312755312783  0.10624810249701828
  0.11457474385944287  0.12328579385037131  0.13324006141281244  0.14306777211049002
  0.15128210392647179  0.15944523900128671  0.16909395554381546  0.18017506124014526
  0.19050506855121221  0.20004234865335413  0.20988467395126637  0.21942215671141418
  0.22855958333231341  0.23847061247328924  0.24825218891754816  0.26023626197877431
  0.27308838513569872  0.28520123691031546  0.29638092897663992  0.30659942253102684
  0.31680564284927382  0.32776116355652213  0.34064030213228114  0.35394402560209848
  0.36635550838017772  0.37787755717122107  0.39000170882600266  0.40128972499486876
  0.41289933174525634  0.42508943480780209  0.43866009696017572  0.45285747471575355
  0.46738814241854615  0.48188043136601288  0.49530308656754873  0.50743025602174352
  0.51852123754468815  0.52864447259167058  0.53880231420193758  0.54898023260929629
  0.56018940085891489  0.57096782819856740  0.58097428567089027  0.58993065665763511
  0.59886858682314403  0.60828380658610359  0.61814100952352180  0.62887095539918236
  0.63979850433428531  0.65019604913316265  0.66010999032704587  0.67075894239610689
  0.68246917540949925  0.69484530580163539  0.70717661667744702  0.71855301507890246
  0.72863531366026879  0.73610886978559309  0.74320049047344605  0.75088276836366552
  0.75771420129946332  0.76574258782024540  0.77474700131674357  0.78313861441543375
  0.79084732618660269  0.79984855237164421  0.81094574016775867  0.82483867480404605
  0.84033353791096566  0.85603559442793242  0.87135271280686533  0.88294078349556582
  0.89154515791671640  0.90006545324089060  0.90852380982782288  0.91950433782044072
  0.92916451461548866  0.93784417237074424  0.94703532356036302  0.95649564495855233
  0.96768395136303220  0.97854121119007464  0.98886069000096144  1.00000000000000000
 -0.00295819878445477  0.01044714381298616  0.02044823142124724  0.02930274521666576
  0.03797104264627724  0.04703422287727464  0.05561535688709970  0.06395872243641881
  0.07263127061783463  0.08204267258654280  0.09158670268487974  0.10096336207826873
  0.11121594390984341  0.12223263900567426  0.13231846130422945  0.14235832984620228
  0.15223723638950054  0.16173319901810823  0.17090826015653091  0.17893114179895397
  0.18657325717258030  0.19397398597312426  0.20147074985260685  0.20921457984684211
  0.21775503938825128  0.22725124120471446  0.23761677257356822  0.24854468727948884
  0.25926260043629268  0.26969274114596281  0.28054559750822905  0.29088142485560864
  0.30131391383925860  0.31244680513406226  0.32282718754243106  0.33529097920561735
  0.34855347418897120  0.36181425314735022  0.37473144085534066  0.38722538228519421
  0.39959086106306185  0.41209266655442423  0.42472916531637578  0.43772680832314947
  0.45086300622945052  0.46377152518101628  0.47575960930079308  0.48701269050267448
  0.49863641917601664  0.51046444577714190  0.52260015453425923  0.53352146893384211
  0.54438820050144698  0.55534421946329815  0.56748492569909947  0.57978558792940182
  0.59289905514006969  0.60555701452606714  0.61769295750285591  0.62991998039574149
  0.64172972618242186  0.65325180391496762  0.66483076752454595  0.67567583759982219
  0.68656815443400554  0.69752243481859633  0.70768382206641844  0.71602267474803405
  0.72500842382675534  0.73639895693067581  0.74776856576754402  0.75760169130111488
  0.76747374589253636  0.77815928417599023  0.78958545157150239  0.79964697453613276
  0.80982667316386547  0.81823349527693112  0.82673444785839700  0.83521202029791142
  0.84379888744030451  0.85235720002046766  0.86026928471526942  0.86727344928735328
  0.87332482795036181  0.88282310106631101  0.89355786940988602  0.90408765584810202
  0.91454533407453353  0.92612042243113357  0.93684688867626631  0.94833371822949797
  0.95925435449419882  0.97303151292735146  0.98635137655632232  1.00000000000000000
 -0.00178603773061531  0.00629131571046208  0.01377322083613443  0.02204526905520006
  0.03105083825998532  0.03974460945338399  0.04854322025393880  0.05798159233990282
  0.06796913325113929  0.07982916663885511  0.09324097446563101  0.10639187930792494
  0.11677221941557629  0.12633915626225103  0.13612109080572377  0.14653868161738715
  0.15857579469785418  0.17057121656618224  0.18061522095105009  0.18940256654146934
  0.19679532772391931  0.20435149793415874  0.21294389202180425  0.22112746037459607
  0.22871255478119901  0.23691392038197862  0.24474465527256603  0.25387299968603411
  0.26366627686026084  0.27484475739118408  0.28665842687650900  0.29923528824282397
  0.31097003597065925  0.32065468259730528  0.32980604206703612  0.33810503945083809
  0.34644942905059933  0.35461849382842392  0.36320345939707499  0.37245966634136829
  0.38237471672510964  0.39365711365207473  0.40394269714739695  0.41610768907902096
  0.42910427203835139  0.44179491989812192  0.45353535892784524  0.46456582063428975
  0.47625364078754073  0.48878566957371394  0.50120360426878141  0.51204107448150082
  0.52351931500196736  0.53406768174348451  0.54501626754597843  0.55584032213798995
  0.56617565477869547  0.57684811084067089  0.58839874616740551  0.60070312873082854
  0.61211885790789911  0.62197536286269983  0.63306594103013036  0.64521185913347179
  0.65857118209640908  0.67175120154493695  0.68458129517719990  0.69681865864343440
  0.70897067029516236  0.72091162035118028  0.73295278764000094  0.74581273749414467
  0.75981121926894712  0.77527808417534372  0.78970342038685792  0.80291059624370564
  0.81459553149070651  0.82611895328797869  0.83770241471366591  0.85028109364255089
  0.86329487947539763  0.87605915755605124  0.88685673258207465  0.89644253583815214
  0.90642896353624125  0.91703090293649403  0.92887042768277572  0.93886599665707193
  0.94679573228274727  0.95507933449613958  0.96413962914312346  0.97315671537345350
  0.98175643300303461  0.98852830338209052  0.99441022107019672  1.00000000000000000
 -0.00251416523823284  0.00812000398891005  0.01817347625820645  0.02681894151174020
  0.03505438837040296  0.04480079846171027  0.05437666512560184  0.06422620933770457
  0.07409269504828347  0.08344997844204542  0.09425643484150763  0.10601623655027204
  0.11852520761128120  0.13142590118871314  0.14134740453268210  0.15073554261963756
  0.16016264494100307  0.16984126411996650  0.17954771085546278  0.18897270713003692
  0.19846973008541585  0.20816135017636320  0.21835618524857675  0.22914064399793915
  0.24050148992860998  0.25146747126526220  0.26121151746118498  0.27131183303900563
  0.28070551435587116  0.28910289186376548  0.29686894398773622  0.30518526275475522
  0.31387423696613631  0.32527764082940341  0.33702268276839897  0.34804171860235206
  0.35738929854670903  0.36435854948389440  0.37242906789333907  0.38060003856583519
  0.38897859970064796  0.39688015461501402  0.40432121153398387  0.41155848168244175
  0.42118444529766252  0.43347432925522866  0.44868597048716985  0.46508275108329217
  0.48007748723267052  0.49328596110510198  0.50643516140400258  0.51892334133190587
  0.53081472762965975  0.54147325987604678  0.55188570758389188  0.56192812185485996
  0.57234174000903892  0.58171108086662693  0.59331942745053656  0.60506099488361498
  0.61722982524664982  0.62954495825722601  0.64170326673208833  0.65343293664737045
  0.66476720826165847  0.67623614667841880  0.68844724672098212  0.70158840754112739
  0.71377839822097178  0.72467302723514482  0.73558757293617483  0.74629141225868512
  0.75547069666265110  0.76311418125837738  0.77148409503592774  0.78062980070858801
  0.78933585600236278  0.79754216855950322  0.80621770307780938  0.81676902934173679
  0.82962707470094910  0.84147014412656884  0.85243575940834282  0.86323190726482057
  0.87496302131937487  0.88643558671343126  0.89730672077479645  0.90921652109718110
  0.92144327676647553  0.93335411488043052  0.94422516433339276  0.95461356047806345
  0.96463950733627279  0.97517181914431983  0.98692950057086348  1.00000000000000000
   2.4074936689748995E-026  -1.0000000000000000     
  <DiscreteSampler_grid>
  Helicity
  1 # 1 for a reference and 2 for a running grid.
  20 # Attribute 'min_bin_probing_points' of the grid.
  1 # Attribute 'grid_mode' of the grid. 1=='default',2=='initialization'
  0.0000000000000000 # Attribute 'small_contrib_threshold' of the grid.
  0.5000000000000000 # Attribute 'damping_power' of the grid.
 # binID   n_entries weight   weight_sqr   abs_weight
    1   4385   2.922498114457790E-026   8.635434053748263E-050   2.922498114457790E-026
    2   29   1.354539118576075E-028   2.319398878150210E-054   1.354539118576075E-028
    9   20   4.745293848497867E-038   1.581515725669449E-073   4.745293848497867E-038
    10   20   6.738964226309198E-041   2.189299899120324E-079   6.738964226309198E-041
    17   4456   2.945754947584686E-026   5.545499947414271E-050   2.945754947584686E-026
    18   32   1.055885483718671E-028   1.071482825984595E-054   1.055885483718671E-028
    25   20   2.229115798602075E-038   3.476259943037911E-074   2.229115798602075E-038
    26   20   9.670320163508783E-041   6.187916456504550E-079   9.670320163508783E-041
    33   5139   3.187321387989508E-026   7.443963134713311E-050   3.187321387989508E-026
    34   36   9.189366239719474E-029   1.427040423535508E-054   9.189366239719474E-029
    41   20   5.195445189081684E-038   2.224970989293754E-073   5.195445189081684E-038
    42   20   6.204149377643631E-041   1.883351160599890E-079   6.204149377643631E-041
  </DiscreteSampler_grid>
