  0.02420975838135157  0.03250819603699558  0.04266234289608332  0.05366510127691123
  0.06597001165091684  0.07945284550992457  0.09281666323952140  0.10654380073885197
  0.11942720164476447  0.13117105506890386  0.14288455815196657  0.15460161902730132
  0.16464727802017712  0.17416611969626700  0.18410249134735035  0.19556250657554627
  0.20652066691231630  0.21660494522939225  0.22710681601812557  0.23850038192109496
  0.25066820637078202  0.26155916009171115  0.27203016268913804  0.28248291068807818
  0.29244779375254698  0.30170222281275316  0.31150722410904597  0.32395850621991434
  0.33940769559348133  0.35611709978169243  0.37188592687676170  0.38610795878686516
  0.40025750930595760  0.41412774611721886  0.42269792409792972  0.42967623888955409
  0.43651968401224983  0.44373152732980442  0.45125687486115384  0.45847634606540333
  0.46700138338452268  0.47982040291719247  0.49310767703242014  0.50617958139801289
  0.51837944804895841  0.52814721499354489  0.53186676878545081  0.53581465230758474
  0.54012534175646632  0.54460476868432239  0.54944710651170570  0.55390098399963217
  0.56193526789797843  0.57117068272822735  0.58012948106810480  0.58915777772203837
  0.59880057018610500  0.60850730426631872  0.62075523655457121  0.63117489272464011
  0.64203848201643710  0.65155104533044028  0.66266187463029391  0.67295963197702402
  0.68082729541565612  0.68752752633574310  0.69482297271269311  0.70416179996896422
  0.71414643083957940  0.72429598191146827  0.73479229260774548  0.74721513020579133
  0.75968248754811785  0.77103628014033543  0.78333433479460468  0.79461838190215550
  0.80451478156645773  0.81456317673886069  0.82563096807217751  0.83749785860535042
  0.84899855906197819  0.85910059349418866  0.86798667724505574  0.87638255180425306
  0.88528451427475174  0.89312153397062466  0.90411816940798984  0.91431648453611036
  0.92512701340632864  0.93565496630013312  0.94554132598522622  0.95395111381642894
  0.96114765308352890  0.96749945371040347  0.97062289982561245  1.00000000000000000
  0.00026506226590001  0.00034436325772370  0.00038568412770508  0.00041925168848982
  0.00045527448562423  0.00048724646812502  0.00051920995858356  0.00055402936790024
  0.00058850402404657  0.00062923163237242  0.00067959545185485  0.00073172477195135
  0.00078290901132983  0.00083783393520406  0.00090290048351980  0.00096956186537546
  0.00104818751489328  0.00113440510909492  0.00124589840803405  0.00137887586952872
  0.00154044206508295  0.00171562811686631  0.00192322830214083  0.00218838400722595
  0.00251596422094379  0.00288403042325515  0.00329214279595241  0.00375309086654228
  0.00415977741799678  0.00459712244494142  0.00504241843341380  0.00555088007858243
  0.00610618584643658  0.00679699940510739  0.00756079030378535  0.00827727706040772
  0.00898758154502147  0.00978017891826732  0.01083800788317931  0.01205493170283104
  0.01302100842970150  0.01389014249547950  0.01479146104241150  0.01588224271868596
  0.01742252573320443  0.01932246677857475  0.02122637405130731  0.02338203425890895
  0.02604265497067247  0.02933504365314862  0.03322585000434745  0.03706573694659034
  0.04085410373316706  0.04489220160133175  0.04916235226510025  0.05404046416522747
  0.05884690910816505  0.06387611684058654  0.06961850950895897  0.07639943988172819
  0.08352515676118558  0.09018106081748453  0.09718728215307340  0.10419367496628495
  0.11177308107766121  0.12120904185784453  0.13347757823468451  0.14569850490662781
  0.15742689534583781  0.16664816317969405  0.17440280499264552  0.18156590770411593
  0.18965797958085936  0.19986770575177470  0.21187229369678018  0.22546389074079562
  0.24040279757918481  0.25681083186423603  0.27872688182400873  0.30671857093986410
  0.33201811151589683  0.35614096827170361  0.38566225452053099  0.42360936284159967
  0.47924638839387784  0.53713103720583211  0.57807683460917048  0.60463279113816581
  0.62969666209839636  0.66311783658023882  0.70477102576001094  0.74822311535360853
  0.78807024794022273  0.84015506768807291  0.90642155976378969  1.00000000000000000
 -0.00851631126823023  0.06155119573903376  0.10237048066716757  0.14118608639716440
  0.16871494303101214  0.19373788371565837  0.21346473449569592  0.24083245443990567
  0.26626264296488722  0.29164681185048674  0.31320787580153420  0.32934161400684975
  0.34306906995765318  0.35600943313953176  0.37153370977867678  0.38990212038089112
  0.39854133412477549  0.40533918387643231  0.41241937473523338  0.41960776042424819
  0.42657056075461464  0.43366007805494811  0.44048471004495515  0.45204191453215187
  0.46486605515307422  0.47599016978535780  0.48664756880660426  0.49705775787914941
  0.50769338573718559  0.51838483704453253  0.52812861127723565  0.53665150662639483
  0.54517953508307959  0.55384510210432980  0.56232239544943430  0.57015283016612139
  0.57750207898030248  0.58539501395134352  0.59571727158301524  0.60698262383651003
  0.61766623395472775  0.62706875903850912  0.63379033256741701  0.64052732650605415
  0.64642141303646228  0.65360667891469215  0.66121481566693729  0.66943191554141601
  0.67733504009573675  0.68431215156005842  0.69100850397498437  0.69775582879771358
  0.70449133645207984  0.71149758894010773  0.71860377953770682  0.72575950736444772
  0.73264209560608540  0.73890877186472936  0.74496070546673110  0.75246129116527538
  0.76073662627808547  0.76815330889062694  0.77481497545386457  0.78115024107548958
  0.78764256563869894  0.79521666748165787  0.80307094905388521  0.81072870288955390
  0.81803561267189784  0.82459876731930160  0.82963077078866365  0.83506968706731588
  0.84042264730136240  0.84620392382883747  0.85267969505754904  0.85984046419828464
  0.86751595351616151  0.87542753649458083  0.88344207073273784  0.89147949429924278
  0.89937347347423979  0.90654512866370562  0.91217240135116773  0.91584758360368024
  0.92020148490956077  0.92462240448825628  0.92922888778933865  0.93346671165994477
  0.93868948597665891  0.94599832157626018  0.95336709332362191  0.96038889251630999
  0.96751194655224204  0.97601643594517673  0.98697857274886269  1.00000000000000000
 -0.00658491141013233  0.01925009258987188  0.03663146365330586  0.04800461830012728
  0.05701277719528604  0.06643325117222097  0.07743083232514862  0.08646879223511504
  0.09429177674532341  0.10268896993306746  0.11490145436100126  0.12673533103203827
  0.13725059220759661  0.14773066634584869  0.15879000858886666  0.17066340264855034
  0.18201265435904382  0.19209436341079894  0.20249385665434960  0.21333807329221191
  0.22710398398734746  0.24096630349959569  0.25372431950594559  0.26492662964103025
  0.27523170384363521  0.28549067121162230  0.29680090018814992  0.30948999171588487
  0.32171367771891468  0.33246458784938265  0.34320501695838973  0.35429067868448583
  0.36469188336990888  0.37475241271238607  0.38496169265026986  0.39614866753870298
  0.40801981912925456  0.42030837701340495  0.43183522765698779  0.44181064188884217
  0.45109832081092482  0.46048335156215331  0.47090088894486065  0.48148891534481081
  0.49145638311608719  0.50216657180957913  0.51402420114100533  0.52609421691881619
  0.53721407315254066  0.54828485345264788  0.56020224705285770  0.57225457004607061
  0.58482200035638487  0.59793067546631695  0.61041989375288586  0.62248392376568162
  0.63477274135729134  0.64713379748149402  0.65975308138014899  0.67263696884019286
  0.68598361117657514  0.69949553402428699  0.71249833731976620  0.72556646833835547
  0.73862155392232232  0.75139878946119187  0.76407946863091392  0.77666933878990485
  0.78984808979378296  0.80035914408696696  0.80891063829186927  0.81669228396110294
  0.82438147488827562  0.83241704445796239  0.84043551089471213  0.84701419791708932
  0.85142414099549313  0.85692314040950890  0.86069966975222167  0.86234527614572976
  0.86440979930992534  0.86664256206289403  0.86878999922021405  0.87157087521025289
  0.87865780511645486  0.89071846262027199  0.90267141916869942  0.91298272705193817
  0.92200414280296072  0.93228173703854988  0.94563183401262818  0.96060421365968640
  0.97237570918613858  0.98230863880654407  0.99129774339128851  1.00000000000000000
 -0.00164570206441513  0.00122675714926022  0.00409921636293556  0.00783730934186608
  0.01207391237552984  0.01927750362592545  0.02931821873637173  0.04150921590608127
  0.05490788219367273  0.06711790716388294  0.07743361700414253  0.08758638208498697
  0.09710159080981498  0.10826603614021570  0.11921804918256303  0.13038081168346208
  0.14118758077231658  0.16157942124061003  0.18170888901701193  0.19599078908042220
  0.20972191940566601  0.22604715607644865  0.24349241383741105  0.26006526056162255
  0.27617452194765874  0.29368812302771297  0.31164289751499180  0.33092247312207118
  0.35150655775706952  0.37329983925545057  0.39496119268433560  0.41356369720638564
  0.43288198117869214  0.45293683754658776  0.47374768853985649  0.49411306127120463
  0.51568897481795861  0.54202659593024005  0.56986942713151600  0.59633630099387025
  0.61913293127667968  0.63990262229517547  0.66233182745676078  0.68681055246813572
  0.71048223750805439  0.73455011239253210  0.75707157649837287  0.77405523267991361
  0.78896071989594729  0.80433617893913190  0.82110427439127931  0.83488306937194889
  0.84729397165753340  0.85958890737829052  0.87386203073247493  0.88609536144214840
  0.89749323750394616  0.90809097641189784  0.91841799870760554  0.92692905896159528
  0.93507725324577429  0.94166269788059276  0.94725260536416078  0.95222248335021209
  0.95695144819316780  0.96119228759633357  0.96524915916854837  0.96888531607836259
  0.97208120697454814  0.97499607112759756  0.97781064455352396  0.98043579010022042
  0.98277922374976134  0.98485824865317073  0.98669553746149963  0.98831760593215534
  0.98981382450111177  0.99120533221460538  0.99249973302314665  0.99365541526910584
  0.99463931148759144  0.99554301912152743  0.99633375940281288  0.99687889636019822
  0.99733762782394464  0.99781064359082050  0.99823390558614444  0.99859841864525722
  0.99891825610468310  0.99917015730652126  0.99933780030529518  0.99950019936902113
  0.99963903879460736  0.99976107792019830  0.99988102210201413  1.00000000000000000
 -0.00232451585758536  0.00927800459629666  0.02017286437751102  0.03314381161612213
  0.04450346648138728  0.05530255809152525  0.06473105744183380  0.07437533516348854
  0.08459539714239543  0.09483070398230285  0.10460389603205429  0.11491287583232147
  0.12503207613236503  0.13335909226185935  0.14022103186248625  0.14699818979082310
  0.15375928331346336  0.16096831575883638  0.16912641189430652  0.17820446664832695
  0.18921230651960061  0.20248319079900173  0.21393916107166322  0.22331392741085068
  0.23227566116751117  0.24014603318295846  0.24969857387794142  0.26108659686731833
  0.27178208507304691  0.28468607891357794  0.29671158768985173  0.30845793491533752
  0.32012018824971245  0.33123205047203885  0.34350836974791438  0.35638398044118613
  0.36963027997629522  0.38275894851042652  0.39494013384404175  0.40623954626350400
  0.41791168163539349  0.42960081056250199  0.44273376594373465  0.45315338527107107
  0.46081535220548442  0.46861147262321640  0.47727810638989021  0.48593689373284554
  0.49510352193772134  0.50566415773797735  0.51751956215344208  0.53044805989725041
  0.54490620786546007  0.55635874033961674  0.56633169318962562  0.57626282957677843
  0.58825279134781416  0.60022394918950606  0.61066518599924591  0.62067341188867720
  0.63106944068863224  0.64174897801437103  0.65357846280010834  0.66598123144728727
  0.67850336026717861  0.69030017203755845  0.70315974250164126  0.71454469742763460
  0.72444692232245278  0.73506635103489726  0.74725443090761445  0.76060954752377397
  0.77308204374408118  0.78402117277295047  0.79499007648162090  0.80591733277871236
  0.81701818901849199  0.82794512114637064  0.84210295936048718  0.85288822041735024
  0.86437552257232053  0.87676335161392394  0.89225659853022254  0.90733777749913780
  0.92021015586813915  0.93118124980644301  0.93844894557833702  0.94288481504763055
  0.94778408265407743  0.95275616797853357  0.95773994083036496  0.96355915950720317
  0.96919393512177243  0.97658880562497019  0.98918176172205763  1.00000000000000000
 -0.00112278001089431  0.00041935611950387  0.00287004906218657  0.00573481938246663
  0.00869409479549254  0.01199454756525729  0.01641691925692085  0.02135448183658142
  0.02454087951492809  0.02766782285787441  0.03276312404438129  0.04683483826408000
  0.06138448817570936  0.07360202232948085  0.08444632397667762  0.09651176313904834
  0.11084406162919054  0.12209552123096115  0.14575006746643596  0.17483725127512201
  0.21099694890543841  0.32290973669780410  0.50240643510633665  0.73705854103419588
  0.85135808116469858  0.88618179732464331  0.91340594335323311  0.94017908362759306
  0.95486621618693301  0.96176769076591451  0.96684466056717189  0.97134867157756133
  0.97538542296758024  0.97912831447944115  0.98222887624844057  0.98445032372929298
  0.98622147506823399  0.98786000433923404  0.98917779250782478  0.99021516722939629
  0.99122670404769586  0.99221558343241156  0.99302087587203347  0.99370680932965227
  0.99431520558539399  0.99491813184186118  0.99546092211001813  0.99593875880364380
  0.99636243724968021  0.99672237068595682  0.99705061001014506  0.99734713178571655
  0.99759226478749019  0.99777287406708159  0.99794602108398822  0.99809637134347395
  0.99823524953283194  0.99836153260463822  0.99847823534293245  0.99858752329602773
  0.99869014128683498  0.99878563569216350  0.99887529277397014  0.99895848841220514
  0.99903590082624838  0.99910784377570516  0.99917363781406754  0.99923707718067334
  0.99929872537680120  0.99935854345032726  0.99941536224756322  0.99946930911344245
  0.99952076563541170  0.99957350694801317  0.99961090012282638  0.99964233225127508
  0.99967328577032388  0.99969950531260732  0.99972360743465039  0.99974702402836546
  0.99977000782037950  0.99979285998420764  0.99981475997574587  0.99983522694742510
  0.99985366396053321  0.99987084294959228  0.99988657681486715  0.99990120189563525
  0.99991538752848053  0.99992872058444260  0.99994191588507919  0.99995494301854804
  0.99996673644381751  0.99997818157086293  0.99998911022153969  1.00000000000000000
 -0.00329612779900490  0.01017539656598786  0.02397126661722961  0.03775719658190734
  0.05147923205716182  0.06514509365506034  0.07829870487460674  0.08868123129718003
  0.09451338341868969  0.10014720398265661  0.10656587751119714  0.11327204745046139
  0.12058186939725563  0.13024191144965119  0.14342652195622135  0.15621674430983312
  0.16786232542909280  0.17904954765217720  0.18872378812137328  0.19851592044760422
  0.20898249039216912  0.22184102154162355  0.23530549155682703  0.24865450234403902
  0.26143077927821790  0.27276387521952222  0.28354814737257389  0.29465666055137485
  0.30772398145442081  0.31952011807155856  0.33174744289133007  0.34471911927637727
  0.35625806133815130  0.36739964542249587  0.37772259922874790  0.38853065211103810
  0.39923274416589299  0.40976929782724186  0.41980692112195511  0.43086770829075782
  0.43595726300085302  0.44064987850530724  0.44550404737642119  0.45069778812335787
  0.45611328184362088  0.46074558820725081  0.46501689993012152  0.47024459848594941
  0.47876484236820643  0.48755719959522587  0.49716353606718366  0.50749703328096352
  0.51886005184702855  0.52977823854506789  0.53991421593494315  0.54992899105122650
  0.56056496022274982  0.57200701774971519  0.58415730455791826  0.59589595952247931
  0.60780406266858100  0.62042850187765008  0.63351274612848429  0.64439731516612786
  0.65355506139958186  0.66148096216856200  0.66987161655323779  0.67891886137010149
  0.68887938195739751  0.69939722161404172  0.71106299776777671  0.72410622774478051
  0.73684743772386296  0.74936204484470847  0.76181131467791607  0.77479120238398358
  0.78835695902439495  0.80168326886391406  0.81446940840717430  0.82506895733481134
  0.83456589468975295  0.84269579746308454  0.85056732230020982  0.85947401206535146
  0.87067200878355178  0.88495563026721635  0.89814493519568184  0.90977622582960005
  0.92042028862564285  0.93096565616184579  0.94181220678019839  0.95334087173109172
  0.96494761689605768  0.97756573227384358  0.98847115755407522  1.00000000000000000
   2.1856892777239951E-018  -1.0000000000000000     
 T T T F F F T T T F F F T T T F F F F T T F F F T T T F F F T T T F F F T T T F F F T T T F F F T T T F F F F T F F F F F T F F F F F F F F F F T T T F F F T T T F F F T T T F F F T T T F F F T T T F F F T T T F F F T T T F F F T T T F F F T T T F F F T T T F F F T T T F F F T T T F F F
