  0.00006463204090130  0.00006552876471545  0.00006617418794071  0.00006666218026870
  0.00006705599707669  0.00006738332375232  0.00006767710629805  0.00006796622376789
  0.00006823966230444  0.00006848640556380  0.00006871630148953  0.00006894234349073
  0.00006918398628256  0.00006948586123807  0.00006978112271757  0.00007001870689963
  0.00007023458796269  0.00007044648180098  0.00007066362306241  0.00007086794497969
  0.00007106515134460  0.00007125004074317  0.00007143674588627  0.00007163248435725
  0.00007180822219724  0.00007199337277339  0.00007218902744979  0.00007239742340014
  0.00007263580760380  0.00007286752560692  0.00007304642324674  0.00007322176859205
  0.00007339905540459  0.00007356077271719  0.00007370919324479  0.00007383447829974
  0.00007396634301112  0.00007411245837432  0.00007428499859095  0.00007448009632348
  0.00007467117983198  0.00007483603307410  0.00007498829661479  0.00007514777627949
  0.00007530793465287  0.00007547053566678  0.00007564200205960  0.00007587420798254
  0.00007612529818227  0.00007636962708331  0.00007660689224273  0.00007683746010609
  0.00007706540614961  0.00007725914527507  0.00007744354388198  0.00007763403973611
  0.00007780511390783  0.00007797926811186  0.00007815289314654  0.00007835077831328
  0.00007860771315387  0.00007885601967820  0.00007908124985292  0.00007930236468454
  0.00007952646173098  0.00007976440583345  0.00008011430575851  0.00008044267429090
  0.00008078711629173  0.00008115258670953  0.00008158764292789  0.00008204445085136
  0.00008235243387530  0.00008266829130199  0.00008298520165670  0.00008330767760335
  0.00008371892637614  0.00008430855554464  0.00008501180135102  0.00008582971927429
  0.00008660172944314  0.00008724829198306  0.00008782569686842  0.00008847224616633
  0.00008919250287449  0.00008994229833003  0.00009076260397543  0.00009199394742837
  0.00009335254306840  0.00009471983443205  0.00009616567206284  0.00009777294834831
  0.00009982471236511  0.00010156428204673  0.00010230039311376  1.00000000000000000
  0.02882253566402228  0.08362836220777095  0.13270857700063260  0.16558404715530428
  0.19127678056829256  0.20364359730491843  0.21393392484080670  0.22425846037191699
  0.23450213008362933  0.24605857101504211  0.25852403548703567  0.26957146355540590
  0.28007410499539870  0.29101312497362791  0.30308992935116025  0.31669923819613033
  0.32787694437105147  0.33807105606031257  0.34720619493068799  0.35630170513049042
  0.36747858386228699  0.38026308815541210  0.39422293757811372  0.40703327249338594
  0.41967512437102028  0.42914714443046692  0.43700699593858139  0.44464880146904279
  0.45111001319880234  0.45902597036266790  0.46697046224913014  0.47569156593061168
  0.48420703986280805  0.49283191072451843  0.49981829475223166  0.50644376231686072
  0.51293718278191103  0.51910472197223945  0.52559840146098369  0.53597665499715030
  0.55013118716273324  0.56593393136686965  0.58008433380925206  0.58973405199493178
  0.59711015168810166  0.60504251067086712  0.61381298946585217  0.62167582277356526
  0.62773798160848748  0.63434490568298030  0.64138589518029276  0.65415943760468154
  0.66475647500585189  0.67401698874005178  0.68218858803486171  0.68915449412501129
  0.69763073777216011  0.70639751386281990  0.71424773760665072  0.72116981341788344
  0.72856046094697680  0.73720716148647825  0.74652207663618086  0.75633079287359228
  0.76782049683267051  0.77948121798559522  0.78972205370403026  0.79651749190817145
  0.80150379867168697  0.80677184015850623  0.81287990650130315  0.81967933552768535
  0.82609604995636143  0.83256840565648949  0.83854590467205481  0.84458833833605795
  0.85115469001455524  0.85906260692850711  0.86988079791797479  0.88294034765710117
  0.89366062228247944  0.90398977891180055  0.91326995309137649  0.91869207087811056
  0.92368948959527508  0.92899779274720118  0.93478870645336631  0.94062281794269109
  0.94539478435811231  0.94957499457851147  0.95391348220661076  0.95817548095995719
  0.96300811433780664  0.96710971185444494  0.97076354629953365  1.00000000000000000
  0.00326508859898852  0.01171161241820298  0.01785267614953786  0.02335131393170339
  0.02838974324243347  0.03322643414046157  0.03989834625666640  0.04718885218193757
  0.05557983838326640  0.06321115988973883  0.06921999273756919  0.07447709025786226
  0.08014116652351999  0.08616719693975793  0.09026097922033174  0.09407096508037709
  0.09820085949774703  0.10322983303849290  0.10977445268238219  0.11730515025758498
  0.12546881910317523  0.13861980493489445  0.15241408794042868  0.16279765269321886
  0.17421259207625223  0.18796453169716537  0.19934721407478564  0.21155552226116500
  0.22326493653171167  0.23456557091458394  0.24503719063814289  0.25629364393725845
  0.26675594453470897  0.27644898492938896  0.28711873709355867  0.30045199504939440
  0.31147719761590914  0.32417829993029762  0.33570283096378789  0.34409211303254844
  0.35151374092100790  0.36047199723056550  0.37110033279256538  0.38076894061320271
  0.38930950943927212  0.39955027765134904  0.41223994361657285  0.42391111048748792
  0.43375241657594837  0.44311783896443940  0.45401728806932262  0.46361628758539608
  0.47439083021272477  0.48529099912089085  0.49737066482611431  0.50951511705335284
  0.52192502874039914  0.53398233981119358  0.54378009161953245  0.55407648743907745
  0.56445495649600974  0.57713894609586358  0.59102302792963568  0.60523047719579293
  0.62170478846021759  0.63716998996129959  0.65008676968611057  0.65905200793343111
  0.66838613934457791  0.67826840544107514  0.68915132135863189  0.69971489404539766
  0.71091649513571109  0.72373007707488213  0.73642045041754789  0.74622042713663228
  0.75935645150565356  0.77370711960715177  0.78850183506236582  0.80067665638011132
  0.81130898407236618  0.82282650857516382  0.83629981975090628  0.85020731612785505
  0.86740619616799153  0.88268318518472899  0.89477548117862293  0.90486464710119185
  0.91321033159600085  0.92192273490292909  0.93263589454366469  0.94557067706736364
  0.95869140819782905  0.97283111182002246  0.98731389283441529  1.00000000000000000
 -0.00174988908848175  0.00567716378222398  0.01206462561692221  0.01821164769705066
  0.02434486294114675  0.02920378815699192  0.03569298729949278  0.04332126044309598
  0.05117611015331946  0.06051570616333090  0.07011613332761367  0.07962525158505937
  0.09016748576872588  0.10166487748701139  0.11278762242222796  0.12504461192915087
  0.13992191247569019  0.15442205027874062  0.16549330178133148  0.17600288884127846
  0.18714735606736591  0.19835209410208549  0.21178701964516231  0.22546270137724039
  0.23656942451194257  0.24803590567218822  0.25940824442470123  0.26969529934939757
  0.27906312202317651  0.28911248321402166  0.30097944778734115  0.31363734169024204
  0.32258322345413371  0.33129861453062792  0.34093105846336358  0.35227393806342711
  0.36266680100028464  0.37369317499079280  0.38513030880385263  0.39664458613789561
  0.40694937889296373  0.41724499695975709  0.42677039227103897  0.43481793971146049
  0.44320174304884979  0.45232747127233724  0.46373314716248321  0.47796017502709470
  0.49051428872631342  0.49987390894460904  0.50918530559371289  0.51847072329792410
  0.52805576057449710  0.53810325711829032  0.54953532539506211  0.56194936836107012
  0.57505500105086627  0.58875514295546227  0.60113942333119574  0.61421204229558357
  0.62760544440078025  0.64056540761988778  0.65109541013456329  0.65980498908170138
  0.66723375418598141  0.67464962867134692  0.68258862526300190  0.69162363950440020
  0.70237830582430483  0.71734433157789157  0.73169105491602715  0.74081736620517835
  0.74808158842000638  0.75475752783980954  0.76087581105809599  0.76738826414942862
  0.77469414832838934  0.78367749322686342  0.79174788409435204  0.80206943986011026
  0.81383438904991057  0.82631937819481593  0.83779784291346593  0.84784310668037455
  0.85701152693760352  0.86595781873488376  0.87520981813556109  0.88692764371632471
  0.90148793437591845  0.91670410855221152  0.93172979442541448  0.94606811676369440
  0.96151235881404906  0.97463251510647897  0.98812147936034478  1.00000000000000000
 -0.00281765541413771  0.01125055707112856  0.02025260155246733  0.02906673655985701
  0.03824851608523051  0.04747410008279125  0.05858252007096817  0.07071602671128147
  0.08278198256033509  0.09683941907479650  0.10893816863930231  0.11472305922953108
  0.11902557632275837  0.12332109164144786  0.12758871439902741  0.13344277531895593
  0.14114086746516868  0.15233678967503381  0.16621450676630417  0.17811135940179343
  0.19204231602358826  0.20453343823160630  0.21472854435804356  0.22205413610254110
  0.23060464065420438  0.24072509984942014  0.25097812224327043  0.26496334732613586
  0.27904163032627172  0.29323391325491011  0.30756523180131345  0.32484989277690907
  0.33968935708775300  0.35091769015469221  0.36154930036233479  0.37308372823477759
  0.38163433635520455  0.39142643479983136  0.40005916717403683  0.40565694022404869
  0.41019272293073483  0.41475816247505154  0.41983310531811285  0.42687568450494151
  0.43470319363926058  0.44515097499513639  0.45887870975163164  0.47400099163253817
  0.49070487528053319  0.50793917268509836  0.52040518696113391  0.52799037136604998
  0.53551335228665120  0.54451219868984380  0.55639875267248762  0.56733306729300792
  0.57794209907472327  0.58911166408949900  0.60132701348152473  0.61371629229656499
  0.62698196833076492  0.64038629838136141  0.65204855743604195  0.66175855335573175
  0.67181531162459418  0.68229577735362290  0.69337809980297238  0.70314158245190073
  0.71243928522813060  0.72188890869571865  0.73054188665944020  0.73983215012595205
  0.74911517257056792  0.75479855731030576  0.76296433320275747  0.77146557639481961
  0.77854470008882282  0.78737690647320890  0.79494983367247851  0.80263355703082362
  0.81020002704587679  0.81839253304037718  0.82745467827200314  0.83976512091924382
  0.85446655470178956  0.86864993217727648  0.88340097560458064  0.89796220580569919
  0.91070105111852939  0.92255875193494419  0.93508536467670356  0.94858470846770482
  0.96175033228174334  0.97460269497173735  0.98691472358945509  1.00000000000000000
 -0.00122388585947901  0.00636841207602742  0.01150884914540521  0.01675196665246711
  0.02128399194188004  0.02604385023324151  0.03100448924650182  0.03560276690030902
  0.03993940833843262  0.04684476642056416  0.05864379534696938  0.07006947787235987
  0.08123366096627443  0.09195388286415286  0.10349828793091362  0.11358295507949205
  0.12370812683027126  0.13396168652991847  0.14406487369674317  0.15463611351592829
  0.16630817490025357  0.17959751354609998  0.19580367705569299  0.21083325363572905
  0.22287852503244479  0.23420515660967406  0.24628183417426192  0.26321214818429356
  0.28172315831209255  0.29395299462286395  0.30647691315386039  0.31802656023294690
  0.32987267939753551  0.34336811297430042  0.35726835071672569  0.37050502330797674
  0.38016247765866473  0.38973325399953462  0.40014933355303767  0.41055078314270804
  0.42159981895740384  0.43378986835548738  0.44685474659312785  0.45856390171073469
  0.46861737213139321  0.47961617236053761  0.49011893756094282  0.49940715593845569
  0.50778805272356409  0.51524938716744817  0.52764911186307983  0.54093296239090749
  0.54952480657859837  0.55830555589964892  0.56846979497773387  0.57955423445716081
  0.58851551764471133  0.59804649445402069  0.60804223087703091  0.61744536408421313
  0.62497077905080378  0.63083371629969087  0.63744669971855894  0.64610035680474542
  0.65595526721326969  0.66531832608474517  0.67415670180423115  0.68310827618222358
  0.69445036683793382  0.70777221015741609  0.72277648090204472  0.73668577756837961
  0.74889837320782726  0.76125246684559100  0.77291962299472816  0.78246685323834209
  0.79404526974870715  0.80641837492324620  0.81688758782978510  0.82575534016708818
  0.83439568456822799  0.84409919030089109  0.85553688787349447  0.86444843938157601
  0.87215872311502074  0.87980432549526100  0.88795908511768973  0.89875577973405274
  0.90912595583194855  0.92043649772727121  0.93252498583280918  0.94531703038604176
  0.96083010348853815  0.97494189104083651  0.98733662983385828  1.00000000000000000
 -0.00005146830524080 -0.00001839673479821  0.00001467483564438  0.00004774640608697
  0.00008081797652956  0.00011388954697216  0.00016930925404353  0.00023186378699697
  0.00029441831995040  0.00035697285290384  0.00044392369898591  0.00056070189159631
  0.00068447560798993  0.00085044478312833  0.00099064403481894  0.00111487192902095
  0.00125076184595244  0.00138885558786188  0.00153059422673924  0.00167305721727310
  0.00186729394569507  0.00214981092290791  0.00247598261133859  0.00283501566372019
  0.00325728617210056  0.00372091110165889  0.00423735194947911  0.00479864070309083
  0.00544551432890778  0.00616550065818070  0.00700384421508790  0.00795514152870840
  0.00904616861192655  0.01037662263816668  0.01194022052742822  0.01350037427181251
  0.94194454616564904  0.97583166918180397  0.97940392178778968  0.98104134203288307
  0.98210792965573224  0.98269539964942454  0.98344692352027896  0.98410846031613730
  0.98537916423162319  0.98634651697508813  0.98765919540764791  0.98878693605262025
  0.98963747497090127  0.99046806846599256  0.99126747084886346  0.99202017285912591
  0.99268417734370273  0.99331658437453152  0.99392883589723457  0.99448016505165682
  0.99500309671954990  0.99547096745797847  0.99586655892174059  0.99623399450933758
  0.99656454512226544  0.99689026565148742  0.99720044914151851  0.99746708284971919
  0.99769040498098105  0.99790901887805239  0.99812708111810478  0.99826262529019738
  0.99836804545811797  0.99847044541662400  0.99857309445033460  0.99867279930971808
  0.99876627109848137  0.99885633731111401  0.99894393907867118  0.99902930501308551
  0.99910876883586919  0.99917925949087749  0.99924449743767263  0.99930703569507195
  0.99936756197772303  0.99942698192811741  0.99948444398217884  0.99954049008626389
  0.99959428464835332  0.99964446247514704  0.99969223393394147  0.99973615744064837
  0.99977740408176563  0.99981629754173063  0.99984852560322046  0.99988075366471030
  0.99991215544466217  0.99994143696310811  0.99997071848155406  1.00000000000000000
  0.00198793844148254  0.01389994471962349  0.02458224399299297  0.04104347422073574
  0.05448872760670301  0.06710656822464187  0.07971282019961637  0.09236690566698660
  0.10521080319863389  0.11906535301849965  0.13268939237051930  0.14597697945067037
  0.15952749885877338  0.17205022564063818  0.18552793054927413  0.20022305693108727
  0.21641409402112954  0.23216754328289921  0.24316298320280771  0.25196147399482044
  0.26100037935767073  0.27018541657752038  0.27882863236693700  0.28636554949303122
  0.29460220613204124  0.30371890623285347  0.31196869765036422  0.31925798005358969
  0.32755345603448882  0.33687528654768473  0.34604682408513771  0.35565018240854185
  0.36526825610117347  0.37397448828226371  0.38554250961356890  0.39948915619599984
  0.41243218196918446  0.42392361885838808  0.43552804422555252  0.44911573982516068
  0.46261024992535643  0.47502418684152486  0.48594236862075196  0.49556336566892883
  0.50508044000674646  0.51245133332481607  0.51907719489879001  0.52550340930242045
  0.53160808568442619  0.53921146854208990  0.54822904242979120  0.55865702712423182
  0.57065666037337925  0.58551895419762245  0.59850593626066606  0.60950389299207686
  0.61993207391858507  0.63135046743814671  0.64250403452124805  0.65209489735527260
  0.66016472385610514  0.66887504669390030  0.68055551056272467  0.69286623102374678
  0.70520315764344133  0.71667688940939756  0.72717942695019444  0.73859282681091798
  0.74829164996312370  0.75927711480401316  0.76938848047731723  0.77934044792567458
  0.78913389800450418  0.79846800641139959  0.80790208767910099  0.81702756379615427
  0.82607447644008292  0.83488807527363118  0.84362566676695749  0.85324044818859834
  0.86338003373429106  0.87454285526409614  0.88614022751589794  0.89738060131884068
  0.90768269091045017  0.91720454949573227  0.92786447907937020  0.93995449984893997
  0.95160184449396101  0.96211598691796285  0.96872190804519753  0.97475906759804853
  0.98062701645585026  0.98665696478622578  0.99313818048365687  1.00000000000000000
   2.8193071043825088E-023  -1.0000000000000000     
 T T T F F F T T T F F F T T T F F F T T T F F F T T T F F F T T F F F F T T T F F F T T T F F F F F F F F F T T F F F F T F F F F F F F F F F F F F F F F F T T T F F F T T T F F F F F F F F F T T T F F F T T T F F F T T T F F F T T T F F F T T T F F F T T T F F F T T T F F F T T F F F F
