 -0.00000165722680908  0.00001254783034808  0.00002336135131758  0.00003041564561968
  0.00003507007357043  0.00003836983005093  0.00004077386920059  0.00004243477100118
  0.00004398015474159  0.00004548480150144  0.00004701969481352  0.00004880498954564
  0.00005689214810595  0.00008151764512053  0.00008286697926813  0.00008389162933659
  0.00008483819394621  0.00008578375309095  0.00008680853524932  0.00008807015220903
  0.00008943945412324  0.00009083401930579  0.00009234383344031  0.00009403522852034
  0.00009603667523403  0.00009827013894123  0.00010087457357724  0.00010386972641150
  0.00010719016356476  0.00011141117626496  0.00011694794652981  0.00012529639793891
  0.00013526147378440  0.00014728117508819  0.00016421686746427  0.00018857749039709
  0.00021891252016077  0.00025778679836408  0.00031750321312023  0.00040409392216377
  0.00052207033744168  0.00068063915604819  0.00089199757020182  0.00109739410049704
  0.00128033854913157  0.00154299637958624  0.00188316092299623  0.00228558295404371
  0.00275285147172095  0.00344061285874221  0.00440458415484760  0.00529027478885925
  0.00598253671475671  0.00689410860998785  0.00791550809412985  0.00907940604760879
  0.01105006875314740  0.01375441279814049  0.01690462745785214  0.01929780056948486
  0.02144839348769507  0.02452587111515495  0.02998181118048861  0.03899535538018837
  0.04728466214554265  0.05762179158223470  0.07158065179335571  0.08684088941036917
  0.10004902905104167  0.11291087688006571  0.12790140090376881  0.14499262075808500
  0.16116498833488296  0.17453316167660593  0.18556903133962138  0.19806962813469542
  0.20989649568231006  0.22093446596075425  0.23380601162429315  0.24503313898331744
  0.25825139455267176  0.27478823836286659  0.29674230654508105  0.32300163568396939
  0.35167600493645484  0.37815806357153531  0.40553139818144401  0.43604776105262644
  0.47140010023985818  0.51182166988528199  0.55800137352998913  0.61907718937336320
  0.71071910543694083  0.78269907975802810  0.88681190999382786  1.00000000000000000
  0.00006380529908362  0.00029843254584914  0.00038696409968239  0.00045607310232449
  0.00050011013810866  0.00055923662230072  0.00062812053426907  0.00074424266208309
  0.00087508657803254  0.00098696858989888  0.00108229716722577  0.00121293932212873
  0.00138714880878238  0.00160073959758550  0.00181634739115806  0.00206684363188296
  0.00236598482069074  0.00269835370780707  0.00309406129560921  0.00385771824922236
  0.00482543798143908  0.00604390305984816  0.00747664821815286  0.00886700874656907
  0.01080817772598126  0.01353292588822515  0.01700705282678762  0.02162762519924606
  0.02721946638152065  0.03533284583129690  0.04459864182408322  0.05331995312514931
  0.06379124095131322  0.07423483859572673  0.08468566671293734  0.09608236119705034
  0.10514012962638102  0.11038941991203353  0.11637042149429776  0.12976980752117973
  0.14203188665543523  0.15228326165254763  0.17039109175512859  0.19283862199596025
  0.20775297779904361  0.21794962694883166  0.22578076415591808  0.23264984911694470
  0.24082403363697846  0.25345196512847645  0.26863340869548813  0.29119893916904516
  0.30996081503822054  0.32808152996693263  0.34592148392401589  0.36464418030190821
  0.38110184180607504  0.39597559235092578  0.41037843573422633  0.42135969819550007
  0.43515455932640856  0.44830028511681652  0.46122399422872284  0.47331427323212072
  0.48462317859072224  0.49632836439614808  0.51038430980303950  0.52827759552775155
  0.54447091660523295  0.56349915869764577  0.58648843205258261  0.61230330185524851
  0.63624616130707479  0.65762728559623318  0.67751601565574981  0.69499755220770365
  0.71225272182353039  0.73082182192733314  0.75129642070347491  0.76830191622929789
  0.78550831190134696  0.80405833735462928  0.82280581380257289  0.84066988148436017
  0.85814202882922941  0.87636672420511053  0.89189090491071066  0.90779009212674067
  0.92221024711166344  0.93316051349435436  0.94373613765297937  0.95415355106727318
  0.96426422262517875  0.97424523595283674  0.98442522123520149  1.00000000000000000
 -0.00000023769774632  0.00000053624131020  0.00000160436148349  0.00000318656594223
  0.00000656246144336  0.00001421197871836  0.00003797601913228  0.00010259981238108
  0.00024158275066036  0.00049161066568456  0.00079202420889393  0.00108194983192109
  0.00165460290619487  0.00239094531560509  0.00322476932728790  0.00433303566751719
  0.00599290459952203  0.00909003816652005  0.01242866940776463  0.01594019862479346
  0.02010547088082545  0.02387135217361643  0.02769168189993909  0.03137923579793454
  0.03540064022587542  0.04000464750856467  0.04405028798156786  0.04953216464970342
  0.05696091566285939  0.06488324444046503  0.07634539447089161  0.08890604689399720
  0.10056391558995061  0.11434311271209466  0.13087375145996724  0.14875384680303982
  0.16378300824307604  0.17414439241684451  0.18284845787663803  0.19506974338957947
  0.20293323863939200  0.21266351375448883  0.22167771126746985  0.22882570229630067
  0.24532868139891828  0.27259662759137604  0.29157024812961618  0.30887414606829122
  0.32383585539428089  0.33809351306696978  0.35409327645151356  0.37531446673142299
  0.42246398185918704  0.46091048463282469  0.49140191315573456  0.52549066131323063
  0.54844357393736898  0.56712885966507909  0.58259507725480286  0.59579512163634862
  0.60755879747623598  0.62035409443686274  0.63942384724939905  0.67595454806786126
  0.71977907878311365  0.73786820947810694  0.75187967760953034  0.76228313196820519
  0.77088454213790991  0.77873230512959712  0.78751204477686032  0.79697075326656752
  0.80719801894489041  0.82582050216003877  0.84392460810704772  0.85802855101950259
  0.87061777285913899  0.88481144656240462  0.89522744436941548  0.90347169608803657
  0.90966200568976452  0.91473405543045916  0.92108166159719462  0.92755851413039203
  0.93407781298675241  0.94057310376527792  0.94687135628318386  0.95363838352432362
  0.96153170283879641  0.96918993524995545  0.97622184348811492  0.98153294703572391
  0.98656503930026396  0.99126295423553290  0.99568138703334652  1.00000000000000000
 -0.00651466899485126  0.03458608047200890  0.07769042317295505  0.11625731502146688
  0.14093699201540366  0.15842794823812995  0.17858735613621890  0.19887690605425662
  0.22080090212362924  0.24373654978083104  0.26890788794516912  0.29956363975509054
  0.32895408751759420  0.34911337223509031  0.36533403999257796  0.38132815344828280
  0.39669869107696298  0.41177950960351767  0.42450078153442788  0.43449298982728463
  0.44566345607782121  0.45551380760007454  0.46369761895443878  0.47378841564529117
  0.48690157857993882  0.50315399948575190  0.52163827440269861  0.53763351993324060
  0.55000255141964316  0.56122794340582438  0.57187294426776003  0.57982940339679834
  0.58876573498814966  0.59846213374126411  0.60880835806523192  0.62306669684539262
  0.63624715780171770  0.64861823993484180  0.65700581382945999  0.66234081136250833
  0.66699982144096959  0.67312149750465355  0.68062890855633695  0.68721959051421622
  0.69337377144318380  0.70105548782510785  0.71342639132364571  0.72220728045179650
  0.72935338163451213  0.73722786533142504  0.74510048180903987  0.75239530856293324
  0.76005361233882196  0.76863202746309001  0.77675970284782181  0.78480796756119320
  0.79399638643495629  0.80344422462993403  0.81287756082730955  0.82181135351879198
  0.83060307843172365  0.83757647371389810  0.84374642387339061  0.85017032899775435
  0.85572862127963278  0.86181133090388273  0.86813885966603843  0.87415338813501475
  0.87935878631954723  0.88437370660490022  0.88928705281258158  0.89475406357149123
  0.90065458002694387  0.90618879161479027  0.91124533054267853  0.91554409538311010
  0.91972447263807544  0.92530222856304578  0.92947470106030772  0.93455650014072966
  0.94004853828623780  0.94514650137795020  0.94953659640266963  0.95424049351251639
  0.95876636471322629  0.96328701243294834  0.96766223613460722  0.97066021751664522
  0.97472523950474277  0.97869048172549244  0.98281216249705516  0.98670708217140124
  0.99003400380138751  0.99353544091298052  0.99686996024655228  1.00000000000000000
 -0.00288642315610386  0.01066816705675491  0.02319864952448928  0.03455073030131338
  0.04501913730335920  0.05698905876057822  0.07232141979640773  0.08695457100945203
  0.09791333795662725  0.10774602249592381  0.11900115963487350  0.13127789878493226
  0.14326687436653734  0.15530625588379809  0.16446514096035594  0.17312980871500708
  0.18120806941013587  0.18955344546733774  0.20000672026891056  0.21080256635398698
  0.22106436752239120  0.23163373281884622  0.24424509248623633  0.25725401510627116
  0.26993103378217082  0.28167880438797982  0.29249204843595139  0.30277903695714414
  0.31467550776243519  0.32735805040910598  0.34137098896606416  0.35956189464219623
  0.37525895371157275  0.38900146797378182  0.40108312029736470  0.41163768493389685
  0.42307095504285752  0.43666215266145125  0.45122384799041032  0.46556452990378983
  0.47934664478400085  0.49178905416794505  0.50198304767268676  0.51061722070779803
  0.51896162338039542  0.52955857474883694  0.54185150191256015  0.55238675441326546
  0.56122265747782785  0.56974573939444306  0.57736055261067143  0.58477404342276640
  0.59127074332681928  0.59594477651538214  0.60147178973594029  0.60818361953517475
  0.61773886591159610  0.62649937589015192  0.63784077650458615  0.64961602798808704
  0.66019203672725058  0.67032942636272452  0.68140990481555075  0.69201530815771495
  0.70570434675645521  0.72442177370939409  0.73999223709471584  0.75282840480456925
  0.76127563462754644  0.76885767995505827  0.77731935486860471  0.78613801814985429
  0.79537887568074694  0.80214313524652026  0.80898883062706650  0.81677740464076853
  0.82661315302526439  0.83805565003331639  0.84828486787639468  0.85802944757065036
  0.86640518163847835  0.87438126749693423  0.88240335987898577  0.88997241135926242
  0.89852493989096738  0.90616332027682145  0.91275185064334508  0.91961365960933472
  0.92710613754523619  0.93593232784048075  0.94595018642388062  0.95526872830383125
  0.96606558704803225  0.97780990728438322  0.98962909175803182  1.00000000000000000
 -0.00862538942911254  0.03455451652595643  0.06385046416899377  0.08871661232472999
  0.11441051296080029  0.13414250928969113  0.15240433188751421  0.16841878076735511
  0.18269456508252280  0.20124431856150421  0.22408447142001783  0.24443926504607916
  0.26285039183382514  0.28028642864370173  0.29799470879493228  0.31469034717140598
  0.32969232956274674  0.34580530105839125  0.36377010548173344  0.38934236096699754
  0.41177928700378902  0.42802072274700326  0.44352063273715742  0.45830605954585629
  0.47317714753694923  0.48821095040612905  0.50428784140300997  0.51688013427748802
  0.52536967246573918  0.53367074687426630  0.54136303211887915  0.54916952148248899
  0.55827025632557636  0.56987808213877245  0.58495617914247533  0.60230707213356627
  0.61697768729885494  0.62944838102547962  0.63977125850909233  0.65159916450591138
  0.66697282239105815  0.68552375866945248  0.70356572245421833  0.72072088994585459
  0.73663485486819835  0.75284160841812497  0.76715521879694359  0.77975687941591409
  0.79140585360781091  0.80147442056170537  0.80902234885845825  0.81519139366377202
  0.82082772485609590  0.82645244055152556  0.83333334228124512  0.84231748423765951
  0.85275044179066406  0.86303816318958881  0.87219402021951975  0.88038165950633385
  0.88898026627235605  0.89805316406778524  0.90694582497319998  0.91509882722352087
  0.92027300475187879  0.92550103391724914  0.93024776470275483  0.93378306042155079
  0.93671197271908202  0.93909943908450544  0.94269653109673135  0.94813161167721938
  0.95286816677260511  0.95728835493298248  0.96168716196861914  0.96554324721880336
  0.96899280530780585  0.97217094339692489  0.97495415984630751  0.97807407567663462
  0.98200592374199869  0.98603580598134022  0.98904420910120017  0.99112863003144047
  0.99275848409337275  0.99399000606287269  0.99501978312429695  0.99584217978143319
  0.99653569730677061  0.99714985713131632  0.99769423950837011  0.99822109636573053
  0.99871981915176222  0.99917918534228922  0.99960271351540364  1.00000000000000000
 -0.00250682645051216  0.00753621047841077  0.01868685294668440  0.03009467831882008
  0.04255100879893642  0.05714239273448551  0.07201943486015706  0.08420534205885580
  0.09380055089814703  0.10325464498952107  0.11503022134273105  0.12739927671190182
  0.13740294547858717  0.14629055309846595  0.15395406665640665  0.16337840161953154
  0.17204450170093824  0.18072710051344679  0.19096226060219579  0.20126311359879634
  0.21301526163299761  0.22658704501982252  0.23506263940467534  0.24155401156421574
  0.24965451477182593  0.26111983341540135  0.27281849453478529  0.28258380226949625
  0.29006305410913358  0.29750544001691182  0.30682476344690551  0.31820011589736319
  0.33087901102588713  0.34469959148808105  0.35979135141622892  0.37444312073862407
  0.39060464717546139  0.40866334116501712  0.41970549933930296  0.43396019932726537
  0.44864787421207525  0.46291991339841781  0.47950907898098477  0.49428461619420599
  0.50761250221567455  0.51738239359249205  0.52800201200144103  0.53816910555617914
  0.55289086328758374  0.56753062544682054  0.57469097444142747  0.58153468979920442
  0.59068561063308322  0.59940298778491652  0.60764612319437261  0.61550999993402555
  0.62537617800268730  0.63521210198834643  0.64345554108003233  0.65129904779193692
  0.66275370307030446  0.67639805474441339  0.68663778361439454  0.69745828592717996
  0.70793714453780421  0.71849311380447634  0.72813765456337265  0.73848878514015259
  0.75009212949922055  0.76202970882873422  0.77271487684261231  0.77935158185299869
  0.78619390603794859  0.79336028532110681  0.80062284421280072  0.80815194558508474
  0.81607153695529955  0.82255009949202640  0.82885373561451758  0.83522337679993286
  0.84265914202922809  0.85135037947713743  0.86227168938485665  0.87443497345016086
  0.88647412567401285  0.90010622833642662  0.91413515515642996  0.92544132873675933
  0.93392726053519859  0.94242001223403127  0.95111363706614815  0.95805978070443043
  0.96715162918225372  0.97664808522707325  0.98610572730272306  1.00000000000000000
 -0.00250496346503452  0.01170331269904505  0.02613157661255609  0.03853095079280351
  0.04769314976917868  0.05503918951259280  0.06205033116583221  0.06918677501770633
  0.07792938499148344  0.08678537527044197  0.09826292468181040  0.11356084018511048
  0.12588950407638791  0.13810161928239065  0.14940164308867129  0.15968410141141678
  0.17031336352698673  0.18151340585825601  0.19187184450664477  0.20112639591441278
  0.21042830929773945  0.22055524561159584  0.23187212705318425  0.24277023664619313
  0.25597222964020799  0.26695450382678299  0.27616416001909866  0.28551122436611415
  0.29567247227658922  0.30807543821343064  0.31950133078235737  0.32798743290005100
  0.33523768463651049  0.34172939947966213  0.34688840396407805  0.35276873850929286
  0.36032793003369873  0.36856263955893470  0.37709252690812572  0.38656570516499078
  0.39590366157994339  0.40579489746991387  0.41534225360753629  0.42425272213022469
  0.43277874169892050  0.44101385092404666  0.44887457063070246  0.45668418103770214
  0.46385302095880987  0.46923817744740115  0.47594802793630830  0.48232920039112132
  0.49040499149028344  0.50008318073644964  0.51310362218760586  0.52809361876318073
  0.54317457613246700  0.55646989521794898  0.56942946430367380  0.58247321980090128
  0.59527300813530626  0.60778841938842210  0.61736174439991154  0.62732907602136667
  0.63709517559889040  0.64808804852810442  0.65927209138771392  0.66986818435216799
  0.68077049379035126  0.69202722952482043  0.70363414477624975  0.71564887379540665
  0.72837621306914047  0.74374946248816487  0.75911363976612312  0.77179388552762385
  0.78605892917018594  0.80004253937521297  0.81304225674967390  0.82426390930513682
  0.83310447009328170  0.84011153417084228  0.84885727396201438  0.85890055631429096
  0.87007134524241403  0.88129497419690728  0.89188688180522446  0.90183592886811370
  0.91221851269892840  0.92272830308651799  0.93269155239399859  0.94398617131156171
  0.95706322646744069  0.97125564693130739  0.98566643935673437  1.00000000000000000
   1.7695558751241987E-012  -1.0000000000000000     
 T T T F F F T T T F F F T T T F F F F T T F F F T T T F F F T T T F F F T T T F F F T T T F F F T T F F F F T T F F F F F T F F F F F F F F F F F T T F F F T T T F F F T T T F F F T T T F F F T T T F F F T T T F F F T T T F F F T T T F F F T T T F F F T T T F F F T T T F F F T T F F F F
